student_id,name,age,gender,country,signup_date,subscription_type
s00001,Vihaan Lee,31,Female,Canada,2/17/2020,Monthly
s00002,Emma Brown,25,Female,USA,10/15/2021,Yearly
s00003,Mia Davis,23,Other,Australia,3/11/2020,Free
s00004,Arjun Patel,21,Other,USA,3/27/2019,Free
s00005,Ethan Wilson,23,Male,Australia,6/20/2021,Free
s00006,Noah Johnson,38,Other,Australia,6/28/2022,Monthly
s00007,Eva Walker,26,Other,USA,10/16/2022,Free
s00008,Benjamin Moore,21,Male,Germany,11/9/2021,Monthly
s00009,Aanya Johnson,22,Male,India,3/21/2022,Monthly
s00010,Lucas Thomas,20,Male,USA,1/11/2022,Yearly
s00011,Arjun Thomas,67,Female,Australia,2/13/2019,Monthly
s00012,Ethan Moore,28,Other,India,5/11/2022,Yearly
s00013,Arjun Singh,22,Other,Germany,5/17/2021,Yearly
s00014,Olivia Clark,66,Female,Germany,4/19/2021,Yearly
s00015,Sophia Taylor,21,Female,Canada,3/7/2021,Yearly
s00016,Eva Thomas,22,Other,UK,11/30/2022,Free
s00017,Zara Patel,23,Other,USA,3/25/2021,Yearly
s00018,Amelia Sharma,50,Male,USA,3/9/2022,Free
s00019,Meera Thomas,22,Female,India,10/17/2021,Free
s00020,Noah Moore,36,Male,India,8/13/2021,Free
s00021,Zara Smith,19,Female,Canada,10/5/2021,Monthly
s00022,Sophia Lewis,23,Male,USA,6/28/2020,Monthly
s00023,Aanya Lee,23,Female,Germany,4/19/2019,Monthly
s00024,Liam Lewis,33,Male,USA,7/17/2022,Monthly
s00025,Eva Anderson,22,Male,UK,2/10/2019,Free
s00026,Liam Patel,21,Other,Germany,11/26/2021,Monthly
s00027,Karan Johnson,42,Female,Canada,8/17/2021,Monthly
s00028,Riya Clark,26,Male,Germany,2/5/2020,Monthly
s00029,Lucas Miller,24,Female,Germany,3/20/2020,Yearly
s00030,Eva Taylor,27,Other,Australia,2/26/2021,Free
s00031,Liam Miller,37,Male,USA,5/5/2021,Yearly
s00032,Eva Moore,47,Male,India,12/6/2020,Free
s00033,Liam Clark,27,Female,Germany,5/14/2019,Yearly
s00034,Karan Clark,18,Male,Australia,5/3/2020,Free
s00035,Karan Patel,21,Female,India,9/24/2021,Monthly
s00036,Ethan Miller,23,Female,India,7/1/2020,Yearly
s00037,Mia Taylor,35,Male,Canada,1/21/2020,Monthly
s00038,Emma Miller,45,Other,Australia,3/24/2021,Free
s00039,Isabella Martin,36,Other,Canada,8/16/2020,Monthly
s00040,Riya Wilson,28,Female,Germany,1/12/2020,Monthly
s00041,Lucas Moore,36,Other,Australia,5/18/2020,Monthly
s00042,Eva Taylor,25,Other,Canada,3/4/2020,Monthly
s00043,Ethan Miller,36,Male,India,4/16/2019,Monthly
s00044,Amelia Anderson,43,Other,Germany,7/17/2019,Yearly
s00045,Olivia Lewis,41,Male,USA,11/5/2022,Yearly
s00046,Lucas Smith,37,Male,Germany,3/8/2019,Yearly
s00047,Benjamin Hall,27,Female,Australia,11/29/2022,Monthly
s00048,Emma Brown,26,Female,UK,12/30/2019,Monthly
s00049,Eva Verma,25,Male,Australia,6/24/2021,Yearly
s00050,Lucas Johnson,25,Male,Canada,2/17/2022,Monthly
s00051,Vihaan Lewis,46,Female,Canada,8/26/2020,Free
s00052,Liam Patel,19,Other,Germany,9/24/2021,Free
s00053,Liam Sharma,24,Male,UK,10/27/2021,Monthly
s00054,Liam Lee,49,Female,UK,4/12/2020,Free
s00055,Olivia Thomas,20,Other,Germany,5/6/2019,Free
s00056,Vihaan Anderson,27,Other,India,1/16/2022,Monthly
s00057,Mia Verma,20,Female,Germany,7/10/2021,Free
s00058,Karan Brown,26,Male,Germany,9/28/2020,Monthly
s00059,Emma Wilson,18,Other,Germany,6/11/2020,Free
s00060,Riya Johnson,26,Other,India,6/29/2022,Free
s00061,Noah Smith,20,Female,UK,1/16/2021,Free
s00062,Zara Patel,22,Other,Australia,11/22/2019,Free
s00063,Noah Lewis,23,Other,Australia,4/21/2022,Yearly
s00064,Olivia Verma,25,Female,Canada,5/18/2021,Monthly
s00065,Aanya Miller,20,Male,USA,6/24/2020,Free
s00066,Karan Patel,39,Other,India,2/5/2019,Monthly
s00067,Vihaan Sharma,22,Female,UK,7/9/2020,Free
s00068,Mia Singh,47,Female,Germany,12/7/2021,Yearly
s00069,Liam Thomas,22,Male,India,11/11/2020,Monthly
s00070,Riya Johnson,20,Male,Germany,3/9/2020,Monthly
s00071,Arjun Moore,19,Other,Canada,11/6/2019,Yearly
s00072,Meera Singh,24,Other,UK,2/23/2020,Yearly
s00073,Karan Sharma,18,Female,UK,8/5/2019,Free
s00074,Sophia Moore,18,Male,Germany,2/13/2022,Yearly
s00075,Amelia Lee,25,Male,UK,10/13/2019,Yearly
s00076,Lucas Singh,20,Male,USA,11/22/2021,Monthly
s00077,Vihaan Clark,27,Male,Australia,11/20/2022,Free
s00078,Arjun Miller,37,Male,India,2/14/2020,Monthly
s00079,Arjun Davis,26,Female,India,12/15/2019,Free
s00080,Aanya Patel,25,Male,UK,6/21/2019,Free
s00081,Amelia Brown,39,Female,India,7/29/2021,Monthly
s00082,Sophia Johnson,41,Female,Canada,3/19/2020,Yearly
s00083,Vihaan Anderson,18,Female,India,2/8/2019,Free
s00084,Vihaan Johnson,22,Male,Germany,9/21/2022,Monthly
s00085,Arjun Davis,65,Other,UK,12/12/2021,Monthly
s00086,Mia Taylor,21,Male,Australia,1/14/2020,Free
s00087,Arjun Singh,26,Female,USA,2/8/2022,Monthly
s00088,Karan Miller,33,Male,Canada,10/1/2019,Monthly
s00089,Ethan Thomas,22,Other,USA,10/12/2021,Yearly
s00090,Riya Thomas,24,Other,Germany,9/13/2019,Free
s00091,Benjamin Verma,20,Female,UK,7/30/2022,Yearly
s00092,Noah Taylor,26,Other,UK,9/20/2022,Monthly
s00093,Isabella Taylor,25,Male,Australia,5/22/2021,Free
s00094,Sophia Smith,24,Male,Germany,2/5/2022,Yearly
s00095,Riya Sharma,24,Male,Canada,6/19/2021,Free
s00096,Arjun Sharma,44,Other,Australia,10/14/2021,Free
s00097,Ethan Verma,20,Other,India,9/19/2022,Yearly
s00098,Riya Lee,35,Other,USA,12/3/2022,Free
s00099,Meera Walker,51,Other,Australia,11/7/2020,Yearly
s00100,Karan Moore,56,Other,Australia,1/21/2020,Free
s00101,Noah Singh,39,Female,Germany,3/15/2022,Monthly
s00102,Liam Sharma,39,Male,India,8/23/2022,Free
s00103,Sophia Verma,41,Male,USA,10/17/2022,Monthly
s00104,Emma Davis,24,Other,Canada,11/10/2019,Free
s00105,Zara Walker,20,Male,Australia,3/23/2019,Monthly
s00106,Olivia Miller,46,Other,Germany,11/3/2019,Free
s00107,Aarav Thomas,40,Female,UK,1/18/2020,Free
s00108,Zara Johnson,27,Female,USA,6/29/2019,Monthly
s00109,Olivia Smith,24,Male,Australia,4/11/2021,Yearly
s00110,Ethan Martin,47,Male,UK,7/3/2020,Monthly
s00111,Meera Taylor,26,Female,Germany,1/29/2022,Monthly
s00112,Eva Verma,20,Male,USA,11/20/2019,Free
s00113,Liam Anderson,18,Male,Australia,11/8/2021,Yearly
s00114,Aarav Smith,21,Male,Germany,4/4/2020,Monthly
s00115,Benjamin Smith,27,Other,USA,10/25/2019,Monthly
s00116,Lucas Clark,23,Male,India,6/6/2020,Monthly
s00117,Karan Singh,22,Male,Australia,6/9/2020,Monthly
s00118,Emma Verma,19,Female,Germany,10/21/2020,Free
s00119,Vihaan Patel,23,Male,India,3/21/2019,Monthly
s00120,Meera Verma,45,Female,Australia,4/16/2022,Monthly
s00121,Liam Miller,23,Female,India,6/5/2019,Yearly
s00122,Aarav Smith,28,Female,UK,7/29/2020,Free
s00123,Isabella Lee,25,Other,Canada,3/28/2019,Yearly
s00124,Isabella Johnson,21,Male,UK,10/19/2020,Free
s00125,Emma Miller,48,Female,Germany,8/3/2021,Monthly
s00126,Benjamin Smith,18,Male,India,10/28/2022,Yearly
s00127,Mia Taylor,19,Male,India,10/9/2020,Yearly
s00128,Karan Davis,25,Male,USA,12/26/2020,Yearly
s00129,Lucas Clark,25,Female,USA,12/23/2020,Free
s00130,Meera Patel,26,Female,Australia,9/8/2019,Yearly
s00131,Arjun Brown,18,Other,Canada,11/30/2020,Yearly
s00132,Isabella Clark,44,Other,USA,9/6/2021,Yearly
s00133,Aanya Brown,63,Male,USA,8/5/2021,Yearly
s00134,Isabella Moore,22,Other,USA,4/30/2020,Free
s00135,Liam Johnson,66,Male,Australia,4/20/2022,Yearly
s00136,Aarav Sharma,27,Male,Australia,2/24/2020,Monthly
s00137,Isabella Wilson,20,Female,Australia,3/13/2020,Monthly
s00138,Vihaan Patel,20,Female,Canada,10/11/2022,Free
s00139,Meera Lee,63,Male,USA,4/18/2020,Monthly
s00140,Benjamin Taylor,25,Male,UK,4/24/2020,Free
s00141,Mia Sharma,41,Other,Germany,6/24/2022,Monthly
s00142,Aanya Martin,26,Female,USA,12/18/2022,Free
s00143,Liam Smith,23,Male,USA,11/4/2022,Free
s00144,Aarav Singh,22,Female,USA,1/23/2020,Free
s00145,Ethan Johnson,23,Male,Australia,1/17/2020,Monthly
s00146,Meera Sharma,26,Male,UK,5/17/2019,Monthly
s00147,Lucas Smith,25,Male,USA,2/5/2019,Yearly
s00148,Emma Smith,21,Other,USA,3/31/2022,Monthly
s00149,Zara Clark,25,Male,USA,2/26/2022,Yearly
s00150,Vihaan Brown,18,Male,UK,8/5/2021,Monthly
s00151,Benjamin Miller,23,Male,Canada,4/18/2020,Free
s00152,Amelia Davis,26,Female,USA,2/24/2021,Free
s00153,Benjamin Singh,20,Female,Canada,2/18/2020,Free
s00154,Meera Taylor,45,Female,USA,2/4/2020,Free
s00155,Meera Singh,20,Male,Australia,2/7/2020,Yearly
s00156,Emma Brown,22,Other,India,8/3/2022,Free
s00157,Ethan Clark,35,Male,Germany,9/27/2019,Yearly
s00158,Lucas Verma,19,Male,USA,12/6/2022,Free
s00159,Aanya Taylor,21,Male,India,12/28/2021,Yearly
s00160,Mia Sharma,26,Female,USA,8/31/2019,Yearly
s00161,Eva Moore,19,Other,Australia,10/19/2021,Free
s00162,Eva Moore,27,Male,Germany,5/27/2019,Yearly
s00163,Eva Wilson,24,Other,Canada,4/26/2020,Monthly
s00164,Sophia Smith,18,Female,India,4/26/2019,Free
s00165,Amelia Singh,25,Male,Germany,8/17/2019,Free
s00166,Riya Anderson,26,Other,Australia,5/30/2022,Monthly
s00167,Aanya Hall,44,Female,UK,12/8/2022,Yearly
s00168,Vihaan Wilson,26,Male,India,3/2/2021,Yearly
s00169,Vihaan Miller,19,Other,India,12/25/2020,Free
s00170,Karan Singh,22,Female,USA,11/15/2020,Monthly
s00171,Liam Smith,35,Female,UK,1/4/2022,Free
s00172,Aanya Thomas,25,Female,UK,2/19/2020,Free
s00173,Meera Singh,26,Other,Germany,5/29/2022,Free
s00174,Arjun Lee,25,Female,Canada,5/28/2019,Monthly
s00175,Aanya Moore,26,Male,USA,11/7/2021,Yearly
s00176,Aanya Smith,18,Female,Canada,3/31/2022,Monthly
s00177,Lucas Brown,26,Female,UK,12/16/2022,Free
s00178,Vihaan Brown,25,Other,Germany,5/18/2021,Monthly
s00179,Ethan Miller,25,Male,India,5/26/2019,Monthly
s00180,Meera Moore,22,Male,Australia,5/11/2019,Free
s00181,Zara Walker,20,Female,Australia,10/12/2021,Yearly
s00182,Olivia Wilson,23,Male,Canada,6/15/2022,Yearly
s00183,Liam Wilson,24,Other,Germany,5/4/2020,Free
s00184,Amelia Miller,50,Male,Australia,12/4/2019,Yearly
s00185,Arjun Patel,64,Other,USA,9/2/2021,Free
s00186,Benjamin Singh,62,Male,India,6/12/2022,Yearly
s00187,Zara Moore,62,Other,UK,9/10/2021,Monthly
s00188,Eva Anderson,24,Other,Australia,9/10/2019,Monthly
s00189,Meera Johnson,24,Other,USA,6/8/2021,Free
s00190,Arjun Wilson,47,Female,Canada,9/26/2019,Free
s00191,Olivia Verma,28,Female,Canada,5/8/2021,Yearly
s00192,Eva Sharma,23,Female,USA,11/11/2020,Monthly
s00193,Arjun Taylor,20,Male,Canada,12/10/2019,Free
s00194,Lucas Patel,40,Female,UK,12/5/2022,Yearly
s00195,Ethan Johnson,27,Female,Canada,8/21/2020,Monthly
s00196,Zara Martin,25,Male,Germany,6/21/2019,Yearly
s00197,Riya Hall,41,Other,Canada,9/22/2020,Yearly
s00198,Riya Wilson,45,Other,India,5/31/2022,Yearly
s00199,Zara Walker,26,Female,USA,12/13/2020,Monthly
s00200,Karan Thomas,23,Female,Canada,4/29/2019,Monthly
s00201,Noah Miller,20,Male,Canada,3/24/2019,Monthly
s00202,Arjun Hall,27,Male,UK,8/31/2020,Yearly
s00203,Arjun Singh,26,Female,Canada,9/18/2020,Monthly
s00204,Isabella Sharma,27,Female,UK,1/15/2019,Monthly
s00205,Amelia Patel,19,Female,UK,9/12/2020,Monthly
s00206,Vihaan Johnson,21,Male,UK,3/19/2021,Free
s00207,Isabella Anderson,23,Female,India,8/10/2021,Free
s00208,Arjun Moore,32,Other,UK,12/13/2020,Monthly
s00209,Arjun Patel,19,Other,India,2/23/2022,Free
s00210,Arjun Anderson,21,Female,Germany,3/19/2021,Free
s00211,Vihaan Lee,37,Female,Canada,5/1/2020,Monthly
s00212,Mia Miller,27,Male,Australia,8/22/2020,Monthly
s00213,Meera Smith,42,Other,Australia,6/8/2019,Free
s00214,Eva Smith,46,Female,Australia,5/29/2020,Yearly
s00215,Liam Hall,46,Other,Germany,6/17/2019,Free
s00216,Emma Brown,28,Other,Canada,10/21/2020,Free
s00217,Olivia Thomas,20,Female,UK,5/2/2019,Yearly
s00218,Olivia Patel,32,Female,USA,10/2/2022,Yearly
s00219,Isabella Clark,23,Female,Germany,9/13/2020,Free
s00220,Noah Clark,19,Male,Australia,1/6/2020,Monthly
s00221,Zara Singh,66,Other,India,2/21/2019,Free
s00222,Aarav Martin,25,Other,India,8/29/2022,Yearly
s00223,Mia Lewis,61,Male,USA,9/17/2022,Monthly
s00224,Lucas Hall,36,Female,Germany,12/6/2020,Yearly
s00225,Noah Moore,30,Other,USA,6/27/2022,Free
s00226,Lucas Singh,26,Female,Australia,11/5/2020,Yearly
s00227,Mia Singh,30,Male,India,10/23/2019,Free
s00228,Lucas Davis,29,Male,India,8/10/2021,Yearly
s00229,Arjun Miller,43,Male,Germany,4/25/2020,Free
s00230,Arjun Lee,50,Female,USA,8/14/2020,Free
s00231,Sophia Hall,38,Female,Germany,4/4/2020,Yearly
s00232,Mia Taylor,24,Female,Australia,4/10/2019,Monthly
s00233,Olivia Hall,25,Male,Australia,12/2/2019,Free
s00234,Ethan Clark,19,Other,Australia,2/8/2022,Yearly
s00235,Riya Walker,22,Other,USA,7/22/2022,Monthly
s00236,Lucas Smith,25,Other,India,1/8/2021,Monthly
s00237,Ethan Wilson,47,Other,Germany,9/26/2019,Free
s00238,Eva Lee,18,Female,Canada,9/21/2021,Monthly
s00239,Ethan Taylor,26,Female,USA,2/14/2021,Yearly
s00240,Noah Thomas,46,Male,India,2/26/2021,Free
s00241,Noah Hall,61,Male,Canada,5/17/2019,Free
s00242,Lucas Wilson,27,Female,USA,11/19/2020,Yearly
s00243,Aarav Singh,20,Other,Germany,10/18/2021,Yearly
s00244,Amelia Martin,22,Male,UK,3/1/2021,Monthly
s00245,Meera Moore,19,Other,Canada,3/6/2022,Free
s00246,Karan Lee,22,Male,Germany,7/3/2020,Monthly
s00247,Aarav Anderson,27,Male,Australia,9/30/2019,Monthly
s00248,Amelia Lewis,29,Other,Canada,8/28/2019,Free
s00249,Olivia Hall,29,Male,USA,5/11/2022,Monthly
s00250,Mia Hall,27,Other,Canada,3/10/2022,Free
s00251,Ethan Lewis,41,Female,India,6/28/2020,Free
s00252,Aanya Davis,18,Male,India,12/15/2021,Yearly
s00253,Ethan Clark,19,Other,India,4/7/2021,Monthly
s00254,Meera Thomas,18,Female,Germany,5/28/2021,Monthly
s00255,Ethan Clark,29,Female,Australia,1/27/2020,Free
s00256,Noah Davis,25,Other,USA,3/7/2020,Free
s00257,Olivia Smith,24,Female,Canada,3/1/2021,Monthly
s00258,Amelia Clark,25,Other,UK,4/12/2021,Yearly
s00259,Amelia Lewis,25,Female,UK,12/4/2019,Monthly
s00260,Olivia Verma,23,Female,UK,8/6/2020,Yearly
s00261,Lucas Patel,31,Female,UK,10/20/2020,Monthly
s00262,Arjun Moore,35,Female,Canada,11/11/2020,Yearly
s00263,Emma Lewis,34,Other,Canada,8/30/2020,Yearly
s00264,Ethan Patel,26,Male,USA,6/6/2022,Monthly
s00265,Vihaan Moore,23,Female,USA,9/8/2022,Free
s00266,Emma Verma,29,Other,Australia,6/20/2020,Yearly
s00267,Lucas Martin,41,Female,USA,5/13/2022,Free
s00268,Mia Clark,35,Other,UK,8/23/2019,Monthly
s00269,Riya Lewis,37,Other,USA,4/24/2022,Yearly
s00270,Karan Moore,67,Male,Canada,7/2/2019,Yearly
s00271,Noah Clark,24,Male,India,5/27/2020,Free
s00272,Karan Walker,20,Female,Germany,6/16/2022,Monthly
s00273,Ethan Clark,26,Male,India,8/23/2019,Monthly
s00274,Amelia Patel,39,Other,Canada,4/2/2020,Monthly
s00275,Olivia Clark,23,Male,Germany,12/22/2019,Yearly
s00276,Amelia Verma,19,Male,Australia,2/5/2020,Yearly
s00277,Noah Taylor,52,Male,India,4/7/2019,Monthly
s00278,Liam Brown,40,Male,Australia,2/3/2020,Yearly
s00279,Arjun Miller,21,Other,USA,7/18/2020,Free
s00280,Noah Wilson,18,Other,Australia,12/10/2020,Monthly
s00281,Benjamin Moore,38,Male,Australia,7/6/2019,Yearly
s00282,Arjun Martin,22,Female,Australia,10/14/2020,Monthly
s00283,Sophia Clark,21,Male,UK,11/9/2021,Yearly
s00284,Aarav Lee,26,Other,Germany,3/1/2021,Yearly
s00285,Karan Brown,52,Male,USA,5/23/2020,Free
s00286,Olivia Clark,67,Male,Germany,7/15/2020,Monthly
s00287,Eva Thomas,23,Female,India,10/14/2022,Yearly
s00288,Karan Smith,24,Female,Australia,2/12/2021,Free
s00289,Zara Brown,46,Other,Australia,11/25/2019,Yearly
s00290,Riya Smith,40,Male,Australia,2/23/2022,Yearly
s00291,Mia Johnson,24,Female,UK,8/14/2022,Free
s00292,Zara Clark,27,Other,India,8/28/2021,Yearly
s00293,Ethan Brown,21,Other,UK,4/15/2019,Yearly
s00294,Karan Sharma,20,Other,Canada,3/12/2019,Monthly
s00295,Noah Wilson,40,Female,India,5/21/2021,Monthly
s00296,Sophia Brown,21,Female,Australia,6/8/2022,Free
s00297,Sophia Clark,27,Male,Australia,7/7/2020,Monthly
s00298,Zara Johnson,24,Female,USA,4/12/2021,Monthly
s00299,Amelia Smith,39,Female,Germany,12/7/2022,Free
s00300,Amelia Lewis,60,Male,Canada,3/5/2022,Monthly
s00301,Benjamin Hall,41,Other,UK,12/15/2021,Yearly
s00302,Benjamin Hall,44,Female,Germany,11/8/2021,Monthly
s00303,Benjamin Miller,43,Female,India,8/12/2020,Yearly
s00304,Aarav Clark,23,Other,USA,10/21/2021,Yearly
s00305,Mia Anderson,32,Female,Canada,1/16/2021,Free
s00306,Emma Clark,25,Female,Australia,4/6/2021,Monthly
s00307,Amelia Taylor,45,Female,UK,6/15/2022,Yearly
s00308,Isabella Johnson,52,Other,Australia,6/25/2020,Free
s00309,Riya Patel,22,Male,Australia,12/12/2022,Yearly
s00310,Olivia Walker,39,Female,Germany,8/5/2019,Monthly
s00311,Sophia Miller,46,Male,USA,3/27/2021,Monthly
s00312,Noah Sharma,52,Female,India,11/25/2021,Free
s00313,Ethan Johnson,57,Female,Germany,2/6/2022,Free
s00314,Sophia Sharma,33,Other,Australia,7/29/2020,Yearly
s00315,Isabella Miller,30,Male,India,7/30/2020,Monthly
s00316,Emma Sharma,49,Other,USA,11/22/2021,Free
s00317,Benjamin Smith,19,Male,Germany,4/16/2022,Free
s00318,Aanya Singh,38,Male,Canada,8/23/2020,Monthly
s00319,Benjamin Patel,21,Other,UK,1/15/2020,Monthly
s00320,Vihaan Singh,18,Female,Canada,12/21/2019,Monthly
s00321,Benjamin Miller,26,Male,Germany,9/6/2021,Monthly
s00322,Liam Wilson,19,Female,India,12/16/2021,Free
s00323,Arjun Lewis,39,Male,UK,4/11/2022,Monthly
s00324,Zara Taylor,24,Female,Australia,3/15/2019,Yearly
s00325,Isabella Taylor,21,Male,India,1/28/2019,Yearly
s00326,Olivia Lee,30,Male,India,2/16/2022,Monthly
s00327,Sophia Hall,21,Other,USA,10/28/2020,Free
s00328,Vihaan Davis,44,Female,USA,4/10/2022,Free
s00329,Lucas Singh,21,Female,Germany,3/10/2021,Yearly
s00330,Mia Brown,41,Male,UK,12/30/2019,Yearly
s00331,Arjun Taylor,43,Female,Australia,2/10/2021,Free
s00332,Lucas Brown,24,Female,UK,5/1/2021,Yearly
s00333,Amelia Johnson,44,Other,Australia,9/23/2020,Yearly
s00334,Karan Clark,21,Other,Canada,5/31/2020,Free
s00335,Meera Brown,24,Male,Australia,10/7/2021,Free
s00336,Arjun Singh,45,Other,USA,10/21/2020,Monthly
s00337,Mia Martin,23,Other,UK,8/31/2021,Monthly
s00338,Meera Martin,67,Other,Canada,9/21/2020,Monthly
s00339,Sophia Wilson,18,Male,UK,12/12/2020,Free
s00340,Emma Wilson,27,Other,USA,2/23/2020,Free
s00341,Vihaan Johnson,44,Other,USA,9/9/2019,Free
s00342,Noah Patel,34,Male,Canada,12/31/2021,Monthly
s00343,Mia Lee,18,Female,Germany,3/28/2021,Free
s00344,Karan Anderson,33,Other,Australia,4/2/2022,Free
s00345,Liam Lewis,36,Female,Australia,4/13/2021,Free
s00346,Riya Sharma,24,Other,USA,7/20/2022,Free
s00347,Sophia Patel,19,Female,Germany,3/30/2021,Free
s00348,Riya Hall,19,Female,Australia,10/11/2022,Free
s00349,Sophia Sharma,21,Other,USA,7/10/2022,Yearly
s00350,Benjamin Patel,24,Female,Germany,12/3/2020,Yearly
s00351,Meera Walker,25,Other,Canada,11/12/2021,Yearly
s00352,Isabella Davis,27,Female,India,8/26/2020,Yearly
s00353,Riya Wilson,25,Other,UK,6/17/2020,Free
s00354,Mia Hall,36,Other,UK,7/9/2021,Yearly
s00355,Ethan Verma,18,Female,Germany,3/14/2021,Free
s00356,Mia Clark,18,Male,UK,12/18/2019,Monthly
s00357,Aarav Moore,23,Other,Germany,3/1/2019,Free
s00358,Lucas Thomas,34,Female,Germany,11/18/2020,Free
s00359,Lucas Brown,20,Female,Germany,4/17/2022,Yearly
s00360,Isabella Brown,18,Other,UK,10/22/2022,Yearly
s00361,Isabella Thomas,36,Other,Australia,10/16/2019,Monthly
s00362,Isabella Johnson,45,Female,USA,1/26/2022,Monthly
s00363,Benjamin Taylor,42,Other,Australia,10/6/2020,Monthly
s00364,Ethan Wilson,42,Male,Germany,6/8/2020,Monthly
s00365,Meera Patel,65,Female,Canada,3/29/2022,Monthly
s00366,Arjun Smith,31,Male,UK,4/7/2021,Free
s00367,Liam Martin,46,Other,India,2/19/2020,Monthly
s00368,Arjun Thomas,25,Other,UK,6/4/2020,Yearly
s00369,Ethan Lewis,33,Female,India,11/6/2020,Free
s00370,Isabella Clark,26,Male,UK,8/9/2020,Free
s00371,Zara Verma,20,Male,UK,8/20/2019,Free
s00372,Eva Lewis,20,Other,Australia,12/27/2019,Monthly
s00373,Emma Brown,42,Male,Germany,7/14/2020,Yearly
s00374,Karan Martin,45,Female,Germany,8/28/2021,Free
s00375,Amelia Anderson,29,Male,India,7/19/2019,Yearly
s00376,Meera Singh,19,Male,Germany,11/21/2019,Monthly
s00377,Eva Anderson,21,Other,UK,8/18/2020,Monthly
s00378,Emma Miller,43,Female,Germany,5/2/2021,Yearly
s00379,Riya Singh,24,Male,Australia,3/4/2022,Monthly
s00380,Zara Miller,24,Female,Australia,5/7/2021,Yearly
s00381,Mia Walker,23,Female,UK,6/26/2020,Free
s00382,Isabella Davis,21,Other,Australia,1/23/2022,Free
s00383,Arjun Smith,25,Other,India,3/23/2019,Yearly
s00384,Benjamin Walker,18,Male,Canada,10/26/2020,Yearly
s00385,Lucas Thomas,24,Other,India,1/8/2022,Free
s00386,Zara Hall,27,Other,India,8/7/2021,Yearly
s00387,Arjun Clark,22,Other,Canada,4/27/2019,Free
s00388,Meera Taylor,49,Male,UK,6/28/2022,Monthly
s00389,Eva Brown,23,Other,Australia,11/16/2021,Yearly
s00390,Liam Thomas,32,Male,Germany,4/5/2022,Monthly
s00391,Vihaan Davis,29,Female,USA,9/26/2022,Free
s00392,Liam Taylor,26,Other,USA,9/17/2021,Free
s00393,Emma Thomas,37,Other,Australia,12/11/2019,Free
s00394,Karan Sharma,60,Female,Canada,5/22/2019,Yearly
s00395,Aarav Martin,19,Other,Germany,3/17/2022,Free
s00396,Meera Moore,19,Female,Australia,11/23/2020,Yearly
s00397,Ethan Hall,33,Other,Canada,10/30/2019,Yearly
s00398,Emma Taylor,37,Female,India,7/6/2020,Free
s00399,Meera Walker,44,Male,Germany,12/7/2021,Monthly
s00400,Ethan Lewis,22,Female,India,3/14/2020,Monthly
s00401,Amelia Lewis,23,Female,Germany,11/29/2022,Yearly
s00402,Riya Davis,37,Male,Canada,6/7/2019,Free
s00403,Olivia Lee,26,Female,USA,9/19/2020,Monthly
s00404,Eva Singh,21,Male,Germany,2/1/2021,Monthly
s00405,Aarav Taylor,27,Female,UK,3/26/2020,Yearly
s00406,Emma Davis,18,Other,India,4/20/2020,Yearly
s00407,Mia Singh,20,Other,Canada,2/1/2022,Free
s00408,Sophia Anderson,23,Other,USA,7/11/2022,Free
s00409,Zara Wilson,24,Male,Australia,2/21/2019,Free
s00410,Vihaan Sharma,46,Male,India,3/25/2022,Yearly
s00411,Liam Hall,41,Male,India,4/29/2020,Free
s00412,Aarav Sharma,19,Female,India,3/27/2020,Free
s00413,Eva Singh,21,Male,Canada,7/29/2020,Free
s00414,Emma Moore,21,Female,USA,2/27/2021,Yearly
s00415,Meera Lewis,20,Male,India,3/1/2020,Free
s00416,Emma Thomas,26,Male,Germany,3/6/2019,Free
s00417,Noah Hall,53,Other,Canada,9/3/2021,Free
s00418,Arjun Taylor,19,Male,Germany,3/16/2019,Yearly
s00419,Vihaan Hall,27,Other,UK,5/19/2022,Free
s00420,Sophia Sharma,37,Male,USA,7/8/2019,Free
s00421,Arjun Miller,19,Male,India,6/29/2022,Free
s00422,Eva Lee,45,Other,UK,9/17/2020,Free
s00423,Karan Smith,44,Other,Australia,6/5/2020,Yearly
s00424,Emma Hall,19,Other,UK,12/7/2022,Monthly
s00425,Mia Verma,26,Female,Canada,3/4/2022,Free
s00426,Emma Davis,26,Male,India,8/30/2020,Yearly
s00427,Ethan Wilson,43,Female,USA,12/2/2022,Monthly
s00428,Aanya Sharma,22,Other,UK,7/31/2019,Free
s00429,Riya Wilson,36,Other,UK,7/4/2021,Free
s00430,Vihaan Verma,27,Male,Australia,5/26/2022,Free
s00431,Vihaan Thomas,40,Male,India,4/4/2021,Free
s00432,Benjamin Thomas,26,Female,Australia,7/27/2021,Yearly
s00433,Olivia Moore,38,Male,India,7/20/2020,Free
s00434,Meera Clark,46,Female,USA,12/29/2020,Yearly
s00435,Zara Wilson,40,Male,India,8/4/2022,Free
s00436,Isabella Clark,34,Female,India,8/14/2019,Yearly
s00437,Lucas Anderson,18,Other,Germany,12/31/2020,Monthly
s00438,Aarav Thomas,22,Female,Canada,4/14/2021,Free
s00439,Noah Hall,29,Female,UK,1/19/2019,Monthly
s00440,Noah Patel,33,Other,India,4/19/2022,Free
s00441,Isabella Miller,20,Female,Canada,3/18/2021,Free
s00442,Noah Sharma,26,Male,Germany,12/22/2020,Yearly
s00443,Arjun Lewis,24,Male,Australia,8/2/2020,Yearly
s00444,Olivia Martin,18,Other,India,2/27/2021,Monthly
s00445,Ethan Thomas,18,Female,Australia,4/17/2019,Yearly
s00446,Aanya Clark,31,Male,Australia,7/23/2020,Free
s00447,Lucas Wilson,23,Other,India,2/2/2021,Free
s00448,Emma Brown,34,Female,Germany,8/29/2021,Monthly
s00449,Zara Lee,33,Female,Australia,11/24/2021,Free
s00450,Noah Sharma,47,Female,USA,7/3/2019,Free
s00451,Benjamin Brown,26,Other,USA,6/30/2020,Free
s00452,Aarav Wilson,34,Other,India,5/12/2022,Yearly
s00453,Aarav Miller,19,Male,USA,3/19/2020,Free
s00454,Eva Thomas,45,Female,Germany,10/6/2020,Monthly
s00455,Meera Wilson,34,Male,Australia,10/20/2021,Yearly
s00456,Ethan Hall,24,Female,India,6/11/2021,Yearly
s00457,Aanya Patel,34,Female,India,1/13/2021,Monthly
s00458,Zara Clark,29,Male,India,7/14/2022,Yearly
s00459,Arjun Miller,21,Other,UK,5/16/2022,Monthly
s00460,Riya Davis,19,Male,India,8/31/2019,Free
s00461,Emma Patel,24,Female,India,5/26/2021,Monthly
s00462,Meera Moore,57,Other,Canada,2/9/2021,Yearly
s00463,Lucas Clark,40,Male,Australia,9/8/2021,Free
s00464,Liam Singh,21,Other,USA,5/16/2022,Monthly
s00465,Amelia Thomas,20,Other,USA,11/23/2022,Monthly
s00466,Karan Moore,44,Male,Australia,6/1/2021,Monthly
s00467,Eva Moore,37,Female,UK,6/24/2019,Free
s00468,Lucas Moore,55,Female,India,7/4/2019,Free
s00469,Riya Sharma,43,Other,Canada,10/20/2021,Monthly
s00470,Amelia Johnson,27,Male,USA,5/31/2022,Free
s00471,Eva Walker,25,Female,India,6/2/2022,Free
s00472,Isabella Miller,30,Male,India,6/11/2022,Monthly
s00473,Benjamin Martin,37,Other,Germany,5/20/2019,Monthly
s00474,Riya Lewis,47,Other,UK,1/11/2019,Monthly
s00475,Emma Singh,60,Female,Australia,10/22/2019,Monthly
s00476,Eva Davis,58,Other,Canada,10/28/2020,Monthly
s00477,Vihaan Miller,18,Other,India,7/2/2020,Yearly
s00478,Noah Smith,31,Other,UK,1/19/2020,Yearly
s00479,Meera Johnson,19,Female,UK,1/17/2019,Free
s00480,Benjamin Miller,29,Other,Australia,11/9/2020,Yearly
s00481,Noah Moore,66,Male,USA,10/20/2020,Yearly
s00482,Liam Verma,27,Female,India,5/1/2019,Yearly
s00483,Olivia Brown,27,Male,UK,11/28/2022,Monthly
s00484,Aanya Brown,46,Male,Germany,3/15/2020,Yearly
s00485,Ethan Martin,27,Other,UK,4/19/2021,Monthly
s00486,Lucas Anderson,63,Female,Germany,11/8/2022,Monthly
s00487,Meera Lee,23,Male,Australia,5/7/2020,Yearly
s00488,Benjamin Anderson,23,Other,Germany,9/25/2021,Yearly
s00489,Aarav Johnson,19,Female,Canada,4/13/2019,Monthly
s00490,Aarav Clark,25,Other,UK,8/16/2022,Yearly
s00491,Zara Thomas,25,Female,USA,11/15/2022,Monthly
s00492,Mia Walker,21,Male,USA,6/6/2021,Yearly
s00493,Isabella Verma,55,Female,Germany,2/18/2020,Monthly
s00494,Ethan Taylor,25,Male,UK,2/5/2021,Monthly
s00495,Isabella Wilson,19,Female,Canada,4/22/2021,Free
s00496,Zara Martin,27,Female,UK,10/24/2019,Yearly
s00497,Aanya Davis,19,Male,India,9/12/2021,Yearly
s00498,Aanya Clark,18,Other,Australia,10/6/2021,Yearly
s00499,Karan Sharma,27,Male,USA,2/9/2021,Yearly
s00500,Zara Hall,25,Other,India,9/8/2020,Yearly
s00501,Amelia Anderson,26,Other,Germany,9/12/2020,Free
s00502,Aarav Verma,25,Male,Australia,5/31/2021,Yearly
s00503,Lucas Smith,19,Other,USA,5/25/2019,Monthly
s00504,Noah Davis,27,Female,India,2/11/2020,Monthly
s00505,Noah Martin,25,Female,UK,4/25/2022,Monthly
s00506,Olivia Clark,61,Male,Canada,5/5/2019,Monthly
s00507,Lucas Walker,19,Female,Germany,3/10/2019,Monthly
s00508,Riya Brown,26,Other,Canada,6/1/2021,Monthly
s00509,Noah Lee,20,Female,Australia,8/8/2020,Free
s00510,Olivia Lewis,18,Female,India,2/13/2022,Monthly
s00511,Isabella Thomas,46,Female,India,2/5/2020,Free
s00512,Zara Brown,24,Male,India,3/3/2020,Yearly
s00513,Karan Brown,24,Male,UK,2/17/2020,Monthly
s00514,Aarav Brown,24,Other,USA,2/24/2019,Monthly
s00515,Noah Johnson,30,Female,USA,6/13/2021,Monthly
s00516,Karan Miller,23,Male,India,11/8/2021,Yearly
s00517,Liam Clark,24,Male,USA,1/26/2022,Free
s00518,Noah Walker,19,Female,Canada,11/11/2022,Yearly
s00519,Vihaan Smith,53,Other,Canada,5/2/2019,Free
s00520,Amelia Miller,27,Female,Canada,7/25/2019,Free
s00521,Aarav Patel,53,Female,Canada,1/28/2019,Yearly
s00522,Meera Moore,22,Other,Australia,5/6/2019,Yearly
s00523,Ethan Lewis,20,Other,India,12/3/2022,Monthly
s00524,Ethan Wilson,29,Male,Canada,10/16/2020,Monthly
s00525,Olivia Martin,24,Female,India,11/21/2019,Free
s00526,Noah Anderson,22,Other,Germany,9/2/2021,Free
s00527,Ethan Hall,26,Female,Germany,12/26/2020,Monthly
s00528,Sophia Moore,38,Female,India,9/27/2021,Free
s00529,Riya Patel,61,Male,Germany,6/18/2022,Yearly
s00530,Arjun Lewis,27,Male,Germany,12/24/2022,Free
s00531,Karan Verma,53,Male,Germany,5/23/2021,Yearly
s00532,Aarav Thomas,27,Other,Germany,7/10/2020,Yearly
s00533,Olivia Patel,21,Male,USA,8/30/2020,Yearly
s00534,Liam Anderson,43,Female,UK,1/12/2020,Free
s00535,Karan Davis,19,Male,India,6/28/2019,Yearly
s00536,Eva Wilson,27,Female,Australia,7/20/2021,Free
s00537,Riya Anderson,25,Male,USA,10/20/2020,Free
s00538,Ethan Davis,22,Female,UK,1/8/2022,Monthly
s00539,Zara Martin,20,Female,India,6/10/2020,Monthly
s00540,Olivia Anderson,24,Male,UK,12/9/2022,Monthly
s00541,Meera Johnson,27,Female,USA,5/29/2020,Yearly
s00542,Aanya Anderson,20,Female,India,7/30/2020,Yearly
s00543,Mia Brown,38,Other,Australia,6/3/2020,Yearly
s00544,Aarav Walker,23,Female,India,11/16/2021,Free
s00545,Amelia Verma,22,Male,Australia,6/27/2022,Free
s00546,Sophia Lewis,18,Female,USA,12/22/2021,Yearly
s00547,Aanya Miller,20,Female,Germany,3/15/2020,Free
s00548,Lucas Taylor,43,Other,Australia,7/29/2019,Monthly
s00549,Meera Lee,31,Female,USA,12/5/2019,Monthly
s00550,Vihaan Davis,45,Other,USA,4/16/2021,Yearly
s00551,Noah Patel,39,Male,Canada,2/29/2020,Free
s00552,Olivia Anderson,21,Female,Australia,5/31/2019,Free
s00553,Olivia Clark,22,Female,Australia,1/7/2019,Yearly
s00554,Meera Thomas,64,Female,USA,6/25/2021,Free
s00555,Eva Lewis,50,Female,Germany,11/14/2020,Monthly
s00556,Olivia Miller,23,Male,Canada,1/15/2021,Monthly
s00557,Eva Moore,20,Other,India,1/10/2021,Monthly
s00558,Lucas Moore,26,Female,USA,5/2/2020,Free
s00559,Arjun Singh,23,Male,Australia,11/5/2019,Free
s00560,Lucas Verma,33,Other,India,8/5/2021,Yearly
s00561,Vihaan Thomas,24,Other,Australia,12/25/2019,Yearly
s00562,Aarav Hall,64,Male,Canada,10/26/2020,Yearly
s00563,Isabella Sharma,21,Male,Canada,2/18/2019,Free
s00564,Olivia Moore,44,Female,Australia,10/21/2019,Monthly
s00565,Mia Smith,22,Other,UK,11/8/2021,Yearly
s00566,Meera Miller,21,Female,Canada,10/20/2019,Free
s00567,Arjun Davis,23,Female,Germany,5/5/2019,Monthly
s00568,Emma Brown,36,Male,Australia,5/21/2021,Monthly
s00569,Vihaan Walker,20,Other,Canada,5/18/2020,Monthly
s00570,Noah Anderson,43,Male,USA,6/1/2021,Free
s00571,Isabella Brown,18,Other,Germany,3/30/2020,Free
s00572,Aarav Johnson,27,Female,Germany,4/24/2019,Free
s00573,Vihaan Smith,46,Other,Australia,4/9/2020,Yearly
s00574,Meera Verma,23,Other,Germany,6/14/2022,Free
s00575,Aanya Smith,38,Male,Canada,4/24/2020,Monthly
s00576,Meera Lee,18,Male,India,12/22/2021,Free
s00577,Ethan Martin,19,Other,Germany,10/22/2022,Yearly
s00578,Emma Brown,24,Female,USA,4/27/2019,Free
s00579,Vihaan Moore,41,Male,Canada,5/7/2020,Free
s00580,Isabella Moore,39,Male,India,6/28/2021,Monthly
s00581,Eva Wilson,24,Other,UK,9/15/2022,Free
s00582,Mia Lewis,19,Male,USA,7/14/2019,Yearly
s00583,Isabella Thomas,26,Male,USA,5/10/2019,Yearly
s00584,Noah Anderson,23,Female,Germany,5/4/2022,Free
s00585,Lucas Singh,25,Other,India,5/27/2019,Yearly
s00586,Aanya Walker,41,Female,Canada,10/1/2020,Yearly
s00587,Aarav Miller,25,Male,UK,5/25/2020,Free
s00588,Olivia Singh,28,Other,India,5/17/2020,Free
s00589,Amelia Sharma,42,Other,Germany,5/12/2022,Monthly
s00590,Karan Walker,24,Other,UK,5/10/2019,Free
s00591,Olivia Walker,33,Other,India,12/22/2021,Free
s00592,Benjamin Moore,31,Other,UK,10/23/2021,Free
s00593,Zara Taylor,27,Male,Canada,8/8/2022,Free
s00594,Meera Lewis,25,Male,USA,10/9/2022,Yearly
s00595,Karan Clark,18,Male,Canada,8/27/2020,Monthly
s00596,Amelia Sharma,21,Female,UK,1/30/2022,Yearly
s00597,Meera Clark,18,Other,UK,3/29/2020,Monthly
s00598,Ethan Smith,24,Female,Australia,4/22/2019,Monthly
s00599,Aanya Moore,24,Male,USA,12/27/2019,Free
s00600,Aarav Johnson,62,Female,India,2/13/2020,Free
s00601,Benjamin Johnson,34,Male,Germany,10/5/2020,Yearly
s00602,Eva Martin,42,Other,USA,3/4/2022,Monthly
s00603,Meera Verma,22,Female,USA,2/22/2019,Yearly
s00604,Amelia Anderson,24,Other,Germany,1/19/2021,Free
s00605,Aarav Lewis,38,Other,India,12/20/2020,Free
s00606,Eva Walker,46,Other,India,3/11/2019,Yearly
s00607,Aanya Hall,18,Other,Australia,3/6/2019,Monthly
s00608,Zara Patel,21,Male,Germany,2/16/2022,Yearly
s00609,Eva Patel,40,Other,Canada,7/8/2021,Yearly
s00610,Arjun Sharma,46,Other,Germany,6/16/2021,Yearly
s00611,Ethan Lee,21,Female,Canada,6/5/2019,Monthly
s00612,Karan Moore,36,Male,UK,3/4/2019,Free
s00613,Aanya Clark,19,Female,Australia,4/23/2019,Yearly
s00614,Olivia Martin,19,Female,Australia,10/22/2019,Monthly
s00615,Isabella Johnson,20,Female,India,4/5/2021,Free
s00616,Aanya Hall,22,Male,Australia,11/25/2020,Yearly
s00617,Noah Lewis,21,Male,India,9/15/2020,Monthly
s00618,Amelia Taylor,32,Female,Australia,12/9/2019,Monthly
s00619,Aanya Brown,40,Male,USA,11/30/2022,Free
s00620,Karan Johnson,22,Female,Germany,3/27/2022,Monthly
s00621,Ethan Lewis,24,Other,USA,11/30/2021,Free
s00622,Ethan Anderson,30,Male,UK,12/7/2019,Yearly
s00623,Zara Moore,25,Other,India,8/15/2022,Free
s00624,Liam Hall,44,Other,Canada,7/8/2022,Yearly
s00625,Olivia Johnson,41,Other,UK,7/2/2019,Monthly
s00626,Ethan Verma,43,Male,USA,9/5/2021,Monthly
s00627,Olivia Sharma,35,Other,UK,4/27/2022,Free
s00628,Lucas Miller,50,Male,Canada,9/21/2019,Monthly
s00629,Eva Sharma,18,Male,Germany,9/27/2021,Yearly
s00630,Olivia Singh,25,Female,India,4/7/2021,Free
s00631,Mia Walker,20,Male,UK,3/11/2021,Yearly
s00632,Arjun Sharma,61,Other,Australia,3/5/2020,Monthly
s00633,Mia Smith,20,Male,UK,12/29/2020,Monthly
s00634,Noah Sharma,18,Other,Australia,11/9/2022,Monthly
s00635,Benjamin Wilson,21,Other,India,7/9/2019,Free
s00636,Aanya Singh,42,Other,India,5/22/2022,Free
s00637,Mia Clark,67,Male,USA,3/27/2021,Monthly
s00638,Aanya Verma,27,Female,India,4/8/2020,Monthly
s00639,Mia Smith,34,Female,USA,11/24/2021,Monthly
s00640,Arjun Taylor,23,Other,USA,7/29/2021,Yearly
s00641,Benjamin Miller,48,Male,Canada,7/24/2019,Yearly
s00642,Aanya Miller,21,Female,Canada,7/13/2020,Free
s00643,Eva Walker,23,Female,Germany,4/16/2021,Free
s00644,Karan Moore,30,Male,UK,2/22/2022,Monthly
s00645,Emma Sharma,25,Other,India,9/9/2019,Free
s00646,Isabella Brown,62,Other,USA,11/30/2019,Monthly
s00647,Ethan Davis,44,Other,USA,7/20/2021,Monthly
s00648,Vihaan Johnson,19,Female,Australia,2/26/2020,Yearly
s00649,Ethan Sharma,27,Other,USA,8/17/2019,Free
s00650,Meera Moore,24,Male,Australia,8/6/2019,Free
s00651,Vihaan Singh,18,Male,UK,8/10/2019,Yearly
s00652,Amelia Thomas,26,Female,India,9/11/2022,Yearly
s00653,Lucas Johnson,24,Other,UK,1/18/2021,Yearly
s00654,Karan Martin,23,Male,USA,7/31/2022,Monthly
s00655,Ethan Martin,20,Male,Australia,8/4/2021,Yearly
s00656,Zara Moore,23,Other,USA,1/20/2022,Free
s00657,Amelia Smith,26,Male,USA,1/28/2020,Monthly
s00658,Olivia Lee,22,Female,Australia,6/9/2021,Yearly
s00659,Aarav Martin,67,Female,India,12/11/2020,Yearly
s00660,Sophia Wilson,23,Male,USA,7/21/2019,Monthly
s00661,Aarav Johnson,19,Female,USA,1/1/2020,Monthly
s00662,Aarav Thomas,26,Other,UK,8/29/2022,Yearly
s00663,Amelia Martin,46,Female,USA,4/3/2022,Monthly
s00664,Karan Anderson,22,Other,Australia,2/2/2020,Free
s00665,Eva Patel,53,Male,Germany,8/14/2020,Free
s00666,Aanya Singh,23,Female,Canada,6/5/2021,Free
s00667,Zara Lewis,18,Female,Australia,10/8/2019,Free
s00668,Mia Thomas,66,Female,USA,2/9/2022,Free
s00669,Eva Verma,53,Other,India,6/29/2020,Yearly
s00670,Meera Anderson,57,Male,Australia,10/29/2021,Yearly
s00671,Olivia Taylor,27,Male,India,6/9/2021,Yearly
s00672,Meera Johnson,36,Other,India,10/16/2020,Yearly
s00673,Riya Brown,43,Other,UK,10/12/2020,Free
s00674,Noah Anderson,18,Female,Germany,12/3/2020,Free
s00675,Ethan Moore,31,Female,UK,4/27/2021,Monthly
s00676,Liam Clark,26,Female,UK,1/1/2019,Monthly
s00677,Aanya Walker,20,Other,UK,1/30/2019,Yearly
s00678,Arjun Anderson,58,Other,USA,2/19/2021,Monthly
s00679,Lucas Wilson,18,Male,Canada,1/13/2019,Free
s00680,Aarav Walker,21,Other,India,5/16/2021,Yearly
s00681,Eva Brown,31,Other,Germany,6/20/2020,Free
s00682,Aarav Taylor,25,Male,USA,5/6/2020,Free
s00683,Benjamin Thomas,27,Male,UK,2/18/2019,Free
s00684,Emma Brown,27,Other,UK,9/9/2019,Free
s00685,Benjamin Lee,51,Male,Germany,1/2/2021,Free
s00686,Riya Walker,23,Female,Australia,11/1/2019,Free
s00687,Mia Verma,25,Female,Germany,5/20/2022,Yearly
s00688,Liam Thomas,29,Other,UK,2/2/2021,Free
s00689,Noah Davis,21,Male,Australia,2/24/2020,Monthly
s00690,Amelia Anderson,28,Male,USA,5/23/2020,Yearly
s00691,Riya Brown,28,Female,USA,5/1/2020,Yearly
s00692,Aanya Sharma,47,Other,India,6/21/2020,Yearly
s00693,Vihaan Anderson,26,Female,Canada,7/21/2020,Yearly
s00694,Mia Martin,32,Other,USA,12/10/2022,Free
s00695,Aarav Johnson,25,Male,India,10/27/2019,Yearly
s00696,Lucas Taylor,24,Other,USA,1/24/2022,Yearly
s00697,Sophia Hall,21,Other,India,10/27/2021,Monthly
s00698,Vihaan Smith,24,Other,UK,3/16/2020,Free
s00699,Aarav Anderson,55,Male,UK,5/17/2022,Monthly
s00700,Lucas Taylor,18,Other,Canada,6/25/2022,Free
s00701,Amelia Hall,19,Male,India,2/20/2019,Monthly
s00702,Amelia Clark,27,Female,India,9/21/2020,Monthly
s00703,Isabella Davis,57,Other,UK,5/7/2022,Free
s00704,Vihaan Moore,18,Male,Germany,9/4/2022,Free
s00705,Isabella Thomas,42,Female,Canada,5/9/2020,Free
s00706,Olivia Lewis,25,Female,UK,5/9/2019,Monthly
s00707,Noah Thomas,44,Other,USA,5/8/2022,Free
s00708,Aarav Anderson,27,Other,Australia,8/10/2022,Free
s00709,Aanya Walker,26,Female,Canada,7/19/2021,Free
s00710,Karan Wilson,18,Female,UK,5/21/2020,Yearly
s00711,Vihaan Taylor,42,Male,Germany,3/28/2020,Free
s00712,Aanya Lewis,39,Male,Canada,7/22/2019,Monthly
s00713,Karan Taylor,20,Female,Australia,8/19/2019,Free
s00714,Noah Martin,26,Female,Germany,9/15/2021,Yearly
s00715,Mia Taylor,24,Male,Germany,10/11/2019,Monthly
s00716,Lucas Thomas,59,Other,USA,1/23/2020,Monthly
s00717,Noah Verma,25,Male,Canada,2/24/2019,Monthly
s00718,Arjun Wilson,55,Other,USA,5/10/2020,Yearly
s00719,Zara Verma,45,Male,UK,11/27/2020,Yearly
s00720,Meera Sharma,23,Other,Australia,4/25/2019,Free
s00721,Liam Hall,21,Other,USA,9/12/2022,Monthly
s00722,Aarav Miller,21,Other,Canada,8/17/2022,Monthly
s00723,Eva Verma,33,Other,Australia,5/7/2020,Yearly
s00724,Isabella Clark,27,Male,Canada,11/18/2020,Free
s00725,Amelia Anderson,29,Other,UK,6/4/2021,Yearly
s00726,Noah Taylor,20,Other,Germany,11/27/2019,Monthly
s00727,Riya Martin,46,Female,USA,6/19/2021,Monthly
s00728,Meera Thomas,23,Other,UK,4/23/2021,Yearly
s00729,Noah Thomas,61,Female,USA,10/8/2019,Yearly
s00730,Riya Taylor,22,Other,UK,9/8/2019,Yearly
s00731,Isabella Lee,28,Male,UK,10/23/2020,Yearly
s00732,Amelia Miller,51,Other,India,8/25/2020,Monthly
s00733,Liam Miller,45,Male,USA,10/14/2021,Monthly
s00734,Karan Moore,19,Male,India,6/5/2021,Monthly
s00735,Lucas Taylor,24,Male,USA,3/23/2019,Monthly
s00736,Ethan Walker,26,Male,Australia,1/4/2021,Free
s00737,Vihaan Brown,46,Other,Canada,7/9/2021,Yearly
s00738,Lucas Walker,43,Other,USA,11/1/2020,Yearly
s00739,Noah Davis,20,Female,Germany,6/8/2020,Free
s00740,Eva Wilson,39,Male,India,1/12/2020,Monthly
s00741,Aanya Martin,39,Female,Canada,6/9/2019,Free
s00742,Eva Sharma,26,Female,UK,2/17/2020,Yearly
s00743,Aarav Johnson,23,Male,UK,5/20/2022,Monthly
s00744,Ethan Brown,40,Other,India,10/19/2019,Yearly
s00745,Riya Clark,26,Other,Germany,9/9/2020,Monthly
s00746,Karan Lee,21,Male,UK,11/15/2020,Monthly
s00747,Olivia Davis,23,Female,USA,12/24/2020,Yearly
s00748,Karan Taylor,19,Male,UK,7/21/2019,Monthly
s00749,Lucas Brown,23,Male,Germany,1/17/2019,Monthly
s00750,Emma Thomas,18,Male,USA,5/25/2019,Yearly
s00751,Eva Brown,19,Female,USA,6/23/2022,Monthly
s00752,Olivia Brown,31,Female,Canada,2/19/2021,Yearly
s00753,Meera Davis,22,Male,USA,10/20/2022,Free
s00754,Liam Lee,31,Male,USA,10/3/2020,Monthly
s00755,Aarav Taylor,21,Female,Germany,6/22/2022,Monthly
s00756,Noah Verma,34,Female,Canada,7/30/2022,Yearly
s00757,Liam Lee,25,Other,Australia,4/15/2020,Yearly
s00758,Emma Lee,26,Male,Canada,6/5/2021,Free
s00759,Eva Verma,37,Female,Canada,7/10/2022,Yearly
s00760,Karan Hall,37,Male,Australia,7/23/2019,Monthly
s00761,Amelia Lewis,24,Other,Germany,1/19/2021,Free
s00762,Eva Anderson,30,Other,Canada,2/18/2019,Yearly
s00763,Vihaan Sharma,19,Other,UK,7/8/2020,Yearly
s00764,Isabella Smith,33,Female,Canada,11/18/2022,Free
s00765,Vihaan Thomas,49,Other,Germany,1/29/2020,Free
s00766,Mia Davis,41,Other,Germany,12/8/2020,Yearly
s00767,Amelia Patel,22,Male,India,1/19/2019,Yearly
s00768,Vihaan Martin,19,Male,UK,9/23/2021,Free
s00769,Zara Moore,59,Female,Canada,2/7/2020,Yearly
s00770,Meera Clark,24,Female,Australia,9/30/2020,Yearly
s00771,Lucas Patel,19,Female,UK,1/14/2022,Monthly
s00772,Noah Wilson,40,Male,India,7/15/2021,Monthly
s00773,Liam Sharma,29,Male,Canada,7/25/2021,Monthly
s00774,Aarav Verma,22,Other,UK,6/1/2021,Yearly
s00775,Sophia Verma,22,Female,Germany,2/23/2022,Yearly
s00776,Karan Patel,23,Male,USA,1/17/2021,Yearly
s00777,Aarav Moore,23,Male,USA,4/9/2022,Free
s00778,Aarav Sharma,24,Female,USA,7/23/2021,Monthly
s00779,Eva Smith,18,Other,UK,10/12/2020,Yearly
s00780,Lucas Moore,37,Female,USA,10/4/2021,Monthly
s00781,Riya Taylor,23,Other,USA,3/13/2019,Monthly
s00782,Meera Davis,37,Female,Canada,4/12/2019,Free
s00783,Liam Clark,19,Male,Canada,3/18/2022,Monthly
s00784,Amelia Miller,21,Female,India,5/26/2021,Monthly
s00785,Vihaan Taylor,23,Female,Canada,4/24/2020,Yearly
s00786,Amelia Thomas,23,Female,Canada,6/11/2020,Monthly
s00787,Lucas Miller,18,Other,UK,3/3/2020,Yearly
s00788,Olivia Martin,27,Female,UK,7/24/2020,Monthly
s00789,Sophia Smith,20,Male,Canada,3/29/2020,Yearly
s00790,Mia Johnson,42,Other,India,10/31/2020,Free
s00791,Amelia Davis,28,Other,UK,7/2/2021,Yearly
s00792,Vihaan Singh,49,Male,UK,12/1/2022,Monthly
s00793,Ethan Davis,47,Other,USA,1/30/2022,Free
s00794,Ethan Patel,21,Other,Australia,4/25/2022,Yearly
s00795,Emma Smith,48,Other,UK,12/17/2021,Yearly
s00796,Noah Anderson,27,Male,Australia,3/4/2020,Yearly
s00797,Benjamin Wilson,21,Other,USA,5/23/2020,Free
s00798,Aarav Clark,51,Other,Canada,6/8/2022,Monthly
s00799,Olivia Patel,49,Female,Germany,2/8/2021,Monthly
s00800,Sophia Davis,18,Female,USA,2/5/2021,Yearly
s00801,Zara Thomas,35,Male,Germany,9/23/2022,Monthly
s00802,Liam Martin,20,Other,Canada,10/21/2021,Free
s00803,Karan Lewis,56,Female,Australia,7/30/2022,Free
s00804,Riya Sharma,21,Male,Australia,4/24/2019,Monthly
s00805,Emma Johnson,21,Female,Canada,12/15/2021,Yearly
s00806,Ethan Brown,21,Other,Australia,2/3/2020,Free
s00807,Arjun Lewis,40,Other,Germany,2/6/2020,Free
s00808,Amelia Anderson,57,Other,Germany,9/7/2022,Monthly
s00809,Emma Verma,20,Female,Germany,11/7/2019,Monthly
s00810,Aanya Johnson,20,Female,India,8/26/2021,Monthly
s00811,Amelia Anderson,23,Male,Germany,1/23/2019,Free
s00812,Liam Walker,23,Other,UK,9/5/2020,Free
s00813,Lucas Lee,45,Female,Canada,5/14/2021,Free
s00814,Karan Lee,24,Female,India,3/19/2020,Monthly
s00815,Isabella Brown,22,Male,UK,4/9/2020,Free
s00816,Noah Clark,20,Other,Germany,2/5/2021,Yearly
s00817,Eva Martin,45,Other,India,6/26/2022,Monthly
s00818,Meera Verma,25,Male,USA,1/22/2019,Yearly
s00819,Benjamin Clark,25,Male,UK,9/20/2019,Free
s00820,Sophia Singh,40,Male,UK,5/19/2021,Monthly
s00821,Zara Thomas,26,Other,UK,10/21/2019,Yearly
s00822,Amelia Brown,23,Female,Australia,8/13/2020,Monthly
s00823,Meera Martin,22,Other,Canada,6/16/2019,Free
s00824,Riya Martin,26,Female,Germany,12/14/2021,Monthly
s00825,Benjamin Taylor,64,Other,Germany,2/8/2019,Yearly
s00826,Noah Patel,24,Male,Germany,12/18/2021,Monthly
s00827,Liam Martin,20,Female,Germany,9/17/2020,Free
s00828,Arjun Brown,20,Other,Germany,1/12/2022,Free
s00829,Sophia Wilson,24,Male,Canada,4/7/2020,Monthly
s00830,Aanya Wilson,23,Female,Canada,2/24/2020,Monthly
s00831,Arjun Thomas,46,Other,USA,1/17/2020,Monthly
s00832,Emma Patel,27,Female,Canada,8/13/2019,Free
s00833,Ethan Moore,23,Other,UK,12/21/2021,Yearly
s00834,Noah Moore,26,Male,Germany,6/14/2019,Free
s00835,Liam Clark,46,Other,Canada,5/1/2020,Free
s00836,Aanya Lee,32,Other,India,3/23/2020,Monthly
s00837,Arjun Walker,27,Female,India,1/10/2019,Monthly
s00838,Karan Taylor,20,Male,UK,7/6/2020,Monthly
s00839,Meera Walker,20,Other,UK,9/28/2022,Monthly
s00840,Liam Martin,30,Other,USA,1/17/2022,Yearly
s00841,Zara Lee,20,Male,Germany,12/21/2021,Free
s00842,Zara Patel,37,Female,Australia,8/1/2020,Monthly
s00843,Noah Taylor,42,Male,UK,2/28/2019,Yearly
s00844,Ethan Hall,25,Male,UK,5/7/2022,Yearly
s00845,Noah Thomas,47,Other,Germany,6/6/2022,Free
s00846,Karan Smith,45,Other,USA,6/12/2021,Free
s00847,Meera Singh,40,Other,Germany,11/1/2019,Free
s00848,Sophia Patel,18,Male,India,5/30/2020,Free
s00849,Eva Taylor,27,Female,UK,3/29/2022,Free
s00850,Emma Smith,34,Male,Australia,8/23/2022,Monthly
s00851,Sophia Martin,23,Other,India,3/2/2022,Monthly
s00852,Liam Hall,27,Other,Canada,11/28/2019,Free
s00853,Arjun Sharma,24,Other,Australia,8/4/2021,Monthly
s00854,Eva Hall,27,Female,Germany,1/22/2020,Free
s00855,Ethan Davis,47,Other,USA,1/29/2021,Monthly
s00856,Arjun Martin,36,Other,Germany,8/29/2021,Free
s00857,Aarav Patel,26,Male,Canada,3/13/2022,Monthly
s00858,Sophia Hall,43,Male,Canada,12/29/2019,Free
s00859,Lucas Verma,23,Male,USA,4/8/2021,Monthly
s00860,Amelia Miller,30,Female,USA,3/13/2022,Free
s00861,Meera Johnson,61,Other,UK,6/20/2021,Free
s00862,Riya Martin,26,Male,Australia,7/10/2020,Free
s00863,Mia Martin,24,Other,India,12/13/2022,Free
s00864,Sophia Smith,25,Male,Canada,1/19/2021,Free
s00865,Aanya Walker,27,Female,Canada,11/4/2022,Free
s00866,Vihaan Martin,23,Female,USA,5/14/2019,Free
s00867,Isabella Lee,20,Female,India,3/21/2021,Yearly
s00868,Eva Walker,20,Other,Germany,2/19/2020,Monthly
s00869,Liam Lewis,19,Other,Australia,8/6/2019,Yearly
s00870,Ethan Smith,23,Other,Germany,1/9/2021,Monthly
s00871,Aarav Martin,27,Female,Australia,12/21/2019,Monthly
s00872,Arjun Singh,18,Other,UK,10/21/2022,Free
s00873,Olivia Johnson,30,Female,UK,7/26/2019,Monthly
s00874,Aanya Brown,23,Female,UK,5/9/2020,Yearly
s00875,Vihaan Moore,18,Female,Australia,8/25/2022,Free
s00876,Meera Walker,39,Other,Australia,9/25/2022,Yearly
s00877,Aarav Thomas,19,Female,Australia,12/23/2019,Monthly
s00878,Meera Walker,18,Male,USA,7/16/2022,Monthly
s00879,Mia Taylor,26,Male,USA,6/7/2020,Free
s00880,Eva Walker,58,Female,USA,5/5/2021,Free
s00881,Ethan Johnson,39,Male,Germany,6/8/2022,Monthly
s00882,Meera Hall,59,Other,Germany,8/19/2020,Monthly
s00883,Eva Davis,30,Female,Australia,4/22/2019,Monthly
s00884,Mia Clark,18,Other,USA,3/7/2019,Monthly
s00885,Olivia Martin,18,Female,Germany,9/8/2022,Free
s00886,Liam Miller,26,Male,UK,4/16/2022,Free
s00887,Noah Thomas,52,Female,India,10/29/2020,Yearly
s00888,Zara Singh,24,Other,Canada,2/19/2019,Free
s00889,Aarav Brown,60,Female,Canada,11/24/2019,Monthly
s00890,Lucas Smith,42,Other,India,8/10/2021,Monthly
s00891,Karan Walker,47,Other,Australia,9/21/2022,Yearly
s00892,Arjun Miller,20,Other,UK,2/20/2021,Yearly
s00893,Emma Lee,47,Male,USA,12/23/2021,Yearly
s00894,Aarav Verma,27,Other,UK,12/7/2022,Free
s00895,Karan Patel,20,Male,USA,8/24/2022,Yearly
s00896,Karan Singh,18,Male,USA,8/23/2020,Yearly
s00897,Aarav Hall,43,Male,India,12/9/2021,Free
s00898,Lucas Hall,19,Female,USA,6/2/2020,Yearly
s00899,Isabella Patel,47,Male,India,1/17/2019,Monthly
s00900,Emma Clark,24,Other,India,3/8/2019,Free
s00901,Vihaan Singh,23,Other,India,6/12/2021,Free
s00902,Karan Brown,37,Other,Germany,8/24/2022,Monthly
s00903,Benjamin Martin,25,Other,India,6/10/2020,Yearly
s00904,Riya Singh,25,Male,USA,5/20/2022,Yearly
s00905,Emma Thomas,56,Female,UK,9/20/2021,Yearly
s00906,Aanya Davis,22,Male,Canada,4/29/2021,Yearly
s00907,Lucas Walker,21,Other,USA,7/27/2020,Monthly
s00908,Ethan Miller,66,Female,Canada,11/25/2022,Yearly
s00909,Benjamin Johnson,25,Other,Germany,1/18/2019,Yearly
s00910,Eva Thomas,23,Female,Australia,9/11/2020,Free
s00911,Arjun Clark,19,Other,India,2/11/2021,Yearly
s00912,Amelia Johnson,44,Female,UK,4/11/2021,Monthly
s00913,Vihaan Lee,24,Female,Australia,5/23/2019,Monthly
s00914,Aarav Verma,19,Male,Canada,2/25/2020,Monthly
s00915,Sophia Wilson,27,Male,Germany,12/9/2021,Monthly
s00916,Aanya Verma,49,Other,Germany,1/21/2021,Monthly
s00917,Aarav Moore,26,Male,USA,6/23/2022,Yearly
s00918,Eva Wilson,27,Other,Germany,9/20/2021,Yearly
s00919,Benjamin Brown,18,Female,Australia,9/23/2021,Free
s00920,Vihaan Taylor,24,Male,UK,6/23/2021,Monthly
s00921,Aanya Anderson,41,Female,USA,4/6/2022,Free
s00922,Benjamin Johnson,21,Other,India,5/4/2021,Free
s00923,Karan Moore,20,Male,Canada,1/26/2022,Monthly
s00924,Benjamin Smith,24,Male,UK,11/29/2020,Yearly
s00925,Benjamin Smith,23,Female,UK,7/27/2020,Monthly
s00926,Liam Sharma,18,Female,Canada,9/2/2020,Yearly
s00927,Eva Patel,24,Male,UK,8/24/2022,Yearly
s00928,Noah Brown,32,Male,India,3/13/2021,Yearly
s00929,Ethan Moore,25,Other,Germany,9/1/2022,Free
s00930,Aarav Wilson,26,Female,USA,6/5/2021,Yearly
s00931,Vihaan Wilson,22,Female,Australia,11/14/2019,Free
s00932,Olivia Miller,24,Female,Germany,7/17/2020,Free
s00933,Riya Davis,33,Other,Germany,11/19/2021,Monthly
s00934,Vihaan Moore,58,Other,USA,3/3/2022,Free
s00935,Mia Taylor,60,Male,Australia,10/27/2019,Monthly
s00936,Arjun Patel,24,Male,Germany,3/3/2021,Yearly
s00937,Zara Johnson,43,Other,USA,5/20/2021,Free
s00938,Mia Lee,22,Female,India,5/1/2019,Monthly
s00939,Ethan Thomas,21,Female,India,8/29/2020,Monthly
s00940,Liam Davis,22,Female,India,5/4/2022,Monthly
s00941,Riya Martin,38,Female,Canada,7/22/2022,Monthly
s00942,Arjun Patel,27,Other,Canada,5/12/2020,Yearly
s00943,Benjamin Wilson,18,Male,Canada,3/10/2020,Monthly
s00944,Zara Taylor,21,Female,Australia,7/16/2019,Free
s00945,Ethan Anderson,24,Male,Germany,12/29/2021,Free
s00946,Lucas Singh,32,Male,UK,3/30/2020,Monthly
s00947,Karan Patel,18,Other,Canada,7/15/2020,Free
s00948,Aarav Moore,25,Female,Australia,4/8/2021,Monthly
s00949,Liam Moore,22,Male,India,3/9/2020,Free
s00950,Sophia Johnson,34,Female,Canada,7/17/2021,Yearly
s00951,Riya Lewis,22,Other,UK,10/13/2019,Monthly
s00952,Amelia Patel,43,Other,UK,2/15/2019,Monthly
s00953,Mia Singh,24,Other,India,4/29/2019,Yearly
s00954,Aanya Thomas,20,Female,Australia,12/13/2020,Monthly
s00955,Mia Lewis,49,Male,Canada,7/26/2021,Yearly
s00956,Eva Miller,27,Male,Germany,7/11/2020,Free
s00957,Aarav Anderson,46,Other,Germany,6/6/2020,Free
s00958,Sophia Davis,23,Male,India,10/26/2022,Yearly
s00959,Ethan Lee,67,Male,USA,11/26/2021,Yearly
s00960,Liam Lee,41,Female,Australia,9/3/2021,Yearly
s00961,Ethan Patel,35,Female,USA,12/1/2021,Free
s00962,Eva Walker,52,Other,USA,2/21/2022,Free
s00963,Aanya Verma,24,Male,Germany,7/29/2019,Monthly
s00964,Arjun Martin,24,Other,USA,10/12/2021,Yearly
s00965,Riya Verma,46,Other,Canada,1/16/2022,Free
s00966,Mia Miller,24,Male,USA,7/3/2020,Free
s00967,Isabella Anderson,22,Male,India,12/10/2022,Free
s00968,Karan Lewis,25,Other,USA,3/13/2019,Yearly
s00969,Zara Anderson,55,Male,USA,7/10/2022,Monthly
s00970,Emma Martin,25,Male,UK,2/2/2022,Free
s00971,Eva Lewis,34,Female,USA,10/1/2020,Free
s00972,Zara Anderson,63,Other,India,1/27/2022,Monthly
s00973,Isabella Brown,44,Female,USA,10/11/2021,Free
s00974,Karan Martin,22,Female,Australia,9/6/2019,Free
s00975,Noah Singh,23,Other,USA,8/26/2022,Yearly
s00976,Noah Smith,21,Female,Canada,1/18/2019,Monthly
s00977,Aarav Davis,36,Other,Germany,4/1/2020,Monthly
s00978,Liam Singh,19,Male,India,7/8/2020,Yearly
s00979,Aanya Hall,32,Other,India,10/2/2021,Monthly
s00980,Vihaan Sharma,18,Male,India,10/16/2020,Monthly
s00981,Arjun Davis,19,Male,India,7/17/2020,Monthly
s00982,Ethan Thomas,27,Female,Canada,8/19/2020,Monthly
s00983,Amelia Verma,33,Other,USA,5/22/2022,Monthly
s00984,Sophia Martin,26,Other,UK,7/15/2022,Free
s00985,Aarav Anderson,21,Other,USA,6/25/2021,Free
s00986,Amelia Patel,18,Male,USA,2/24/2019,Free
s00987,Lucas Smith,18,Other,Germany,12/17/2019,Yearly
s00988,Benjamin Sharma,45,Male,Australia,11/30/2020,Yearly
s00989,Olivia Thomas,33,Female,Australia,1/9/2019,Free
s00990,Olivia Thomas,19,Other,UK,10/14/2019,Yearly
s00991,Meera Martin,23,Other,USA,5/16/2019,Free
s00992,Aarav Thomas,59,Male,USA,8/4/2021,Free
s00993,Aanya Singh,36,Other,UK,6/17/2020,Monthly
s00994,Sophia Lewis,37,Female,India,1/26/2019,Yearly
s00995,Benjamin Verma,36,Male,Canada,11/2/2022,Monthly
s00996,Aarav Johnson,27,Male,USA,10/26/2019,Yearly
s00997,Meera Davis,20,Other,USA,8/16/2021,Free
s00998,Aanya Patel,25,Male,USA,1/1/2022,Free
s00999,Isabella Davis,44,Other,USA,8/6/2022,Monthly
s01000,Aanya Verma,23,Female,Canada,8/11/2021,Free
s01001,Sophia Smith,52,Female,Canada,10/13/2021,Free
s01002,Benjamin Martin,44,Other,USA,6/3/2021,Yearly
s01003,Amelia Hall,28,Other,India,3/6/2022,Monthly
s01004,Aanya Clark,18,Female,USA,8/28/2022,Monthly
s01005,Zara Verma,20,Other,UK,2/9/2019,Free
s01006,Vihaan Davis,20,Male,Australia,9/14/2021,Free
s01007,Sophia Johnson,37,Female,Australia,12/26/2022,Monthly
s01008,Lucas Anderson,22,Female,UK,5/19/2021,Monthly
s01009,Arjun Wilson,32,Female,Canada,9/4/2021,Monthly
s01010,Arjun Clark,20,Male,Germany,6/14/2021,Yearly
s01011,Mia Clark,18,Female,Australia,11/5/2020,Yearly
s01012,Lucas Lewis,45,Female,UK,4/11/2019,Monthly
s01013,Liam Brown,41,Female,India,1/2/2021,Yearly
s01014,Aanya Clark,47,Other,USA,7/16/2020,Monthly
s01015,Noah Thomas,26,Female,USA,7/29/2020,Free
s01016,Riya Anderson,26,Female,India,2/20/2019,Yearly
s01017,Isabella Lewis,30,Male,Germany,11/2/2020,Free
s01018,Zara Brown,22,Female,Australia,1/14/2021,Yearly
s01019,Olivia Miller,18,Female,India,5/14/2019,Monthly
s01020,Amelia Johnson,23,Male,UK,6/19/2020,Yearly
s01021,Riya Clark,19,Female,Canada,6/3/2022,Yearly
s01022,Noah Hall,19,Male,UK,1/30/2022,Free
s01023,Riya Smith,39,Female,Australia,12/10/2022,Free
s01024,Ethan Johnson,23,Female,Canada,1/11/2019,Free
s01025,Amelia Johnson,55,Female,Australia,12/29/2019,Monthly
s01026,Riya Miller,25,Male,Australia,9/7/2019,Yearly
s01027,Eva Lee,19,Other,India,1/21/2022,Yearly
s01028,Lucas Smith,19,Female,Australia,4/9/2020,Yearly
s01029,Isabella Johnson,26,Male,UK,6/3/2020,Monthly
s01030,Amelia Clark,21,Male,UK,6/9/2019,Monthly
s01031,Mia Thomas,21,Female,USA,8/13/2019,Free
s01032,Amelia Walker,26,Female,UK,2/13/2021,Yearly
s01033,Ethan Anderson,31,Female,USA,1/11/2019,Free
s01034,Mia Smith,57,Other,Germany,12/6/2021,Monthly
s01035,Benjamin Singh,30,Female,Canada,9/26/2022,Free
s01036,Mia Wilson,23,Other,Germany,3/13/2019,Free
s01037,Riya Clark,20,Male,Germany,2/2/2020,Free
s01038,Olivia Singh,22,Male,UK,9/15/2021,Monthly
s01039,Vihaan Moore,62,Other,UK,2/27/2022,Monthly
s01040,Aanya Patel,57,Male,Australia,9/12/2019,Monthly
s01041,Vihaan Lewis,48,Male,Germany,9/27/2019,Monthly
s01042,Mia Singh,30,Female,UK,12/25/2020,Yearly
s01043,Isabella Moore,21,Male,Canada,2/10/2021,Monthly
s01044,Noah Hall,20,Other,Australia,2/8/2021,Yearly
s01045,Arjun Anderson,22,Other,Germany,2/8/2022,Free
s01046,Emma Patel,41,Male,India,12/18/2022,Yearly
s01047,Sophia Walker,54,Female,India,1/19/2022,Free
s01048,Arjun Lewis,20,Female,UK,2/6/2020,Yearly
s01049,Benjamin Singh,32,Male,USA,8/9/2022,Yearly
s01050,Lucas Walker,35,Female,Australia,5/14/2021,Monthly
s01051,Liam Lee,27,Female,USA,9/25/2020,Yearly
s01052,Mia Singh,27,Male,Germany,4/16/2019,Yearly
s01053,Emma Miller,20,Female,USA,6/13/2020,Monthly
s01054,Meera Lewis,65,Other,Germany,4/7/2020,Free
s01055,Zara Singh,19,Female,Canada,12/27/2021,Monthly
s01056,Zara Smith,45,Female,Australia,1/8/2020,Yearly
s01057,Aarav Anderson,27,Female,USA,3/4/2020,Yearly
s01058,Emma Davis,54,Male,Canada,7/14/2022,Monthly
s01059,Amelia Walker,21,Male,Canada,8/6/2019,Free
s01060,Lucas Smith,24,Other,Canada,10/18/2021,Yearly
s01061,Mia Clark,23,Other,Germany,6/23/2020,Monthly
s01062,Aanya Miller,28,Other,Canada,4/10/2019,Yearly
s01063,Mia Davis,35,Other,Germany,11/2/2022,Free
s01064,Meera Lee,22,Other,India,3/30/2021,Yearly
s01065,Arjun Lewis,42,Female,UK,10/13/2021,Monthly
s01066,Amelia Wilson,67,Other,India,5/19/2021,Yearly
s01067,Liam Patel,23,Other,Canada,1/14/2021,Yearly
s01068,Noah Miller,24,Other,Germany,6/16/2020,Yearly
s01069,Olivia Moore,22,Other,Canada,1/10/2019,Free
s01070,Zara Thomas,27,Female,Canada,11/12/2021,Yearly
s01071,Lucas Smith,41,Other,Australia,5/24/2021,Monthly
s01072,Eva Moore,26,Female,Canada,9/25/2021,Monthly
s01073,Eva Verma,19,Other,Canada,10/20/2019,Yearly
s01074,Aarav Patel,18,Male,USA,7/25/2022,Monthly
s01075,Karan Brown,30,Male,Canada,10/8/2019,Monthly
s01076,Vihaan Sharma,62,Male,India,8/12/2020,Yearly
s01077,Karan Patel,46,Other,Germany,4/9/2022,Free
s01078,Arjun Davis,31,Other,UK,1/18/2020,Yearly
s01079,Aanya Miller,33,Female,Canada,11/11/2019,Monthly
s01080,Amelia Clark,21,Male,India,4/11/2022,Yearly
s01081,Aarav Clark,21,Male,Australia,12/4/2019,Free
s01082,Zara Patel,55,Female,Australia,12/10/2021,Monthly
s01083,Zara Martin,35,Male,Germany,4/13/2021,Free
s01084,Isabella Martin,47,Other,Canada,6/24/2022,Yearly
s01085,Riya Anderson,34,Female,USA,10/22/2022,Monthly
s01086,Lucas Verma,23,Other,UK,5/13/2021,Free
s01087,Olivia Anderson,24,Other,UK,1/9/2020,Free
s01088,Riya Thomas,40,Female,India,3/18/2022,Monthly
s01089,Arjun Patel,66,Other,Canada,4/12/2019,Free
s01090,Karan Hall,22,Male,Australia,12/9/2021,Yearly
s01091,Eva Hall,20,Male,UK,7/13/2019,Monthly
s01092,Isabella Martin,26,Female,Canada,12/29/2020,Monthly
s01093,Ethan Lee,19,Female,Canada,10/24/2021,Yearly
s01094,Isabella Singh,19,Male,Canada,5/24/2021,Yearly
s01095,Lucas Sharma,55,Female,Germany,3/26/2021,Free
s01096,Liam Sharma,40,Female,UK,2/23/2019,Monthly
s01097,Olivia Martin,22,Female,Germany,4/23/2022,Monthly
s01098,Arjun Thomas,23,Male,UK,8/12/2020,Yearly
s01099,Aarav Lewis,20,Male,USA,4/26/2021,Free
s01100,Aanya Lee,21,Male,India,10/19/2019,Monthly
s01101,Aarav Lewis,18,Female,Germany,3/18/2022,Yearly
s01102,Emma Miller,47,Female,Germany,11/18/2022,Yearly
s01103,Mia Singh,22,Male,UK,3/16/2020,Monthly
s01104,Arjun Brown,60,Female,Canada,7/11/2021,Free
s01105,Eva Brown,26,Other,Germany,10/19/2021,Monthly
s01106,Olivia Johnson,19,Female,UK,6/28/2021,Monthly
s01107,Arjun Anderson,22,Male,UK,11/29/2022,Yearly
s01108,Liam Brown,27,Other,UK,8/24/2020,Free
s01109,Emma Davis,29,Male,Germany,10/17/2022,Free
s01110,Noah Davis,19,Other,Germany,11/8/2019,Yearly
s01111,Benjamin Davis,28,Other,UK,12/7/2019,Monthly
s01112,Meera Walker,50,Other,UK,10/23/2019,Free
s01113,Riya Martin,26,Other,Australia,3/31/2019,Free
s01114,Aanya Wilson,19,Male,UK,4/27/2021,Yearly
s01115,Aanya Lee,18,Female,Canada,3/30/2020,Yearly
s01116,Eva Hall,39,Female,Germany,8/29/2021,Free
s01117,Vihaan Lewis,27,Female,Canada,1/14/2021,Free
s01118,Karan Clark,19,Female,Australia,11/13/2019,Yearly
s01119,Amelia Sharma,24,Male,Canada,11/24/2022,Free
s01120,Aarav Miller,42,Female,Germany,12/20/2022,Yearly
s01121,Sophia Smith,47,Female,Germany,7/14/2022,Monthly
s01122,Mia Clark,24,Other,USA,12/4/2021,Yearly
s01123,Zara Lewis,43,Other,USA,12/14/2022,Monthly
s01124,Ethan Martin,20,Male,Canada,10/5/2022,Free
s01125,Olivia Miller,26,Female,Germany,4/12/2022,Monthly
s01126,Eva Hall,19,Female,Germany,3/1/2020,Yearly
s01127,Karan Walker,26,Female,USA,8/7/2020,Free
s01128,Eva Anderson,46,Other,USA,9/1/2022,Free
s01129,Benjamin Walker,19,Male,UK,12/11/2022,Monthly
s01130,Vihaan Patel,48,Male,USA,2/10/2022,Yearly
s01131,Aarav Lee,24,Other,Canada,5/8/2021,Yearly
s01132,Karan Miller,62,Other,Australia,11/15/2022,Monthly
s01133,Amelia Wilson,27,Male,Australia,2/4/2021,Monthly
s01134,Eva Brown,24,Other,Australia,10/28/2020,Monthly
s01135,Ethan Thomas,18,Female,UK,5/24/2019,Yearly
s01136,Arjun Singh,23,Male,Australia,12/29/2022,Monthly
s01137,Zara Clark,67,Female,UK,7/12/2019,Monthly
s01138,Arjun Clark,33,Female,Canada,11/24/2021,Monthly
s01139,Arjun Lewis,36,Male,UK,10/14/2020,Free
s01140,Amelia Wilson,24,Other,Germany,3/19/2020,Yearly
s01141,Amelia Lewis,23,Female,Australia,3/23/2020,Free
s01142,Benjamin Wilson,62,Female,Australia,2/15/2019,Yearly
s01143,Aanya Davis,19,Male,USA,9/25/2021,Yearly
s01144,Amelia Hall,40,Other,Canada,10/29/2020,Free
s01145,Zara Brown,21,Female,Canada,7/14/2019,Monthly
s01146,Zara Sharma,43,Other,Canada,1/9/2019,Monthly
s01147,Ethan Clark,61,Other,Australia,6/28/2022,Free
s01148,Noah Johnson,25,Female,India,1/7/2019,Free
s01149,Aanya Thomas,26,Male,USA,8/14/2022,Yearly
s01150,Aanya Anderson,36,Male,India,12/9/2021,Yearly
s01151,Sophia Lewis,27,Female,Germany,4/11/2019,Monthly
s01152,Lucas Sharma,23,Other,USA,3/18/2019,Monthly
s01153,Olivia Lee,47,Female,UK,7/31/2021,Monthly
s01154,Liam Clark,47,Female,Germany,12/27/2022,Free
s01155,Ethan Martin,23,Male,USA,9/4/2020,Free
s01156,Eva Clark,23,Female,Australia,3/30/2021,Yearly
s01157,Zara Hall,38,Female,Australia,5/19/2019,Monthly
s01158,Zara Wilson,18,Other,USA,4/9/2021,Yearly
s01159,Isabella Hall,22,Female,Canada,3/8/2022,Free
s01160,Zara Martin,26,Other,India,2/17/2019,Monthly
s01161,Vihaan Taylor,67,Female,Australia,7/25/2020,Yearly
s01162,Amelia Hall,36,Female,UK,3/22/2020,Free
s01163,Isabella Lee,18,Female,USA,8/31/2019,Yearly
s01164,Arjun Martin,25,Male,India,5/18/2022,Monthly
s01165,Olivia Sharma,22,Male,India,3/19/2022,Yearly
s01166,Ethan Johnson,21,Other,India,6/24/2019,Free
s01167,Noah Johnson,32,Male,Australia,9/20/2019,Monthly
s01168,Aanya Anderson,21,Other,Australia,7/9/2019,Monthly
s01169,Vihaan Walker,18,Male,USA,6/24/2021,Yearly
s01170,Zara Johnson,31,Other,Canada,5/29/2021,Yearly
s01171,Noah Verma,27,Female,India,1/14/2020,Free
s01172,Ethan Anderson,39,Male,India,4/23/2019,Yearly
s01173,Ethan Brown,27,Male,Canada,12/23/2021,Free
s01174,Lucas Walker,57,Male,India,9/16/2021,Yearly
s01175,Olivia Verma,21,Other,UK,12/30/2019,Yearly
s01176,Sophia Sharma,26,Female,India,12/30/2022,Free
s01177,Noah Davis,23,Male,Australia,7/30/2022,Free
s01178,Zara Smith,20,Other,Canada,3/4/2020,Free
s01179,Vihaan Singh,34,Female,Canada,11/22/2019,Yearly
s01180,Karan Verma,64,Male,UK,4/19/2021,Yearly
s01181,Mia Moore,29,Other,Canada,6/21/2021,Monthly
s01182,Zara Patel,34,Female,UK,8/6/2020,Yearly
s01183,Sophia Brown,22,Other,Germany,1/31/2020,Yearly
s01184,Benjamin Brown,64,Male,Canada,1/18/2021,Free
s01185,Amelia Smith,38,Other,Germany,6/5/2021,Free
s01186,Mia Miller,38,Female,Canada,11/9/2021,Monthly
s01187,Sophia Patel,50,Female,USA,1/9/2021,Free
s01188,Emma Thomas,22,Other,USA,7/2/2020,Monthly
s01189,Riya Brown,39,Other,Germany,5/2/2022,Yearly
s01190,Lucas Miller,21,Female,USA,11/8/2021,Free
s01191,Mia Hall,53,Other,Australia,8/26/2021,Monthly
s01192,Isabella Thomas,23,Female,UK,10/31/2020,Yearly
s01193,Isabella Wilson,62,Male,India,8/26/2021,Free
s01194,Aarav Brown,20,Male,Canada,2/15/2020,Monthly
s01195,Arjun Singh,26,Male,USA,5/13/2020,Free
s01196,Emma Johnson,18,Male,Canada,11/6/2019,Yearly
s01197,Karan Verma,20,Female,Canada,4/17/2019,Free
s01198,Lucas Brown,28,Other,Canada,10/6/2019,Yearly
s01199,Vihaan Lee,40,Female,India,1/4/2020,Yearly
s01200,Sophia Martin,19,Female,Australia,8/11/2020,Monthly
s01201,Liam Martin,22,Male,UK,5/31/2019,Free
s01202,Aanya Walker,52,Male,Canada,11/30/2020,Free
s01203,Isabella Taylor,41,Female,India,5/4/2020,Monthly
s01204,Aanya Clark,45,Female,Australia,1/9/2020,Yearly
s01205,Emma Martin,18,Female,USA,12/23/2019,Free
s01206,Lucas Johnson,45,Male,Canada,2/14/2019,Free
s01207,Benjamin Davis,41,Other,Australia,9/3/2021,Yearly
s01208,Vihaan Brown,23,Other,USA,8/26/2021,Free
s01209,Eva Anderson,21,Other,Germany,9/20/2022,Yearly
s01210,Riya Johnson,19,Female,Germany,10/12/2020,Monthly
s01211,Amelia Thomas,19,Male,Australia,11/23/2019,Free
s01212,Sophia Verma,22,Female,USA,1/1/2019,Free
s01213,Aanya Verma,21,Other,Germany,8/26/2019,Free
s01214,Benjamin Anderson,36,Male,Australia,8/30/2022,Yearly
s01215,Amelia Moore,57,Female,USA,12/29/2021,Free
s01216,Emma Verma,40,Female,USA,3/10/2022,Monthly
s01217,Olivia Lee,24,Other,UK,5/19/2020,Monthly
s01218,Zara Anderson,31,Male,UK,8/11/2021,Free
s01219,Amelia Johnson,23,Female,Canada,9/17/2021,Free
s01220,Vihaan Hall,25,Female,Canada,1/18/2020,Monthly
s01221,Amelia Lee,18,Male,USA,3/12/2021,Monthly
s01222,Lucas Smith,20,Other,Canada,12/30/2020,Monthly
s01223,Meera Davis,19,Female,India,2/24/2021,Monthly
s01224,Riya Smith,32,Male,Australia,2/21/2022,Yearly
s01225,Aanya Taylor,23,Other,UK,11/9/2022,Free
s01226,Riya Martin,45,Other,Australia,11/4/2020,Yearly
s01227,Vihaan Walker,21,Other,Germany,10/1/2021,Monthly
s01228,Aanya Brown,18,Female,USA,2/26/2019,Monthly
s01229,Emma Moore,39,Other,India,11/22/2021,Monthly
s01230,Zara Smith,60,Female,Germany,3/8/2022,Yearly
s01231,Liam Sharma,45,Other,UK,8/27/2022,Yearly
s01232,Zara Wilson,19,Male,USA,1/29/2019,Monthly
s01233,Benjamin Hall,31,Other,India,4/24/2022,Monthly
s01234,Ethan Hall,18,Male,Australia,3/6/2019,Yearly
s01235,Amelia Miller,41,Female,India,4/19/2022,Free
s01236,Meera Johnson,38,Male,Australia,2/11/2022,Free
s01237,Mia Johnson,41,Other,UK,3/19/2019,Monthly
s01238,Liam Lee,26,Female,Australia,8/21/2019,Yearly
s01239,Liam Walker,35,Female,India,6/6/2020,Free
s01240,Emma Davis,23,Other,India,12/4/2020,Monthly
s01241,Noah Brown,37,Male,Germany,9/21/2019,Free
s01242,Lucas Wilson,19,Female,Australia,6/15/2021,Free
s01243,Eva Johnson,30,Male,Germany,4/28/2022,Monthly
s01244,Aarav Anderson,41,Male,India,3/30/2020,Yearly
s01245,Mia Taylor,41,Other,Australia,3/20/2019,Monthly
s01246,Riya Lee,19,Male,Germany,1/3/2019,Free
s01247,Eva Brown,26,Other,Germany,11/8/2021,Free
s01248,Aanya Lewis,24,Other,India,1/11/2021,Free
s01249,Aarav Lewis,64,Male,Germany,10/13/2021,Free
s01250,Arjun Singh,46,Male,UK,12/20/2022,Monthly
s01251,Emma Miller,60,Female,UK,1/16/2021,Monthly
s01252,Vihaan Walker,19,Female,USA,4/11/2021,Free
s01253,Karan Davis,24,Male,Germany,8/25/2019,Yearly
s01254,Liam Smith,25,Female,India,1/25/2021,Free
s01255,Vihaan Walker,20,Female,USA,2/26/2020,Yearly
s01256,Isabella Martin,21,Female,UK,9/30/2020,Free
s01257,Meera Singh,22,Female,USA,12/15/2020,Monthly
s01258,Benjamin Smith,19,Other,Australia,6/23/2022,Monthly
s01259,Aarav Verma,33,Other,Australia,2/7/2021,Yearly
s01260,Ethan Smith,34,Other,Germany,8/5/2021,Yearly
s01261,Liam Singh,22,Female,India,1/28/2021,Yearly
s01262,Aarav Lewis,39,Other,Australia,11/29/2022,Yearly
s01263,Aanya Hall,30,Other,UK,10/19/2022,Free
s01264,Vihaan Sharma,20,Other,Canada,12/17/2020,Yearly
s01265,Olivia Lewis,19,Other,USA,8/18/2021,Yearly
s01266,Aarav Smith,23,Female,India,9/27/2020,Monthly
s01267,Olivia Hall,24,Male,Australia,8/6/2020,Free
s01268,Mia Johnson,22,Female,UK,8/7/2020,Free
s01269,Amelia Verma,47,Female,UK,7/31/2021,Free
s01270,Olivia Clark,29,Female,Australia,8/2/2020,Yearly
s01271,Arjun Miller,21,Male,Germany,9/3/2020,Free
s01272,Liam Lee,21,Other,Australia,8/20/2021,Monthly
s01273,Amelia Martin,19,Female,UK,9/21/2022,Monthly
s01274,Sophia Taylor,27,Male,India,4/21/2020,Free
s01275,Eva Johnson,20,Female,UK,11/15/2022,Monthly
s01276,Ethan Moore,30,Female,UK,1/1/2019,Yearly
s01277,Vihaan Moore,54,Other,USA,10/28/2021,Yearly
s01278,Karan Miller,47,Other,India,4/6/2021,Monthly
s01279,Olivia Clark,19,Female,India,4/3/2022,Monthly
s01280,Arjun Moore,40,Male,UK,3/20/2021,Yearly
s01281,Arjun Verma,46,Male,UK,7/8/2020,Yearly
s01282,Zara Martin,18,Female,UK,2/2/2021,Yearly
s01283,Ethan Patel,48,Other,Germany,8/28/2022,Yearly
s01284,Vihaan Thomas,25,Female,Canada,5/1/2019,Yearly
s01285,Arjun Martin,27,Male,UK,3/16/2021,Yearly
s01286,Noah Patel,19,Female,Australia,10/7/2019,Yearly
s01287,Vihaan Walker,38,Male,Germany,5/10/2022,Free
s01288,Zara Sharma,21,Female,Germany,4/23/2019,Yearly
s01289,Aarav Davis,37,Female,Germany,5/3/2021,Yearly
s01290,Karan Brown,29,Male,USA,3/5/2019,Monthly
s01291,Benjamin Moore,27,Female,India,9/1/2019,Monthly
s01292,Sophia Thomas,39,Female,Australia,5/26/2019,Free
s01293,Emma Lee,50,Male,Germany,3/18/2020,Free
s01294,Meera Wilson,50,Other,Australia,1/23/2019,Yearly
s01295,Ethan Davis,25,Male,India,11/26/2019,Yearly
s01296,Benjamin Davis,26,Female,UK,2/6/2021,Yearly
s01297,Meera Miller,30,Female,India,4/23/2021,Monthly
s01298,Eva Walker,21,Female,Germany,11/8/2021,Monthly
s01299,Karan Lewis,55,Male,USA,6/6/2019,Monthly
s01300,Olivia Lewis,47,Male,Australia,12/26/2022,Monthly
s01301,Meera Walker,48,Male,USA,12/1/2021,Yearly
s01302,Lucas Hall,19,Other,UK,2/25/2021,Yearly
s01303,Eva Lewis,20,Other,UK,1/18/2021,Monthly
s01304,Riya Walker,22,Other,India,8/11/2020,Monthly
s01305,Vihaan Lee,25,Female,Germany,4/28/2019,Yearly
s01306,Noah Miller,19,Other,Canada,1/19/2021,Free
s01307,Mia Davis,44,Male,USA,10/15/2020,Yearly
s01308,Aarav Clark,21,Female,Australia,10/19/2022,Monthly
s01309,Zara Wilson,27,Male,Germany,4/1/2021,Monthly
s01310,Zara Johnson,38,Male,Australia,6/6/2022,Free
s01311,Eva Smith,25,Female,Germany,8/8/2020,Free
s01312,Riya Martin,23,Female,Canada,2/22/2019,Yearly
s01313,Zara Walker,38,Female,Australia,1/6/2022,Monthly
s01314,Lucas Smith,42,Other,USA,6/3/2022,Yearly
s01315,Zara Miller,21,Male,UK,8/30/2021,Monthly
s01316,Amelia Moore,52,Other,USA,12/8/2022,Free
s01317,Arjun Anderson,24,Other,Canada,2/27/2021,Monthly
s01318,Meera Miller,53,Male,Australia,9/18/2021,Free
s01319,Riya Clark,19,Female,UK,5/28/2019,Monthly
s01320,Aanya Lewis,26,Male,Canada,11/9/2022,Monthly
s01321,Liam Martin,22,Other,Canada,10/2/2020,Free
s01322,Emma Smith,35,Other,Australia,3/8/2022,Free
s01323,Isabella Hall,22,Other,Canada,7/2/2022,Free
s01324,Emma Singh,19,Male,India,7/3/2021,Monthly
s01325,Sophia Moore,25,Other,UK,5/31/2022,Yearly
s01326,Aanya Clark,40,Other,India,7/31/2022,Yearly
s01327,Riya Verma,24,Other,Australia,7/8/2020,Monthly
s01328,Karan Smith,25,Other,India,8/17/2022,Monthly
s01329,Karan Brown,21,Other,Australia,9/9/2021,Yearly
s01330,Sophia Clark,38,Female,Australia,9/20/2019,Monthly
s01331,Lucas Singh,36,Female,India,6/13/2020,Yearly
s01332,Riya Miller,32,Female,Germany,7/16/2022,Monthly
s01333,Riya Hall,26,Female,UK,2/5/2020,Yearly
s01334,Olivia Taylor,45,Male,Germany,2/19/2022,Free
s01335,Benjamin Lewis,25,Male,Australia,9/6/2022,Yearly
s01336,Aanya Martin,37,Other,Australia,11/8/2022,Yearly
s01337,Aarav Sharma,24,Male,Canada,12/27/2020,Free
s01338,Benjamin Hall,26,Male,UK,1/8/2020,Yearly
s01339,Eva Lewis,59,Other,USA,12/21/2019,Monthly
s01340,Sophia Martin,57,Other,India,9/14/2022,Yearly
s01341,Aanya Patel,46,Other,UK,1/28/2022,Free
s01342,Karan Martin,23,Male,USA,3/12/2019,Free
s01343,Liam Davis,34,Male,UK,8/28/2021,Yearly
s01344,Liam Lee,23,Female,Germany,1/22/2022,Yearly
s01345,Vihaan Miller,23,Female,UK,2/9/2021,Yearly
s01346,Arjun Johnson,37,Other,Australia,12/2/2020,Free
s01347,Ethan Moore,24,Male,Germany,2/19/2019,Monthly
s01348,Meera Lewis,25,Female,India,9/2/2020,Monthly
s01349,Lucas Smith,19,Female,Canada,7/1/2022,Free
s01350,Olivia Smith,27,Other,Australia,12/9/2022,Monthly
s01351,Lucas Wilson,18,Other,Germany,5/13/2021,Free
s01352,Emma Verma,24,Male,India,6/8/2019,Yearly
s01353,Mia Johnson,59,Male,Australia,11/25/2020,Monthly
s01354,Amelia Lee,19,Other,USA,3/5/2022,Yearly
s01355,Amelia Thomas,22,Male,UK,1/13/2021,Yearly
s01356,Noah Lee,25,Other,UK,2/9/2019,Free
s01357,Sophia Walker,19,Female,Canada,8/22/2021,Monthly
s01358,Emma Brown,24,Female,UK,2/22/2021,Free
s01359,Eva Hall,22,Other,USA,2/5/2021,Monthly
s01360,Eva Walker,37,Female,India,2/22/2020,Monthly
s01361,Olivia Clark,41,Female,Canada,8/3/2020,Yearly
s01362,Aarav Moore,18,Other,India,10/16/2021,Free
s01363,Ethan Anderson,53,Other,Australia,5/1/2021,Monthly
s01364,Arjun Smith,37,Other,Canada,8/21/2022,Yearly
s01365,Olivia Wilson,31,Male,USA,9/19/2022,Monthly
s01366,Amelia Johnson,25,Male,UK,8/22/2021,Yearly
s01367,Liam Lee,64,Male,India,7/16/2021,Monthly
s01368,Noah Lee,32,Male,India,8/30/2021,Monthly
s01369,Olivia Sharma,42,Female,Canada,12/17/2022,Yearly
s01370,Zara Miller,18,Male,Australia,6/29/2019,Monthly
s01371,Vihaan Miller,60,Other,Australia,8/11/2022,Free
s01372,Meera Moore,23,Female,Australia,11/3/2019,Free
s01373,Liam Thomas,38,Female,Canada,6/28/2022,Yearly
s01374,Lucas Brown,39,Male,Germany,4/9/2019,Monthly
s01375,Lucas Verma,35,Female,Germany,10/9/2020,Monthly
s01376,Meera Davis,42,Female,Canada,11/14/2019,Free
s01377,Meera Lewis,20,Female,India,5/29/2020,Monthly
s01378,Liam Smith,46,Male,Germany,6/5/2019,Free
s01379,Olivia Miller,19,Female,USA,9/18/2020,Monthly
s01380,Olivia Walker,31,Other,Germany,8/22/2022,Monthly
s01381,Liam Taylor,27,Male,India,5/21/2019,Monthly
s01382,Lucas Taylor,29,Male,Canada,9/6/2019,Monthly
s01383,Aarav Singh,25,Female,UK,9/4/2020,Free
s01384,Sophia Thomas,39,Female,USA,8/6/2020,Yearly
s01385,Benjamin Martin,26,Female,Germany,3/27/2021,Yearly
s01386,Sophia Wilson,43,Male,UK,8/23/2021,Free
s01387,Meera Anderson,31,Other,Canada,11/19/2019,Monthly
s01388,Vihaan Johnson,26,Female,USA,1/17/2021,Free
s01389,Karan Miller,33,Female,Australia,8/27/2019,Free
s01390,Aarav Thomas,21,Other,Canada,3/28/2021,Yearly
s01391,Karan Wilson,41,Female,UK,5/20/2022,Monthly
s01392,Benjamin Patel,22,Female,India,11/29/2021,Monthly
s01393,Aarav Johnson,32,Male,USA,11/11/2019,Yearly
s01394,Aarav Moore,18,Male,Australia,5/7/2020,Monthly
s01395,Aarav Brown,21,Other,Canada,3/21/2019,Yearly
s01396,Arjun Moore,47,Male,Australia,10/8/2020,Yearly
s01397,Aanya Clark,50,Female,USA,10/20/2022,Free
s01398,Lucas Lewis,31,Male,Australia,7/30/2020,Free
s01399,Meera Davis,31,Female,Australia,10/27/2021,Yearly
s01400,Lucas Martin,42,Female,Germany,2/19/2020,Monthly
s01401,Emma Hall,23,Female,USA,6/15/2021,Monthly
s01402,Lucas Johnson,21,Male,India,4/22/2019,Monthly
s01403,Meera Patel,40,Other,Germany,10/26/2022,Free
s01404,Benjamin Hall,21,Other,Australia,12/19/2021,Yearly
s01405,Karan Brown,24,Male,India,4/28/2021,Free
s01406,Aanya Johnson,50,Female,India,12/15/2019,Free
s01407,Aanya Clark,27,Female,India,9/29/2021,Yearly
s01408,Noah Davis,52,Male,Canada,12/21/2020,Monthly
s01409,Olivia Brown,44,Female,Germany,7/4/2020,Free
s01410,Zara Thomas,30,Female,India,5/8/2022,Monthly
s01411,Benjamin Sharma,27,Other,Germany,10/13/2021,Monthly
s01412,Lucas Thomas,27,Other,UK,4/22/2022,Free
s01413,Meera Davis,25,Other,Australia,6/22/2021,Monthly
s01414,Meera Miller,25,Female,India,11/6/2020,Yearly
s01415,Aanya Sharma,41,Male,UK,8/22/2021,Monthly
s01416,Liam Smith,28,Male,UK,2/2/2022,Free
s01417,Aanya Clark,36,Female,Australia,11/8/2021,Monthly
s01418,Lucas Patel,39,Other,India,2/12/2020,Free
s01419,Eva Walker,27,Other,India,12/11/2021,Monthly
s01420,Riya Verma,50,Other,Australia,8/14/2020,Free
s01421,Mia Moore,35,Female,Canada,9/10/2020,Free
s01422,Mia Martin,38,Other,Australia,11/19/2021,Monthly
s01423,Olivia Sharma,20,Male,Canada,10/18/2019,Free
s01424,Mia Miller,18,Other,Australia,9/4/2022,Free
s01425,Aarav Taylor,21,Female,Australia,4/17/2019,Monthly
s01426,Zara Brown,22,Male,Canada,4/1/2021,Free
s01427,Karan Wilson,45,Male,India,7/15/2019,Yearly
s01428,Benjamin Clark,23,Female,USA,9/9/2021,Monthly
s01429,Isabella Verma,24,Male,Germany,5/11/2021,Yearly
s01430,Ethan Lee,46,Male,Australia,12/17/2019,Yearly
s01431,Lucas Lee,22,Female,USA,3/12/2021,Monthly
s01432,Olivia Lee,36,Other,Australia,10/17/2020,Monthly
s01433,Meera Wilson,26,Female,Germany,1/25/2021,Yearly
s01434,Noah Lewis,67,Female,India,7/30/2020,Free
s01435,Amelia Brown,30,Other,India,2/20/2019,Monthly
s01436,Olivia Anderson,22,Female,India,7/11/2020,Yearly
s01437,Amelia Clark,36,Female,India,4/24/2020,Free
s01438,Emma Patel,23,Other,USA,3/12/2019,Yearly
s01439,Noah Brown,59,Male,Australia,7/11/2019,Yearly
s01440,Vihaan Johnson,20,Female,Canada,10/24/2021,Yearly
s01441,Vihaan Lee,19,Female,Canada,4/7/2020,Free
s01442,Riya Moore,23,Male,USA,11/2/2022,Monthly
s01443,Sophia Davis,23,Male,Germany,11/5/2022,Monthly
s01444,Karan Miller,39,Other,Canada,4/29/2020,Free
s01445,Eva Hall,27,Female,UK,3/7/2021,Monthly
s01446,Olivia Verma,20,Female,Canada,12/3/2021,Free
s01447,Meera Lewis,34,Female,India,3/19/2022,Free
s01448,Eva Patel,27,Male,Australia,4/21/2021,Monthly
s01449,Meera Martin,18,Male,UK,12/7/2019,Monthly
s01450,Vihaan Smith,22,Female,Canada,9/16/2020,Free
s01451,Aanya Lee,26,Female,UK,5/27/2022,Monthly
s01452,Arjun Clark,24,Other,Australia,2/23/2021,Free
s01453,Eva Clark,20,Female,Australia,3/4/2022,Free
s01454,Mia Miller,33,Female,USA,12/8/2020,Yearly
s01455,Lucas Davis,63,Female,USA,3/18/2022,Free
s01456,Noah Anderson,26,Other,USA,11/15/2019,Monthly
s01457,Aanya Wilson,50,Female,Australia,5/4/2020,Yearly
s01458,Lucas Patel,37,Other,India,9/1/2022,Yearly
s01459,Lucas Smith,43,Female,UK,9/21/2019,Free
s01460,Sophia Singh,20,Female,Canada,6/30/2020,Free
s01461,Arjun Thomas,27,Female,India,8/31/2020,Monthly
s01462,Benjamin Smith,27,Male,Australia,9/25/2019,Monthly
s01463,Riya Moore,39,Female,Germany,4/2/2019,Monthly
s01464,Zara Verma,23,Male,India,12/10/2020,Free
s01465,Riya Moore,26,Other,USA,6/20/2021,Yearly
s01466,Isabella Thomas,29,Female,Canada,8/31/2020,Yearly
s01467,Sophia Thomas,41,Male,Australia,7/4/2022,Yearly
s01468,Vihaan Lewis,21,Female,Australia,3/9/2021,Yearly
s01469,Noah Wilson,26,Male,UK,4/21/2019,Monthly
s01470,Lucas Sharma,22,Female,Australia,2/20/2019,Monthly
s01471,Noah Miller,31,Female,Australia,3/29/2020,Free
s01472,Isabella Thomas,23,Other,India,8/12/2020,Monthly
s01473,Arjun Lewis,53,Female,India,9/4/2021,Monthly
s01474,Ethan Johnson,20,Male,India,1/30/2020,Free
s01475,Eva Hall,41,Female,India,4/28/2020,Yearly
s01476,Karan Wilson,47,Female,India,1/25/2020,Monthly
s01477,Eva Davis,20,Other,Germany,9/15/2022,Free
s01478,Lucas Smith,28,Other,Australia,12/13/2020,Yearly
s01479,Aarav Moore,22,Male,USA,11/13/2020,Monthly
s01480,Aarav Lewis,22,Other,Australia,2/18/2019,Yearly
s01481,Lucas Lee,20,Male,Canada,12/12/2022,Monthly
s01482,Zara Brown,46,Female,Australia,2/20/2022,Yearly
s01483,Ethan Wilson,43,Other,USA,6/14/2022,Monthly
s01484,Zara Taylor,35,Female,USA,10/16/2021,Yearly
s01485,Lucas Wilson,22,Male,Germany,3/28/2021,Yearly
s01486,Sophia Davis,37,Male,UK,1/18/2019,Monthly
s01487,Zara Thomas,19,Female,Germany,11/15/2022,Monthly
s01488,Mia Davis,46,Female,USA,3/28/2020,Free
s01489,Zara Taylor,32,Female,Canada,8/16/2020,Monthly
s01490,Isabella Moore,26,Male,Germany,2/13/2021,Free
s01491,Meera Brown,42,Female,Germany,3/5/2020,Yearly
s01492,Lucas Walker,20,Male,India,12/14/2019,Free
s01493,Emma Clark,31,Male,India,8/31/2021,Monthly
s01494,Aanya Patel,35,Female,India,12/29/2019,Free
s01495,Zara Patel,24,Female,UK,3/9/2019,Monthly
s01496,Zara Verma,66,Other,Australia,8/22/2021,Yearly
s01497,Amelia Lewis,45,Other,UK,3/21/2020,Free
s01498,Zara Smith,38,Male,Australia,1/29/2021,Monthly
s01499,Olivia Lee,26,Female,Germany,4/19/2022,Free
s01500,Lucas Anderson,26,Other,UK,5/6/2022,Free
s01501,Aarav Brown,27,Other,Germany,4/2/2019,Free
s01502,Aarav Davis,32,Other,UK,5/23/2019,Yearly
s01503,Emma Patel,19,Male,Germany,9/20/2019,Monthly
s01504,Benjamin Miller,19,Other,UK,11/5/2022,Monthly
s01505,Benjamin Wilson,20,Other,India,8/26/2022,Monthly
s01506,Amelia Clark,20,Male,India,3/21/2022,Yearly
s01507,Eva Anderson,21,Male,India,10/2/2020,Monthly
s01508,Aarav Miller,21,Other,UK,1/9/2019,Yearly
s01509,Lucas Singh,27,Male,UK,5/11/2019,Yearly
s01510,Meera Davis,25,Other,UK,1/29/2019,Monthly
s01511,Noah Singh,27,Female,India,9/2/2020,Free
s01512,Isabella Smith,21,Male,UK,5/24/2022,Monthly
s01513,Isabella Hall,61,Male,Germany,7/26/2020,Free
s01514,Benjamin Taylor,21,Female,UK,11/1/2020,Yearly
s01515,Ethan Thomas,25,Female,USA,4/27/2020,Monthly
s01516,Mia Johnson,33,Other,USA,10/19/2022,Free
s01517,Ethan Verma,26,Other,UK,12/23/2019,Monthly
s01518,Isabella Wilson,20,Female,Australia,12/10/2022,Free
s01519,Eva Davis,22,Female,Canada,5/6/2019,Monthly
s01520,Zara Anderson,26,Female,USA,8/13/2021,Yearly
s01521,Olivia Smith,54,Male,Germany,3/24/2020,Yearly
s01522,Karan Clark,22,Female,Canada,7/8/2020,Yearly
s01523,Aanya Lewis,67,Female,Australia,3/11/2020,Yearly
s01524,Amelia Smith,22,Male,Australia,1/30/2019,Monthly
s01525,Lucas Clark,27,Other,USA,10/8/2022,Monthly
s01526,Vihaan Wilson,27,Male,USA,9/18/2019,Yearly
s01527,Mia Lee,46,Other,Canada,5/2/2021,Free
s01528,Benjamin Lewis,25,Other,Australia,1/25/2019,Monthly
s01529,Benjamin Walker,24,Other,India,1/26/2019,Free
s01530,Olivia Verma,43,Female,Australia,4/6/2020,Yearly
s01531,Arjun Martin,31,Female,Australia,4/14/2022,Free
s01532,Zara Patel,65,Female,Germany,12/31/2021,Free
s01533,Amelia Singh,30,Male,UK,1/27/2019,Monthly
s01534,Isabella Brown,48,Other,India,4/13/2019,Free
s01535,Lucas Wilson,32,Other,Australia,5/25/2019,Free
s01536,Ethan Anderson,18,Male,Germany,9/1/2020,Free
s01537,Aanya Hall,27,Male,UK,6/22/2020,Free
s01538,Isabella Johnson,22,Male,Germany,9/3/2022,Monthly
s01539,Isabella Thomas,22,Male,USA,6/24/2019,Free
s01540,Olivia Anderson,22,Female,USA,4/2/2019,Yearly
s01541,Zara Patel,30,Other,Australia,4/5/2020,Free
s01542,Eva Verma,34,Other,Canada,7/8/2019,Free
s01543,Arjun Miller,33,Male,India,9/24/2019,Yearly
s01544,Riya Walker,29,Other,UK,6/25/2021,Monthly
s01545,Meera Lewis,18,Other,Germany,7/23/2021,Monthly
s01546,Meera Sharma,63,Male,UK,8/9/2022,Free
s01547,Noah Lewis,32,Female,Germany,1/28/2020,Yearly
s01548,Vihaan Brown,26,Other,Germany,5/4/2022,Free
s01549,Vihaan Brown,30,Female,UK,8/8/2020,Free
s01550,Amelia Martin,26,Male,Canada,2/11/2022,Yearly
s01551,Eva Sharma,20,Male,India,8/24/2021,Monthly
s01552,Aanya Clark,36,Other,Germany,9/24/2021,Monthly
s01553,Zara Smith,24,Male,UK,8/20/2019,Monthly
s01554,Arjun Martin,21,Female,USA,10/15/2019,Free
s01555,Benjamin Johnson,26,Female,India,10/2/2019,Monthly
s01556,Aanya Lee,37,Male,USA,6/6/2021,Yearly
s01557,Riya Lee,26,Female,India,9/10/2021,Free
s01558,Zara Smith,39,Female,Canada,12/22/2022,Free
s01559,Karan Miller,21,Other,Germany,12/4/2022,Free
s01560,Amelia Brown,38,Male,Canada,6/8/2021,Yearly
s01561,Eva Walker,64,Female,India,12/3/2022,Monthly
s01562,Meera Brown,22,Female,UK,1/16/2022,Yearly
s01563,Meera Anderson,20,Other,India,1/12/2021,Yearly
s01564,Olivia Johnson,24,Male,Germany,7/4/2020,Yearly
s01565,Liam Thomas,27,Female,Canada,1/25/2020,Free
s01566,Sophia Anderson,18,Male,Germany,9/10/2021,Yearly
s01567,Karan Wilson,55,Male,India,12/13/2020,Yearly
s01568,Vihaan Clark,21,Female,Australia,11/29/2022,Yearly
s01569,Isabella Walker,25,Male,Germany,9/14/2019,Yearly
s01570,Emma Smith,20,Female,Canada,1/4/2020,Monthly
s01571,Noah Hall,34,Male,India,9/7/2019,Monthly
s01572,Liam Wilson,33,Female,India,9/6/2019,Free
s01573,Amelia Smith,28,Female,USA,8/21/2021,Monthly
s01574,Aarav Clark,24,Male,India,4/17/2022,Free
s01575,Arjun Lewis,34,Female,Germany,5/11/2020,Monthly
s01576,Mia Clark,48,Other,UK,5/4/2019,Yearly
s01577,Emma Brown,24,Male,Canada,8/21/2020,Monthly
s01578,Ethan Brown,18,Female,Australia,6/14/2019,Yearly
s01579,Riya Walker,40,Male,UK,4/10/2021,Free
s01580,Amelia Verma,20,Male,Germany,5/7/2019,Free
s01581,Lucas Wilson,23,Other,Australia,5/26/2019,Yearly
s01582,Aarav Verma,56,Female,Australia,8/16/2020,Yearly
s01583,Aarav Smith,35,Other,Australia,7/24/2022,Yearly
s01584,Vihaan Anderson,61,Male,India,8/1/2019,Yearly
s01585,Amelia Lee,20,Male,USA,2/9/2022,Free
s01586,Ethan Patel,18,Female,USA,8/27/2022,Monthly
s01587,Vihaan Johnson,26,Other,Canada,9/20/2019,Free
s01588,Arjun Clark,33,Female,UK,8/25/2022,Free
s01589,Eva Brown,27,Female,Canada,2/13/2020,Free
s01590,Aarav Thomas,22,Male,UK,9/24/2022,Free
s01591,Aarav Martin,31,Male,Canada,11/18/2021,Yearly
s01592,Karan Johnson,23,Female,UK,9/3/2019,Monthly
s01593,Sophia Clark,22,Other,Canada,7/30/2022,Free
s01594,Liam Sharma,33,Other,Canada,3/24/2019,Yearly
s01595,Sophia Johnson,21,Female,Canada,4/10/2019,Yearly
s01596,Amelia Verma,19,Female,USA,4/29/2021,Yearly
s01597,Isabella Verma,20,Male,Australia,11/3/2020,Monthly
s01598,Liam Johnson,27,Male,India,9/16/2021,Free
s01599,Olivia Miller,57,Other,Australia,5/28/2020,Yearly
s01600,Karan Brown,65,Male,Canada,6/8/2021,Yearly
s01601,Meera Martin,57,Male,USA,8/26/2020,Free
s01602,Sophia Verma,24,Other,Canada,3/1/2020,Monthly
s01603,Benjamin Verma,22,Male,UK,11/12/2020,Monthly
s01604,Olivia Sharma,26,Female,USA,11/27/2021,Monthly
s01605,Ethan Taylor,18,Other,Canada,5/29/2021,Yearly
s01606,Benjamin Taylor,18,Other,Canada,4/10/2021,Free
s01607,Eva Anderson,57,Other,UK,1/6/2019,Yearly
s01608,Zara Walker,18,Other,USA,9/20/2022,Free
s01609,Lucas Hall,20,Male,India,10/25/2021,Monthly
s01610,Karan Walker,19,Female,Australia,1/14/2019,Monthly
s01611,Riya Clark,19,Male,Germany,11/6/2021,Monthly
s01612,Liam Sharma,20,Other,Canada,3/24/2022,Yearly
s01613,Eva Thomas,35,Male,India,1/17/2022,Monthly
s01614,Emma Singh,43,Male,Australia,2/17/2020,Yearly
s01615,Amelia Walker,22,Male,Australia,9/8/2021,Yearly
s01616,Eva Wilson,64,Male,Canada,5/12/2019,Monthly
s01617,Liam Sharma,37,Female,India,8/12/2021,Free
s01618,Riya Brown,24,Male,USA,9/5/2022,Free
s01619,Vihaan Sharma,25,Other,India,8/29/2022,Free
s01620,Vihaan Thomas,19,Female,Australia,6/20/2019,Monthly
s01621,Olivia Martin,20,Female,Germany,3/23/2022,Free
s01622,Isabella Anderson,46,Male,UK,5/29/2019,Yearly
s01623,Karan Verma,35,Other,USA,11/1/2019,Yearly
s01624,Vihaan Patel,24,Other,India,8/24/2021,Monthly
s01625,Isabella Sharma,27,Female,USA,12/20/2020,Monthly
s01626,Emma Anderson,45,Other,Australia,1/30/2019,Free
s01627,Benjamin Sharma,24,Other,Germany,3/17/2020,Monthly
s01628,Aanya Anderson,33,Female,Germany,12/23/2022,Free
s01629,Zara Hall,22,Female,Germany,2/17/2022,Free
s01630,Emma Smith,36,Other,India,5/19/2021,Monthly
s01631,Aanya Wilson,20,Female,Germany,12/3/2022,Yearly
s01632,Arjun Smith,26,Male,Germany,5/6/2020,Monthly
s01633,Riya Lewis,50,Other,USA,1/5/2020,Monthly
s01634,Sophia Sharma,19,Other,USA,12/6/2021,Free
s01635,Riya Verma,25,Other,Germany,2/1/2021,Monthly
s01636,Aanya Clark,37,Female,India,12/20/2020,Free
s01637,Isabella Wilson,46,Other,Canada,3/23/2022,Free
s01638,Lucas Sharma,34,Female,Canada,12/1/2022,Free
s01639,Aanya Lee,27,Female,Canada,1/17/2021,Yearly
s01640,Aanya Martin,26,Other,Germany,6/12/2022,Monthly
s01641,Aanya Taylor,62,Female,Germany,10/3/2021,Monthly
s01642,Karan Martin,30,Other,UK,6/18/2022,Monthly
s01643,Vihaan Brown,18,Male,India,6/29/2020,Free
s01644,Aarav Smith,59,Male,USA,3/8/2020,Monthly
s01645,Vihaan Smith,21,Male,India,10/14/2020,Yearly
s01646,Isabella Miller,19,Female,USA,9/21/2019,Yearly
s01647,Olivia Taylor,27,Female,USA,10/25/2021,Free
s01648,Aarav Wilson,20,Female,Canada,8/22/2022,Yearly
s01649,Zara Wilson,18,Male,Germany,10/10/2021,Free
s01650,Isabella Lee,26,Female,UK,6/21/2019,Monthly
s01651,Olivia Sharma,21,Female,UK,9/20/2021,Free
s01652,Olivia Moore,22,Female,India,10/19/2019,Monthly
s01653,Emma Smith,22,Female,USA,3/9/2019,Yearly
s01654,Aanya Davis,22,Male,Australia,10/10/2020,Monthly
s01655,Ethan Clark,30,Other,Canada,1/18/2019,Free
s01656,Isabella Verma,33,Other,Canada,9/24/2019,Monthly
s01657,Liam Anderson,26,Male,Canada,11/28/2021,Monthly
s01658,Aanya Patel,59,Other,Germany,2/10/2020,Yearly
s01659,Mia Lee,65,Female,UK,10/2/2020,Free
s01660,Aanya Sharma,60,Female,UK,3/8/2021,Monthly
s01661,Liam Smith,21,Other,Germany,3/23/2021,Free
s01662,Isabella Lee,61,Female,Australia,10/29/2022,Yearly
s01663,Arjun Thomas,25,Other,Australia,7/18/2020,Yearly
s01664,Vihaan Lee,42,Female,Germany,1/16/2020,Monthly
s01665,Lucas Thomas,66,Female,Germany,2/25/2022,Yearly
s01666,Riya Taylor,22,Female,India,2/6/2019,Yearly
s01667,Vihaan Smith,24,Male,Canada,11/4/2020,Yearly
s01668,Noah Wilson,22,Male,Australia,5/13/2020,Monthly
s01669,Lucas Taylor,25,Male,Germany,9/4/2019,Free
s01670,Riya Anderson,24,Female,Germany,11/28/2021,Monthly
s01671,Arjun Walker,27,Other,Canada,9/29/2021,Free
s01672,Ethan Martin,21,Male,India,3/7/2020,Free
s01673,Ethan Johnson,25,Male,Germany,7/7/2022,Monthly
s01674,Noah Miller,23,Female,India,12/7/2020,Monthly
s01675,Emma Martin,42,Male,India,5/17/2020,Free
s01676,Arjun Moore,18,Other,Australia,2/13/2021,Yearly
s01677,Liam Walker,54,Other,UK,7/1/2021,Free
s01678,Olivia Davis,66,Other,India,7/12/2022,Monthly
s01679,Amelia Lee,25,Male,UK,2/14/2019,Yearly
s01680,Karan Lewis,27,Other,Canada,9/10/2020,Yearly
s01681,Aarav Verma,31,Female,USA,9/22/2019,Free
s01682,Arjun Lee,19,Female,UK,1/21/2020,Free
s01683,Aanya Wilson,23,Male,Australia,9/18/2020,Yearly
s01684,Sophia Singh,19,Male,UK,7/30/2022,Monthly
s01685,Lucas Davis,22,Female,Australia,8/21/2019,Yearly
s01686,Arjun Taylor,31,Female,India,1/3/2019,Monthly
s01687,Aarav Clark,20,Male,USA,5/30/2022,Yearly
s01688,Emma Wilson,32,Other,UK,12/19/2022,Yearly
s01689,Meera Johnson,19,Female,Australia,8/31/2021,Monthly
s01690,Sophia Singh,50,Other,Australia,8/20/2020,Free
s01691,Zara Clark,23,Other,Germany,10/31/2020,Free
s01692,Lucas Taylor,35,Female,Germany,11/11/2019,Monthly
s01693,Mia Lewis,25,Male,Germany,9/24/2021,Monthly
s01694,Amelia Verma,43,Male,USA,9/14/2022,Yearly
s01695,Karan Moore,19,Other,Germany,10/31/2022,Free
s01696,Liam Moore,33,Female,Germany,4/4/2022,Monthly
s01697,Arjun Martin,18,Other,Germany,3/19/2021,Free
s01698,Olivia Clark,18,Female,Canada,4/28/2020,Yearly
s01699,Ethan Johnson,26,Female,Germany,3/18/2022,Free
s01700,Lucas Wilson,47,Male,India,7/13/2021,Yearly
s01701,Amelia Anderson,33,Female,India,3/26/2019,Monthly
s01702,Meera Singh,23,Other,India,3/3/2019,Free
s01703,Noah Smith,47,Male,Germany,1/25/2019,Free
s01704,Amelia Singh,25,Other,UK,10/5/2019,Yearly
s01705,Meera Sharma,56,Female,Australia,5/4/2022,Yearly
s01706,Lucas Singh,20,Male,Canada,10/17/2021,Free
s01707,Riya Verma,28,Other,USA,5/6/2022,Yearly
s01708,Amelia Brown,20,Female,Canada,4/7/2020,Yearly
s01709,Sophia Clark,26,Other,USA,3/15/2022,Yearly
s01710,Zara Martin,20,Male,Australia,7/23/2022,Free
s01711,Meera Taylor,35,Other,UK,10/20/2022,Free
s01712,Eva Miller,65,Other,UK,4/5/2021,Free
s01713,Ethan Singh,28,Other,India,9/19/2019,Monthly
s01714,Aarav Lee,35,Other,Canada,2/16/2022,Monthly
s01715,Riya Singh,31,Male,India,4/29/2020,Monthly
s01716,Emma Wilson,39,Male,USA,1/22/2021,Monthly
s01717,Zara Lee,41,Male,UK,2/26/2020,Monthly
s01718,Zara Verma,32,Male,Canada,3/16/2019,Free
s01719,Amelia Lewis,38,Other,Canada,7/2/2019,Free
s01720,Lucas Wilson,24,Female,India,8/8/2022,Free
s01721,Riya Anderson,18,Male,USA,11/20/2020,Monthly
s01722,Lucas Singh,23,Other,USA,7/10/2020,Monthly
s01723,Sophia Clark,18,Male,USA,2/9/2019,Free
s01724,Isabella Brown,47,Male,USA,1/15/2021,Monthly
s01725,Olivia Davis,21,Other,India,9/27/2022,Free
s01726,Meera Sharma,43,Other,USA,6/25/2020,Free
s01727,Eva Sharma,36,Male,Australia,4/9/2019,Monthly
s01728,Aanya Moore,27,Male,Australia,5/31/2021,Yearly
s01729,Lucas Davis,26,Male,Canada,4/22/2020,Free
s01730,Noah Smith,18,Female,USA,4/6/2022,Yearly
s01731,Emma Lewis,25,Female,UK,6/5/2021,Monthly
s01732,Vihaan Hall,32,Male,UK,6/29/2020,Free
s01733,Noah Verma,40,Male,Canada,7/19/2022,Yearly
s01734,Noah Brown,23,Other,India,6/11/2021,Yearly
s01735,Olivia Singh,21,Male,USA,10/1/2022,Yearly
s01736,Aanya Martin,26,Female,India,11/7/2022,Monthly
s01737,Eva Brown,19,Female,UK,3/8/2020,Yearly
s01738,Karan Smith,31,Other,India,4/9/2019,Monthly
s01739,Eva Davis,22,Female,USA,2/15/2020,Yearly
s01740,Liam Patel,26,Female,Canada,7/2/2019,Free
s01741,Isabella Taylor,29,Female,Australia,8/27/2019,Yearly
s01742,Riya Wilson,20,Male,Australia,7/27/2021,Free
s01743,Isabella Martin,50,Male,Germany,6/27/2019,Monthly
s01744,Sophia Johnson,20,Female,Australia,4/6/2021,Monthly
s01745,Arjun Anderson,18,Male,UK,5/19/2019,Yearly
s01746,Liam Lewis,29,Female,Australia,8/26/2021,Monthly
s01747,Vihaan Thomas,23,Other,Australia,1/12/2022,Yearly
s01748,Olivia Wilson,47,Female,Australia,5/10/2022,Yearly
s01749,Lucas Hall,38,Male,Canada,12/20/2019,Yearly
s01750,Aarav Anderson,20,Other,India,12/27/2021,Yearly
s01751,Aanya Lewis,18,Female,Germany,5/24/2021,Free
s01752,Sophia Anderson,45,Other,Germany,4/29/2019,Free
s01753,Isabella Wilson,59,Female,UK,7/5/2021,Yearly
s01754,Vihaan Smith,61,Female,Canada,7/23/2021,Monthly
s01755,Lucas Davis,23,Male,USA,12/26/2019,Monthly
s01756,Aarav Miller,63,Female,Australia,5/15/2022,Monthly
s01757,Sophia Davis,20,Other,Canada,3/26/2022,Free
s01758,Liam Clark,42,Male,Germany,1/28/2020,Yearly
s01759,Mia Brown,37,Other,Australia,12/24/2021,Monthly
s01760,Liam Davis,26,Other,India,7/8/2021,Free
s01761,Eva Lewis,21,Male,Germany,7/20/2021,Yearly
s01762,Meera Davis,20,Female,Canada,4/29/2019,Yearly
s01763,Aanya Anderson,19,Other,UK,5/22/2019,Monthly
s01764,Eva Brown,19,Female,Germany,5/1/2019,Monthly
s01765,Isabella Wilson,27,Other,UK,8/18/2019,Yearly
s01766,Isabella Brown,45,Female,Germany,6/21/2022,Yearly
s01767,Amelia Martin,23,Male,Germany,6/13/2020,Yearly
s01768,Benjamin Sharma,46,Other,Canada,6/4/2021,Free
s01769,Meera Verma,19,Male,Australia,12/8/2020,Free
s01770,Liam Martin,28,Other,UK,1/31/2020,Free
s01771,Liam Anderson,38,Female,Canada,3/16/2019,Yearly
s01772,Isabella Lee,35,Female,USA,9/17/2020,Monthly
s01773,Zara Johnson,29,Female,UK,5/25/2019,Free
s01774,Mia Sharma,34,Other,USA,10/29/2022,Yearly
s01775,Benjamin Patel,30,Male,UK,2/25/2020,Yearly
s01776,Lucas Verma,23,Other,India,5/29/2021,Monthly
s01777,Ethan Hall,67,Male,UK,11/15/2020,Yearly
s01778,Mia Martin,23,Female,Australia,4/13/2019,Yearly
s01779,Sophia Thomas,22,Female,Canada,7/16/2020,Yearly
s01780,Olivia Martin,21,Female,UK,6/3/2020,Free
s01781,Ethan Taylor,31,Female,Germany,7/4/2021,Free
s01782,Riya Thomas,38,Other,USA,8/18/2022,Monthly
s01783,Isabella Moore,37,Male,India,2/7/2019,Yearly
s01784,Riya Taylor,20,Other,India,9/29/2019,Yearly
s01785,Aanya Davis,22,Female,Canada,4/20/2022,Yearly
s01786,Vihaan Lewis,24,Male,India,11/24/2021,Free
s01787,Meera Hall,21,Male,USA,12/20/2020,Free
s01788,Arjun Verma,43,Other,India,5/31/2022,Monthly
s01789,Benjamin Brown,18,Male,UK,7/28/2022,Yearly
s01790,Meera Davis,21,Male,UK,12/7/2019,Monthly
s01791,Olivia Thomas,24,Other,Australia,1/28/2019,Monthly
s01792,Aanya Taylor,23,Female,India,10/17/2019,Monthly
s01793,Ethan Davis,22,Other,USA,6/28/2019,Free
s01794,Sophia Sharma,21,Other,India,11/11/2022,Free
s01795,Ethan Davis,26,Other,India,8/28/2022,Free
s01796,Olivia Sharma,26,Male,Australia,2/16/2021,Monthly
s01797,Isabella Martin,47,Male,USA,9/15/2020,Yearly
s01798,Eva Patel,21,Other,UK,1/12/2020,Yearly
s01799,Noah Martin,20,Male,USA,12/28/2019,Yearly
s01800,Lucas Taylor,38,Female,USA,10/4/2019,Monthly
s01801,Riya Hall,26,Female,Canada,10/27/2022,Free
s01802,Amelia Moore,18,Other,India,11/4/2021,Monthly
s01803,Isabella Brown,46,Female,Germany,10/19/2021,Free
s01804,Ethan Lewis,53,Other,Canada,9/17/2021,Monthly
s01805,Isabella Verma,18,Male,Australia,4/14/2021,Free
s01806,Noah Taylor,21,Male,USA,2/18/2020,Free
s01807,Noah Brown,21,Female,UK,7/17/2020,Monthly
s01808,Meera Verma,42,Female,Germany,12/6/2020,Free
s01809,Olivia Thomas,18,Other,Canada,9/24/2020,Yearly
s01810,Meera Martin,24,Male,Germany,10/27/2019,Yearly
s01811,Meera Walker,36,Female,USA,12/25/2020,Yearly
s01812,Emma Martin,42,Female,Canada,1/6/2019,Monthly
s01813,Sophia Davis,38,Male,USA,5/3/2020,Free
s01814,Vihaan Wilson,18,Male,UK,3/18/2020,Yearly
s01815,Noah Brown,45,Other,Germany,9/18/2019,Yearly
s01816,Karan Smith,27,Other,UK,8/26/2022,Free
s01817,Sophia Verma,24,Male,Canada,9/17/2019,Yearly
s01818,Benjamin Brown,29,Other,Germany,12/23/2022,Free
s01819,Vihaan Lewis,26,Male,USA,12/22/2019,Free
s01820,Liam Johnson,42,Male,India,1/13/2019,Monthly
s01821,Vihaan Wilson,27,Female,Australia,1/7/2019,Monthly
s01822,Ethan Brown,30,Female,Germany,5/28/2021,Yearly
s01823,Aanya Singh,58,Other,UK,11/16/2019,Monthly
s01824,Zara Brown,22,Female,Canada,10/2/2019,Yearly
s01825,Arjun Hall,40,Male,Australia,6/5/2019,Free
s01826,Isabella Wilson,20,Other,India,4/6/2020,Yearly
s01827,Eva Moore,31,Other,UK,4/22/2022,Free
s01828,Arjun Johnson,20,Other,India,1/29/2019,Monthly
s01829,Noah Martin,21,Other,India,5/14/2021,Yearly
s01830,Lucas Martin,27,Male,India,12/19/2021,Yearly
s01831,Meera Taylor,23,Female,USA,3/5/2020,Free
s01832,Lucas Lee,60,Other,Canada,2/19/2020,Monthly
s01833,Ethan Lewis,18,Male,India,8/2/2019,Monthly
s01834,Zara Lee,21,Other,UK,11/12/2022,Free
s01835,Noah Sharma,27,Female,UK,6/14/2020,Free
s01836,Liam Patel,29,Female,Canada,7/3/2022,Free
s01837,Zara Singh,21,Male,Canada,4/6/2020,Free
s01838,Ethan Lee,55,Male,USA,9/19/2020,Yearly
s01839,Aarav Anderson,22,Other,India,11/2/2021,Monthly
s01840,Meera Taylor,28,Other,India,5/30/2021,Yearly
s01841,Eva Davis,24,Male,Canada,12/31/2019,Yearly
s01842,Isabella Verma,24,Male,Australia,9/10/2021,Yearly
s01843,Aarav Clark,39,Female,UK,6/3/2019,Yearly
s01844,Mia Brown,34,Other,India,3/19/2020,Yearly
s01845,Eva Davis,24,Female,Germany,5/8/2019,Free
s01846,Noah Hall,23,Female,Germany,1/22/2022,Free
s01847,Benjamin Miller,58,Female,Australia,5/4/2021,Monthly
s01848,Mia Hall,26,Other,USA,3/29/2021,Yearly
s01849,Mia Sharma,22,Other,India,8/21/2021,Monthly
s01850,Aanya Johnson,34,Male,India,3/3/2020,Free
s01851,Arjun Lewis,29,Other,India,12/24/2021,Monthly
s01852,Arjun Lewis,24,Male,India,1/1/2020,Monthly
s01853,Riya Brown,23,Male,Germany,4/6/2019,Monthly
s01854,Riya Smith,47,Other,Canada,12/7/2022,Monthly
s01855,Riya Sharma,39,Female,UK,2/13/2020,Free
s01856,Riya Johnson,20,Other,India,2/19/2020,Yearly
s01857,Riya Lee,23,Female,India,1/1/2019,Monthly
s01858,Emma Brown,25,Female,Australia,2/14/2021,Yearly
s01859,Karan Johnson,24,Other,USA,7/11/2021,Monthly
s01860,Vihaan Miller,46,Other,India,1/14/2020,Yearly
s01861,Lucas Verma,26,Other,India,8/11/2020,Free
s01862,Sophia Anderson,21,Male,India,9/9/2022,Yearly
s01863,Meera Taylor,24,Female,Canada,4/21/2019,Monthly
s01864,Amelia Sharma,22,Female,India,3/30/2019,Yearly
s01865,Riya Martin,22,Other,UK,3/15/2020,Free
s01866,Vihaan Lee,64,Female,India,6/19/2019,Yearly
s01867,Arjun Davis,19,Other,India,4/2/2022,Free
s01868,Sophia Anderson,18,Female,Germany,6/29/2022,Yearly
s01869,Aarav Hall,27,Male,UK,12/22/2021,Yearly
s01870,Lucas Lee,20,Male,USA,1/3/2022,Free
s01871,Vihaan Singh,30,Other,UK,11/14/2020,Yearly
s01872,Benjamin Smith,21,Other,Canada,7/5/2021,Monthly
s01873,Aanya Hall,19,Female,Australia,3/23/2019,Monthly
s01874,Zara Moore,64,Female,India,5/14/2020,Yearly
s01875,Riya Sharma,39,Female,Australia,9/6/2021,Monthly
s01876,Amelia Hall,22,Male,Germany,6/9/2022,Monthly
s01877,Liam Miller,20,Other,USA,4/29/2021,Yearly
s01878,Isabella Anderson,24,Male,UK,5/23/2022,Monthly
s01879,Sophia Johnson,22,Male,USA,1/30/2022,Yearly
s01880,Liam Thomas,27,Male,Canada,6/4/2020,Yearly
s01881,Aanya Hall,20,Male,USA,10/19/2020,Monthly
s01882,Benjamin Hall,35,Male,UK,11/28/2019,Monthly
s01883,Karan Walker,19,Male,India,7/16/2020,Yearly
s01884,Eva Walker,26,Other,USA,10/26/2019,Free
s01885,Vihaan Davis,26,Male,UK,4/25/2021,Monthly
s01886,Olivia Johnson,45,Other,UK,5/30/2022,Yearly
s01887,Ethan Thomas,26,Female,Canada,10/3/2021,Yearly
s01888,Benjamin Thomas,21,Female,India,10/30/2021,Free
s01889,Zara Sharma,19,Other,UK,1/22/2021,Monthly
s01890,Riya Wilson,38,Female,India,6/4/2020,Monthly
s01891,Mia Wilson,23,Other,Germany,11/2/2022,Free
s01892,Mia Johnson,20,Male,USA,4/14/2019,Monthly
s01893,Ethan Wilson,40,Other,India,4/22/2020,Monthly
s01894,Mia Johnson,23,Other,USA,7/29/2019,Yearly
s01895,Meera Miller,27,Female,Canada,6/6/2022,Yearly
s01896,Aanya Smith,19,Female,UK,5/30/2019,Yearly
s01897,Sophia Anderson,25,Male,Germany,5/26/2022,Yearly
s01898,Sophia Johnson,62,Other,Canada,10/17/2019,Yearly
s01899,Mia Anderson,27,Female,UK,2/9/2020,Free
s01900,Isabella Hall,25,Male,UK,12/18/2021,Free
s01901,Benjamin Hall,22,Other,USA,7/28/2022,Free
s01902,Amelia Lee,39,Female,Germany,10/18/2022,Monthly
s01903,Isabella Davis,39,Male,Germany,2/26/2019,Yearly
s01904,Isabella Sharma,26,Other,UK,9/30/2020,Free
s01905,Karan Verma,44,Male,Germany,3/15/2020,Yearly
s01906,Noah Lewis,51,Other,USA,2/21/2020,Free
s01907,Zara Moore,45,Other,Canada,5/21/2022,Monthly
s01908,Riya Smith,24,Female,Australia,4/20/2021,Yearly
s01909,Karan Davis,31,Other,India,5/25/2022,Free
s01910,Amelia Patel,22,Other,Australia,1/12/2021,Yearly
s01911,Meera Miller,26,Other,Canada,1/17/2020,Yearly
s01912,Isabella Verma,18,Female,Canada,10/30/2022,Monthly
s01913,Ethan Clark,37,Other,Germany,10/31/2019,Monthly
s01914,Riya Brown,50,Male,Australia,3/6/2020,Free
s01915,Riya Patel,58,Male,Australia,9/14/2019,Yearly
s01916,Aarav Anderson,42,Male,Canada,1/23/2020,Yearly
s01917,Karan Taylor,26,Male,Australia,7/20/2021,Free
s01918,Isabella Miller,23,Other,USA,8/29/2021,Yearly
s01919,Isabella Anderson,20,Male,Australia,5/26/2022,Free
s01920,Lucas Wilson,19,Other,India,12/9/2022,Yearly
s01921,Liam Patel,21,Female,India,12/18/2021,Free
s01922,Karan Miller,34,Female,UK,8/26/2022,Monthly
s01923,Karan Taylor,27,Male,India,4/1/2019,Free
s01924,Amelia Verma,27,Other,Germany,7/23/2020,Yearly
s01925,Emma Smith,27,Other,Australia,6/1/2022,Yearly
s01926,Olivia Anderson,20,Male,Australia,6/8/2020,Free
s01927,Eva Lewis,29,Female,Canada,1/17/2021,Yearly
s01928,Aanya Hall,23,Male,USA,10/11/2020,Free
s01929,Olivia Sharma,18,Female,Australia,7/16/2020,Yearly
s01930,Amelia Martin,34,Male,UK,12/28/2019,Free
s01931,Aarav Clark,48,Male,Germany,5/17/2022,Yearly
s01932,Eva Wilson,66,Other,India,7/24/2019,Monthly
s01933,Isabella Thomas,24,Other,India,2/5/2022,Yearly
s01934,Aarav Johnson,32,Male,UK,7/28/2021,Yearly
s01935,Noah Wilson,27,Female,Germany,10/14/2020,Monthly
s01936,Meera Verma,18,Other,UK,7/5/2022,Yearly
s01937,Arjun Patel,19,Male,UK,6/9/2020,Monthly
s01938,Lucas Singh,37,Male,USA,2/13/2020,Free
s01939,Lucas Lee,20,Female,USA,2/27/2019,Free
s01940,Zara Hall,67,Female,Canada,9/26/2019,Free
s01941,Arjun Anderson,39,Female,UK,12/17/2021,Monthly
s01942,Lucas Wilson,27,Other,India,8/5/2019,Monthly
s01943,Arjun Verma,45,Male,Australia,12/28/2022,Monthly
s01944,Meera Smith,22,Other,Australia,2/3/2022,Free
s01945,Noah Brown,25,Other,Germany,12/29/2022,Yearly
s01946,Meera Lee,27,Female,UK,9/22/2019,Monthly
s01947,Amelia Verma,40,Other,UK,1/5/2020,Yearly
s01948,Aarav Taylor,66,Female,India,9/9/2020,Monthly
s01949,Ethan Clark,46,Other,USA,11/18/2022,Free
s01950,Noah Thomas,36,Male,India,9/3/2021,Yearly
s01951,Riya Sharma,20,Other,UK,2/27/2021,Yearly
s01952,Ethan Lee,22,Male,Australia,10/21/2021,Yearly
s01953,Ethan Moore,25,Female,Germany,5/20/2022,Free
s01954,Benjamin Davis,33,Other,UK,3/11/2020,Yearly
s01955,Aarav Davis,45,Male,Australia,8/26/2019,Yearly
s01956,Ethan Wilson,20,Other,UK,1/3/2019,Free
s01957,Isabella Wilson,20,Male,UK,11/3/2019,Free
s01958,Mia Anderson,63,Female,India,7/8/2021,Yearly
s01959,Eva Moore,30,Male,Canada,10/23/2019,Monthly
s01960,Lucas Moore,52,Female,UK,1/15/2021,Monthly
s01961,Aanya Hall,24,Female,USA,9/7/2019,Yearly
s01962,Noah Martin,51,Other,India,8/24/2020,Yearly
s01963,Aanya Miller,59,Male,India,9/17/2020,Monthly
s01964,Sophia Brown,37,Other,India,5/11/2022,Yearly
s01965,Ethan Moore,34,Female,Germany,8/8/2020,Yearly
s01966,Karan Patel,20,Male,Germany,3/14/2019,Free
s01967,Meera Thomas,25,Male,Germany,6/19/2022,Monthly
s01968,Karan Davis,33,Female,UK,6/13/2020,Free
s01969,Isabella Smith,23,Male,India,7/3/2020,Monthly
s01970,Mia Taylor,28,Other,USA,8/18/2021,Monthly
s01971,Mia Thomas,26,Male,India,12/2/2019,Monthly
s01972,Benjamin Moore,48,Male,India,12/8/2020,Free
s01973,Riya Anderson,26,Female,Canada,3/3/2021,Monthly
s01974,Noah Smith,27,Male,Canada,6/9/2022,Monthly
s01975,Benjamin Moore,18,Other,USA,10/14/2022,Monthly
s01976,Meera Miller,19,Male,Germany,2/28/2019,Monthly
s01977,Lucas Johnson,44,Other,UK,12/12/2022,Yearly
s01978,Zara Thomas,39,Male,USA,8/19/2019,Free
s01979,Riya Moore,27,Male,Canada,1/2/2019,Free
s01980,Meera Brown,52,Male,UK,5/25/2019,Monthly
s01981,Ethan Martin,46,Female,UK,8/15/2019,Monthly
s01982,Amelia Verma,24,Male,Australia,7/8/2021,Free
s01983,Arjun Davis,22,Male,USA,2/25/2022,Yearly
s01984,Olivia Johnson,19,Female,Germany,9/4/2020,Free
s01985,Liam Anderson,20,Other,Germany,11/26/2022,Yearly
s01986,Aarav Singh,43,Male,Australia,2/11/2021,Yearly
s01987,Karan Patel,34,Male,Germany,5/29/2020,Monthly
s01988,Riya Davis,25,Other,USA,1/8/2020,Yearly
s01989,Eva Martin,29,Male,Australia,2/5/2020,Monthly
s01990,Liam Smith,19,Male,UK,7/23/2019,Monthly
s01991,Aanya Hall,33,Female,India,9/13/2021,Monthly
s01992,Karan Smith,20,Male,USA,7/9/2022,Yearly
s01993,Zara Sharma,25,Other,Germany,5/7/2020,Yearly
s01994,Olivia Singh,26,Female,Canada,1/14/2020,Free
s01995,Amelia Hall,37,Male,Australia,5/20/2020,Free
s01996,Zara Walker,38,Other,Australia,4/5/2021,Free
s01997,Aarav Patel,54,Male,USA,8/18/2019,Monthly
s01998,Olivia Lewis,53,Male,USA,5/7/2021,Yearly
s01999,Benjamin Sharma,18,Male,India,2/6/2021,Yearly
s02000,Aarav Johnson,25,Female,USA,7/22/2020,Monthly
s02001,Aarav Martin,27,Other,Canada,6/17/2019,Free
s02002,Zara Thomas,26,Other,Germany,11/28/2021,Monthly
s02003,Emma Miller,39,Female,Canada,11/5/2021,Yearly
s02004,Mia Smith,27,Male,Germany,6/14/2020,Monthly
s02005,Karan Taylor,26,Male,Australia,3/10/2022,Yearly
s02006,Aanya Moore,55,Male,India,11/12/2021,Free
s02007,Emma Davis,27,Other,Australia,5/13/2022,Yearly
s02008,Riya Clark,31,Other,UK,8/17/2020,Free
s02009,Aarav Smith,44,Male,Canada,11/15/2022,Free
s02010,Karan Brown,24,Female,Australia,12/2/2020,Monthly
s02011,Sophia Brown,66,Male,UK,6/9/2021,Yearly
s02012,Mia Clark,20,Female,India,5/16/2020,Free
s02013,Riya Walker,20,Female,Australia,10/7/2022,Yearly
s02014,Aarav Patel,46,Other,Australia,3/28/2020,Free
s02015,Ethan Anderson,22,Male,Canada,12/9/2022,Monthly
s02016,Vihaan Lewis,40,Male,UK,9/8/2019,Monthly
s02017,Vihaan Verma,29,Female,Germany,4/15/2022,Yearly
s02018,Vihaan Thomas,61,Male,India,8/2/2020,Monthly
s02019,Amelia Hall,22,Female,India,4/20/2022,Yearly
s02020,Ethan Smith,46,Other,USA,1/29/2022,Monthly
s02021,Isabella Johnson,25,Male,UK,5/13/2021,Monthly
s02022,Isabella Anderson,28,Other,Canada,3/2/2020,Free
s02023,Isabella Verma,26,Other,India,10/18/2019,Monthly
s02024,Zara Wilson,24,Female,UK,8/27/2020,Yearly
s02025,Sophia Clark,29,Other,Canada,8/25/2022,Monthly
s02026,Sophia Johnson,64,Male,Canada,12/10/2022,Monthly
s02027,Benjamin Hall,21,Male,Germany,6/29/2019,Yearly
s02028,Vihaan Taylor,24,Male,UK,5/28/2020,Monthly
s02029,Amelia Davis,26,Male,UK,9/29/2022,Free
s02030,Ethan Davis,66,Male,India,11/21/2020,Yearly
s02031,Noah Davis,19,Male,Germany,6/29/2022,Yearly
s02032,Emma Walker,22,Other,UK,3/18/2022,Monthly
s02033,Karan Singh,47,Male,India,7/3/2019,Monthly
s02034,Liam Thomas,31,Male,Canada,12/13/2022,Yearly
s02035,Meera Singh,25,Female,Canada,2/3/2022,Free
s02036,Aarav Patel,19,Other,Germany,9/6/2022,Yearly
s02037,Meera Taylor,20,Male,UK,12/6/2020,Yearly
s02038,Isabella Taylor,25,Other,Germany,12/8/2021,Free
s02039,Riya Smith,25,Other,USA,9/10/2022,Monthly
s02040,Lucas Sharma,24,Other,USA,7/20/2021,Monthly
s02041,Benjamin Patel,31,Female,Australia,1/10/2022,Free
s02042,Sophia Miller,21,Female,India,8/13/2019,Free
s02043,Sophia Smith,37,Other,Australia,4/13/2022,Free
s02044,Lucas Taylor,24,Male,India,9/4/2022,Free
s02045,Mia Johnson,46,Other,USA,1/4/2022,Free
s02046,Vihaan Patel,22,Other,UK,12/17/2020,Monthly
s02047,Amelia Taylor,32,Male,Canada,9/28/2019,Yearly
s02048,Sophia Verma,34,Male,India,3/20/2019,Yearly
s02049,Ethan Brown,31,Female,UK,8/9/2022,Yearly
s02050,Karan Moore,36,Female,Canada,12/27/2022,Yearly
s02051,Isabella Thomas,42,Female,Germany,3/27/2019,Free
s02052,Lucas Singh,27,Other,Germany,5/6/2022,Yearly
s02053,Sophia Lewis,31,Other,Australia,6/16/2020,Yearly
s02054,Noah Anderson,27,Male,Canada,4/16/2020,Monthly
s02055,Olivia Sharma,18,Female,India,8/12/2021,Monthly
s02056,Emma Verma,26,Other,Canada,11/2/2020,Yearly
s02057,Meera Taylor,25,Other,Germany,6/21/2020,Yearly
s02058,Olivia Johnson,23,Other,India,1/28/2022,Monthly
s02059,Isabella Walker,35,Other,UK,12/28/2020,Yearly
s02060,Sophia Sharma,46,Other,India,3/24/2020,Monthly
s02061,Meera Thomas,31,Other,UK,1/1/2021,Free
s02062,Riya Wilson,19,Male,Germany,5/30/2019,Free
s02063,Olivia Anderson,19,Female,Canada,6/3/2019,Free
s02064,Emma Smith,47,Female,India,3/1/2022,Yearly
s02065,Mia Wilson,57,Female,India,7/8/2021,Monthly
s02066,Mia Clark,25,Male,Australia,4/1/2021,Free
s02067,Aanya Walker,63,Other,UK,5/24/2019,Free
s02068,Isabella Lee,18,Male,Australia,9/14/2020,Monthly
s02069,Olivia Clark,41,Male,Australia,9/17/2021,Free
s02070,Riya Sharma,26,Male,Australia,10/21/2022,Monthly
s02071,Emma Taylor,32,Male,Germany,10/19/2021,Free
s02072,Mia Lewis,21,Male,USA,11/26/2019,Free
s02073,Aanya Lee,24,Other,India,5/31/2022,Monthly
s02074,Vihaan Walker,21,Other,Canada,5/28/2021,Free
s02075,Eva Patel,46,Male,Germany,2/2/2019,Yearly
s02076,Sophia Taylor,38,Other,UK,8/31/2019,Yearly
s02077,Arjun Johnson,19,Female,Canada,10/25/2019,Yearly
s02078,Isabella Anderson,39,Other,Australia,4/16/2020,Free
s02079,Amelia Walker,23,Male,Australia,2/24/2022,Monthly
s02080,Karan Davis,52,Other,USA,11/17/2020,Free
s02081,Olivia Walker,24,Female,Canada,9/29/2020,Yearly
s02082,Karan Patel,37,Male,UK,11/4/2020,Free
s02083,Benjamin Smith,23,Female,India,6/10/2022,Monthly
s02084,Aanya Brown,30,Male,Canada,6/16/2019,Monthly
s02085,Karan Johnson,58,Male,India,2/17/2021,Free
s02086,Amelia Martin,51,Male,USA,9/16/2020,Yearly
s02087,Isabella Taylor,38,Male,India,8/26/2022,Free
s02088,Ethan Patel,21,Male,USA,11/8/2021,Yearly
s02089,Eva Patel,18,Female,Canada,1/21/2019,Free
s02090,Zara Taylor,21,Other,Canada,10/20/2019,Yearly
s02091,Noah Wilson,21,Male,UK,1/2/2022,Free
s02092,Emma Thomas,28,Male,India,3/11/2021,Monthly
s02093,Olivia Anderson,38,Male,USA,2/11/2022,Yearly
s02094,Riya Lewis,21,Male,India,4/8/2021,Monthly
s02095,Arjun Lewis,19,Female,Australia,5/9/2020,Free
s02096,Eva Wilson,46,Male,Australia,9/16/2020,Free
s02097,Meera Patel,23,Female,USA,6/4/2022,Monthly
s02098,Lucas Johnson,25,Male,UK,8/24/2022,Yearly
s02099,Olivia Hall,65,Female,UK,11/25/2020,Monthly
s02100,Meera Lewis,36,Male,UK,9/5/2022,Monthly
s02101,Karan Patel,21,Male,India,9/29/2021,Monthly
s02102,Mia Wilson,19,Male,Germany,2/2/2021,Yearly
s02103,Noah Miller,19,Female,India,11/2/2021,Free
s02104,Emma Walker,22,Female,USA,1/20/2020,Free
s02105,Riya Miller,67,Female,USA,4/30/2019,Monthly
s02106,Benjamin Taylor,53,Female,Australia,1/25/2020,Yearly
s02107,Eva Hall,27,Other,Australia,1/29/2020,Monthly
s02108,Sophia Singh,23,Male,USA,7/16/2021,Free
s02109,Lucas Smith,56,Male,UK,2/9/2020,Free
s02110,Emma Lewis,25,Female,Germany,2/4/2021,Monthly
s02111,Eva Davis,47,Other,Australia,4/10/2021,Yearly
s02112,Olivia Martin,24,Other,Australia,10/11/2022,Free
s02113,Ethan Smith,43,Female,UK,7/30/2020,Free
s02114,Sophia Verma,43,Other,Canada,10/30/2020,Yearly
s02115,Mia Brown,20,Male,Germany,10/12/2020,Yearly
s02116,Meera Walker,61,Male,UK,1/5/2019,Monthly
s02117,Lucas Singh,22,Female,UK,2/11/2021,Free
s02118,Arjun Verma,54,Female,UK,4/20/2021,Yearly
s02119,Meera Patel,41,Other,Australia,9/16/2020,Monthly
s02120,Sophia Patel,22,Female,USA,9/20/2021,Yearly
s02121,Isabella Miller,19,Male,Australia,11/26/2020,Monthly
s02122,Olivia Sharma,32,Female,USA,4/27/2019,Yearly
s02123,Isabella Walker,22,Other,India,1/6/2022,Yearly
s02124,Karan Clark,55,Male,Germany,3/7/2019,Yearly
s02125,Aanya Lewis,18,Other,Australia,8/24/2021,Yearly
s02126,Ethan Clark,42,Female,Australia,5/8/2019,Yearly
s02127,Lucas Miller,62,Other,Australia,2/1/2021,Yearly
s02128,Arjun Smith,27,Male,India,8/3/2020,Monthly
s02129,Eva Singh,59,Male,UK,5/31/2019,Monthly
s02130,Mia Thomas,53,Female,USA,7/4/2021,Yearly
s02131,Arjun Verma,24,Male,Germany,12/29/2022,Free
s02132,Lucas Singh,36,Other,India,1/23/2021,Monthly
s02133,Vihaan Davis,28,Other,UK,9/1/2019,Monthly
s02134,Zara Lewis,23,Other,USA,2/21/2019,Monthly
s02135,Karan Hall,31,Male,Canada,2/22/2019,Yearly
s02136,Ethan Singh,19,Male,Germany,6/16/2022,Free
s02137,Vihaan Lewis,18,Female,Germany,11/18/2021,Free
s02138,Aarav Wilson,18,Female,UK,2/21/2022,Free
s02139,Noah Verma,18,Female,Germany,2/28/2021,Free
s02140,Lucas Verma,44,Male,Australia,3/26/2020,Yearly
s02141,Arjun Clark,26,Male,Australia,3/20/2019,Monthly
s02142,Emma Sharma,35,Female,Australia,7/8/2022,Yearly
s02143,Mia Davis,58,Female,India,11/14/2021,Free
s02144,Mia Davis,24,Female,Germany,11/23/2020,Monthly
s02145,Benjamin Lee,23,Female,India,10/1/2019,Yearly
s02146,Isabella Singh,26,Other,USA,4/19/2020,Monthly
s02147,Zara Anderson,47,Male,USA,2/1/2022,Free
s02148,Benjamin Lewis,20,Male,Germany,11/10/2019,Monthly
s02149,Ethan Anderson,33,Other,India,3/1/2022,Monthly
s02150,Benjamin Martin,25,Male,USA,9/21/2022,Monthly
s02151,Eva Singh,38,Male,Australia,5/12/2022,Yearly
s02152,Emma Miller,27,Male,UK,11/2/2021,Free
s02153,Eva Anderson,26,Female,USA,9/5/2020,Free
s02154,Mia Patel,34,Male,UK,7/21/2019,Monthly
s02155,Ethan Lee,21,Other,USA,11/29/2021,Yearly
s02156,Isabella Miller,28,Other,USA,5/16/2022,Free
s02157,Ethan Verma,20,Female,Canada,7/31/2021,Yearly
s02158,Aarav Taylor,26,Male,Canada,9/20/2020,Monthly
s02159,Emma Singh,22,Other,Germany,8/26/2019,Monthly
s02160,Isabella Moore,23,Male,Germany,6/19/2020,Free
s02161,Meera Lee,22,Female,UK,3/25/2021,Monthly
s02162,Arjun Taylor,20,Other,UK,8/8/2021,Monthly
s02163,Aanya Thomas,18,Other,India,1/13/2020,Yearly
s02164,Isabella Clark,31,Male,Canada,12/26/2022,Yearly
s02165,Lucas Clark,36,Female,UK,11/1/2021,Yearly
s02166,Eva Miller,24,Other,UK,5/27/2022,Monthly
s02167,Sophia Johnson,30,Male,Germany,9/20/2021,Monthly
s02168,Eva Singh,45,Female,Germany,2/19/2019,Free
s02169,Lucas Verma,36,Female,Germany,8/3/2020,Free
s02170,Karan Patel,58,Other,India,5/16/2020,Yearly
s02171,Karan Lee,26,Female,Germany,7/21/2021,Yearly
s02172,Zara Miller,33,Male,India,6/1/2020,Free
s02173,Emma Walker,21,Other,Canada,2/19/2019,Free
s02174,Karan Singh,21,Other,Australia,7/17/2020,Monthly
s02175,Benjamin Taylor,27,Female,UK,3/10/2020,Monthly
s02176,Zara Patel,25,Female,UK,9/2/2021,Free
s02177,Vihaan Wilson,23,Male,Germany,2/16/2022,Free
s02178,Ethan Lewis,40,Female,UK,1/9/2019,Yearly
s02179,Lucas Walker,46,Other,USA,12/5/2019,Yearly
s02180,Noah Hall,22,Female,Germany,5/24/2021,Yearly
s02181,Meera Wilson,43,Male,Canada,8/21/2022,Monthly
s02182,Zara Anderson,18,Female,Australia,7/26/2020,Free
s02183,Mia Clark,36,Female,USA,12/9/2020,Free
s02184,Eva Lewis,29,Other,Australia,4/13/2021,Yearly
s02185,Isabella Martin,21,Female,USA,5/15/2021,Free
s02186,Vihaan Martin,65,Male,Canada,1/15/2020,Yearly
s02187,Benjamin Smith,19,Male,UK,4/6/2022,Free
s02188,Vihaan Thomas,18,Other,USA,4/17/2022,Monthly
s02189,Benjamin Sharma,26,Male,Canada,2/28/2020,Free
s02190,Noah Davis,21,Other,UK,6/8/2019,Yearly
s02191,Mia Johnson,19,Other,Australia,7/26/2019,Yearly
s02192,Arjun Wilson,24,Female,UK,1/13/2021,Free
s02193,Isabella Moore,36,Other,USA,8/27/2020,Yearly
s02194,Mia Lewis,24,Male,Australia,11/8/2022,Free
s02195,Karan Lewis,32,Male,Germany,7/6/2020,Monthly
s02196,Vihaan Martin,36,Female,UK,8/10/2021,Free
s02197,Meera Taylor,37,Female,UK,3/22/2021,Free
s02198,Riya Patel,37,Male,Germany,2/24/2019,Monthly
s02199,Mia Miller,26,Male,Canada,1/28/2022,Monthly
s02200,Riya Lee,20,Male,Germany,10/16/2021,Monthly
s02201,Ethan Smith,29,Male,Australia,2/21/2022,Free
s02202,Zara Hall,44,Other,Germany,10/28/2019,Monthly
s02203,Aanya Thomas,22,Male,Germany,5/8/2019,Yearly
s02204,Eva Verma,25,Female,UK,4/24/2020,Yearly
s02205,Liam Lewis,34,Male,Germany,10/20/2021,Monthly
s02206,Olivia Davis,37,Other,USA,2/5/2022,Yearly
s02207,Emma Taylor,24,Female,USA,5/28/2020,Yearly
s02208,Isabella Moore,25,Female,Australia,4/20/2020,Monthly
s02209,Aarav Davis,53,Male,Canada,11/16/2021,Free
s02210,Meera Hall,24,Female,India,11/9/2019,Yearly
s02211,Sophia Wilson,45,Female,USA,5/18/2019,Monthly
s02212,Mia Miller,26,Female,Canada,11/22/2022,Free
s02213,Karan Hall,23,Other,India,9/5/2019,Yearly
s02214,Benjamin Martin,34,Male,India,10/29/2022,Yearly
s02215,Noah Hall,18,Male,India,6/7/2021,Yearly
s02216,Amelia Miller,18,Other,India,9/1/2019,Free
s02217,Karan Brown,25,Female,Germany,8/7/2022,Free
s02218,Ethan Davis,20,Male,USA,8/25/2019,Yearly
s02219,Aanya Patel,21,Male,USA,10/13/2019,Free
s02220,Benjamin Brown,27,Other,India,5/16/2019,Free
s02221,Mia Hall,43,Other,UK,8/30/2019,Yearly
s02222,Mia Taylor,29,Male,Canada,7/27/2021,Monthly
s02223,Riya Anderson,56,Male,India,12/16/2019,Monthly
s02224,Amelia Patel,63,Female,Germany,2/10/2020,Free
s02225,Mia Sharma,24,Female,Canada,4/17/2021,Yearly
s02226,Mia Smith,18,Other,Canada,10/1/2021,Monthly
s02227,Aarav Davis,18,Male,Australia,11/13/2019,Yearly
s02228,Eva Martin,20,Female,USA,9/8/2019,Monthly
s02229,Mia Davis,26,Female,USA,12/20/2022,Yearly
s02230,Olivia Singh,19,Male,India,7/18/2021,Monthly
s02231,Riya Smith,24,Other,Germany,5/25/2022,Free
s02232,Riya Patel,44,Male,Germany,12/13/2020,Free
s02233,Emma Walker,59,Male,Canada,1/26/2019,Monthly
s02234,Eva Walker,38,Female,India,7/20/2020,Yearly
s02235,Vihaan Miller,27,Female,India,9/24/2019,Monthly
s02236,Karan Hall,21,Female,India,3/21/2022,Monthly
s02237,Benjamin Brown,25,Female,USA,7/6/2019,Yearly
s02238,Benjamin Sharma,46,Other,Canada,8/3/2020,Monthly
s02239,Emma Martin,26,Other,Canada,1/28/2020,Free
s02240,Zara Hall,41,Other,UK,1/22/2020,Free
s02241,Ethan Miller,22,Female,UK,6/18/2020,Yearly
s02242,Olivia Wilson,22,Other,Canada,11/14/2020,Monthly
s02243,Arjun Anderson,18,Female,Canada,7/31/2022,Monthly
s02244,Zara Sharma,46,Other,Australia,10/27/2020,Yearly
s02245,Riya Thomas,40,Female,Australia,9/9/2019,Free
s02246,Aarav Miller,19,Female,Germany,8/7/2021,Free
s02247,Isabella Lee,44,Male,UK,6/19/2019,Monthly
s02248,Lucas Miller,46,Female,UK,4/9/2020,Yearly
s02249,Meera Moore,24,Male,Australia,3/10/2019,Monthly
s02250,Zara Lewis,19,Other,USA,3/8/2021,Monthly
s02251,Arjun Thomas,24,Female,UK,4/2/2020,Yearly
s02252,Amelia Hall,26,Female,Germany,9/27/2020,Monthly
s02253,Ethan Lee,31,Female,USA,11/5/2022,Yearly
s02254,Amelia Sharma,19,Male,UK,4/17/2022,Yearly
s02255,Sophia Anderson,22,Male,Australia,5/9/2020,Yearly
s02256,Amelia Singh,19,Female,USA,7/4/2022,Monthly
s02257,Isabella Lee,40,Male,India,11/17/2021,Free
s02258,Benjamin Hall,44,Male,Canada,8/31/2022,Yearly
s02259,Noah Davis,41,Female,Canada,7/5/2020,Yearly
s02260,Vihaan Clark,22,Male,USA,4/12/2022,Yearly
s02261,Eva Davis,54,Female,UK,8/29/2022,Monthly
s02262,Karan Brown,25,Male,Australia,1/23/2021,Monthly
s02263,Arjun Anderson,19,Male,Germany,10/18/2020,Monthly
s02264,Liam Lewis,40,Other,UK,10/9/2021,Yearly
s02265,Benjamin Patel,26,Female,Canada,7/11/2021,Free
s02266,Riya Anderson,27,Female,India,1/8/2020,Monthly
s02267,Amelia Lewis,27,Male,USA,8/2/2021,Monthly
s02268,Eva Walker,20,Male,Germany,1/20/2021,Yearly
s02269,Noah Verma,23,Other,Canada,3/30/2022,Free
s02270,Emma Lewis,43,Other,India,6/2/2019,Yearly
s02271,Noah Thomas,46,Female,Germany,11/5/2021,Monthly
s02272,Riya Martin,26,Female,Germany,4/27/2019,Free
s02273,Riya Brown,39,Female,Australia,3/13/2022,Monthly
s02274,Ethan Verma,35,Other,USA,3/24/2020,Free
s02275,Olivia Clark,45,Male,Australia,5/9/2019,Yearly
s02276,Sophia Lewis,34,Other,UK,4/28/2019,Free
s02277,Arjun Clark,30,Male,India,11/17/2021,Monthly
s02278,Olivia Clark,39,Other,USA,9/26/2019,Free
s02279,Emma Sharma,26,Female,Australia,4/4/2019,Free
s02280,Meera Patel,21,Male,Australia,7/3/2022,Free
s02281,Mia Lee,37,Male,Germany,11/12/2020,Monthly
s02282,Isabella Martin,46,Female,Germany,9/24/2020,Monthly
s02283,Emma Moore,54,Male,Canada,1/7/2021,Free
s02284,Mia Brown,62,Female,UK,12/5/2020,Free
s02285,Mia Anderson,59,Other,Australia,2/17/2019,Monthly
s02286,Liam Wilson,19,Female,Canada,5/14/2019,Free
s02287,Isabella Sharma,27,Other,UK,5/12/2020,Free
s02288,Meera Taylor,19,Other,Australia,6/25/2019,Free
s02289,Riya Clark,20,Male,India,9/1/2020,Free
s02290,Arjun Taylor,40,Female,India,7/23/2019,Monthly
s02291,Ethan Wilson,31,Other,USA,10/2/2019,Monthly
s02292,Aarav Anderson,19,Other,Australia,8/27/2020,Yearly
s02293,Isabella Taylor,25,Other,Australia,3/3/2019,Yearly
s02294,Isabella Walker,37,Other,USA,9/8/2022,Monthly
s02295,Aarav Lewis,47,Female,Australia,11/5/2022,Free
s02296,Arjun Patel,35,Other,Germany,7/7/2022,Free
s02297,Lucas Singh,19,Other,India,11/1/2019,Free
s02298,Eva Walker,22,Other,India,12/6/2021,Free
s02299,Aarav Verma,51,Male,USA,8/24/2022,Yearly
s02300,Isabella Brown,18,Female,India,12/4/2022,Monthly
s02301,Olivia Singh,25,Male,India,2/24/2021,Yearly
s02302,Meera Moore,43,Female,Canada,4/8/2019,Yearly
s02303,Lucas Wilson,27,Male,India,5/24/2022,Monthly
s02304,Isabella Clark,21,Female,USA,12/14/2019,Free
s02305,Meera Anderson,30,Other,Australia,4/1/2021,Yearly
s02306,Mia Clark,60,Female,India,7/6/2020,Yearly
s02307,Aanya Sharma,27,Female,Germany,7/7/2022,Monthly
s02308,Sophia Davis,43,Other,India,2/5/2021,Monthly
s02309,Karan Miller,26,Male,UK,1/27/2020,Free
s02310,Noah Johnson,35,Male,USA,12/24/2019,Free
s02311,Amelia Clark,40,Other,UK,7/7/2022,Yearly
s02312,Isabella Taylor,65,Other,Germany,1/9/2019,Monthly
s02313,Arjun Davis,22,Female,Germany,10/31/2022,Yearly
s02314,Karan Johnson,30,Male,USA,9/21/2020,Free
s02315,Isabella Wilson,43,Female,India,2/11/2020,Free
s02316,Mia Clark,26,Other,India,1/6/2020,Monthly
s02317,Vihaan Walker,19,Male,USA,12/24/2019,Monthly
s02318,Amelia Smith,56,Other,USA,10/17/2020,Free
s02319,Aarav Miller,65,Other,USA,2/28/2021,Monthly
s02320,Arjun Davis,22,Other,USA,10/20/2021,Yearly
s02321,Liam Lee,23,Male,Canada,5/10/2020,Monthly
s02322,Zara Clark,54,Other,USA,8/23/2021,Free
s02323,Riya Hall,20,Male,India,6/16/2021,Yearly
s02324,Aarav Anderson,54,Male,Australia,4/13/2021,Free
s02325,Noah Lee,56,Other,Germany,9/17/2022,Free
s02326,Sophia Davis,46,Male,Canada,10/3/2020,Free
s02327,Noah Verma,21,Female,USA,4/3/2019,Free
s02328,Benjamin Singh,24,Male,USA,8/9/2021,Free
s02329,Karan Sharma,25,Male,Germany,10/25/2020,Free
s02330,Olivia Sharma,19,Male,India,12/11/2019,Yearly
s02331,Vihaan Wilson,25,Other,UK,7/24/2021,Yearly
s02332,Aanya Johnson,20,Female,India,4/6/2022,Monthly
s02333,Aanya Lewis,33,Male,USA,2/8/2019,Yearly
s02334,Amelia Clark,30,Female,Australia,4/2/2019,Monthly
s02335,Arjun Sharma,42,Other,India,12/9/2021,Free
s02336,Benjamin Verma,67,Other,UK,11/7/2021,Yearly
s02337,Aanya Patel,26,Other,USA,2/20/2019,Yearly
s02338,Riya Johnson,20,Other,Australia,6/1/2021,Yearly
s02339,Karan Lewis,18,Female,Germany,3/11/2021,Yearly
s02340,Emma Martin,29,Other,UK,7/7/2020,Yearly
s02341,Meera Wilson,21,Other,Germany,12/9/2019,Monthly
s02342,Vihaan Davis,47,Other,Germany,4/20/2022,Yearly
s02343,Amelia Lewis,26,Other,Canada,10/18/2021,Yearly
s02344,Emma Moore,21,Other,Canada,7/17/2019,Yearly
s02345,Benjamin Anderson,26,Female,UK,1/10/2021,Yearly
s02346,Karan Hall,24,Female,Germany,3/31/2020,Monthly
s02347,Aanya Miller,27,Male,UK,1/5/2022,Free
s02348,Sophia Hall,24,Other,Australia,7/13/2019,Yearly
s02349,Zara Sharma,23,Female,UK,6/3/2021,Yearly
s02350,Noah Walker,34,Female,Australia,4/18/2020,Free
s02351,Benjamin Walker,27,Other,UK,11/26/2020,Free
s02352,Eva Hall,24,Male,Australia,4/14/2021,Free
s02353,Karan Moore,21,Female,India,5/26/2019,Free
s02354,Noah Sharma,27,Male,USA,10/7/2021,Monthly
s02355,Liam Singh,26,Male,Australia,6/11/2022,Free
s02356,Amelia Hall,47,Female,Germany,12/28/2022,Free
s02357,Isabella Walker,26,Male,Australia,8/26/2019,Free
s02358,Zara Clark,58,Male,Canada,11/3/2019,Monthly
s02359,Aanya Lewis,23,Female,USA,8/26/2021,Free
s02360,Sophia Thomas,18,Male,Germany,1/28/2020,Monthly
s02361,Zara Johnson,26,Male,UK,5/27/2021,Monthly
s02362,Ethan Anderson,22,Male,Germany,9/20/2022,Free
s02363,Vihaan Verma,19,Other,Canada,8/22/2021,Yearly
s02364,Zara Brown,23,Other,UK,3/4/2019,Monthly
s02365,Eva Clark,31,Male,Australia,6/26/2021,Monthly
s02366,Sophia Smith,44,Other,Canada,3/28/2020,Monthly
s02367,Meera Miller,24,Female,UK,1/21/2021,Free
s02368,Riya Taylor,27,Other,Canada,3/30/2022,Free
s02369,Liam Davis,25,Female,Australia,9/8/2022,Yearly
s02370,Aarav Moore,21,Other,Australia,1/11/2022,Yearly
s02371,Zara Anderson,63,Male,India,12/2/2021,Monthly
s02372,Eva Anderson,22,Male,Australia,10/14/2021,Monthly
s02373,Arjun Miller,23,Male,USA,4/25/2019,Monthly
s02374,Vihaan Johnson,20,Male,Australia,8/7/2022,Free
s02375,Aarav Singh,21,Other,Canada,6/21/2020,Free
s02376,Vihaan Anderson,29,Other,Germany,8/29/2019,Free
s02377,Riya Smith,27,Female,Canada,1/3/2020,Monthly
s02378,Arjun Verma,26,Other,Germany,5/26/2020,Yearly
s02379,Karan Lee,25,Female,India,12/15/2021,Monthly
s02380,Noah Lee,29,Male,India,7/31/2021,Monthly
s02381,Sophia Moore,34,Male,USA,9/13/2022,Yearly
s02382,Mia Johnson,24,Male,Canada,12/23/2020,Free
s02383,Sophia Singh,19,Other,India,4/13/2020,Monthly
s02384,Vihaan Moore,36,Other,Germany,12/28/2019,Free
s02385,Arjun Verma,23,Male,USA,12/3/2021,Monthly
s02386,Emma Lewis,19,Other,UK,8/16/2021,Free
s02387,Vihaan Moore,26,Male,Canada,2/6/2019,Monthly
s02388,Olivia Smith,18,Male,UK,7/16/2021,Yearly
s02389,Arjun Johnson,23,Other,Germany,7/20/2019,Monthly
s02390,Arjun Hall,22,Female,Australia,4/23/2021,Free
s02391,Riya Miller,19,Other,Australia,1/20/2020,Monthly
s02392,Sophia Martin,39,Female,Canada,6/16/2019,Free
s02393,Riya Brown,26,Male,India,2/27/2020,Monthly
s02394,Arjun Taylor,41,Other,Canada,12/5/2022,Monthly
s02395,Aarav Walker,45,Other,Australia,9/9/2019,Free
s02396,Arjun Anderson,20,Female,Australia,12/1/2022,Yearly
s02397,Olivia Miller,20,Male,UK,7/5/2022,Free
s02398,Aarav Wilson,18,Female,Germany,2/13/2019,Free
s02399,Vihaan Taylor,30,Male,UK,4/19/2019,Free
s02400,Liam Smith,18,Male,Germany,11/20/2022,Monthly
s02401,Mia Johnson,21,Female,Germany,8/2/2021,Free
s02402,Ethan Johnson,57,Male,UK,8/11/2021,Monthly
s02403,Aarav Lee,24,Other,USA,7/1/2019,Free
s02404,Vihaan Sharma,23,Male,Australia,4/22/2021,Monthly
s02405,Olivia Johnson,25,Other,Germany,9/13/2022,Yearly
s02406,Benjamin Walker,26,Female,India,3/26/2022,Free
s02407,Noah Miller,31,Other,Canada,1/19/2019,Monthly
s02408,Karan Martin,19,Other,Germany,6/27/2019,Monthly
s02409,Sophia Walker,32,Other,Germany,6/22/2022,Free
s02410,Benjamin Taylor,26,Male,Germany,4/20/2019,Free
s02411,Emma Singh,39,Other,Australia,11/24/2020,Free
s02412,Lucas Martin,42,Female,India,11/14/2022,Monthly
s02413,Olivia Verma,60,Other,USA,6/23/2021,Free
s02414,Ethan Anderson,37,Other,Canada,3/8/2019,Monthly
s02415,Sophia Clark,23,Female,USA,4/16/2022,Free
s02416,Vihaan Wilson,26,Other,Germany,4/15/2020,Yearly
s02417,Karan Anderson,31,Female,Canada,4/13/2019,Free
s02418,Isabella Anderson,56,Male,India,12/29/2020,Free
s02419,Zara Miller,25,Female,Germany,1/13/2022,Monthly
s02420,Aanya Brown,27,Other,UK,3/26/2020,Yearly
s02421,Lucas Verma,24,Female,Canada,9/1/2020,Monthly
s02422,Aarav Anderson,24,Male,Germany,11/25/2021,Yearly
s02423,Amelia Sharma,26,Male,Canada,4/6/2022,Yearly
s02424,Ethan Anderson,24,Male,India,11/6/2020,Yearly
s02425,Amelia Brown,31,Female,UK,4/10/2019,Yearly
s02426,Emma Sharma,20,Other,India,7/8/2020,Monthly
s02427,Olivia Patel,25,Other,Canada,7/29/2022,Yearly
s02428,Mia Miller,27,Female,UK,8/24/2020,Yearly
s02429,Olivia Smith,23,Female,UK,8/1/2020,Yearly
s02430,Benjamin Patel,21,Female,Australia,2/16/2020,Yearly
s02431,Zara Clark,38,Female,Australia,6/22/2020,Monthly
s02432,Vihaan Singh,64,Female,UK,5/9/2021,Monthly
s02433,Noah Clark,26,Male,Australia,4/5/2022,Yearly
s02434,Lucas Wilson,63,Female,Canada,11/27/2021,Yearly
s02435,Mia Moore,31,Female,India,5/2/2021,Yearly
s02436,Meera Taylor,36,Female,Canada,3/3/2019,Monthly
s02437,Aarav Davis,22,Other,USA,3/2/2020,Free
s02438,Meera Miller,25,Female,India,11/29/2021,Free
s02439,Vihaan Miller,21,Female,Australia,8/7/2019,Yearly
s02440,Benjamin Miller,19,Male,India,5/27/2021,Monthly
s02441,Arjun Brown,42,Female,India,6/28/2020,Free
s02442,Mia Walker,66,Other,Germany,8/2/2022,Monthly
s02443,Lucas Clark,19,Female,Germany,7/2/2020,Monthly
s02444,Aarav Martin,26,Female,UK,3/19/2021,Free
s02445,Ethan Johnson,38,Female,UK,3/27/2020,Yearly
s02446,Lucas Johnson,28,Female,USA,2/14/2021,Free
s02447,Arjun Walker,30,Female,Canada,2/25/2020,Free
s02448,Meera Patel,25,Female,Germany,3/27/2019,Monthly
s02449,Karan Singh,42,Other,India,9/6/2022,Yearly
s02450,Noah Thomas,26,Male,India,10/26/2021,Monthly
s02451,Mia Clark,45,Male,Germany,9/20/2020,Yearly
s02452,Liam Davis,54,Male,Canada,2/2/2022,Yearly
s02453,Ethan Singh,18,Female,USA,6/5/2021,Monthly
s02454,Arjun Taylor,37,Other,Canada,5/4/2019,Yearly
s02455,Karan Brown,20,Male,Germany,3/2/2020,Monthly
s02456,Vihaan Brown,19,Other,Canada,3/11/2019,Yearly
s02457,Ethan Lewis,44,Other,USA,7/22/2020,Yearly
s02458,Zara Walker,20,Male,Australia,12/30/2021,Yearly
s02459,Arjun Moore,29,Other,UK,9/25/2019,Monthly
s02460,Riya Moore,27,Female,USA,7/22/2020,Free
s02461,Olivia Brown,23,Male,UK,10/24/2022,Free
s02462,Liam Lee,26,Other,Germany,6/25/2020,Monthly
s02463,Emma Lee,22,Female,Germany,12/24/2019,Monthly
s02464,Amelia Wilson,52,Female,UK,4/25/2020,Yearly
s02465,Meera Johnson,37,Male,India,9/9/2021,Yearly
s02466,Eva Lee,24,Female,Germany,3/22/2020,Yearly
s02467,Vihaan Brown,47,Female,UK,10/16/2020,Free
s02468,Aarav Moore,22,Male,Australia,4/12/2020,Free
s02469,Arjun Lee,28,Other,Australia,12/15/2022,Yearly
s02470,Emma Moore,21,Male,Canada,5/13/2019,Monthly
s02471,Liam Thomas,27,Other,India,5/24/2021,Yearly
s02472,Aanya Walker,27,Other,Canada,9/30/2021,Yearly
s02473,Liam Moore,19,Other,UK,11/23/2022,Yearly
s02474,Vihaan Anderson,39,Other,Australia,12/2/2020,Yearly
s02475,Benjamin Sharma,38,Female,Australia,4/4/2020,Monthly
s02476,Amelia Moore,45,Male,Australia,3/2/2022,Yearly
s02477,Riya Thomas,47,Male,Germany,11/21/2019,Yearly
s02478,Vihaan Verma,33,Other,India,3/13/2021,Monthly
s02479,Aarav Thomas,29,Female,Canada,7/3/2021,Yearly
s02480,Eva Wilson,44,Other,India,10/20/2022,Monthly
s02481,Arjun Brown,25,Other,Australia,11/14/2019,Yearly
s02482,Arjun Miller,47,Female,Germany,6/30/2021,Free
s02483,Amelia Martin,22,Other,UK,5/13/2019,Monthly
s02484,Lucas Clark,19,Male,Australia,9/5/2022,Free
s02485,Karan Davis,27,Male,USA,9/30/2022,Free
s02486,Ethan Moore,22,Female,Australia,5/30/2021,Free
s02487,Amelia Walker,31,Other,India,4/4/2020,Free
s02488,Ethan Verma,18,Female,UK,5/17/2019,Free
s02489,Noah Miller,42,Male,India,10/25/2021,Yearly
s02490,Aarav Lewis,25,Female,Canada,9/29/2020,Free
s02491,Lucas Brown,20,Female,Australia,9/1/2019,Monthly
s02492,Zara Wilson,26,Other,Germany,7/9/2022,Yearly
s02493,Mia Smith,48,Female,India,8/6/2022,Monthly
s02494,Vihaan Singh,61,Female,Canada,9/16/2019,Monthly
s02495,Amelia Patel,24,Female,Australia,6/3/2019,Monthly
s02496,Isabella Davis,27,Female,UK,5/10/2022,Monthly
s02497,Ethan Smith,53,Male,Germany,9/11/2021,Monthly
s02498,Zara Moore,46,Male,Canada,5/7/2021,Yearly
s02499,Benjamin Singh,55,Other,UK,2/28/2019,Free
s02500,Zara Wilson,20,Other,USA,1/22/2019,Monthly
s02501,Karan Miller,24,Other,Germany,12/7/2019,Yearly
s02502,Amelia Patel,36,Female,Australia,7/25/2019,Yearly
s02503,Benjamin Davis,21,Other,USA,3/30/2019,Monthly
s02504,Lucas Johnson,30,Male,Canada,5/11/2022,Free
s02505,Emma Brown,36,Female,Canada,6/2/2020,Yearly
s02506,Aanya Martin,25,Other,India,6/29/2021,Free
s02507,Emma Singh,24,Male,Germany,9/8/2020,Yearly
s02508,Lucas Moore,19,Female,Australia,10/25/2019,Monthly
s02509,Benjamin Singh,27,Other,Australia,8/21/2021,Yearly
s02510,Mia Brown,52,Female,Australia,1/4/2019,Yearly
s02511,Aarav Verma,23,Other,Canada,1/14/2021,Monthly
s02512,Olivia Lewis,36,Female,USA,1/17/2020,Free
s02513,Olivia Clark,26,Female,Germany,8/18/2022,Free
s02514,Aanya Verma,29,Female,India,5/18/2022,Yearly
s02515,Vihaan Johnson,18,Female,UK,11/29/2020,Free
s02516,Meera Hall,39,Female,USA,10/7/2019,Monthly
s02517,Sophia Taylor,26,Female,Germany,6/7/2020,Monthly
s02518,Aanya Thomas,47,Other,Germany,2/19/2021,Yearly
s02519,Meera Lewis,26,Female,USA,4/29/2019,Monthly
s02520,Aanya Smith,33,Female,India,8/11/2020,Yearly
s02521,Noah Clark,22,Female,India,10/2/2021,Yearly
s02522,Mia Miller,20,Female,Australia,7/8/2022,Yearly
s02523,Arjun Walker,26,Other,Germany,11/9/2022,Monthly
s02524,Arjun Brown,47,Female,UK,9/20/2019,Yearly
s02525,Sophia Sharma,21,Female,Australia,5/17/2020,Yearly
s02526,Ethan Lee,29,Male,UK,4/20/2020,Monthly
s02527,Emma Smith,40,Male,India,7/19/2022,Free
s02528,Eva Taylor,44,Female,UK,10/8/2022,Yearly
s02529,Sophia Hall,40,Other,Australia,7/27/2020,Monthly
s02530,Aanya Walker,20,Female,Canada,3/11/2020,Monthly
s02531,Meera Patel,62,Female,Canada,12/30/2021,Monthly
s02532,Amelia Taylor,32,Male,Germany,5/31/2019,Monthly
s02533,Zara Lee,22,Female,Germany,12/27/2021,Monthly
s02534,Noah Moore,22,Other,India,4/3/2020,Yearly
s02535,Karan Lewis,23,Female,Canada,3/26/2020,Yearly
s02536,Isabella Martin,22,Female,UK,8/16/2019,Yearly
s02537,Arjun Anderson,42,Female,Canada,4/20/2022,Monthly
s02538,Arjun Davis,35,Female,India,10/17/2019,Monthly
s02539,Aarav Hall,18,Other,Germany,8/30/2020,Free
s02540,Olivia Johnson,20,Female,Australia,8/12/2022,Monthly
s02541,Karan Johnson,27,Female,USA,3/31/2021,Yearly
s02542,Olivia Davis,24,Other,Germany,4/1/2021,Yearly
s02543,Riya Hall,30,Other,USA,6/28/2020,Monthly
s02544,Mia Wilson,38,Male,Canada,8/16/2020,Free
s02545,Liam Verma,23,Female,UK,1/17/2021,Free
s02546,Zara Anderson,42,Male,USA,6/12/2020,Free
s02547,Lucas Johnson,28,Male,India,5/26/2019,Monthly
s02548,Eva Patel,18,Male,Australia,3/22/2022,Yearly
s02549,Noah Moore,32,Other,UK,1/18/2022,Yearly
s02550,Liam Brown,40,Male,UK,2/19/2021,Yearly
s02551,Aanya Lee,27,Other,India,2/3/2019,Monthly
s02552,Zara Hall,26,Other,India,10/21/2020,Monthly
s02553,Lucas Johnson,42,Female,UK,2/28/2022,Monthly
s02554,Meera Smith,25,Other,UK,3/10/2021,Free
s02555,Aarav Martin,18,Male,Canada,11/8/2021,Yearly
s02556,Eva Martin,26,Other,Germany,7/2/2020,Free
s02557,Zara Lewis,23,Female,Germany,10/25/2021,Monthly
s02558,Zara Davis,29,Other,Australia,3/7/2020,Yearly
s02559,Eva Thomas,43,Female,Australia,10/14/2021,Monthly
s02560,Sophia Anderson,19,Male,India,10/7/2019,Monthly
s02561,Sophia Singh,37,Female,India,1/30/2020,Yearly
s02562,Amelia Miller,23,Other,India,8/30/2021,Yearly
s02563,Ethan Brown,27,Male,Canada,7/22/2020,Free
s02564,Vihaan Thomas,18,Other,UK,4/2/2021,Yearly
s02565,Mia Davis,54,Male,India,3/9/2019,Monthly
s02566,Aanya Walker,21,Female,Australia,9/19/2020,Monthly
s02567,Karan Johnson,19,Other,UK,7/19/2021,Yearly
s02568,Liam Singh,33,Other,Australia,5/15/2021,Monthly
s02569,Riya Brown,62,Male,UK,6/5/2019,Monthly
s02570,Emma Davis,45,Male,Canada,10/2/2020,Monthly
s02571,Olivia Miller,19,Female,USA,11/15/2020,Yearly
s02572,Karan Sharma,31,Other,USA,4/8/2021,Monthly
s02573,Meera Walker,30,Female,Canada,7/30/2021,Monthly
s02574,Eva Sharma,18,Other,Canada,10/4/2020,Free
s02575,Isabella Thomas,25,Male,India,12/13/2022,Monthly
s02576,Amelia Hall,47,Female,Australia,10/4/2022,Free
s02577,Benjamin Hall,22,Male,Australia,7/15/2022,Free
s02578,Arjun Thomas,28,Other,India,9/23/2019,Monthly
s02579,Noah Taylor,27,Male,USA,3/11/2022,Free
s02580,Ethan Walker,28,Male,Australia,12/9/2019,Yearly
s02581,Noah Sharma,26,Female,Canada,7/23/2019,Free
s02582,Lucas Martin,30,Male,USA,6/21/2020,Free
s02583,Amelia Smith,42,Female,Germany,11/14/2022,Yearly
s02584,Zara Verma,43,Male,India,5/8/2019,Monthly
s02585,Aarav Miller,55,Other,India,6/26/2022,Monthly
s02586,Ethan Davis,18,Other,Germany,1/5/2020,Monthly
s02587,Aarav Brown,41,Female,India,5/8/2021,Yearly
s02588,Arjun Verma,24,Other,USA,6/17/2020,Free
s02589,Meera Smith,21,Male,UK,11/2/2019,Monthly
s02590,Olivia Brown,33,Female,USA,12/28/2021,Free
s02591,Arjun Lewis,22,Other,Germany,10/21/2022,Yearly
s02592,Riya Singh,24,Other,USA,6/20/2020,Free
s02593,Vihaan Clark,39,Female,Canada,3/21/2020,Yearly
s02594,Zara Wilson,36,Male,USA,1/24/2022,Monthly
s02595,Vihaan Anderson,28,Male,Germany,4/25/2019,Yearly
s02596,Amelia Sharma,27,Other,USA,5/5/2019,Yearly
s02597,Isabella Martin,41,Male,Germany,1/12/2020,Monthly
s02598,Zara Singh,21,Male,UK,7/14/2020,Free
s02599,Karan Anderson,21,Female,UK,8/12/2022,Yearly
s02600,Olivia Smith,26,Male,Canada,12/19/2019,Yearly
s02601,Liam Thomas,22,Other,Canada,12/11/2021,Yearly
s02602,Arjun Hall,32,Female,India,9/1/2019,Yearly
s02603,Emma Moore,64,Other,India,12/30/2020,Yearly
s02604,Emma Taylor,40,Female,Germany,11/18/2022,Free
s02605,Riya Singh,18,Male,UK,7/19/2021,Monthly
s02606,Mia Lee,24,Male,India,4/14/2021,Yearly
s02607,Eva Verma,21,Male,UK,11/18/2019,Monthly
s02608,Riya Wilson,27,Other,Australia,3/30/2022,Yearly
s02609,Vihaan Johnson,18,Other,USA,6/22/2021,Yearly
s02610,Amelia Singh,18,Other,Australia,5/24/2022,Free
s02611,Riya Davis,21,Other,India,3/18/2019,Free
s02612,Amelia Lee,24,Female,Germany,12/7/2020,Yearly
s02613,Mia Lewis,24,Female,Australia,5/19/2022,Yearly
s02614,Ethan Patel,38,Female,Germany,8/17/2022,Yearly
s02615,Amelia Thomas,36,Male,Germany,1/14/2021,Monthly
s02616,Karan Verma,42,Male,Canada,12/2/2021,Free
s02617,Noah Taylor,46,Other,UK,8/12/2021,Free
s02618,Noah Martin,25,Female,UK,9/16/2020,Monthly
s02619,Noah Anderson,21,Female,India,10/27/2021,Yearly
s02620,Eva Verma,18,Female,Germany,2/16/2022,Free
s02621,Sophia Walker,21,Other,Germany,4/7/2022,Monthly
s02622,Karan Singh,25,Other,India,12/5/2019,Free
s02623,Noah Martin,34,Female,Canada,10/31/2022,Free
s02624,Isabella Thomas,21,Male,Australia,9/21/2021,Yearly
s02625,Aarav Smith,26,Male,Canada,9/15/2022,Yearly
s02626,Emma Verma,27,Male,Canada,8/29/2019,Monthly
s02627,Eva Hall,37,Male,USA,11/20/2022,Free
s02628,Lucas Brown,22,Male,USA,12/22/2021,Yearly
s02629,Sophia Thomas,26,Male,USA,3/3/2021,Free
s02630,Benjamin Verma,27,Male,USA,12/29/2021,Free
s02631,Aarav Lee,26,Other,Australia,10/10/2019,Free
s02632,Aanya Lee,61,Other,USA,3/2/2019,Monthly
s02633,Aarav Smith,33,Male,Australia,8/19/2021,Yearly
s02634,Karan Singh,40,Female,Germany,1/16/2019,Yearly
s02635,Karan Taylor,23,Male,UK,10/28/2019,Free
s02636,Emma Wilson,19,Female,UK,2/8/2019,Yearly
s02637,Vihaan Hall,59,Female,India,4/16/2022,Free
s02638,Aarav Anderson,21,Female,USA,10/15/2019,Yearly
s02639,Emma Hall,50,Other,UK,3/9/2021,Monthly
s02640,Arjun Brown,32,Other,Canada,12/24/2021,Yearly
s02641,Olivia Moore,25,Other,Australia,10/29/2022,Monthly
s02642,Riya Clark,29,Male,Germany,8/1/2020,Monthly
s02643,Mia Hall,36,Male,UK,8/2/2021,Monthly
s02644,Sophia Clark,25,Male,Germany,11/24/2020,Free
s02645,Isabella Brown,22,Other,Canada,7/20/2021,Free
s02646,Olivia Anderson,19,Male,Australia,7/3/2020,Free
s02647,Eva Martin,19,Male,Canada,5/28/2020,Yearly
s02648,Noah Martin,44,Female,Canada,10/28/2021,Free
s02649,Zara Taylor,41,Male,Canada,1/24/2020,Yearly
s02650,Noah Anderson,19,Female,Australia,10/30/2021,Monthly
s02651,Eva Clark,20,Male,Germany,10/8/2021,Free
s02652,Liam Miller,35,Other,Germany,12/13/2022,Yearly
s02653,Zara Clark,24,Other,Germany,6/7/2022,Monthly
s02654,Olivia Wilson,19,Female,Germany,10/1/2020,Free
s02655,Karan Thomas,18,Male,USA,7/9/2022,Monthly
s02656,Arjun Taylor,21,Other,UK,5/18/2019,Yearly
s02657,Riya Smith,45,Male,USA,8/8/2022,Yearly
s02658,Karan Patel,34,Other,Canada,8/6/2020,Yearly
s02659,Olivia Hall,36,Male,Australia,3/11/2019,Monthly
s02660,Lucas Taylor,44,Other,Australia,2/28/2021,Monthly
s02661,Eva Moore,32,Male,India,10/5/2019,Yearly
s02662,Meera Miller,36,Male,Canada,5/21/2021,Yearly
s02663,Vihaan Smith,21,Other,Australia,9/5/2022,Free
s02664,Benjamin Taylor,20,Male,Canada,5/17/2020,Monthly
s02665,Eva Smith,31,Other,UK,11/28/2022,Monthly
s02666,Arjun Clark,24,Other,UK,12/16/2019,Yearly
s02667,Karan Walker,34,Male,USA,9/24/2020,Yearly
s02668,Karan Walker,20,Male,USA,7/31/2021,Monthly
s02669,Meera Smith,59,Other,Germany,3/20/2021,Yearly
s02670,Zara Hall,25,Other,Australia,10/11/2020,Yearly
s02671,Mia Walker,42,Other,Australia,1/10/2020,Free
s02672,Olivia Patel,27,Female,Canada,3/18/2020,Free
s02673,Isabella Martin,22,Male,Canada,7/20/2022,Yearly
s02674,Sophia Johnson,37,Male,UK,6/18/2022,Free
s02675,Isabella Johnson,63,Female,USA,7/6/2019,Free
s02676,Arjun Johnson,22,Female,USA,4/4/2022,Monthly
s02677,Liam Davis,48,Other,USA,12/31/2020,Free
s02678,Zara Wilson,24,Male,UK,11/24/2020,Monthly
s02679,Lucas Thomas,23,Other,Germany,11/16/2020,Yearly
s02680,Riya Taylor,45,Other,USA,7/31/2019,Monthly
s02681,Zara Thomas,24,Male,Australia,7/26/2022,Yearly
s02682,Vihaan Smith,39,Female,Germany,4/19/2021,Monthly
s02683,Benjamin Anderson,26,Other,Australia,10/17/2019,Free
s02684,Sophia Moore,41,Female,Australia,6/12/2022,Yearly
s02685,Karan Miller,44,Female,India,3/17/2022,Free
s02686,Karan Patel,52,Male,Canada,8/10/2019,Monthly
s02687,Eva Lewis,60,Male,India,7/28/2021,Free
s02688,Lucas Hall,34,Other,USA,10/20/2022,Yearly
s02689,Eva Miller,24,Other,Germany,8/15/2022,Monthly
s02690,Zara Thomas,20,Other,Germany,5/24/2020,Yearly
s02691,Olivia Verma,21,Other,India,4/9/2021,Yearly
s02692,Karan Patel,23,Female,USA,4/20/2021,Free
s02693,Liam Brown,27,Male,Australia,12/8/2022,Free
s02694,Eva Lewis,67,Female,Australia,6/5/2021,Yearly
s02695,Emma Taylor,20,Female,Canada,7/3/2020,Free
s02696,Aarav Martin,46,Other,Canada,1/24/2022,Free
s02697,Emma Moore,21,Male,India,7/6/2020,Free
s02698,Amelia Lee,59,Male,USA,8/12/2022,Yearly
s02699,Benjamin Lee,19,Female,Germany,4/1/2022,Monthly
s02700,Vihaan Walker,18,Other,Canada,7/8/2020,Yearly
s02701,Zara Anderson,26,Male,India,9/1/2020,Free
s02702,Amelia Moore,23,Male,Germany,3/17/2020,Free
s02703,Aarav Wilson,25,Other,USA,4/25/2022,Free
s02704,Mia Martin,24,Other,Canada,2/9/2022,Yearly
s02705,Emma Moore,21,Other,UK,1/4/2021,Yearly
s02706,Amelia Brown,46,Female,UK,11/1/2022,Free
s02707,Vihaan Moore,42,Other,Australia,7/17/2021,Monthly
s02708,Isabella Singh,18,Other,India,3/5/2021,Monthly
s02709,Olivia Patel,24,Other,UK,1/21/2021,Monthly
s02710,Aarav Clark,24,Female,UK,1/17/2021,Monthly
s02711,Noah Taylor,31,Other,USA,8/22/2021,Monthly
s02712,Liam Verma,66,Other,USA,7/15/2020,Free
s02713,Isabella Lewis,23,Other,USA,4/12/2021,Monthly
s02714,Ethan Miller,20,Other,USA,8/11/2020,Free
s02715,Eva Smith,46,Other,USA,8/21/2021,Yearly
s02716,Olivia Taylor,23,Other,USA,9/12/2019,Free
s02717,Olivia Smith,23,Female,UK,10/11/2020,Free
s02718,Amelia Verma,36,Female,India,11/29/2019,Free
s02719,Emma Anderson,27,Other,UK,12/7/2019,Yearly
s02720,Aanya Clark,35,Male,Australia,6/20/2019,Yearly
s02721,Aanya Clark,27,Other,Australia,7/10/2020,Yearly
s02722,Olivia Verma,20,Female,Canada,6/19/2020,Yearly
s02723,Meera Hall,25,Male,Germany,4/11/2022,Monthly
s02724,Isabella Smith,22,Female,Canada,2/14/2021,Free
s02725,Emma Anderson,37,Male,Canada,2/3/2021,Yearly
s02726,Riya Miller,18,Other,USA,3/1/2020,Monthly
s02727,Eva Clark,24,Female,Germany,9/30/2020,Free
s02728,Liam Martin,27,Male,India,10/22/2019,Yearly
s02729,Aanya Davis,26,Other,Canada,3/16/2020,Free
s02730,Olivia Lee,19,Male,India,9/24/2019,Monthly
s02731,Riya Brown,37,Female,Germany,12/15/2022,Free
s02732,Emma Patel,18,Female,UK,2/7/2020,Free
s02733,Lucas Patel,47,Female,Canada,1/15/2022,Free
s02734,Olivia Patel,47,Female,UK,12/10/2019,Yearly
s02735,Liam Brown,24,Female,Canada,2/7/2019,Yearly
s02736,Lucas Verma,19,Male,USA,10/14/2021,Free
s02737,Noah Moore,19,Female,USA,6/20/2019,Free
s02738,Noah Johnson,47,Other,Canada,11/15/2019,Monthly
s02739,Benjamin Moore,27,Other,India,9/26/2020,Free
s02740,Noah Martin,18,Other,USA,11/21/2019,Free
s02741,Arjun Wilson,30,Male,Canada,9/14/2021,Free
s02742,Zara Martin,26,Male,UK,6/23/2020,Yearly
s02743,Arjun Wilson,22,Male,India,10/29/2020,Free
s02744,Sophia Verma,33,Other,Germany,7/9/2020,Monthly
s02745,Zara Lee,46,Other,India,8/27/2019,Yearly
s02746,Riya Lee,32,Female,Canada,8/23/2021,Free
s02747,Meera Davis,24,Female,Canada,7/29/2019,Yearly
s02748,Liam Martin,26,Female,Australia,12/4/2020,Free
s02749,Benjamin Patel,21,Female,Canada,6/30/2019,Monthly
s02750,Emma Moore,39,Male,Canada,6/14/2022,Free
s02751,Zara Martin,27,Other,India,2/23/2022,Yearly
s02752,Amelia Johnson,62,Male,Canada,7/8/2022,Monthly
s02753,Ethan Johnson,20,Male,UK,3/28/2020,Yearly
s02754,Aarav Verma,50,Female,India,3/10/2019,Yearly
s02755,Benjamin Anderson,27,Male,India,12/5/2022,Monthly
s02756,Vihaan Hall,42,Other,Germany,7/18/2019,Free
s02757,Aarav Walker,25,Male,India,10/9/2022,Free
s02758,Amelia Clark,26,Female,Canada,1/1/2021,Yearly
s02759,Ethan Moore,41,Male,India,5/10/2021,Monthly
s02760,Emma Clark,63,Other,Canada,8/20/2020,Free
s02761,Eva Patel,62,Female,India,10/25/2021,Monthly
s02762,Liam Lewis,27,Female,Australia,3/8/2020,Monthly
s02763,Liam Johnson,20,Female,UK,2/5/2021,Yearly
s02764,Sophia Singh,22,Male,UK,2/15/2021,Monthly
s02765,Sophia Thomas,46,Male,India,9/26/2021,Monthly
s02766,Emma Patel,19,Other,Germany,2/21/2019,Free
s02767,Noah Davis,39,Male,UK,11/5/2021,Monthly
s02768,Benjamin Sharma,26,Other,Australia,3/26/2022,Monthly
s02769,Aanya Brown,37,Male,India,4/30/2019,Yearly
s02770,Lucas Davis,34,Female,UK,9/5/2022,Yearly
s02771,Meera Anderson,51,Female,Australia,6/28/2019,Yearly
s02772,Riya Anderson,28,Female,India,5/11/2022,Free
s02773,Meera Wilson,62,Male,Australia,8/29/2022,Monthly
s02774,Riya Sharma,23,Other,Germany,9/11/2022,Free
s02775,Eva Singh,45,Other,Germany,3/19/2019,Monthly
s02776,Aarav Walker,25,Male,India,7/8/2020,Monthly
s02777,Arjun Walker,22,Male,Germany,11/4/2019,Free
s02778,Benjamin Singh,62,Male,USA,2/19/2020,Monthly
s02779,Sophia Moore,25,Female,UK,10/3/2022,Free
s02780,Eva Clark,22,Female,Germany,11/14/2020,Free
s02781,Emma Davis,18,Other,Germany,6/15/2019,Free
s02782,Isabella Taylor,24,Female,Australia,11/10/2019,Free
s02783,Isabella Smith,27,Female,India,6/3/2021,Yearly
s02784,Sophia Lewis,18,Other,India,12/13/2021,Monthly
s02785,Ethan Wilson,39,Other,India,5/7/2021,Yearly
s02786,Vihaan Sharma,31,Male,India,11/15/2020,Monthly
s02787,Emma Anderson,32,Female,Canada,8/10/2020,Monthly
s02788,Mia Martin,67,Male,Germany,5/28/2019,Yearly
s02789,Amelia Patel,27,Female,Australia,11/19/2020,Monthly
s02790,Ethan Lee,18,Other,India,3/14/2021,Free
s02791,Zara Lewis,24,Male,UK,6/13/2020,Yearly
s02792,Isabella Martin,27,Male,USA,1/7/2021,Yearly
s02793,Isabella Johnson,24,Female,Australia,10/5/2021,Yearly
s02794,Liam Hall,20,Male,Canada,7/14/2020,Yearly
s02795,Isabella Taylor,30,Female,UK,3/22/2021,Free
s02796,Isabella Verma,18,Female,USA,9/16/2019,Monthly
s02797,Meera Wilson,37,Male,Canada,4/18/2021,Free
s02798,Isabella Clark,18,Other,USA,2/5/2022,Free
s02799,Liam Singh,55,Other,Australia,8/10/2022,Free
s02800,Mia Thomas,30,Male,Australia,10/11/2020,Yearly
s02801,Zara Moore,57,Other,Australia,3/19/2019,Monthly
s02802,Aanya Miller,24,Other,Australia,8/31/2022,Yearly
s02803,Liam Taylor,18,Other,India,9/7/2022,Free
s02804,Ethan Martin,62,Other,India,8/28/2021,Monthly
s02805,Aanya Verma,36,Female,USA,5/25/2019,Yearly
s02806,Mia Singh,37,Female,Canada,9/9/2022,Monthly
s02807,Mia Smith,22,Other,Canada,2/12/2022,Yearly
s02808,Benjamin Patel,42,Other,USA,6/2/2022,Free
s02809,Noah Smith,18,Female,India,2/11/2019,Monthly
s02810,Vihaan Singh,44,Female,Germany,10/7/2020,Free
s02811,Emma Singh,45,Other,USA,7/7/2022,Yearly
s02812,Eva Clark,45,Other,UK,2/28/2022,Yearly
s02813,Sophia Lewis,37,Female,Australia,3/20/2022,Free
s02814,Vihaan Miller,56,Other,USA,9/18/2021,Yearly
s02815,Mia Sharma,45,Other,Australia,5/8/2022,Free
s02816,Ethan Brown,25,Other,India,10/22/2019,Yearly
s02817,Meera Wilson,55,Male,Canada,8/15/2020,Monthly
s02818,Aarav Moore,20,Male,India,3/25/2022,Yearly
s02819,Ethan Moore,23,Other,USA,5/2/2022,Yearly
s02820,Ethan Martin,62,Male,Canada,12/30/2021,Monthly
s02821,Meera Smith,25,Male,Germany,3/29/2019,Monthly
s02822,Vihaan Johnson,27,Other,Australia,8/25/2019,Monthly
s02823,Meera Sharma,40,Female,UK,7/29/2019,Monthly
s02824,Arjun Smith,27,Other,Germany,10/6/2022,Yearly
s02825,Aanya Johnson,23,Male,Germany,2/25/2021,Monthly
s02826,Lucas Davis,18,Other,USA,12/3/2019,Free
s02827,Liam Thomas,29,Male,UK,3/5/2019,Monthly
s02828,Vihaan Hall,18,Other,USA,7/17/2022,Free
s02829,Meera Thomas,27,Female,Canada,4/23/2022,Monthly
s02830,Aanya Patel,22,Other,Australia,5/24/2019,Yearly
s02831,Ethan Anderson,18,Male,Germany,10/27/2022,Yearly
s02832,Sophia Martin,23,Male,India,7/20/2022,Monthly
s02833,Lucas Lee,24,Female,Germany,10/9/2019,Free
s02834,Amelia Smith,47,Female,Germany,3/15/2022,Free
s02835,Vihaan Clark,36,Female,Canada,7/20/2022,Monthly
s02836,Arjun Taylor,46,Male,UK,9/1/2019,Free
s02837,Aarav Martin,20,Male,Australia,9/20/2021,Monthly
s02838,Aanya Walker,19,Other,USA,2/11/2019,Free
s02839,Liam Anderson,25,Other,Australia,12/30/2021,Free
s02840,Emma Anderson,36,Female,Germany,7/10/2022,Free
s02841,Noah Lewis,22,Other,Canada,12/24/2022,Monthly
s02842,Karan Moore,27,Female,UK,9/13/2021,Free
s02843,Olivia Sharma,34,Female,India,7/16/2022,Monthly
s02844,Meera Walker,26,Male,India,8/1/2021,Free
s02845,Sophia Sharma,37,Other,UK,8/1/2022,Free
s02846,Arjun Lee,18,Other,USA,5/5/2021,Monthly
s02847,Ethan Hall,29,Male,UK,7/24/2019,Monthly
s02848,Karan Davis,45,Female,Australia,8/10/2021,Monthly
s02849,Liam Miller,38,Male,Germany,1/14/2020,Monthly
s02850,Vihaan Lee,24,Female,UK,7/26/2020,Monthly
s02851,Riya Patel,34,Other,UK,5/21/2021,Free
s02852,Mia Sharma,18,Male,Australia,10/19/2019,Free
s02853,Liam Taylor,18,Female,USA,12/9/2022,Yearly
s02854,Sophia Wilson,33,Female,Germany,4/25/2022,Free
s02855,Eva Lee,40,Other,Germany,11/13/2022,Monthly
s02856,Noah Lee,21,Female,Australia,7/11/2022,Yearly
s02857,Vihaan Sharma,25,Female,India,6/20/2022,Free
s02858,Sophia Wilson,24,Female,Canada,11/22/2019,Yearly
s02859,Olivia Moore,24,Male,UK,8/18/2019,Free
s02860,Ethan Miller,25,Male,India,10/20/2020,Monthly
s02861,Benjamin Thomas,20,Female,India,2/19/2021,Yearly
s02862,Olivia Moore,18,Other,USA,11/19/2022,Yearly
s02863,Zara Sharma,27,Male,UK,3/23/2020,Yearly
s02864,Meera Martin,47,Female,UK,8/16/2022,Free
s02865,Emma Moore,27,Female,USA,3/12/2022,Monthly
s02866,Aanya Hall,27,Male,India,2/28/2020,Yearly
s02867,Aarav Sharma,27,Female,Australia,10/12/2019,Yearly
s02868,Zara Walker,23,Female,India,10/19/2022,Monthly
s02869,Noah Davis,18,Female,UK,5/29/2021,Monthly
s02870,Olivia Martin,20,Other,Germany,6/13/2019,Yearly
s02871,Mia Smith,24,Female,UK,9/24/2022,Monthly
s02872,Zara Lewis,19,Other,USA,3/4/2022,Monthly
s02873,Emma Wilson,26,Other,USA,9/5/2022,Monthly
s02874,Olivia Hall,20,Male,India,7/3/2020,Yearly
s02875,Riya Wilson,24,Male,India,9/6/2022,Yearly
s02876,Zara Taylor,21,Other,UK,12/18/2019,Yearly
s02877,Mia Martin,45,Female,Australia,2/22/2019,Monthly
s02878,Olivia Taylor,25,Other,UK,3/31/2021,Free
s02879,Zara Verma,26,Other,Germany,11/21/2019,Free
s02880,Aarav Lewis,30,Other,USA,2/16/2020,Monthly
s02881,Olivia Anderson,39,Male,USA,9/27/2019,Yearly
s02882,Zara Johnson,18,Female,Canada,10/28/2021,Yearly
s02883,Arjun Walker,33,Female,Canada,7/2/2021,Yearly
s02884,Ethan Singh,34,Male,USA,2/9/2022,Yearly
s02885,Noah Anderson,36,Other,Germany,2/19/2021,Free
s02886,Mia Taylor,19,Other,Canada,6/15/2021,Free
s02887,Sophia Brown,42,Female,UK,11/8/2021,Free
s02888,Vihaan Johnson,18,Male,India,2/22/2022,Monthly
s02889,Sophia Walker,21,Female,Canada,12/5/2019,Monthly
s02890,Vihaan Sharma,24,Male,Australia,8/31/2020,Yearly
s02891,Amelia Patel,27,Male,Australia,4/30/2019,Free
s02892,Meera Brown,49,Other,Australia,3/16/2021,Monthly
s02893,Ethan Lewis,29,Other,Germany,10/24/2022,Yearly
s02894,Noah Sharma,21,Female,India,6/21/2019,Free
s02895,Amelia Miller,21,Other,Germany,4/28/2022,Monthly
s02896,Sophia Davis,22,Female,UK,9/29/2020,Free
s02897,Lucas Anderson,27,Male,UK,12/6/2021,Yearly
s02898,Arjun Thomas,46,Male,USA,6/14/2020,Yearly
s02899,Aanya Martin,43,Female,Canada,8/14/2022,Yearly
s02900,Vihaan Brown,30,Other,Germany,5/24/2020,Monthly
s02901,Ethan Patel,22,Other,Canada,12/9/2022,Free
s02902,Isabella Singh,47,Other,Germany,12/6/2021,Yearly
s02903,Vihaan Clark,23,Male,USA,9/10/2020,Free
s02904,Karan Smith,25,Other,India,11/11/2020,Yearly
s02905,Sophia Walker,25,Other,Germany,7/28/2022,Monthly
s02906,Arjun Patel,24,Male,Germany,9/28/2020,Free
s02907,Arjun Anderson,25,Male,Canada,7/19/2020,Free
s02908,Noah Smith,34,Female,USA,2/18/2019,Free
s02909,Aarav Singh,33,Male,Australia,8/11/2022,Yearly
s02910,Arjun Lewis,22,Male,USA,11/21/2021,Yearly
s02911,Lucas Moore,21,Female,Germany,4/20/2021,Yearly
s02912,Liam Patel,19,Other,Australia,2/9/2022,Monthly
s02913,Lucas Davis,27,Male,UK,12/8/2022,Monthly
s02914,Ethan Hall,21,Female,Australia,9/29/2021,Monthly
s02915,Vihaan Davis,23,Other,Canada,2/25/2022,Yearly
s02916,Amelia Johnson,52,Other,Australia,7/11/2020,Free
s02917,Vihaan Miller,39,Other,Canada,8/5/2021,Free
s02918,Benjamin Patel,37,Other,Germany,9/16/2022,Free
s02919,Sophia Brown,22,Female,USA,9/1/2022,Free
s02920,Isabella Patel,33,Female,Germany,5/1/2022,Monthly
s02921,Liam Moore,37,Other,Australia,8/14/2022,Yearly
s02922,Liam Thomas,23,Male,Canada,5/31/2022,Monthly
s02923,Riya Brown,26,Male,UK,6/15/2021,Free
s02924,Zara Brown,23,Male,Germany,5/23/2022,Monthly
s02925,Noah Brown,19,Female,USA,8/24/2019,Free
s02926,Arjun Johnson,21,Female,India,9/15/2020,Monthly
s02927,Arjun Wilson,18,Female,India,12/27/2020,Yearly
s02928,Noah Sharma,20,Female,Germany,8/18/2019,Free
s02929,Eva Hall,24,Other,Australia,3/13/2022,Yearly
s02930,Mia Brown,44,Male,Australia,10/23/2022,Monthly
s02931,Isabella Wilson,22,Female,UK,9/14/2019,Free
s02932,Karan Verma,19,Other,UK,12/2/2022,Free
s02933,Meera Hall,42,Male,India,9/8/2021,Yearly
s02934,Emma Sharma,18,Male,Canada,5/12/2020,Yearly
s02935,Karan Taylor,26,Other,Germany,12/20/2022,Free
s02936,Meera Clark,20,Male,India,3/13/2020,Yearly
s02937,Arjun Verma,18,Female,India,7/8/2019,Free
s02938,Noah Moore,18,Male,USA,8/26/2022,Monthly
s02939,Olivia Brown,25,Other,UK,10/1/2022,Yearly
s02940,Arjun Moore,43,Other,Canada,5/22/2019,Yearly
s02941,Zara Clark,20,Male,Australia,12/6/2019,Monthly
s02942,Liam Johnson,28,Male,Australia,3/9/2020,Free
s02943,Amelia Johnson,22,Female,Germany,8/1/2022,Free
s02944,Isabella Hall,19,Other,India,11/1/2021,Yearly
s02945,Ethan Taylor,42,Male,Germany,10/28/2021,Monthly
s02946,Noah Lewis,41,Female,USA,7/29/2021,Yearly
s02947,Karan Sharma,19,Female,Germany,10/29/2021,Free
s02948,Karan Verma,22,Female,India,8/26/2019,Monthly
s02949,Arjun Smith,22,Male,Canada,7/7/2019,Yearly
s02950,Isabella Davis,23,Other,India,5/30/2021,Monthly
s02951,Isabella Verma,19,Female,Australia,8/6/2020,Free
s02952,Vihaan Sharma,22,Male,USA,10/13/2020,Free
s02953,Mia Hall,42,Other,India,4/30/2020,Monthly
s02954,Aarav Brown,47,Female,Australia,11/26/2022,Yearly
s02955,Eva Taylor,21,Other,Canada,2/25/2021,Yearly
s02956,Mia Anderson,24,Female,Canada,12/3/2020,Free
s02957,Arjun Wilson,24,Male,India,10/13/2022,Free
s02958,Riya Walker,64,Male,India,5/29/2019,Free
s02959,Arjun Lewis,26,Other,India,4/4/2022,Yearly
s02960,Aanya Davis,19,Other,Germany,9/20/2021,Monthly
s02961,Noah Lewis,24,Male,UK,11/8/2022,Free
s02962,Liam Taylor,43,Female,USA,11/17/2019,Yearly
s02963,Eva Martin,18,Other,India,1/22/2020,Monthly
s02964,Eva Clark,67,Male,Australia,10/21/2019,Monthly
s02965,Noah Clark,45,Male,Canada,10/15/2019,Yearly
s02966,Vihaan Davis,61,Male,Germany,11/17/2020,Free
s02967,Emma Anderson,24,Male,USA,2/15/2020,Monthly
s02968,Aarav Hall,60,Female,India,4/26/2020,Monthly
s02969,Riya Verma,31,Male,UK,8/13/2020,Monthly
s02970,Mia Johnson,41,Other,USA,7/3/2022,Monthly
s02971,Emma Singh,21,Other,Canada,3/5/2019,Free
s02972,Eva Hall,26,Male,USA,4/25/2019,Monthly
s02973,Arjun Miller,31,Female,Canada,11/1/2020,Monthly
s02974,Karan Davis,21,Male,Australia,4/26/2022,Yearly
s02975,Eva Davis,66,Male,USA,10/13/2021,Yearly
s02976,Aanya Moore,28,Male,Canada,7/13/2022,Free
s02977,Meera Patel,25,Female,Australia,8/17/2019,Free
s02978,Benjamin Patel,44,Other,UK,8/29/2022,Yearly
s02979,Mia Wilson,20,Female,Australia,12/5/2019,Free
s02980,Aanya Miller,22,Male,USA,2/8/2022,Yearly
s02981,Aarav Patel,27,Other,UK,2/27/2022,Free
s02982,Zara Brown,19,Female,Canada,8/5/2019,Free
s02983,Noah Walker,25,Female,Australia,3/23/2021,Yearly
s02984,Zara Martin,18,Female,India,4/4/2020,Free
s02985,Zara Davis,20,Other,Canada,4/11/2022,Yearly
s02986,Arjun Patel,57,Male,Canada,10/18/2022,Monthly
s02987,Olivia Sharma,23,Female,Canada,7/28/2022,Free
s02988,Riya Patel,36,Other,USA,11/21/2021,Monthly
s02989,Noah Walker,27,Male,India,10/28/2020,Monthly
s02990,Arjun Miller,19,Female,India,12/16/2021,Yearly
s02991,Eva Lee,23,Male,USA,5/5/2021,Monthly
s02992,Karan Taylor,29,Female,Germany,9/26/2021,Yearly
s02993,Eva Thomas,28,Female,Germany,9/20/2022,Yearly
s02994,Aarav Sharma,46,Male,USA,7/29/2022,Free
s02995,Amelia Lewis,18,Female,Australia,4/6/2020,Yearly
s02996,Eva Hall,26,Other,Australia,10/3/2020,Yearly
s02997,Emma Lewis,44,Female,USA,6/14/2021,Monthly
s02998,Meera Martin,35,Other,Germany,4/9/2021,Free
s02999,Karan Clark,30,Other,India,9/11/2020,Monthly
s03000,Arjun Miller,23,Other,Germany,7/7/2021,Free
s03001,Karan Brown,25,Female,Australia,9/29/2019,Yearly
s03002,Vihaan Clark,26,Female,Canada,9/2/2021,Monthly
s03003,Riya Martin,21,Other,India,8/23/2020,Yearly
s03004,Arjun Johnson,22,Other,USA,11/28/2020,Yearly
s03005,Sophia Brown,34,Male,India,10/25/2022,Monthly
s03006,Benjamin Anderson,41,Male,Germany,10/3/2020,Yearly
s03007,Olivia Miller,26,Male,Canada,12/28/2021,Yearly
s03008,Meera Anderson,25,Other,Canada,7/13/2022,Yearly
s03009,Noah Verma,18,Female,India,12/19/2022,Yearly
s03010,Olivia Miller,28,Male,India,9/11/2022,Monthly
s03011,Ethan Anderson,24,Female,Australia,2/27/2019,Yearly
s03012,Riya Singh,18,Other,Germany,1/6/2022,Monthly
s03013,Noah Davis,23,Male,India,4/10/2022,Free
s03014,Meera Davis,21,Female,Australia,11/24/2021,Free
s03015,Amelia Miller,22,Male,Canada,10/22/2019,Free
s03016,Ethan Miller,18,Other,Australia,12/19/2022,Monthly
s03017,Ethan Verma,34,Other,UK,3/27/2022,Yearly
s03018,Karan Martin,21,Other,UK,6/30/2022,Free
s03019,Ethan Patel,34,Other,India,4/12/2022,Yearly
s03020,Noah Clark,39,Female,UK,3/20/2021,Free
s03021,Aanya Davis,23,Female,Germany,1/21/2022,Free
s03022,Karan Singh,24,Other,Germany,3/2/2019,Yearly
s03023,Liam Clark,27,Female,Canada,8/26/2021,Monthly
s03024,Benjamin Lewis,41,Female,India,1/18/2022,Free
s03025,Aanya Sharma,30,Male,Canada,7/21/2020,Yearly
s03026,Arjun Martin,31,Other,India,2/20/2022,Yearly
s03027,Zara Wilson,43,Female,UK,6/5/2022,Monthly
s03028,Karan Davis,45,Other,USA,4/7/2022,Free
s03029,Benjamin Lee,45,Other,USA,2/6/2019,Yearly
s03030,Olivia Lewis,40,Female,Canada,10/26/2019,Monthly
s03031,Mia Singh,66,Female,Australia,1/8/2021,Yearly
s03032,Zara Miller,47,Male,UK,6/2/2020,Yearly
s03033,Mia Smith,34,Male,India,11/7/2021,Yearly
s03034,Aarav Sharma,35,Other,UK,3/4/2022,Monthly
s03035,Meera Miller,25,Male,USA,4/19/2022,Free
s03036,Karan Walker,26,Other,UK,2/23/2020,Yearly
s03037,Aanya Smith,20,Male,Germany,7/18/2022,Monthly
s03038,Arjun Patel,47,Male,USA,3/14/2022,Free
s03039,Vihaan Hall,19,Other,Australia,8/13/2020,Yearly
s03040,Lucas Singh,23,Female,UK,6/14/2019,Yearly
s03041,Ethan Smith,22,Other,Germany,4/16/2021,Monthly
s03042,Lucas Johnson,26,Other,India,12/19/2022,Yearly
s03043,Olivia Sharma,34,Female,India,4/4/2020,Yearly
s03044,Zara Clark,47,Other,Germany,9/24/2019,Yearly
s03045,Zara Walker,24,Female,Australia,4/28/2020,Free
s03046,Vihaan Johnson,19,Female,Germany,4/4/2020,Monthly
s03047,Riya Smith,49,Male,Germany,1/24/2019,Monthly
s03048,Mia Moore,25,Male,Australia,10/13/2021,Monthly
s03049,Karan Smith,19,Female,India,5/31/2020,Free
s03050,Karan Lewis,47,Female,Canada,6/3/2021,Monthly
s03051,Amelia Moore,23,Female,USA,4/28/2021,Yearly
s03052,Lucas Wilson,58,Female,Germany,12/3/2021,Monthly
s03053,Aanya Patel,25,Other,Canada,2/22/2019,Free
s03054,Eva Davis,27,Other,Germany,1/23/2019,Monthly
s03055,Amelia Moore,23,Male,Canada,2/12/2019,Yearly
s03056,Olivia Lewis,21,Female,India,6/26/2021,Free
s03057,Eva Lewis,58,Other,USA,5/26/2019,Monthly
s03058,Isabella Sharma,34,Other,India,9/28/2021,Free
s03059,Noah Clark,26,Other,India,7/31/2020,Free
s03060,Noah Singh,26,Female,India,2/3/2020,Free
s03061,Sophia Anderson,27,Female,USA,8/31/2020,Monthly
s03062,Amelia Sharma,22,Other,Germany,10/5/2020,Free
s03063,Ethan Brown,23,Female,India,2/9/2021,Monthly
s03064,Liam Singh,27,Male,USA,5/28/2020,Free
s03065,Olivia Miller,23,Female,UK,9/9/2019,Yearly
s03066,Benjamin Verma,27,Other,Germany,9/3/2022,Monthly
s03067,Emma Patel,33,Other,Germany,5/24/2021,Yearly
s03068,Karan Patel,31,Female,Germany,2/12/2022,Free
s03069,Liam Patel,26,Male,USA,8/7/2022,Free
s03070,Lucas Walker,20,Male,India,9/19/2019,Yearly
s03071,Zara Johnson,46,Female,India,4/21/2020,Monthly
s03072,Riya Thomas,24,Female,India,9/23/2020,Free
s03073,Karan Walker,36,Female,India,4/23/2020,Monthly
s03074,Riya Johnson,39,Male,UK,2/19/2019,Monthly
s03075,Sophia Anderson,19,Female,USA,7/6/2022,Free
s03076,Emma Johnson,19,Female,USA,5/2/2022,Free
s03077,Vihaan Lewis,26,Female,Canada,12/13/2019,Yearly
s03078,Liam Miller,21,Male,Australia,8/18/2022,Free
s03079,Noah Lewis,24,Male,Germany,5/31/2020,Monthly
s03080,Ethan Lee,20,Male,UK,7/27/2019,Monthly
s03081,Aarav Lee,24,Other,India,4/16/2020,Yearly
s03082,Vihaan Patel,21,Other,Canada,6/29/2020,Yearly
s03083,Liam Smith,60,Female,Canada,3/15/2021,Monthly
s03084,Lucas Wilson,23,Male,India,3/22/2022,Free
s03085,Liam Patel,26,Female,UK,10/21/2019,Free
s03086,Zara Thomas,25,Male,India,12/7/2020,Yearly
s03087,Eva Taylor,24,Male,Canada,3/23/2021,Free
s03088,Arjun Walker,23,Female,UK,5/20/2019,Free
s03089,Noah Verma,61,Female,Australia,5/14/2019,Yearly
s03090,Emma Davis,20,Male,USA,3/14/2019,Free
s03091,Isabella Hall,32,Other,Canada,9/24/2019,Free
s03092,Liam Patel,18,Male,USA,1/4/2020,Yearly
s03093,Noah Taylor,27,Other,Canada,11/7/2021,Free
s03094,Liam Moore,27,Other,UK,7/31/2020,Monthly
s03095,Riya Lewis,21,Female,Australia,11/28/2020,Yearly
s03096,Olivia Moore,26,Female,Germany,3/27/2022,Monthly
s03097,Olivia Smith,23,Female,Germany,4/26/2019,Monthly
s03098,Eva Singh,26,Male,UK,8/26/2021,Monthly
s03099,Amelia Miller,18,Male,Australia,10/17/2022,Free
s03100,Aanya Sharma,40,Female,India,4/12/2021,Free
s03101,Arjun Sharma,39,Other,Australia,7/18/2019,Monthly
s03102,Aanya Martin,26,Female,Canada,4/11/2021,Monthly
s03103,Emma Wilson,41,Female,USA,1/9/2020,Monthly
s03104,Mia Martin,22,Male,Germany,2/9/2021,Free
s03105,Amelia Lewis,45,Male,UK,6/10/2020,Monthly
s03106,Arjun Moore,20,Other,India,2/15/2022,Monthly
s03107,Meera Brown,25,Female,UK,1/25/2019,Monthly
s03108,Aarav Sharma,18,Other,Australia,11/14/2021,Free
s03109,Aanya Patel,48,Female,UK,10/25/2019,Monthly
s03110,Noah Lewis,21,Other,Canada,6/23/2021,Free
s03111,Aanya Singh,38,Female,USA,6/6/2022,Monthly
s03112,Mia Hall,21,Other,Australia,7/29/2020,Free
s03113,Noah Johnson,24,Female,UK,5/1/2020,Free
s03114,Eva Clark,21,Female,Canada,8/25/2020,Yearly
s03115,Eva Wilson,20,Male,India,5/27/2021,Free
s03116,Arjun Wilson,46,Female,Germany,7/8/2022,Yearly
s03117,Arjun Wilson,22,Female,UK,7/2/2022,Free
s03118,Eva Walker,31,Other,USA,11/21/2020,Free
s03119,Ethan Wilson,54,Female,USA,9/13/2022,Yearly
s03120,Zara Clark,19,Female,Australia,6/7/2021,Yearly
s03121,Karan Singh,30,Male,Australia,5/10/2019,Free
s03122,Zara Hall,29,Other,USA,10/18/2019,Monthly
s03123,Sophia Johnson,27,Other,UK,10/19/2022,Free
s03124,Mia Brown,25,Male,India,4/5/2022,Yearly
s03125,Sophia Hall,46,Female,India,7/11/2021,Monthly
s03126,Mia Verma,39,Other,Canada,7/13/2021,Yearly
s03127,Ethan Hall,32,Other,USA,10/23/2022,Yearly
s03128,Aarav Thomas,23,Female,India,4/26/2022,Yearly
s03129,Amelia Taylor,25,Female,Germany,8/19/2022,Monthly
s03130,Karan Verma,18,Male,USA,3/11/2019,Yearly
s03131,Emma Patel,34,Other,UK,2/22/2019,Monthly
s03132,Aarav Davis,24,Female,Australia,11/21/2022,Yearly
s03133,Karan Thomas,20,Female,USA,11/30/2019,Monthly
s03134,Isabella Smith,39,Other,USA,12/23/2019,Yearly
s03135,Liam Verma,24,Female,USA,6/9/2020,Free
s03136,Zara Singh,18,Male,UK,5/19/2021,Free
s03137,Olivia Smith,27,Male,India,12/8/2021,Monthly
s03138,Ethan Wilson,25,Other,Germany,4/13/2022,Yearly
s03139,Isabella Hall,26,Male,UK,12/2/2021,Monthly
s03140,Karan Lee,31,Female,Australia,2/7/2022,Free
s03141,Amelia Brown,20,Female,Australia,12/29/2019,Yearly
s03142,Lucas Thomas,32,Female,India,6/7/2019,Yearly
s03143,Liam Davis,23,Other,India,7/14/2020,Free
s03144,Eva Walker,26,Male,Germany,1/9/2019,Free
s03145,Zara Martin,27,Other,India,11/25/2019,Yearly
s03146,Liam Wilson,26,Other,Australia,5/19/2019,Free
s03147,Benjamin Patel,18,Male,India,10/14/2022,Free
s03148,Liam Martin,25,Female,India,4/15/2020,Yearly
s03149,Sophia Davis,22,Male,India,4/9/2021,Monthly
s03150,Zara Patel,47,Male,USA,4/6/2022,Monthly
s03151,Benjamin Patel,20,Other,USA,9/21/2020,Free
s03152,Riya Singh,40,Other,Australia,3/22/2021,Monthly
s03153,Karan Patel,43,Male,Germany,2/17/2020,Monthly
s03154,Karan Sharma,23,Male,UK,3/10/2020,Free
s03155,Lucas Anderson,36,Female,Canada,2/1/2021,Yearly
s03156,Karan Verma,58,Other,UK,5/24/2019,Yearly
s03157,Isabella Sharma,26,Male,UK,2/2/2021,Monthly
s03158,Emma Thomas,27,Male,UK,9/29/2019,Monthly
s03159,Eva Miller,22,Female,Canada,1/29/2020,Monthly
s03160,Eva Wilson,23,Other,Australia,7/3/2021,Monthly
s03161,Emma Taylor,29,Male,India,7/14/2020,Free
s03162,Aarav Lee,37,Male,Australia,9/5/2021,Free
s03163,Meera Johnson,32,Female,Germany,2/2/2021,Monthly
s03164,Vihaan Johnson,44,Male,Germany,12/8/2022,Free
s03165,Eva Wilson,27,Other,Canada,7/6/2021,Free
s03166,Amelia Anderson,36,Other,Australia,4/10/2020,Monthly
s03167,Amelia Clark,19,Other,USA,7/18/2020,Yearly
s03168,Zara Johnson,34,Male,UK,7/31/2020,Yearly
s03169,Benjamin Anderson,20,Other,Australia,7/31/2021,Free
s03170,Karan Smith,38,Other,India,8/24/2022,Monthly
s03171,Arjun Moore,34,Other,India,8/10/2022,Monthly
s03172,Meera Walker,19,Male,Canada,4/30/2020,Monthly
s03173,Mia Moore,40,Other,India,9/13/2020,Yearly
s03174,Eva Clark,24,Female,Canada,12/23/2021,Free
s03175,Isabella Lewis,40,Female,UK,3/8/2020,Monthly
s03176,Aanya Brown,19,Male,Canada,8/8/2022,Monthly
s03177,Lucas Johnson,20,Female,Canada,12/8/2019,Monthly
s03178,Liam Thomas,25,Female,USA,11/21/2021,Yearly
s03179,Karan Smith,18,Other,Australia,5/31/2019,Yearly
s03180,Emma Miller,34,Male,UK,5/26/2021,Free
s03181,Mia Taylor,39,Female,UK,5/21/2021,Yearly
s03182,Isabella Anderson,24,Female,Canada,3/27/2022,Yearly
s03183,Noah Miller,24,Female,USA,8/10/2022,Yearly
s03184,Eva Brown,24,Female,USA,2/10/2022,Yearly
s03185,Eva Clark,52,Other,UK,7/14/2022,Monthly
s03186,Mia Anderson,31,Other,Canada,9/6/2021,Free
s03187,Benjamin Taylor,57,Other,Germany,11/4/2019,Free
s03188,Sophia Singh,20,Female,Canada,3/10/2020,Free
s03189,Emma Sharma,27,Female,UK,7/30/2019,Free
s03190,Aanya Taylor,29,Female,Germany,4/1/2021,Free
s03191,Mia Lewis,22,Female,Canada,9/4/2020,Monthly
s03192,Isabella Singh,42,Other,Australia,6/25/2019,Yearly
s03193,Sophia Davis,24,Female,Germany,10/9/2022,Free
s03194,Amelia Wilson,22,Female,UK,3/15/2022,Free
s03195,Amelia Verma,54,Other,Australia,8/31/2020,Free
s03196,Ethan Patel,21,Other,Australia,1/29/2020,Free
s03197,Arjun Sharma,65,Female,India,2/6/2020,Yearly
s03198,Olivia Smith,23,Female,UK,11/29/2019,Yearly
s03199,Vihaan Lewis,18,Female,India,2/20/2020,Monthly
s03200,Amelia Davis,44,Other,Australia,2/26/2019,Monthly
s03201,Riya Brown,67,Other,Canada,11/22/2022,Yearly
s03202,Ethan Johnson,34,Other,Canada,8/29/2022,Monthly
s03203,Eva Clark,51,Male,UK,10/2/2022,Monthly
s03204,Amelia Moore,19,Female,Germany,4/11/2019,Free
s03205,Liam Davis,60,Other,USA,3/31/2020,Yearly
s03206,Vihaan Smith,26,Male,Australia,1/23/2021,Free
s03207,Aarav Anderson,27,Other,Australia,6/6/2019,Free
s03208,Lucas Hall,31,Male,Australia,8/30/2019,Yearly
s03209,Noah Smith,39,Female,Australia,12/19/2019,Yearly
s03210,Zara Anderson,24,Male,Germany,12/24/2020,Yearly
s03211,Sophia Walker,25,Other,UK,1/15/2019,Monthly
s03212,Zara Verma,19,Female,Germany,9/21/2021,Free
s03213,Aarav Thomas,24,Female,Canada,9/21/2019,Yearly
s03214,Ethan Clark,20,Other,India,8/1/2022,Yearly
s03215,Vihaan Moore,26,Female,UK,7/12/2020,Monthly
s03216,Karan Hall,28,Female,India,1/13/2022,Yearly
s03217,Emma Miller,38,Male,UK,7/25/2019,Monthly
s03218,Isabella Davis,38,Male,UK,6/5/2022,Monthly
s03219,Arjun Moore,20,Other,Germany,2/24/2020,Yearly
s03220,Zara Brown,29,Other,Germany,11/19/2019,Monthly
s03221,Isabella Miller,20,Male,Australia,1/29/2020,Yearly
s03222,Noah Clark,23,Other,Germany,10/20/2022,Free
s03223,Karan Singh,46,Male,USA,11/12/2020,Yearly
s03224,Liam Singh,27,Male,UK,2/8/2020,Monthly
s03225,Arjun Anderson,43,Female,Germany,6/22/2019,Yearly
s03226,Olivia Davis,24,Male,UK,4/4/2021,Yearly
s03227,Liam Walker,33,Male,USA,10/12/2022,Yearly
s03228,Lucas Taylor,20,Female,Australia,3/14/2022,Yearly
s03229,Sophia Wilson,40,Other,Canada,10/7/2019,Free
s03230,Amelia Lewis,59,Male,Germany,12/14/2020,Yearly
s03231,Benjamin Clark,49,Female,India,10/28/2021,Monthly
s03232,Vihaan Lee,27,Female,Germany,4/7/2022,Monthly
s03233,Olivia Patel,26,Other,USA,2/24/2019,Free
s03234,Isabella Sharma,26,Other,India,3/22/2022,Yearly
s03235,Isabella Sharma,40,Other,India,4/6/2022,Yearly
s03236,Liam Patel,31,Other,India,6/12/2019,Free
s03237,Emma Verma,20,Female,USA,2/22/2020,Free
s03238,Olivia Clark,23,Female,India,11/7/2022,Free
s03239,Noah Lee,26,Other,Germany,1/15/2021,Free
s03240,Vihaan Sharma,27,Male,Canada,11/16/2020,Monthly
s03241,Meera Singh,65,Other,Canada,8/4/2019,Monthly
s03242,Arjun Wilson,58,Other,Germany,12/15/2022,Yearly
s03243,Riya Anderson,23,Male,UK,6/19/2022,Free
s03244,Noah Lee,42,Male,Germany,4/30/2022,Yearly
s03245,Benjamin Smith,37,Other,USA,1/24/2021,Yearly
s03246,Emma Taylor,18,Other,Australia,9/29/2019,Monthly
s03247,Amelia Lewis,37,Female,USA,1/10/2021,Yearly
s03248,Sophia Lee,56,Female,Canada,11/6/2020,Free
s03249,Eva Brown,20,Female,Germany,4/11/2020,Yearly
s03250,Meera Miller,45,Other,Germany,2/20/2020,Free
s03251,Benjamin Sharma,27,Male,Canada,3/8/2022,Yearly
s03252,Noah Martin,22,Other,Australia,1/8/2020,Free
s03253,Karan Brown,22,Male,India,10/31/2022,Yearly
s03254,Eva Smith,19,Other,Germany,2/6/2019,Yearly
s03255,Karan Wilson,38,Other,India,11/14/2022,Free
s03256,Benjamin Sharma,18,Female,India,12/18/2019,Monthly
s03257,Mia Anderson,60,Other,Australia,1/25/2021,Free
s03258,Mia Hall,18,Other,Germany,4/10/2020,Monthly
s03259,Ethan Wilson,47,Other,USA,3/19/2019,Monthly
s03260,Aanya Miller,23,Female,Australia,2/2/2021,Yearly
s03261,Karan Singh,29,Male,India,6/20/2022,Yearly
s03262,Lucas Taylor,32,Female,UK,6/2/2019,Yearly
s03263,Emma Johnson,46,Other,Germany,1/11/2022,Free
s03264,Mia Smith,33,Male,India,10/2/2019,Yearly
s03265,Sophia Walker,23,Male,USA,6/13/2022,Free
s03266,Liam Smith,23,Male,UK,2/3/2020,Yearly
s03267,Karan Brown,30,Female,Australia,4/21/2020,Yearly
s03268,Aanya Anderson,37,Male,USA,2/18/2019,Yearly
s03269,Meera Thomas,44,Male,USA,1/18/2022,Free
s03270,Liam Davis,46,Male,USA,11/3/2022,Monthly
s03271,Olivia Martin,20,Other,Australia,10/7/2019,Free
s03272,Aanya Moore,25,Male,Germany,9/5/2021,Free
s03273,Isabella Taylor,50,Other,USA,1/8/2020,Yearly
s03274,Isabella Brown,26,Female,India,5/16/2020,Free
s03275,Meera Moore,46,Male,Germany,12/2/2022,Yearly
s03276,Ethan Moore,22,Other,Canada,3/20/2022,Free
s03277,Benjamin Hall,60,Female,India,12/6/2019,Yearly
s03278,Vihaan Hall,36,Male,UK,3/4/2021,Monthly
s03279,Liam Lee,19,Male,Germany,2/11/2021,Yearly
s03280,Zara Walker,22,Other,USA,1/12/2021,Monthly
s03281,Liam Patel,27,Male,UK,11/25/2021,Yearly
s03282,Liam Brown,43,Male,Germany,10/31/2020,Monthly
s03283,Eva Moore,28,Other,Germany,8/10/2021,Yearly
s03284,Aanya Sharma,24,Other,Australia,9/10/2019,Yearly
s03285,Isabella Moore,21,Other,Canada,3/15/2020,Monthly
s03286,Sophia Singh,18,Male,Canada,5/19/2021,Monthly
s03287,Lucas Miller,61,Other,Canada,3/31/2020,Monthly
s03288,Lucas Smith,27,Female,USA,4/8/2022,Monthly
s03289,Lucas Lewis,47,Female,UK,9/1/2022,Yearly
s03290,Lucas Patel,30,Other,Germany,6/9/2020,Monthly
s03291,Karan Singh,33,Male,Germany,1/30/2021,Monthly
s03292,Noah Martin,20,Male,India,1/4/2020,Free
s03293,Benjamin Anderson,24,Other,Canada,6/22/2019,Monthly
s03294,Zara Martin,24,Other,UK,12/13/2020,Yearly
s03295,Arjun Brown,18,Other,India,9/14/2021,Free
s03296,Mia Hall,24,Male,India,6/14/2019,Monthly
s03297,Sophia Singh,40,Other,USA,8/31/2020,Free
s03298,Lucas Martin,24,Other,India,12/1/2022,Yearly
s03299,Lucas Taylor,36,Male,Germany,4/2/2019,Monthly
s03300,Karan Miller,25,Female,Australia,6/23/2021,Yearly
s03301,Arjun Clark,19,Female,India,9/17/2020,Yearly
s03302,Aarav Patel,55,Other,Australia,11/2/2019,Free
s03303,Aarav Martin,43,Female,Canada,5/11/2021,Yearly
s03304,Meera Lewis,37,Other,India,6/23/2019,Free
s03305,Vihaan Davis,57,Female,Australia,10/12/2022,Free
s03306,Olivia Wilson,57,Other,India,8/9/2022,Monthly
s03307,Riya Clark,40,Other,UK,11/2/2019,Monthly
s03308,Zara Lewis,33,Female,USA,11/25/2021,Monthly
s03309,Ethan Lee,23,Other,Germany,4/2/2021,Monthly
s03310,Karan Johnson,19,Male,Germany,9/8/2021,Yearly
s03311,Benjamin Clark,43,Other,Germany,9/28/2019,Monthly
s03312,Eva Johnson,31,Female,Canada,8/16/2020,Monthly
s03313,Riya Taylor,19,Other,USA,12/7/2022,Monthly
s03314,Olivia Wilson,47,Male,Canada,1/15/2019,Free
s03315,Mia Wilson,56,Male,USA,1/25/2019,Free
s03316,Emma Smith,46,Male,UK,9/5/2022,Yearly
s03317,Ethan Patel,26,Male,Canada,4/8/2019,Free
s03318,Lucas Brown,27,Male,Germany,8/3/2022,Monthly
s03319,Riya Johnson,27,Female,India,2/4/2021,Free
s03320,Ethan Moore,24,Other,Canada,12/14/2020,Yearly
s03321,Mia Singh,25,Female,India,8/25/2020,Free
s03322,Zara Anderson,22,Other,USA,9/25/2020,Yearly
s03323,Arjun Verma,21,Female,UK,12/23/2020,Yearly
s03324,Vihaan Patel,20,Male,India,9/13/2019,Free
s03325,Olivia Taylor,24,Male,UK,8/20/2020,Monthly
s03326,Aarav Anderson,20,Other,Canada,10/30/2019,Yearly
s03327,Amelia Clark,18,Male,Australia,8/5/2022,Monthly
s03328,Isabella Wilson,18,Other,UK,12/8/2019,Free
s03329,Karan Miller,58,Female,India,12/21/2020,Free
s03330,Sophia Miller,47,Female,USA,8/20/2021,Yearly
s03331,Ethan Anderson,44,Male,UK,9/26/2021,Monthly
s03332,Karan Singh,18,Other,India,10/10/2020,Free
s03333,Emma Johnson,23,Male,USA,4/3/2022,Free
s03334,Zara Verma,20,Male,Australia,11/3/2021,Yearly
s03335,Isabella Smith,35,Male,USA,7/6/2020,Free
s03336,Ethan Lewis,60,Female,UK,1/14/2021,Yearly
s03337,Arjun Anderson,27,Male,Germany,5/23/2021,Monthly
s03338,Zara Thomas,25,Female,USA,8/27/2021,Free
s03339,Lucas Moore,19,Female,India,9/4/2021,Yearly
s03340,Isabella Thomas,18,Male,USA,1/17/2021,Yearly
s03341,Benjamin Sharma,35,Male,UK,11/26/2021,Monthly
s03342,Emma Sharma,20,Other,India,4/4/2020,Free
s03343,Lucas Wilson,30,Male,UK,12/26/2020,Monthly
s03344,Benjamin Lee,38,Male,India,12/18/2021,Free
s03345,Karan Johnson,23,Female,Canada,8/2/2021,Free
s03346,Arjun Miller,28,Male,USA,4/25/2020,Yearly
s03347,Liam Miller,32,Other,Germany,4/9/2021,Yearly
s03348,Benjamin Lewis,27,Male,Germany,3/20/2021,Monthly
s03349,Aanya Lee,25,Other,Canada,4/3/2021,Monthly
s03350,Benjamin Anderson,46,Male,UK,3/25/2021,Free
s03351,Emma Martin,18,Other,Australia,6/5/2019,Yearly
s03352,Olivia Thomas,20,Other,UK,2/28/2022,Monthly
s03353,Noah Hall,18,Female,Australia,2/20/2019,Free
s03354,Olivia Smith,19,Female,India,8/11/2019,Monthly
s03355,Zara Brown,54,Other,USA,6/30/2021,Monthly
s03356,Zara Singh,25,Other,Canada,6/4/2019,Yearly
s03357,Vihaan Anderson,27,Other,Australia,4/5/2021,Yearly
s03358,Arjun Clark,64,Other,Canada,1/31/2022,Free
s03359,Riya Miller,46,Other,Australia,7/25/2020,Yearly
s03360,Benjamin Brown,24,Other,USA,2/3/2021,Monthly
s03361,Emma Brown,38,Male,UK,3/30/2022,Yearly
s03362,Arjun Martin,27,Other,Australia,4/17/2019,Yearly
s03363,Mia Taylor,21,Male,Australia,2/18/2021,Free
s03364,Emma Thomas,23,Other,Australia,10/5/2022,Yearly
s03365,Zara Martin,27,Other,India,10/19/2019,Yearly
s03366,Ethan Brown,26,Male,India,1/24/2021,Yearly
s03367,Vihaan Taylor,23,Male,Germany,3/29/2019,Yearly
s03368,Lucas Sharma,29,Male,Canada,2/5/2019,Yearly
s03369,Vihaan Thomas,29,Female,UK,5/19/2019,Monthly
s03370,Amelia Anderson,46,Male,India,5/16/2021,Monthly
s03371,Olivia Wilson,18,Male,India,10/15/2021,Yearly
s03372,Aarav Martin,24,Male,UK,11/8/2019,Monthly
s03373,Aanya Brown,19,Male,Australia,7/3/2021,Monthly
s03374,Aanya Miller,33,Male,India,4/27/2020,Free
s03375,Zara Taylor,27,Other,USA,8/7/2021,Free
s03376,Aanya Sharma,22,Female,Australia,9/24/2021,Free
s03377,Isabella Singh,25,Female,Australia,9/8/2021,Free
s03378,Noah Sharma,27,Female,Germany,5/22/2022,Free
s03379,Eva Lewis,27,Male,Germany,5/28/2020,Free
s03380,Isabella Davis,18,Other,UK,6/22/2019,Free
s03381,Eva Johnson,27,Male,UK,11/7/2020,Free
s03382,Meera Thomas,45,Female,Australia,1/16/2022,Monthly
s03383,Vihaan Sharma,27,Male,Australia,10/28/2020,Yearly
s03384,Benjamin Davis,57,Male,India,7/10/2022,Monthly
s03385,Ethan Verma,27,Female,UK,3/4/2021,Yearly
s03386,Lucas Verma,26,Female,Canada,9/1/2020,Yearly
s03387,Meera Smith,23,Male,Canada,7/6/2020,Free
s03388,Lucas Taylor,19,Female,Canada,5/30/2019,Monthly
s03389,Ethan Taylor,22,Other,Germany,2/11/2022,Yearly
s03390,Vihaan Brown,31,Other,UK,3/27/2022,Yearly
s03391,Liam Davis,18,Male,Germany,12/13/2021,Monthly
s03392,Vihaan Singh,20,Female,Germany,10/28/2020,Monthly
s03393,Noah Miller,19,Other,UK,5/9/2020,Monthly
s03394,Aarav Davis,35,Male,USA,10/23/2020,Free
s03395,Olivia Johnson,47,Male,UK,11/21/2021,Free
s03396,Emma Singh,22,Other,Germany,12/29/2021,Yearly
s03397,Noah Verma,31,Other,Germany,2/14/2021,Yearly
s03398,Eva Martin,19,Male,UK,1/16/2019,Yearly
s03399,Lucas Verma,26,Female,India,6/17/2021,Yearly
s03400,Ethan Lee,18,Male,USA,1/2/2019,Yearly
s03401,Noah Singh,26,Male,Germany,1/9/2022,Yearly
s03402,Vihaan Martin,66,Female,Australia,6/12/2022,Monthly
s03403,Eva Moore,62,Female,USA,5/28/2022,Monthly
s03404,Meera Smith,24,Female,UK,8/6/2021,Monthly
s03405,Olivia Lewis,63,Other,India,6/26/2019,Monthly
s03406,Olivia Smith,19,Other,UK,11/5/2022,Free
s03407,Karan Anderson,18,Other,UK,12/10/2019,Free
s03408,Aarav Hall,47,Female,Canada,1/28/2021,Yearly
s03409,Aanya Davis,30,Male,India,4/10/2022,Yearly
s03410,Arjun Hall,66,Female,UK,9/12/2019,Monthly
s03411,Riya Hall,24,Female,Germany,10/26/2019,Free
s03412,Arjun Anderson,18,Other,India,11/13/2019,Yearly
s03413,Riya Walker,26,Female,Germany,9/21/2022,Monthly
s03414,Emma Patel,23,Male,Germany,2/24/2021,Monthly
s03415,Mia Clark,65,Female,Australia,8/19/2019,Yearly
s03416,Noah Patel,27,Other,India,5/20/2019,Yearly
s03417,Mia Anderson,43,Female,India,1/12/2020,Monthly
s03418,Aarav Johnson,18,Female,Germany,1/8/2019,Monthly
s03419,Ethan Sharma,22,Female,India,11/3/2021,Monthly
s03420,Aarav Lewis,24,Female,UK,7/22/2020,Monthly
s03421,Riya Anderson,21,Female,USA,2/13/2021,Monthly
s03422,Zara Miller,21,Female,Germany,2/4/2021,Free
s03423,Lucas Sharma,21,Male,Germany,4/3/2021,Monthly
s03424,Mia Lee,44,Other,Australia,8/6/2019,Monthly
s03425,Liam Verma,33,Male,Germany,9/8/2019,Monthly
s03426,Riya Wilson,18,Other,India,1/19/2022,Monthly
s03427,Isabella Clark,60,Female,Germany,5/17/2019,Free
s03428,Arjun Johnson,36,Male,Canada,8/13/2022,Yearly
s03429,Olivia Wilson,26,Male,Canada,7/2/2019,Free
s03430,Isabella Patel,27,Male,Canada,12/21/2022,Free
s03431,Mia Martin,23,Other,UK,10/13/2020,Monthly
s03432,Mia Thomas,47,Other,Germany,7/27/2021,Free
s03433,Zara Verma,21,Other,Canada,6/10/2022,Free
s03434,Zara Lewis,23,Other,Canada,5/8/2020,Monthly
s03435,Eva Wilson,28,Female,Australia,8/18/2020,Free
s03436,Olivia Anderson,19,Other,Germany,6/14/2019,Monthly
s03437,Aanya Davis,23,Other,Australia,12/21/2022,Monthly
s03438,Isabella Lewis,44,Other,UK,5/3/2021,Yearly
s03439,Emma Davis,67,Other,Germany,2/24/2019,Yearly
s03440,Sophia Smith,19,Male,Germany,6/24/2019,Free
s03441,Noah Verma,24,Male,USA,5/21/2019,Monthly
s03442,Mia Johnson,22,Male,Canada,8/28/2020,Monthly
s03443,Riya Moore,29,Other,Germany,10/15/2019,Yearly
s03444,Olivia Lewis,34,Male,UK,9/9/2022,Yearly
s03445,Olivia Thomas,30,Male,Canada,10/30/2022,Monthly
s03446,Liam Verma,26,Male,USA,10/28/2020,Monthly
s03447,Karan Anderson,65,Other,USA,4/14/2019,Monthly
s03448,Olivia Lee,23,Male,India,2/8/2022,Yearly
s03449,Benjamin Verma,36,Other,India,7/11/2019,Free
s03450,Benjamin Davis,21,Female,UK,11/8/2020,Yearly
s03451,Arjun Singh,26,Male,India,5/12/2022,Monthly
s03452,Sophia Lewis,21,Female,UK,3/17/2021,Free
s03453,Mia Lee,19,Other,Australia,5/22/2020,Monthly
s03454,Lucas Moore,27,Male,Germany,4/12/2020,Yearly
s03455,Meera Lewis,20,Other,UK,1/23/2019,Free
s03456,Benjamin Taylor,56,Other,UK,8/12/2020,Yearly
s03457,Meera Smith,26,Female,USA,6/27/2020,Yearly
s03458,Ethan Wilson,21,Other,Germany,5/24/2020,Free
s03459,Meera Taylor,18,Other,USA,6/29/2020,Monthly
s03460,Meera Anderson,47,Other,UK,11/22/2020,Monthly
s03461,Zara Davis,43,Male,Germany,12/8/2019,Yearly
s03462,Emma Smith,37,Female,India,5/8/2019,Yearly
s03463,Olivia Lewis,32,Male,USA,2/27/2022,Yearly
s03464,Arjun Johnson,20,Male,Germany,11/12/2019,Yearly
s03465,Meera Patel,23,Other,India,4/1/2019,Monthly
s03466,Emma Walker,19,Other,Germany,3/12/2020,Monthly
s03467,Liam Sharma,52,Female,Germany,7/9/2021,Yearly
s03468,Aanya Taylor,21,Male,USA,4/2/2021,Yearly
s03469,Vihaan Hall,25,Other,Australia,5/18/2019,Free
s03470,Karan Martin,39,Other,Australia,11/27/2021,Monthly
s03471,Mia Smith,46,Male,Canada,11/18/2021,Free
s03472,Zara Sharma,26,Male,Australia,8/12/2020,Monthly
s03473,Benjamin Lee,20,Other,Germany,6/25/2019,Free
s03474,Sophia Singh,22,Other,India,8/2/2021,Monthly
s03475,Aanya Lee,31,Female,Germany,5/13/2022,Free
s03476,Benjamin Sharma,28,Male,Australia,1/12/2022,Monthly
s03477,Vihaan Moore,22,Other,Germany,8/9/2022,Yearly
s03478,Isabella Smith,61,Female,India,7/28/2021,Monthly
s03479,Riya Singh,34,Other,Australia,6/4/2022,Free
s03480,Eva Hall,20,Male,Canada,11/25/2021,Yearly
s03481,Arjun Taylor,29,Male,UK,10/1/2022,Monthly
s03482,Arjun Clark,26,Other,Canada,9/18/2020,Free
s03483,Benjamin Walker,19,Female,Australia,6/16/2022,Yearly
s03484,Eva Patel,56,Male,India,12/26/2019,Free
s03485,Riya Thomas,18,Female,Australia,12/15/2021,Yearly
s03486,Amelia Anderson,27,Other,Australia,7/7/2022,Monthly
s03487,Amelia Anderson,25,Female,USA,4/30/2020,Yearly
s03488,Isabella Patel,18,Male,Germany,11/10/2019,Yearly
s03489,Mia Verma,55,Female,Australia,4/23/2019,Free
s03490,Eva Brown,22,Male,USA,5/7/2019,Yearly
s03491,Vihaan Moore,20,Female,UK,10/20/2022,Yearly
s03492,Emma Lewis,20,Female,Canada,8/10/2019,Monthly
s03493,Olivia Patel,27,Female,Germany,12/30/2019,Monthly
s03494,Olivia Moore,41,Other,Germany,3/17/2022,Free
s03495,Emma Patel,22,Male,Germany,10/25/2022,Monthly
s03496,Liam Wilson,20,Female,Canada,4/22/2019,Monthly
s03497,Emma Lewis,40,Female,India,12/24/2022,Yearly
s03498,Liam Davis,42,Female,Australia,4/2/2019,Yearly
s03499,Lucas Anderson,47,Other,Canada,7/10/2020,Free
s03500,Meera Patel,43,Female,Germany,8/23/2020,Yearly
s03501,Isabella Brown,23,Male,Australia,4/29/2022,Monthly
s03502,Liam Singh,24,Other,USA,11/1/2022,Free
s03503,Emma Taylor,26,Male,Germany,9/25/2019,Monthly
s03504,Noah Miller,20,Other,Canada,12/12/2021,Monthly
s03505,Zara Walker,32,Male,Germany,3/14/2019,Free
s03506,Sophia Brown,38,Female,USA,12/27/2022,Yearly
s03507,Liam Davis,45,Other,Australia,6/17/2022,Yearly
s03508,Isabella Sharma,18,Other,UK,11/21/2021,Free
s03509,Olivia Sharma,28,Other,Canada,10/7/2022,Yearly
s03510,Aarav Hall,35,Other,UK,10/12/2021,Monthly
s03511,Karan Hall,35,Male,India,9/19/2020,Yearly
s03512,Ethan Martin,26,Female,India,4/21/2020,Monthly
s03513,Benjamin Johnson,19,Other,Australia,5/11/2022,Free
s03514,Mia Patel,38,Other,UK,10/10/2022,Free
s03515,Aanya Hall,25,Male,UK,4/5/2022,Yearly
s03516,Ethan Lee,24,Male,UK,10/26/2022,Free
s03517,Arjun Wilson,21,Other,UK,9/21/2020,Yearly
s03518,Olivia Walker,27,Female,USA,8/22/2019,Yearly
s03519,Karan Lewis,39,Male,India,7/21/2021,Yearly
s03520,Emma Verma,51,Male,UK,4/8/2021,Free
s03521,Aarav Lee,24,Female,India,6/15/2021,Monthly
s03522,Arjun Smith,26,Other,USA,10/20/2020,Yearly
s03523,Arjun Sharma,23,Male,USA,1/11/2020,Monthly
s03524,Zara Anderson,43,Female,Germany,7/7/2020,Free
s03525,Vihaan Patel,34,Female,USA,10/1/2020,Monthly
s03526,Emma Walker,24,Other,USA,1/7/2022,Monthly
s03527,Olivia Patel,47,Female,USA,10/11/2020,Monthly
s03528,Lucas Smith,23,Female,USA,11/9/2022,Free
s03529,Isabella Hall,20,Male,Germany,11/6/2020,Yearly
s03530,Vihaan Davis,20,Female,India,11/17/2020,Monthly
s03531,Lucas Anderson,54,Male,USA,7/1/2020,Monthly
s03532,Riya Brown,47,Male,UK,4/8/2021,Yearly
s03533,Meera Wilson,20,Other,Australia,11/21/2021,Yearly
s03534,Sophia Walker,22,Other,Germany,10/24/2020,Monthly
s03535,Isabella Wilson,29,Other,USA,3/5/2020,Yearly
s03536,Eva Lewis,28,Female,USA,1/14/2019,Monthly
s03537,Sophia Brown,27,Other,Australia,6/24/2019,Monthly
s03538,Amelia Martin,31,Other,India,7/28/2021,Yearly
s03539,Olivia Sharma,43,Other,Australia,10/20/2019,Free
s03540,Aarav Brown,30,Male,Canada,3/9/2022,Free
s03541,Riya Lee,18,Other,USA,10/8/2021,Yearly
s03542,Eva Patel,24,Male,UK,12/5/2020,Free
s03543,Vihaan Lewis,25,Other,USA,11/3/2022,Yearly
s03544,Riya Singh,24,Male,Germany,5/5/2022,Yearly
s03545,Aarav Davis,34,Other,Canada,5/16/2022,Monthly
s03546,Lucas Singh,19,Male,India,7/6/2020,Monthly
s03547,Riya Thomas,31,Male,USA,9/18/2020,Yearly
s03548,Karan Walker,31,Male,USA,1/13/2020,Free
s03549,Eva Verma,29,Male,Australia,2/17/2019,Yearly
s03550,Riya Johnson,20,Female,Australia,12/26/2019,Yearly
s03551,Sophia Wilson,19,Male,Australia,12/10/2022,Yearly
s03552,Ethan Miller,26,Male,USA,9/11/2022,Monthly
s03553,Meera Thomas,39,Other,Canada,8/19/2019,Yearly
s03554,Karan Thomas,22,Male,UK,6/13/2021,Yearly
s03555,Liam Smith,23,Female,India,6/13/2021,Yearly
s03556,Arjun Sharma,22,Female,Germany,5/2/2019,Monthly
s03557,Noah Taylor,58,Male,USA,11/17/2021,Monthly
s03558,Zara Sharma,20,Other,Australia,8/14/2022,Yearly
s03559,Karan Verma,46,Male,Germany,4/11/2019,Yearly
s03560,Vihaan Taylor,26,Other,UK,11/11/2019,Free
s03561,Zara Lewis,20,Other,India,10/5/2021,Monthly
s03562,Meera Clark,44,Male,Australia,4/4/2022,Monthly
s03563,Noah Davis,44,Other,Canada,1/24/2022,Yearly
s03564,Riya Verma,21,Other,Canada,3/8/2022,Free
s03565,Zara Taylor,30,Other,Germany,8/5/2021,Free
s03566,Ethan Thomas,24,Female,Canada,1/31/2022,Free
s03567,Aanya Verma,27,Male,UK,7/4/2022,Yearly
s03568,Aanya Brown,42,Male,Germany,8/23/2022,Free
s03569,Ethan Sharma,19,Male,India,6/25/2019,Yearly
s03570,Karan Clark,49,Female,Germany,1/17/2019,Yearly
s03571,Vihaan Wilson,36,Male,Germany,3/7/2020,Monthly
s03572,Emma Walker,46,Female,UK,9/29/2019,Monthly
s03573,Zara Hall,23,Female,UK,3/25/2021,Monthly
s03574,Aarav Thomas,38,Other,USA,1/13/2019,Free
s03575,Arjun Hall,37,Female,USA,4/19/2020,Yearly
s03576,Isabella Patel,23,Female,USA,5/23/2021,Monthly
s03577,Amelia Hall,23,Male,UK,8/15/2022,Yearly
s03578,Mia Brown,23,Male,Australia,4/5/2019,Free
s03579,Ethan Davis,20,Other,India,12/21/2020,Monthly
s03580,Lucas Patel,25,Female,USA,10/6/2019,Monthly
s03581,Vihaan Wilson,24,Male,Germany,3/14/2022,Yearly
s03582,Emma Hall,60,Male,Australia,4/25/2019,Yearly
s03583,Zara Johnson,45,Female,Canada,8/14/2021,Monthly
s03584,Eva Brown,21,Other,UK,6/1/2019,Free
s03585,Zara Verma,24,Female,Germany,10/2/2022,Yearly
s03586,Noah Taylor,20,Female,Canada,3/14/2020,Free
s03587,Noah Clark,56,Other,USA,9/18/2020,Free
s03588,Ethan Clark,22,Other,Germany,7/18/2021,Free
s03589,Amelia Johnson,24,Male,Australia,12/10/2021,Free
s03590,Amelia Wilson,25,Male,UK,2/2/2021,Yearly
s03591,Vihaan Brown,20,Female,Australia,4/10/2020,Free
s03592,Vihaan Verma,20,Male,India,10/7/2020,Yearly
s03593,Emma Sharma,18,Male,India,4/3/2022,Yearly
s03594,Vihaan Smith,24,Female,Australia,3/30/2021,Free
s03595,Olivia Johnson,27,Other,Canada,10/10/2021,Free
s03596,Zara Hall,24,Male,Canada,11/4/2019,Monthly
s03597,Emma Davis,27,Female,Germany,10/9/2020,Yearly
s03598,Mia Johnson,18,Male,India,11/20/2020,Yearly
s03599,Aanya Lee,21,Male,India,5/30/2022,Free
s03600,Vihaan Moore,24,Other,Germany,6/20/2021,Free
s03601,Meera Taylor,22,Male,UK,4/25/2020,Yearly
s03602,Riya Lewis,51,Female,Australia,3/29/2021,Free
s03603,Aanya Walker,21,Female,Canada,4/30/2019,Monthly
s03604,Emma Patel,25,Female,USA,10/25/2022,Free
s03605,Meera Moore,66,Female,USA,7/30/2020,Yearly
s03606,Aarav Patel,37,Female,UK,10/17/2022,Free
s03607,Mia Lewis,37,Female,Germany,9/3/2019,Yearly
s03608,Aanya Thomas,24,Female,UK,8/26/2021,Yearly
s03609,Benjamin Verma,47,Female,Germany,10/4/2021,Monthly
s03610,Aanya Johnson,21,Female,Canada,2/3/2019,Monthly
s03611,Lucas Singh,40,Female,Canada,4/20/2019,Yearly
s03612,Sophia Martin,33,Female,Germany,1/23/2021,Yearly
s03613,Isabella Moore,38,Other,Germany,10/4/2019,Yearly
s03614,Lucas Anderson,46,Female,USA,2/15/2019,Free
s03615,Karan Martin,22,Male,UK,12/20/2019,Free
s03616,Noah Davis,25,Male,Canada,8/11/2021,Yearly
s03617,Arjun Clark,34,Male,USA,4/23/2020,Free
s03618,Mia Brown,22,Other,Australia,8/28/2022,Monthly
s03619,Aanya Smith,27,Female,Canada,10/14/2022,Yearly
s03620,Benjamin Thomas,60,Other,UK,3/8/2021,Free
s03621,Liam Smith,18,Other,India,4/1/2021,Yearly
s03622,Zara Martin,20,Other,USA,1/28/2019,Yearly
s03623,Arjun Wilson,43,Male,Canada,1/4/2022,Monthly
s03624,Lucas Hall,29,Other,India,4/29/2022,Yearly
s03625,Olivia Sharma,20,Male,India,2/25/2021,Yearly
s03626,Benjamin Johnson,26,Female,USA,11/3/2021,Free
s03627,Isabella Wilson,21,Male,Canada,7/29/2019,Monthly
s03628,Arjun Wilson,38,Female,Germany,9/18/2020,Free
s03629,Sophia Patel,38,Other,Canada,1/19/2022,Monthly
s03630,Vihaan Clark,43,Other,India,3/31/2020,Monthly
s03631,Aarav Patel,22,Male,UK,9/28/2021,Yearly
s03632,Ethan Johnson,35,Other,Germany,3/30/2022,Monthly
s03633,Eva Lee,30,Other,UK,10/26/2021,Monthly
s03634,Mia Hall,23,Male,Australia,9/9/2020,Monthly
s03635,Noah Smith,20,Male,Australia,8/1/2019,Free
s03636,Ethan Wilson,65,Other,Germany,7/14/2020,Monthly
s03637,Sophia Smith,24,Other,UK,10/22/2020,Yearly
s03638,Meera Smith,19,Male,Canada,4/25/2020,Yearly
s03639,Ethan Moore,28,Male,Germany,5/8/2022,Yearly
s03640,Noah Moore,24,Other,India,12/23/2021,Yearly
s03641,Sophia Verma,19,Male,USA,12/2/2019,Monthly
s03642,Ethan Clark,20,Male,UK,2/9/2022,Yearly
s03643,Sophia Patel,22,Other,India,7/9/2019,Free
s03644,Lucas Brown,37,Male,India,12/10/2020,Free
s03645,Sophia Johnson,27,Other,USA,10/1/2020,Monthly
s03646,Riya Lee,25,Male,Australia,5/25/2022,Monthly
s03647,Ethan Lee,24,Male,Canada,6/1/2019,Free
s03648,Aarav Walker,27,Female,Australia,11/9/2020,Free
s03649,Meera Miller,57,Other,Germany,8/26/2021,Monthly
s03650,Aarav Wilson,23,Other,Australia,6/15/2021,Yearly
s03651,Aanya Clark,23,Male,Canada,7/21/2022,Yearly
s03652,Emma Anderson,40,Female,Canada,11/15/2020,Monthly
s03653,Eva Lee,45,Female,Australia,3/26/2019,Monthly
s03654,Riya Miller,24,Other,India,11/3/2022,Free
s03655,Amelia Lewis,38,Female,India,1/28/2019,Yearly
s03656,Emma Thomas,27,Other,UK,6/4/2019,Free
s03657,Isabella Walker,46,Other,India,2/18/2019,Free
s03658,Sophia Singh,48,Other,India,11/8/2020,Free
s03659,Liam Anderson,26,Other,USA,7/4/2021,Free
s03660,Aanya Lewis,34,Female,Canada,2/12/2022,Free
s03661,Aarav Patel,21,Other,UK,5/2/2022,Yearly
s03662,Meera Smith,19,Female,Canada,3/30/2021,Free
s03663,Benjamin Verma,25,Female,Canada,10/10/2021,Monthly
s03664,Aarav Brown,23,Other,India,3/28/2022,Free
s03665,Aanya Brown,35,Female,Germany,10/19/2020,Monthly
s03666,Lucas Patel,33,Female,USA,3/7/2019,Yearly
s03667,Lucas Johnson,20,Other,Australia,10/10/2019,Monthly
s03668,Eva Brown,23,Male,Canada,7/9/2022,Yearly
s03669,Arjun Davis,21,Female,Canada,7/14/2022,Free
s03670,Liam Sharma,25,Male,USA,12/16/2019,Monthly
s03671,Meera Verma,39,Male,India,5/26/2020,Free
s03672,Sophia Martin,20,Other,India,9/1/2021,Free
s03673,Sophia Wilson,21,Female,Canada,1/20/2020,Yearly
s03674,Emma Thomas,26,Male,India,10/19/2021,Monthly
s03675,Mia Hall,18,Female,Germany,5/14/2022,Monthly
s03676,Liam Clark,22,Other,India,3/26/2022,Free
s03677,Lucas Moore,27,Other,UK,7/11/2022,Monthly
s03678,Arjun Wilson,24,Other,Canada,3/22/2019,Free
s03679,Mia Thomas,32,Male,UK,2/28/2022,Monthly
s03680,Karan Johnson,21,Female,Canada,6/20/2020,Monthly
s03681,Olivia Davis,20,Male,India,8/9/2019,Monthly
s03682,Meera Moore,25,Other,UK,12/15/2021,Free
s03683,Noah Miller,54,Male,USA,8/15/2022,Monthly
s03684,Mia Miller,41,Male,USA,2/13/2020,Yearly
s03685,Meera Sharma,27,Male,UK,8/14/2019,Yearly
s03686,Eva Lee,24,Other,UK,3/4/2019,Free
s03687,Liam Davis,26,Female,Canada,10/17/2021,Monthly
s03688,Aarav Sharma,25,Other,Germany,6/26/2020,Monthly
s03689,Sophia Lee,18,Female,Germany,10/21/2021,Yearly
s03690,Noah Thomas,23,Male,Germany,6/4/2020,Free
s03691,Ethan Wilson,29,Female,Canada,9/16/2021,Monthly
s03692,Aarav Hall,24,Other,Germany,7/4/2021,Yearly
s03693,Aarav Wilson,28,Male,USA,6/21/2021,Monthly
s03694,Riya Hall,67,Male,Australia,5/29/2019,Monthly
s03695,Amelia Hall,47,Male,Australia,9/8/2022,Yearly
s03696,Sophia Singh,29,Female,Australia,9/1/2022,Free
s03697,Sophia Sharma,46,Female,USA,11/7/2021,Yearly
s03698,Eva Lee,19,Male,USA,7/13/2019,Monthly
s03699,Isabella Singh,44,Female,UK,10/6/2019,Monthly
s03700,Amelia Patel,43,Male,Australia,5/27/2019,Free
s03701,Ethan Miller,26,Other,Australia,4/21/2020,Yearly
s03702,Liam Wilson,26,Male,Germany,8/28/2021,Monthly
s03703,Sophia Hall,18,Male,USA,10/21/2022,Yearly
s03704,Amelia Johnson,24,Other,Australia,7/20/2019,Free
s03705,Isabella Singh,27,Female,India,8/9/2019,Free
s03706,Riya Anderson,30,Male,Australia,10/15/2019,Monthly
s03707,Lucas Wilson,25,Female,USA,8/11/2022,Free
s03708,Noah Anderson,21,Female,USA,12/3/2021,Yearly
s03709,Aarav Johnson,29,Male,USA,8/26/2021,Yearly
s03710,Sophia Clark,33,Other,USA,10/9/2022,Free
s03711,Sophia Brown,48,Other,India,9/17/2019,Monthly
s03712,Riya Clark,30,Male,Canada,8/20/2019,Yearly
s03713,Isabella Patel,66,Other,Canada,6/18/2021,Yearly
s03714,Mia Smith,22,Female,Canada,6/2/2020,Monthly
s03715,Meera Smith,20,Female,India,11/27/2020,Monthly
s03716,Benjamin Lewis,40,Male,USA,10/30/2022,Yearly
s03717,Emma Wilson,19,Other,USA,9/12/2019,Yearly
s03718,Ethan Thomas,46,Male,Germany,5/16/2019,Monthly
s03719,Lucas Moore,29,Other,UK,2/3/2022,Monthly
s03720,Lucas Smith,23,Female,Germany,10/3/2022,Yearly
s03721,Sophia Taylor,39,Other,Canada,4/22/2021,Monthly
s03722,Benjamin Taylor,46,Other,Germany,11/9/2022,Free
s03723,Eva Verma,25,Female,USA,2/22/2019,Yearly
s03724,Benjamin Clark,24,Male,Germany,7/28/2021,Yearly
s03725,Meera Davis,28,Female,Australia,6/23/2022,Free
s03726,Liam Hall,29,Male,Germany,9/12/2019,Free
s03727,Noah Lewis,43,Other,Canada,5/18/2020,Free
s03728,Olivia Wilson,38,Female,Canada,11/30/2019,Yearly
s03729,Mia Walker,25,Male,UK,12/13/2019,Monthly
s03730,Karan Smith,23,Other,Canada,11/4/2021,Yearly
s03731,Riya Miller,22,Other,Germany,12/21/2021,Free
s03732,Sophia Martin,35,Other,USA,11/3/2021,Monthly
s03733,Lucas Walker,23,Other,Australia,6/26/2019,Monthly
s03734,Ethan Clark,22,Male,Australia,9/19/2019,Free
s03735,Vihaan Wilson,39,Female,Canada,3/6/2021,Monthly
s03736,Isabella Patel,19,Male,India,7/3/2022,Monthly
s03737,Karan Martin,40,Female,USA,7/26/2020,Yearly
s03738,Mia Taylor,38,Male,India,12/22/2019,Yearly
s03739,Eva Brown,31,Male,Canada,4/16/2021,Free
s03740,Noah Singh,25,Male,India,9/27/2020,Monthly
s03741,Benjamin Hall,23,Male,UK,7/1/2020,Yearly
s03742,Zara Singh,19,Male,Canada,8/14/2020,Yearly
s03743,Meera Taylor,42,Male,Australia,4/24/2019,Monthly
s03744,Ethan Sharma,19,Female,USA,5/11/2019,Free
s03745,Emma Anderson,41,Other,Germany,4/2/2021,Monthly
s03746,Eva Clark,22,Other,UK,8/30/2021,Yearly
s03747,Aarav Miller,21,Female,UK,5/20/2022,Free
s03748,Isabella Lewis,25,Female,Canada,1/1/2020,Monthly
s03749,Meera Lewis,63,Female,Germany,4/16/2019,Yearly
s03750,Riya Brown,21,Other,India,11/7/2019,Yearly
s03751,Meera Thomas,46,Male,Germany,9/4/2020,Monthly
s03752,Lucas Smith,21,Female,India,7/28/2021,Monthly
s03753,Lucas Smith,23,Other,UK,9/30/2021,Free
s03754,Aarav Martin,27,Other,Canada,2/24/2022,Monthly
s03755,Meera Johnson,36,Other,Canada,9/28/2021,Monthly
s03756,Lucas Davis,45,Female,Canada,9/17/2019,Monthly
s03757,Lucas Smith,27,Male,Canada,7/17/2020,Monthly
s03758,Vihaan Johnson,32,Other,Australia,11/27/2021,Yearly
s03759,Eva Walker,21,Female,UK,8/21/2019,Monthly
s03760,Mia Clark,63,Other,USA,2/27/2019,Free
s03761,Benjamin Sharma,30,Male,Canada,1/24/2020,Free
s03762,Sophia Hall,18,Other,India,3/12/2021,Monthly
s03763,Meera Clark,22,Male,UK,5/8/2019,Yearly
s03764,Karan Davis,48,Other,Germany,3/30/2019,Monthly
s03765,Emma Anderson,60,Female,Canada,1/27/2021,Free
s03766,Arjun Patel,27,Female,Australia,7/1/2020,Yearly
s03767,Ethan Walker,36,Other,Germany,6/15/2021,Free
s03768,Aanya Clark,22,Male,Australia,9/27/2021,Yearly
s03769,Sophia Patel,21,Male,Canada,4/11/2022,Yearly
s03770,Mia Lee,50,Other,Germany,3/27/2019,Yearly
s03771,Aanya Wilson,47,Other,UK,11/1/2019,Monthly
s03772,Emma Martin,25,Other,Australia,1/3/2022,Free
s03773,Eva Moore,20,Male,India,12/10/2020,Yearly
s03774,Lucas Miller,21,Other,Canada,6/19/2019,Monthly
s03775,Zara Walker,20,Male,Canada,5/20/2020,Yearly
s03776,Vihaan Davis,18,Male,Australia,11/1/2019,Monthly
s03777,Isabella Clark,29,Other,UK,6/1/2020,Monthly
s03778,Aarav Lewis,26,Other,Australia,12/13/2020,Yearly
s03779,Benjamin Brown,47,Male,UK,6/11/2019,Monthly
s03780,Sophia Sharma,26,Female,Canada,2/23/2022,Monthly
s03781,Ethan Hall,59,Female,Canada,3/16/2020,Free
s03782,Eva Smith,25,Male,India,2/28/2019,Free
s03783,Aarav Martin,32,Other,Australia,12/15/2020,Free
s03784,Vihaan Martin,46,Male,Canada,1/27/2021,Yearly
s03785,Emma Anderson,26,Male,Australia,8/22/2020,Monthly
s03786,Mia Johnson,37,Other,Germany,4/4/2020,Yearly
s03787,Ethan Wilson,28,Other,UK,11/17/2021,Free
s03788,Noah Davis,35,Male,UK,9/13/2022,Monthly
s03789,Ethan Johnson,24,Male,India,11/27/2020,Yearly
s03790,Karan Lee,19,Male,USA,3/20/2019,Yearly
s03791,Noah Taylor,19,Female,Germany,3/25/2021,Monthly
s03792,Zara Clark,21,Female,Canada,3/12/2019,Monthly
s03793,Eva Thomas,34,Other,UK,10/30/2019,Yearly
s03794,Eva Martin,37,Other,UK,4/2/2021,Monthly
s03795,Olivia Sharma,21,Female,Australia,3/9/2020,Yearly
s03796,Olivia Brown,26,Male,USA,5/3/2019,Yearly
s03797,Mia Hall,21,Female,Germany,1/25/2022,Free
s03798,Meera Miller,24,Female,Australia,6/14/2020,Free
s03799,Meera Davis,19,Other,Canada,9/28/2021,Yearly
s03800,Vihaan Singh,35,Female,Germany,8/6/2021,Free
s03801,Mia Taylor,61,Female,USA,6/15/2021,Monthly
s03802,Liam Walker,19,Female,UK,4/2/2020,Yearly
s03803,Zara Lewis,50,Male,Canada,1/29/2022,Monthly
s03804,Vihaan Anderson,25,Other,Australia,12/6/2019,Yearly
s03805,Meera Verma,47,Male,Germany,7/25/2021,Monthly
s03806,Riya Walker,24,Male,Germany,3/14/2020,Yearly
s03807,Sophia Patel,21,Other,UK,11/13/2019,Free
s03808,Zara Wilson,26,Male,India,2/26/2019,Yearly
s03809,Noah Patel,19,Male,Germany,8/17/2020,Yearly
s03810,Karan Lee,41,Female,Canada,4/10/2019,Yearly
s03811,Mia Clark,22,Male,Australia,8/2/2021,Yearly
s03812,Aarav Smith,23,Female,Australia,8/2/2019,Monthly
s03813,Emma Walker,24,Other,Canada,10/15/2020,Yearly
s03814,Aanya Lee,60,Other,UK,12/23/2019,Monthly
s03815,Arjun Verma,23,Female,Canada,9/16/2022,Free
s03816,Ethan Davis,36,Other,India,11/7/2021,Monthly
s03817,Eva Martin,41,Female,USA,1/30/2019,Monthly
s03818,Olivia Anderson,22,Other,India,3/3/2022,Monthly
s03819,Liam Walker,50,Male,Germany,3/7/2022,Monthly
s03820,Karan Patel,35,Female,Canada,2/28/2021,Free
s03821,Arjun Johnson,27,Female,UK,6/5/2020,Yearly
s03822,Eva Anderson,28,Other,India,7/26/2019,Free
s03823,Amelia Moore,32,Male,USA,11/10/2021,Yearly
s03824,Zara Thomas,18,Other,UK,5/16/2019,Free
s03825,Emma Clark,35,Other,Australia,5/31/2020,Monthly
s03826,Arjun Smith,18,Male,USA,6/26/2021,Free
s03827,Lucas Anderson,18,Other,UK,4/2/2019,Monthly
s03828,Lucas Clark,20,Male,Australia,2/2/2021,Monthly
s03829,Zara Walker,36,Male,Australia,1/17/2021,Free
s03830,Arjun Thomas,26,Other,Australia,8/1/2022,Monthly
s03831,Mia Lee,56,Male,Australia,1/20/2020,Yearly
s03832,Olivia Taylor,26,Female,Australia,8/17/2019,Monthly
s03833,Sophia Wilson,40,Male,India,11/5/2019,Free
s03834,Riya Brown,33,Male,Australia,12/9/2022,Yearly
s03835,Olivia Patel,41,Female,Australia,7/30/2021,Monthly
s03836,Meera Clark,62,Male,USA,2/1/2022,Yearly
s03837,Noah Clark,24,Female,India,4/4/2019,Monthly
s03838,Isabella Walker,29,Female,USA,7/27/2021,Yearly
s03839,Meera Thomas,23,Other,UK,7/9/2019,Monthly
s03840,Benjamin Taylor,27,Other,India,11/24/2019,Monthly
s03841,Mia Brown,25,Other,Australia,5/22/2022,Free
s03842,Aarav Verma,27,Other,India,1/23/2021,Yearly
s03843,Benjamin Anderson,22,Other,India,10/7/2022,Yearly
s03844,Zara Thomas,36,Male,USA,10/20/2022,Monthly
s03845,Noah Thomas,21,Female,Australia,2/15/2020,Free
s03846,Arjun Taylor,30,Male,USA,9/12/2020,Yearly
s03847,Olivia Lewis,55,Female,Germany,3/17/2020,Yearly
s03848,Benjamin Singh,51,Female,Australia,3/11/2022,Yearly
s03849,Emma Miller,18,Male,India,9/9/2019,Monthly
s03850,Liam Clark,21,Other,India,11/6/2022,Monthly
s03851,Amelia Miller,33,Female,UK,6/10/2022,Monthly
s03852,Amelia Hall,27,Male,Canada,4/9/2020,Free
s03853,Karan Wilson,29,Female,Australia,9/29/2019,Free
s03854,Amelia Walker,44,Male,UK,6/11/2020,Yearly
s03855,Riya Miller,20,Female,USA,8/13/2019,Yearly
s03856,Arjun Lewis,34,Male,USA,9/14/2022,Monthly
s03857,Aarav Lee,19,Other,UK,8/28/2020,Free
s03858,Isabella Clark,29,Male,USA,5/7/2019,Monthly
s03859,Arjun Clark,25,Male,Germany,1/5/2019,Monthly
s03860,Eva Brown,22,Female,Germany,12/6/2019,Monthly
s03861,Olivia Moore,22,Male,Germany,11/18/2021,Free
s03862,Vihaan Smith,27,Other,UK,2/22/2020,Free
s03863,Riya Anderson,27,Female,Germany,10/1/2022,Free
s03864,Karan Lee,23,Other,India,12/27/2019,Yearly
s03865,Olivia Lee,27,Other,India,4/25/2021,Monthly
s03866,Riya Lee,18,Male,USA,12/21/2022,Yearly
s03867,Riya Thomas,19,Other,Germany,3/24/2019,Free
s03868,Emma Davis,64,Female,India,11/25/2021,Yearly
s03869,Aanya Anderson,19,Other,Australia,11/1/2020,Monthly
s03870,Eva Smith,21,Male,USA,1/4/2021,Yearly
s03871,Noah Anderson,27,Male,USA,10/31/2020,Free
s03872,Zara Brown,26,Other,India,10/2/2019,Monthly
s03873,Aarav Smith,27,Male,UK,8/28/2022,Monthly
s03874,Amelia Thomas,21,Male,Germany,7/27/2021,Monthly
s03875,Isabella Davis,18,Male,Australia,12/17/2022,Yearly
s03876,Liam Thomas,18,Female,Germany,12/20/2020,Yearly
s03877,Ethan Lee,18,Male,Germany,8/4/2021,Monthly
s03878,Eva Moore,44,Female,India,1/4/2021,Free
s03879,Emma Thomas,25,Male,Canada,8/29/2022,Monthly
s03880,Mia Sharma,22,Female,India,8/23/2019,Monthly
s03881,Zara Anderson,24,Other,Germany,9/26/2019,Yearly
s03882,Ethan Singh,29,Male,USA,8/11/2022,Yearly
s03883,Emma Singh,42,Male,UK,9/5/2019,Monthly
s03884,Sophia Clark,29,Male,Australia,6/10/2020,Monthly
s03885,Liam Johnson,22,Other,UK,12/19/2019,Monthly
s03886,Karan Brown,27,Female,Canada,4/20/2022,Yearly
s03887,Aanya Hall,44,Female,UK,9/3/2021,Free
s03888,Liam Davis,25,Male,Germany,5/31/2019,Free
s03889,Aarav Verma,34,Other,UK,2/15/2021,Monthly
s03890,Karan Thomas,22,Male,India,5/17/2020,Monthly
s03891,Eva Davis,26,Other,Australia,12/1/2021,Monthly
s03892,Ethan Taylor,38,Female,USA,10/12/2020,Monthly
s03893,Zara Hall,23,Female,India,1/17/2021,Monthly
s03894,Olivia Singh,24,Female,India,7/16/2019,Monthly
s03895,Sophia Davis,67,Male,UK,12/12/2020,Monthly
s03896,Eva Martin,35,Male,USA,6/5/2020,Monthly
s03897,Meera Lewis,49,Other,USA,2/17/2022,Monthly
s03898,Liam Miller,25,Male,USA,12/3/2020,Monthly
s03899,Mia Thomas,18,Male,UK,1/5/2019,Free
s03900,Ethan Miller,40,Other,Australia,2/22/2022,Free
s03901,Sophia Wilson,37,Male,USA,8/15/2022,Free
s03902,Mia Johnson,36,Male,Australia,8/20/2020,Monthly
s03903,Mia Brown,36,Female,Germany,2/6/2021,Free
s03904,Ethan Davis,21,Other,UK,6/11/2019,Yearly
s03905,Meera Taylor,22,Other,Canada,2/2/2019,Monthly
s03906,Benjamin Sharma,41,Other,USA,9/3/2019,Free
s03907,Riya Brown,43,Female,Canada,2/18/2022,Free
s03908,Emma Thomas,21,Male,Australia,9/28/2021,Free
s03909,Aarav Lee,23,Other,UK,12/28/2019,Free
s03910,Vihaan Clark,19,Female,India,9/6/2022,Monthly
s03911,Vihaan Brown,22,Female,USA,7/21/2020,Monthly
s03912,Ethan Lee,37,Female,Germany,8/19/2021,Monthly
s03913,Mia Verma,26,Male,Australia,11/18/2020,Yearly
s03914,Aarav Davis,25,Male,UK,4/28/2021,Monthly
s03915,Zara Clark,23,Other,USA,11/21/2019,Yearly
s03916,Ethan Brown,18,Female,Germany,10/17/2021,Monthly
s03917,Meera Miller,23,Other,Australia,9/8/2021,Monthly
s03918,Vihaan Davis,39,Female,India,4/6/2019,Monthly
s03919,Aarav Smith,21,Female,India,6/5/2019,Monthly
s03920,Arjun Moore,23,Female,Germany,7/19/2020,Monthly
s03921,Arjun Martin,26,Female,India,5/29/2019,Monthly
s03922,Liam Moore,23,Female,UK,3/18/2021,Yearly
s03923,Aanya Martin,45,Female,India,12/3/2021,Monthly
s03924,Emma Taylor,26,Male,India,6/25/2020,Free
s03925,Noah Verma,26,Female,Germany,10/1/2020,Free
s03926,Aanya Walker,56,Male,Germany,6/19/2020,Monthly
s03927,Olivia Singh,32,Other,Canada,6/1/2022,Monthly
s03928,Sophia Clark,56,Other,Canada,7/18/2021,Monthly
s03929,Sophia Hall,26,Female,Australia,3/20/2019,Free
s03930,Sophia Singh,36,Female,India,1/30/2019,Monthly
s03931,Vihaan Walker,24,Female,Canada,9/10/2021,Free
s03932,Eva Taylor,21,Other,Australia,11/1/2020,Monthly
s03933,Meera Smith,35,Other,Australia,11/27/2021,Yearly
s03934,Olivia Thomas,25,Other,Germany,11/7/2020,Monthly
s03935,Arjun Smith,22,Other,India,4/12/2022,Yearly
s03936,Zara Walker,35,Male,India,7/8/2019,Monthly
s03937,Riya Moore,21,Female,Germany,5/19/2019,Yearly
s03938,Vihaan Walker,18,Other,UK,10/17/2021,Yearly
s03939,Noah Brown,20,Other,Canada,6/23/2021,Monthly
s03940,Riya Miller,26,Other,Germany,5/23/2019,Yearly
s03941,Karan Smith,26,Female,USA,3/25/2019,Monthly
s03942,Riya Anderson,20,Male,USA,7/17/2021,Yearly
s03943,Mia Anderson,23,Female,USA,6/8/2021,Yearly
s03944,Ethan Johnson,33,Female,UK,1/11/2021,Yearly
s03945,Meera Walker,27,Female,Canada,8/18/2022,Free
s03946,Karan Moore,31,Female,Germany,11/9/2020,Free
s03947,Olivia Patel,39,Female,UK,1/7/2020,Free
s03948,Mia Martin,22,Other,USA,3/25/2022,Yearly
s03949,Zara Taylor,55,Other,Australia,6/14/2021,Yearly
s03950,Aarav Smith,38,Female,USA,5/30/2019,Monthly
s03951,Isabella Brown,37,Female,Germany,1/24/2020,Free
s03952,Olivia Anderson,26,Male,Australia,11/11/2021,Free
s03953,Ethan Smith,46,Other,Australia,7/26/2021,Free
s03954,Benjamin Taylor,22,Other,Canada,12/8/2019,Free
s03955,Amelia Taylor,47,Other,India,12/6/2019,Free
s03956,Isabella Patel,25,Other,Germany,3/27/2020,Monthly
s03957,Meera Sharma,22,Other,Germany,12/4/2022,Yearly
s03958,Noah Davis,19,Other,Canada,2/11/2020,Free
s03959,Isabella Patel,18,Female,India,12/13/2022,Monthly
s03960,Emma Smith,21,Female,Canada,4/5/2022,Yearly
s03961,Noah Lewis,23,Female,UK,1/26/2020,Free
s03962,Karan Davis,32,Male,Canada,4/26/2022,Free
s03963,Karan Lewis,18,Male,Australia,10/7/2020,Free
s03964,Riya Patel,19,Male,Canada,10/12/2020,Monthly
s03965,Ethan Verma,22,Female,Germany,7/9/2019,Monthly
s03966,Meera Miller,22,Female,Australia,2/5/2021,Monthly
s03967,Meera Wilson,26,Other,India,1/14/2019,Free
s03968,Sophia Lewis,28,Other,Canada,11/22/2020,Monthly
s03969,Eva Wilson,29,Female,UK,4/16/2020,Monthly
s03970,Isabella Moore,18,Other,UK,7/29/2021,Monthly
s03971,Mia Lewis,24,Female,Germany,3/8/2020,Monthly
s03972,Noah Singh,24,Other,UK,5/21/2021,Yearly
s03973,Meera Singh,21,Other,Germany,1/19/2021,Free
s03974,Ethan Lee,30,Male,UK,3/5/2022,Yearly
s03975,Benjamin Brown,18,Other,UK,9/2/2020,Free
s03976,Liam Clark,26,Female,USA,7/20/2021,Yearly
s03977,Noah Hall,65,Other,India,5/25/2020,Monthly
s03978,Zara Verma,19,Female,Australia,9/18/2020,Yearly
s03979,Aarav Lee,33,Other,Canada,12/28/2022,Yearly
s03980,Riya Miller,24,Male,USA,12/28/2020,Free
s03981,Karan Verma,22,Other,Australia,6/29/2020,Yearly
s03982,Aarav Taylor,47,Other,Australia,7/6/2022,Monthly
s03983,Riya Hall,20,Male,USA,5/10/2020,Monthly
s03984,Sophia Brown,26,Male,Canada,10/31/2021,Free
s03985,Zara Singh,56,Male,UK,4/21/2022,Yearly
s03986,Zara Clark,24,Female,Canada,6/24/2021,Yearly
s03987,Aanya Walker,27,Other,Canada,3/5/2019,Free
s03988,Meera Anderson,40,Female,India,12/20/2020,Yearly
s03989,Lucas Wilson,32,Male,Australia,1/9/2022,Free
s03990,Ethan Patel,23,Male,India,1/12/2022,Free
s03991,Aanya Miller,22,Other,India,3/13/2020,Monthly
s03992,Lucas Walker,27,Other,Canada,11/22/2022,Yearly
s03993,Olivia Taylor,21,Male,India,7/6/2022,Yearly
s03994,Olivia Patel,56,Male,Germany,9/13/2022,Yearly
s03995,Liam Taylor,21,Female,UK,11/16/2020,Yearly
s03996,Mia Hall,33,Other,India,4/8/2022,Yearly
s03997,Noah Anderson,24,Female,Australia,8/28/2021,Monthly
s03998,Mia Verma,22,Male,USA,5/13/2019,Monthly
s03999,Aanya Verma,25,Other,UK,10/17/2020,Free
s04000,Emma Johnson,28,Female,Australia,5/26/2022,Yearly
s04001,Aanya Johnson,18,Male,USA,6/15/2022,Free
s04002,Aanya Singh,32,Female,Australia,2/15/2022,Monthly
s04003,Aarav Walker,20,Male,India,11/30/2019,Free
s04004,Aarav Davis,31,Other,Germany,7/10/2021,Monthly
s04005,Meera Sharma,21,Other,Australia,1/14/2020,Yearly
s04006,Benjamin Davis,32,Other,Germany,2/17/2019,Monthly
s04007,Emma Verma,18,Other,UK,2/20/2019,Yearly
s04008,Isabella Singh,59,Male,Germany,5/11/2021,Monthly
s04009,Vihaan Johnson,23,Male,India,7/4/2020,Yearly
s04010,Noah Walker,42,Female,Canada,7/19/2021,Yearly
s04011,Olivia Taylor,19,Male,UK,8/19/2022,Monthly
s04012,Benjamin Miller,22,Other,Canada,8/28/2022,Yearly
s04013,Amelia Davis,39,Female,Australia,9/18/2022,Free
s04014,Aanya Johnson,27,Female,Germany,10/21/2022,Free
s04015,Emma Smith,21,Other,Canada,11/22/2020,Monthly
s04016,Vihaan Clark,43,Male,Canada,10/26/2022,Monthly
s04017,Ethan Thomas,19,Other,USA,4/4/2020,Monthly
s04018,Zara Miller,37,Female,Germany,4/3/2020,Free
s04019,Emma Martin,26,Female,India,2/1/2022,Free
s04020,Isabella Wilson,23,Female,Canada,7/23/2020,Yearly
s04021,Aarav Moore,19,Male,Australia,3/17/2019,Free
s04022,Aanya Brown,37,Female,USA,3/14/2022,Yearly
s04023,Amelia Johnson,43,Other,Australia,12/4/2020,Free
s04024,Liam Lewis,32,Other,USA,10/22/2021,Yearly
s04025,Vihaan Patel,36,Other,USA,6/24/2019,Free
s04026,Aarav Hall,27,Male,USA,3/26/2020,Yearly
s04027,Aarav Martin,56,Male,Australia,12/9/2019,Free
s04028,Lucas Hall,41,Female,UK,10/29/2022,Yearly
s04029,Vihaan Singh,20,Other,Australia,9/13/2022,Free
s04030,Aarav Anderson,57,Male,India,7/17/2020,Yearly
s04031,Isabella Smith,61,Male,UK,8/5/2020,Monthly
s04032,Vihaan Verma,24,Other,USA,8/6/2020,Free
s04033,Noah Sharma,20,Male,Germany,5/17/2019,Monthly
s04034,Riya Walker,20,Female,Canada,4/4/2022,Free
s04035,Eva Walker,20,Male,Australia,1/5/2022,Yearly
s04036,Riya Moore,27,Female,Australia,6/15/2020,Yearly
s04037,Vihaan Taylor,58,Male,Germany,9/27/2020,Monthly
s04038,Sophia Patel,22,Female,Australia,7/26/2022,Monthly
s04039,Sophia Clark,25,Male,USA,11/19/2021,Monthly
s04040,Vihaan Lee,24,Female,Canada,5/8/2020,Yearly
s04041,Mia Lee,24,Other,Germany,5/26/2020,Monthly
s04042,Isabella Taylor,21,Male,Canada,10/12/2020,Yearly
s04043,Vihaan Brown,54,Female,Canada,9/4/2022,Free
s04044,Olivia Verma,19,Other,India,11/1/2020,Free
s04045,Sophia Smith,40,Male,USA,1/31/2021,Monthly
s04046,Vihaan Patel,23,Male,Canada,10/21/2019,Yearly
s04047,Ethan Johnson,22,Male,UK,7/1/2021,Free
s04048,Meera Martin,20,Female,Canada,11/15/2020,Yearly
s04049,Eva Hall,18,Female,Germany,4/9/2021,Monthly
s04050,Benjamin Smith,29,Other,UK,12/11/2022,Free
s04051,Ethan Miller,27,Other,USA,12/27/2019,Free
s04052,Isabella Martin,39,Male,Australia,6/11/2022,Yearly
s04053,Meera Davis,19,Female,USA,1/11/2021,Yearly
s04054,Mia Lee,22,Other,Germany,11/25/2021,Free
s04055,Arjun Patel,22,Other,Germany,11/23/2021,Monthly
s04056,Benjamin Brown,25,Other,Canada,10/7/2019,Free
s04057,Vihaan Patel,21,Other,Germany,6/9/2019,Free
s04058,Benjamin Lee,23,Female,Canada,2/26/2019,Monthly
s04059,Amelia Hall,45,Male,Australia,5/15/2022,Monthly
s04060,Karan Brown,20,Male,UK,11/27/2021,Yearly
s04061,Arjun Patel,24,Male,USA,10/4/2021,Monthly
s04062,Benjamin Johnson,19,Other,UK,12/9/2022,Free
s04063,Aarav Miller,34,Female,Canada,3/29/2019,Yearly
s04064,Liam Davis,21,Other,Canada,3/10/2021,Free
s04065,Riya Lewis,26,Other,UK,12/5/2020,Free
s04066,Karan Sharma,23,Other,Australia,2/24/2020,Monthly
s04067,Aarav Clark,33,Female,Germany,12/23/2021,Yearly
s04068,Riya Moore,40,Female,Germany,1/13/2020,Monthly
s04069,Karan Thomas,25,Other,UK,2/10/2019,Free
s04070,Emma Sharma,18,Female,Australia,6/18/2021,Free
s04071,Meera Verma,19,Female,USA,6/11/2021,Monthly
s04072,Isabella Anderson,43,Other,Germany,7/4/2022,Yearly
s04073,Liam Walker,47,Other,India,4/30/2019,Monthly
s04074,Meera Clark,42,Other,Canada,4/1/2021,Free
s04075,Amelia Hall,21,Other,Germany,2/17/2022,Monthly
s04076,Meera Verma,38,Male,India,8/19/2019,Monthly
s04077,Aanya Sharma,18,Other,USA,6/20/2019,Monthly
s04078,Karan Davis,26,Other,Australia,12/29/2019,Yearly
s04079,Aanya Thomas,26,Other,USA,6/6/2022,Yearly
s04080,Aarav Hall,41,Male,Australia,6/24/2019,Free
s04081,Karan Smith,45,Female,Canada,12/2/2020,Free
s04082,Riya Wilson,45,Female,USA,11/23/2021,Monthly
s04083,Isabella Walker,27,Male,Canada,12/1/2020,Monthly
s04084,Mia Walker,64,Other,Australia,11/23/2021,Free
s04085,Vihaan Hall,24,Male,Australia,4/15/2020,Yearly
s04086,Olivia Lewis,30,Female,Australia,1/24/2019,Free
s04087,Eva Lewis,21,Male,USA,9/28/2022,Free
s04088,Zara Walker,20,Other,Germany,11/18/2022,Yearly
s04089,Eva Wilson,36,Male,Australia,10/14/2019,Free
s04090,Olivia Smith,44,Other,USA,8/29/2022,Yearly
s04091,Liam Wilson,47,Other,Germany,1/6/2021,Monthly
s04092,Olivia Lewis,23,Male,Canada,9/19/2022,Monthly
s04093,Mia Verma,62,Other,India,10/22/2022,Monthly
s04094,Karan Singh,25,Male,India,8/18/2019,Monthly
s04095,Karan Moore,22,Female,Australia,11/25/2021,Monthly
s04096,Benjamin Taylor,55,Male,Germany,8/22/2019,Free
s04097,Benjamin Anderson,21,Other,Germany,3/19/2021,Yearly
s04098,Lucas Hall,32,Male,India,6/25/2019,Yearly
s04099,Liam Moore,21,Male,UK,7/12/2022,Yearly
s04100,Eva Brown,20,Female,UK,4/14/2020,Yearly
s04101,Aarav Sharma,20,Male,UK,8/30/2019,Monthly
s04102,Aanya Miller,23,Female,USA,2/6/2021,Free
s04103,Benjamin Lewis,28,Male,USA,10/29/2021,Free
s04104,Liam Brown,25,Female,India,12/8/2019,Yearly
s04105,Karan Wilson,46,Male,USA,7/19/2019,Yearly
s04106,Aanya Anderson,18,Male,India,6/29/2019,Yearly
s04107,Isabella Miller,20,Male,Canada,12/21/2022,Monthly
s04108,Isabella Miller,35,Other,India,1/29/2019,Free
s04109,Olivia Hall,29,Male,USA,12/15/2020,Yearly
s04110,Liam Martin,37,Male,UK,9/10/2021,Free
s04111,Liam Lewis,25,Male,Canada,9/20/2019,Free
s04112,Noah Hall,18,Other,Australia,10/5/2022,Free
s04113,Noah Patel,19,Other,India,2/5/2020,Yearly
s04114,Emma Patel,21,Other,Germany,3/23/2020,Free
s04115,Emma Walker,20,Male,India,6/26/2021,Monthly
s04116,Amelia Clark,25,Female,USA,5/14/2022,Free
s04117,Isabella Anderson,18,Male,Germany,12/3/2019,Yearly
s04118,Ethan Moore,18,Other,Canada,12/27/2021,Monthly
s04119,Liam Sharma,48,Other,Canada,8/3/2022,Monthly
s04120,Karan Hall,29,Male,India,11/11/2021,Monthly
s04121,Aarav Moore,45,Female,Germany,7/19/2020,Yearly
s04122,Aanya Smith,30,Female,UK,9/10/2021,Monthly
s04123,Zara Lewis,34,Male,India,2/22/2020,Monthly
s04124,Vihaan Miller,44,Other,Germany,1/28/2021,Free
s04125,Mia Johnson,26,Female,USA,5/13/2022,Yearly
s04126,Isabella Lee,19,Other,USA,5/5/2020,Monthly
s04127,Mia Clark,19,Other,UK,5/24/2022,Monthly
s04128,Sophia Smith,40,Female,India,5/14/2019,Free
s04129,Eva Brown,42,Other,Canada,9/29/2021,Yearly
s04130,Eva Wilson,22,Male,Canada,12/26/2019,Monthly
s04131,Noah Lee,46,Other,UK,5/3/2022,Monthly
s04132,Isabella Verma,25,Male,Australia,11/23/2022,Free
s04133,Liam Brown,22,Female,Germany,2/4/2020,Free
s04134,Isabella Johnson,21,Female,USA,6/1/2022,Yearly
s04135,Arjun Lewis,18,Other,Canada,8/15/2021,Yearly
s04136,Riya Brown,38,Male,Germany,2/17/2021,Free
s04137,Aanya Miller,26,Male,USA,3/6/2021,Free
s04138,Noah Clark,34,Female,USA,11/18/2019,Free
s04139,Aanya Johnson,26,Male,Canada,10/3/2020,Free
s04140,Olivia Wilson,25,Male,Canada,12/31/2019,Monthly
s04141,Noah Moore,60,Female,UK,1/7/2020,Free
s04142,Riya Johnson,22,Male,Canada,10/28/2021,Monthly
s04143,Karan Sharma,27,Female,Canada,2/9/2022,Free
s04144,Isabella Singh,30,Male,India,2/2/2020,Yearly
s04145,Arjun Sharma,23,Male,Australia,12/5/2022,Yearly
s04146,Amelia Brown,23,Male,Canada,7/31/2019,Monthly
s04147,Aarav Sharma,22,Male,USA,12/1/2022,Yearly
s04148,Olivia Miller,18,Female,Canada,6/21/2020,Monthly
s04149,Meera Wilson,18,Female,USA,9/25/2022,Yearly
s04150,Noah Walker,27,Other,USA,12/10/2019,Yearly
s04151,Emma Sharma,38,Other,UK,8/27/2021,Free
s04152,Olivia Walker,25,Female,USA,6/23/2019,Yearly
s04153,Lucas Lewis,30,Female,India,1/13/2020,Monthly
s04154,Zara Lee,31,Male,Canada,8/5/2020,Yearly
s04155,Vihaan Walker,26,Male,Australia,10/13/2019,Free
s04156,Noah Hall,18,Female,USA,12/24/2022,Free
s04157,Karan Taylor,19,Male,India,10/20/2021,Yearly
s04158,Isabella Johnson,19,Female,USA,6/18/2019,Monthly
s04159,Benjamin Smith,23,Male,USA,12/21/2019,Yearly
s04160,Ethan Sharma,26,Male,India,1/22/2022,Yearly
s04161,Amelia Sharma,43,Female,UK,11/9/2019,Free
s04162,Karan Hall,27,Other,Canada,2/8/2020,Monthly
s04163,Riya Hall,22,Other,UK,8/31/2021,Yearly
s04164,Aanya Johnson,23,Female,UK,5/3/2019,Monthly
s04165,Isabella Brown,24,Other,USA,4/26/2020,Yearly
s04166,Liam Clark,27,Female,Germany,2/12/2022,Monthly
s04167,Noah Brown,58,Male,USA,5/23/2021,Monthly
s04168,Ethan Walker,18,Other,USA,3/2/2021,Free
s04169,Benjamin Lee,25,Female,Australia,8/18/2020,Free
s04170,Riya Davis,23,Male,USA,1/5/2021,Free
s04171,Amelia Sharma,35,Male,Canada,5/31/2022,Yearly
s04172,Aarav Lee,24,Male,Australia,9/3/2022,Monthly
s04173,Aanya Moore,23,Male,Australia,5/1/2021,Monthly
s04174,Aarav Sharma,22,Male,Canada,5/7/2021,Yearly
s04175,Riya Walker,61,Other,Germany,6/16/2022,Free
s04176,Riya Johnson,22,Female,UK,10/1/2019,Yearly
s04177,Aanya Singh,35,Male,Australia,11/10/2020,Monthly
s04178,Vihaan Clark,27,Male,Germany,7/8/2022,Monthly
s04179,Aarav Anderson,20,Female,Australia,3/3/2022,Yearly
s04180,Riya Taylor,24,Female,Canada,4/18/2019,Yearly
s04181,Vihaan Walker,20,Male,UK,5/24/2020,Free
s04182,Ethan Martin,23,Other,Germany,4/6/2021,Yearly
s04183,Vihaan Patel,26,Female,Australia,11/13/2020,Free
s04184,Karan Singh,30,Female,Canada,8/31/2020,Yearly
s04185,Olivia Johnson,19,Male,India,1/25/2020,Monthly
s04186,Aanya Verma,21,Female,Canada,12/28/2022,Free
s04187,Mia Walker,19,Other,India,2/8/2019,Monthly
s04188,Zara Singh,63,Female,India,2/14/2021,Monthly
s04189,Mia Hall,18,Female,UK,4/1/2019,Yearly
s04190,Liam Walker,45,Male,Canada,5/3/2022,Free
s04191,Riya Davis,23,Other,Canada,6/8/2022,Yearly
s04192,Noah Brown,23,Other,India,8/9/2020,Yearly
s04193,Amelia Hall,39,Female,USA,2/13/2019,Monthly
s04194,Aarav Hall,18,Female,USA,10/17/2022,Monthly
s04195,Meera Lee,32,Male,Canada,3/19/2020,Yearly
s04196,Aanya Martin,26,Male,USA,7/31/2019,Yearly
s04197,Aarav Moore,18,Other,Australia,10/16/2022,Yearly
s04198,Sophia Verma,37,Other,Canada,1/14/2022,Free
s04199,Eva Miller,24,Male,India,6/21/2022,Free
s04200,Benjamin Wilson,44,Other,UK,8/22/2022,Free
s04201,Ethan Singh,40,Female,Canada,12/18/2019,Monthly
s04202,Meera Taylor,25,Female,UK,1/2/2022,Yearly
s04203,Zara Taylor,21,Female,Canada,1/21/2021,Yearly
s04204,Olivia Clark,66,Male,Australia,4/17/2019,Yearly
s04205,Sophia Miller,21,Female,Germany,9/25/2021,Monthly
s04206,Arjun Martin,20,Female,Germany,3/22/2020,Monthly
s04207,Isabella Walker,22,Female,Australia,9/16/2019,Monthly
s04208,Lucas Clark,24,Other,Germany,10/12/2021,Monthly
s04209,Olivia Sharma,32,Other,India,11/25/2019,Free
s04210,Riya Patel,20,Female,UK,12/4/2022,Free
s04211,Olivia Wilson,27,Female,Germany,9/23/2022,Monthly
s04212,Emma Brown,27,Male,Germany,2/5/2020,Monthly
s04213,Arjun Davis,34,Male,India,2/6/2022,Yearly
s04214,Aanya Sharma,34,Other,UK,5/13/2020,Yearly
s04215,Mia Walker,40,Female,Australia,5/8/2019,Free
s04216,Lucas Wilson,28,Other,UK,4/23/2021,Monthly
s04217,Ethan Lee,43,Male,Germany,6/26/2020,Monthly
s04218,Olivia Brown,60,Other,Australia,12/16/2022,Monthly
s04219,Liam Hall,20,Other,Canada,7/29/2020,Monthly
s04220,Zara Moore,39,Other,Canada,11/6/2019,Free
s04221,Noah Patel,25,Female,UK,1/28/2021,Monthly
s04222,Liam Sharma,22,Female,Germany,12/10/2019,Free
s04223,Noah Lewis,24,Male,Germany,12/23/2020,Free
s04224,Sophia Walker,26,Female,Australia,1/23/2020,Yearly
s04225,Amelia Walker,24,Other,UK,2/16/2022,Yearly
s04226,Eva Anderson,34,Female,India,6/12/2022,Free
s04227,Noah Patel,33,Female,USA,10/4/2020,Yearly
s04228,Benjamin Lewis,26,Male,India,9/26/2020,Free
s04229,Liam Singh,21,Male,USA,4/19/2019,Monthly
s04230,Olivia Hall,21,Male,Australia,5/26/2020,Monthly
s04231,Eva Moore,40,Male,Australia,1/1/2022,Free
s04232,Eva Singh,39,Female,Germany,1/11/2020,Free
s04233,Amelia Davis,23,Female,Australia,11/9/2021,Yearly
s04234,Riya Thomas,43,Other,USA,1/12/2022,Yearly
s04235,Zara Wilson,65,Other,Canada,7/19/2020,Yearly
s04236,Benjamin Hall,19,Other,Canada,12/19/2021,Monthly
s04237,Isabella Davis,31,Female,India,7/10/2019,Monthly
s04238,Riya Singh,24,Female,UK,4/9/2022,Free
s04239,Noah Johnson,19,Male,Australia,3/25/2022,Yearly
s04240,Isabella Patel,43,Other,Australia,3/28/2020,Monthly
s04241,Olivia Singh,29,Other,Australia,9/22/2020,Monthly
s04242,Olivia Walker,43,Other,UK,9/6/2021,Free
s04243,Mia Thomas,23,Male,UK,3/8/2020,Yearly
s04244,Noah Wilson,29,Female,USA,12/19/2021,Monthly
s04245,Aarav Verma,20,Male,Canada,10/13/2022,Yearly
s04246,Riya Hall,27,Female,Germany,4/16/2020,Free
s04247,Lucas Martin,18,Female,Australia,11/18/2019,Free
s04248,Olivia Martin,45,Female,Australia,9/18/2019,Monthly
s04249,Sophia Lee,40,Male,USA,11/16/2019,Yearly
s04250,Liam Walker,35,Other,USA,8/20/2021,Yearly
s04251,Eva Patel,19,Male,USA,3/16/2019,Free
s04252,Amelia Anderson,20,Other,Germany,9/21/2020,Free
s04253,Eva Singh,63,Female,Canada,2/21/2019,Free
s04254,Lucas Wilson,38,Other,India,10/26/2021,Yearly
s04255,Riya Davis,20,Other,Australia,10/27/2021,Free
s04256,Isabella Smith,64,Male,Germany,9/21/2021,Yearly
s04257,Olivia Patel,19,Female,Germany,10/31/2019,Free
s04258,Zara Johnson,43,Other,Australia,2/2/2021,Free
s04259,Liam Thomas,27,Female,Germany,5/8/2022,Yearly
s04260,Meera Lee,24,Female,Australia,4/19/2021,Yearly
s04261,Amelia Smith,37,Female,Germany,3/16/2021,Free
s04262,Liam Patel,19,Male,USA,7/18/2021,Free
s04263,Aarav Davis,26,Female,Canada,1/28/2019,Yearly
s04264,Aanya Hall,24,Female,India,8/7/2021,Free
s04265,Lucas Patel,46,Other,UK,3/14/2019,Free
s04266,Eva Taylor,26,Female,Canada,6/18/2020,Monthly
s04267,Riya Wilson,46,Female,Canada,10/16/2022,Free
s04268,Sophia Hall,19,Male,UK,7/14/2020,Monthly
s04269,Benjamin Moore,64,Other,UK,2/25/2019,Yearly
s04270,Aanya Davis,34,Male,Canada,1/28/2022,Free
s04271,Eva Sharma,26,Male,UK,4/8/2022,Free
s04272,Ethan Verma,39,Female,Germany,11/20/2021,Free
s04273,Amelia Brown,19,Other,UK,8/10/2019,Yearly
s04274,Eva Martin,42,Male,Australia,4/19/2019,Free
s04275,Aanya Sharma,50,Female,Australia,8/18/2022,Yearly
s04276,Zara Martin,23,Male,USA,10/28/2021,Monthly
s04277,Riya Verma,27,Male,UK,8/13/2021,Free
s04278,Aarav Thomas,22,Other,Germany,9/24/2020,Monthly
s04279,Olivia Verma,22,Female,Canada,9/2/2020,Free
s04280,Olivia Hall,19,Female,India,2/8/2020,Yearly
s04281,Riya Wilson,55,Male,Canada,8/25/2019,Monthly
s04282,Amelia Thomas,32,Female,UK,4/7/2020,Monthly
s04283,Emma Brown,18,Female,Germany,5/18/2020,Monthly
s04284,Noah Wilson,20,Other,Germany,8/20/2022,Free
s04285,Liam Martin,27,Male,India,7/11/2020,Free
s04286,Ethan Lewis,22,Female,India,7/6/2019,Free
s04287,Arjun Hall,23,Male,India,7/5/2019,Free
s04288,Isabella Miller,51,Female,UK,4/17/2021,Yearly
s04289,Sophia Singh,30,Female,UK,3/26/2020,Free
s04290,Eva Patel,24,Female,Germany,8/1/2021,Free
s04291,Liam Smith,25,Other,India,3/17/2019,Free
s04292,Zara Clark,19,Female,Canada,5/29/2019,Monthly
s04293,Lucas Verma,45,Male,UK,7/23/2022,Monthly
s04294,Emma Johnson,35,Other,India,10/12/2021,Monthly
s04295,Emma Martin,20,Male,Germany,4/20/2022,Free
s04296,Noah Martin,23,Male,India,5/30/2021,Free
s04297,Vihaan Lee,47,Male,USA,12/9/2019,Free
s04298,Zara Lewis,25,Other,UK,8/14/2020,Free
s04299,Sophia Martin,24,Male,Germany,5/8/2019,Free
s04300,Aanya Brown,25,Male,Canada,6/24/2022,Yearly
s04301,Arjun Johnson,60,Other,Australia,3/12/2020,Free
s04302,Meera Verma,25,Female,Canada,11/16/2021,Free
s04303,Meera Clark,24,Male,UK,1/16/2021,Free
s04304,Liam Lee,47,Other,Canada,8/9/2022,Free
s04305,Karan Taylor,23,Male,India,10/27/2020,Monthly
s04306,Zara Singh,21,Other,UK,9/6/2019,Yearly
s04307,Olivia Walker,18,Other,UK,1/25/2021,Yearly
s04308,Olivia Singh,23,Female,India,6/29/2019,Free
s04309,Arjun Anderson,27,Other,USA,1/3/2019,Yearly
s04310,Vihaan Moore,64,Male,UK,10/26/2022,Yearly
s04311,Emma Johnson,25,Female,Germany,5/12/2019,Free
s04312,Arjun Miller,25,Male,Germany,11/6/2020,Free
s04313,Eva Verma,26,Male,Canada,12/28/2019,Free
s04314,Emma Taylor,19,Female,USA,6/9/2021,Yearly
s04315,Isabella Brown,49,Other,Canada,10/3/2020,Free
s04316,Benjamin Walker,64,Other,UK,9/12/2020,Yearly
s04317,Olivia Martin,31,Other,Australia,11/24/2020,Monthly
s04318,Emma Smith,18,Female,Canada,5/31/2019,Monthly
s04319,Olivia Verma,23,Male,UK,9/3/2019,Monthly
s04320,Olivia Johnson,39,Male,Australia,2/22/2019,Monthly
s04321,Emma Patel,18,Other,India,8/30/2022,Yearly
s04322,Vihaan Verma,25,Male,India,6/13/2020,Monthly
s04323,Eva Verma,44,Other,Canada,9/2/2022,Yearly
s04324,Arjun Taylor,20,Female,Canada,8/31/2020,Free
s04325,Zara Singh,24,Female,Germany,5/27/2019,Free
s04326,Aarav Verma,22,Other,UK,3/17/2022,Free
s04327,Liam Moore,26,Male,India,1/26/2020,Free
s04328,Eva Clark,26,Male,USA,9/28/2020,Monthly
s04329,Karan Patel,23,Other,USA,3/17/2019,Monthly
s04330,Olivia Clark,60,Other,Germany,12/2/2019,Yearly
s04331,Eva Brown,44,Other,UK,3/25/2020,Monthly
s04332,Lucas Clark,30,Other,India,9/4/2022,Yearly
s04333,Zara Miller,18,Female,Australia,6/30/2021,Free
s04334,Riya Lewis,23,Female,Germany,9/17/2022,Monthly
s04335,Meera Wilson,19,Female,Germany,5/29/2020,Free
s04336,Lucas Wilson,18,Male,Germany,7/14/2022,Free
s04337,Vihaan Davis,52,Female,UK,11/1/2020,Free
s04338,Amelia Brown,29,Female,Canada,8/3/2020,Free
s04339,Amelia Clark,20,Female,Australia,6/13/2022,Yearly
s04340,Ethan Johnson,19,Female,Canada,7/4/2022,Free
s04341,Emma Lewis,26,Other,USA,8/5/2022,Free
s04342,Amelia Hall,29,Male,India,4/13/2020,Free
s04343,Liam Johnson,25,Female,Canada,9/3/2022,Free
s04344,Liam Davis,22,Female,India,7/19/2022,Free
s04345,Aarav Johnson,57,Other,Australia,3/7/2020,Free
s04346,Emma Thomas,21,Male,Australia,9/27/2021,Monthly
s04347,Vihaan Singh,24,Other,Germany,2/12/2022,Monthly
s04348,Lucas Martin,23,Other,India,8/9/2020,Yearly
s04349,Karan Patel,27,Other,Germany,6/7/2019,Yearly
s04350,Aarav Smith,40,Male,USA,3/12/2021,Yearly
s04351,Meera Verma,27,Other,India,7/31/2019,Monthly
s04352,Sophia Moore,27,Other,Australia,6/15/2021,Monthly
s04353,Sophia Walker,20,Male,UK,10/3/2020,Free
s04354,Riya Walker,48,Other,Canada,3/16/2021,Monthly
s04355,Sophia Davis,32,Other,Germany,2/3/2020,Free
s04356,Benjamin Taylor,21,Male,Canada,3/8/2020,Yearly
s04357,Lucas Martin,27,Female,Australia,11/16/2021,Monthly
s04358,Eva Moore,18,Male,Australia,11/27/2020,Monthly
s04359,Aarav Wilson,21,Female,USA,4/15/2022,Free
s04360,Aanya Martin,25,Male,USA,12/24/2020,Free
s04361,Lucas Sharma,22,Male,Australia,12/12/2022,Monthly
s04362,Lucas Johnson,38,Male,USA,10/10/2021,Monthly
s04363,Meera Anderson,43,Female,USA,5/3/2020,Yearly
s04364,Arjun Miller,33,Female,Canada,4/22/2019,Free
s04365,Aanya Sharma,25,Male,Germany,6/19/2020,Yearly
s04366,Eva Martin,19,Female,USA,2/26/2022,Monthly
s04367,Liam Davis,19,Other,India,10/6/2019,Monthly
s04368,Mia Moore,36,Female,USA,7/8/2022,Yearly
s04369,Lucas Patel,27,Other,UK,12/21/2022,Free
s04370,Eva Lewis,28,Female,Australia,10/10/2022,Free
s04371,Amelia Singh,21,Other,UK,11/16/2020,Free
s04372,Noah Anderson,46,Male,USA,10/27/2020,Free
s04373,Amelia Davis,26,Other,Australia,11/4/2020,Monthly
s04374,Meera Lee,26,Female,Germany,9/27/2021,Monthly
s04375,Arjun Moore,58,Female,USA,3/9/2020,Yearly
s04376,Ethan Wilson,63,Male,USA,7/3/2020,Yearly
s04377,Riya Singh,23,Female,USA,10/16/2022,Free
s04378,Riya Wilson,36,Other,USA,10/8/2020,Monthly
s04379,Ethan Thomas,27,Other,UK,10/3/2022,Yearly
s04380,Isabella Patel,20,Female,Australia,2/2/2019,Monthly
s04381,Vihaan Walker,26,Other,Germany,3/20/2020,Monthly
s04382,Eva Lewis,21,Female,Germany,8/31/2020,Free
s04383,Emma Lee,19,Other,UK,6/6/2021,Free
s04384,Lucas Brown,20,Male,India,3/30/2019,Free
s04385,Sophia Clark,19,Male,UK,12/20/2022,Free
s04386,Ethan Brown,21,Female,India,12/28/2021,Monthly
s04387,Riya Verma,21,Female,Australia,11/26/2019,Free
s04388,Eva Clark,19,Male,India,9/8/2022,Free
s04389,Olivia Walker,43,Other,Australia,8/8/2019,Yearly
s04390,Amelia Patel,18,Female,India,7/29/2022,Free
s04391,Sophia Taylor,41,Other,India,6/7/2019,Free
s04392,Benjamin Verma,43,Other,Australia,9/8/2021,Free
s04393,Zara Lee,19,Male,India,12/21/2021,Yearly
s04394,Eva Hall,25,Female,UK,1/9/2021,Monthly
s04395,Arjun Thomas,45,Female,Australia,5/3/2020,Yearly
s04396,Noah Thomas,21,Male,USA,2/15/2019,Monthly
s04397,Amelia Davis,23,Male,Germany,9/13/2020,Yearly
s04398,Arjun Lee,23,Male,India,4/13/2019,Monthly
s04399,Zara Patel,41,Female,Canada,4/7/2022,Monthly
s04400,Eva Miller,23,Female,India,10/30/2019,Free
s04401,Aarav Wilson,21,Other,Australia,9/20/2021,Monthly
s04402,Sophia Thomas,53,Female,Germany,4/25/2020,Free
s04403,Meera Verma,39,Male,India,12/30/2022,Yearly
s04404,Ethan Martin,20,Female,Canada,4/20/2021,Free
s04405,Zara Sharma,22,Male,India,3/31/2022,Free
s04406,Mia Smith,25,Male,India,11/3/2020,Yearly
s04407,Olivia Smith,41,Other,USA,4/30/2021,Monthly
s04408,Lucas Walker,34,Male,India,1/28/2020,Free
s04409,Sophia Miller,21,Female,India,12/4/2022,Monthly
s04410,Amelia Johnson,23,Female,Canada,6/29/2019,Free
s04411,Sophia Miller,46,Other,USA,7/7/2020,Monthly
s04412,Emma Clark,31,Male,Canada,12/12/2019,Yearly
s04413,Noah Brown,27,Female,UK,3/26/2021,Free
s04414,Sophia Lewis,46,Male,Australia,6/21/2020,Monthly
s04415,Zara Clark,30,Male,Canada,12/8/2021,Monthly
s04416,Eva Hall,45,Other,India,1/26/2022,Free
s04417,Sophia Lee,22,Other,UK,10/18/2021,Free
s04418,Karan Singh,58,Male,USA,3/7/2021,Monthly
s04419,Aanya Moore,54,Other,Canada,10/14/2022,Yearly
s04420,Meera Clark,35,Other,Germany,10/7/2019,Monthly
s04421,Vihaan Clark,24,Female,Germany,5/31/2021,Yearly
s04422,Lucas Miller,32,Other,USA,1/16/2020,Monthly
s04423,Vihaan Wilson,25,Male,USA,8/30/2021,Monthly
s04424,Noah Walker,48,Male,India,10/9/2022,Free
s04425,Vihaan Walker,44,Male,Germany,7/14/2021,Free
s04426,Ethan Johnson,47,Other,Australia,9/6/2022,Yearly
s04427,Lucas Hall,33,Female,USA,11/18/2021,Monthly
s04428,Emma Moore,27,Female,Germany,7/24/2019,Free
s04429,Noah Anderson,43,Other,Australia,12/30/2019,Yearly
s04430,Zara Sharma,18,Female,Germany,5/18/2021,Yearly
s04431,Noah Moore,25,Male,Germany,4/11/2021,Yearly
s04432,Noah Sharma,31,Male,UK,8/23/2021,Yearly
s04433,Benjamin Davis,32,Other,India,5/8/2022,Monthly
s04434,Sophia Hall,32,Male,Canada,1/25/2019,Yearly
s04435,Arjun Wilson,27,Other,India,12/16/2022,Monthly
s04436,Liam Verma,29,Male,Germany,12/11/2022,Monthly
s04437,Vihaan Patel,34,Other,Australia,5/31/2020,Monthly
s04438,Riya Taylor,39,Male,USA,12/5/2019,Free
s04439,Amelia Sharma,21,Male,USA,10/21/2022,Monthly
s04440,Vihaan Smith,27,Other,USA,10/12/2022,Monthly
s04441,Lucas Smith,43,Male,Germany,10/12/2019,Yearly
s04442,Aanya Lee,25,Other,UK,5/31/2020,Yearly
s04443,Eva Brown,19,Female,India,11/8/2021,Monthly
s04444,Aanya Sharma,30,Male,USA,12/1/2022,Free
s04445,Mia Thomas,47,Male,Germany,2/10/2019,Monthly
s04446,Lucas Clark,28,Male,Australia,7/3/2019,Yearly
s04447,Arjun Sharma,25,Male,Germany,7/15/2022,Free
s04448,Eva Johnson,35,Other,USA,9/15/2021,Yearly
s04449,Liam Moore,18,Female,Germany,8/4/2020,Free
s04450,Karan Patel,21,Female,Canada,4/20/2020,Yearly
s04451,Ethan Hall,20,Female,UK,5/8/2019,Monthly
s04452,Isabella Thomas,51,Male,Australia,2/2/2019,Free
s04453,Vihaan Patel,30,Female,USA,11/27/2022,Monthly
s04454,Aarav Anderson,23,Other,Canada,8/14/2019,Yearly
s04455,Lucas Thomas,23,Female,Germany,12/9/2020,Yearly
s04456,Meera Moore,43,Male,USA,6/9/2022,Free
s04457,Arjun Verma,41,Female,Canada,1/13/2020,Yearly
s04458,Arjun Smith,26,Male,Canada,10/23/2022,Monthly
s04459,Meera Lee,56,Male,USA,5/25/2021,Free
s04460,Meera Brown,46,Other,Canada,2/14/2019,Monthly
s04461,Lucas Wilson,21,Female,USA,1/8/2022,Yearly
s04462,Benjamin Martin,36,Other,Australia,2/26/2019,Free
s04463,Noah Taylor,32,Male,USA,2/10/2022,Yearly
s04464,Vihaan Smith,47,Other,Canada,3/2/2019,Monthly
s04465,Amelia Walker,18,Female,Canada,7/2/2022,Monthly
s04466,Zara Thomas,18,Female,Australia,2/21/2022,Yearly
s04467,Liam Johnson,19,Female,India,10/19/2019,Monthly
s04468,Aanya Singh,25,Male,UK,5/5/2021,Free
s04469,Aarav Hall,64,Male,USA,7/29/2021,Monthly
s04470,Sophia Verma,35,Female,USA,8/9/2022,Free
s04471,Aanya Hall,21,Male,Australia,12/27/2021,Free
s04472,Olivia Smith,18,Male,Australia,3/22/2022,Free
s04473,Amelia Verma,50,Other,Germany,1/21/2019,Monthly
s04474,Noah Brown,37,Female,Germany,12/13/2020,Monthly
s04475,Isabella Walker,37,Female,UK,12/26/2022,Free
s04476,Sophia Lee,18,Female,Germany,7/2/2019,Free
s04477,Karan Sharma,35,Other,USA,7/13/2020,Monthly
s04478,Meera Miller,19,Other,India,7/6/2022,Free
s04479,Aanya Anderson,42,Other,Germany,9/24/2019,Yearly
s04480,Liam Patel,24,Female,Canada,12/19/2021,Monthly
s04481,Lucas Lee,26,Male,USA,9/27/2021,Free
s04482,Isabella Sharma,25,Female,Germany,1/23/2020,Yearly
s04483,Arjun Sharma,19,Female,USA,2/15/2021,Free
s04484,Mia Taylor,40,Male,Germany,7/19/2021,Free
s04485,Meera Johnson,25,Male,Germany,4/24/2019,Free
s04486,Amelia Anderson,38,Female,UK,7/29/2020,Free
s04487,Zara Patel,32,Other,USA,4/30/2019,Monthly
s04488,Ethan Hall,40,Male,India,12/9/2019,Yearly
s04489,Benjamin Johnson,42,Other,India,6/17/2020,Free
s04490,Zara Wilson,65,Other,USA,4/15/2021,Free
s04491,Liam Brown,36,Female,India,12/12/2022,Monthly
s04492,Vihaan Lewis,25,Male,Germany,11/23/2022,Free
s04493,Meera Lee,27,Other,Germany,12/15/2022,Monthly
s04494,Benjamin Davis,27,Other,UK,1/31/2022,Free
s04495,Eva Moore,33,Female,Canada,3/18/2022,Free
s04496,Vihaan Verma,62,Male,Canada,12/15/2022,Free
s04497,Lucas Lee,26,Female,Germany,4/19/2021,Yearly
s04498,Ethan Walker,60,Male,UK,5/10/2022,Free
s04499,Lucas Martin,18,Female,Australia,11/16/2019,Monthly
s04500,Karan Patel,38,Other,India,7/17/2019,Free
s04501,Karan Hall,37,Male,USA,11/13/2021,Monthly
s04502,Vihaan Wilson,22,Female,Canada,4/14/2021,Free
s04503,Aanya Anderson,27,Female,Germany,6/10/2021,Yearly
s04504,Vihaan Hall,23,Female,Germany,10/6/2020,Yearly
s04505,Sophia Hall,21,Male,USA,9/8/2019,Free
s04506,Zara Thomas,23,Male,Canada,5/13/2021,Yearly
s04507,Olivia Verma,25,Female,Canada,5/25/2019,Yearly
s04508,Benjamin Taylor,22,Male,Australia,3/17/2020,Monthly
s04509,Zara Lewis,26,Female,UK,1/10/2022,Yearly
s04510,Mia Hall,27,Male,Germany,3/8/2019,Free
s04511,Isabella Johnson,42,Male,USA,6/9/2021,Free
s04512,Arjun Patel,61,Male,India,2/14/2021,Yearly
s04513,Olivia Brown,21,Female,USA,9/16/2022,Monthly
s04514,Arjun Lee,19,Other,Germany,5/8/2021,Monthly
s04515,Arjun Miller,45,Female,UK,7/10/2019,Yearly
s04516,Riya Walker,44,Other,India,10/14/2021,Free
s04517,Sophia Martin,43,Male,USA,12/2/2019,Yearly
s04518,Sophia Verma,23,Female,Canada,7/3/2021,Monthly
s04519,Eva Walker,19,Male,Germany,6/2/2020,Monthly
s04520,Benjamin Taylor,65,Male,USA,7/29/2021,Monthly
s04521,Aarav Anderson,36,Male,Germany,11/15/2022,Free
s04522,Sophia Sharma,20,Other,India,6/7/2019,Yearly
s04523,Emma Clark,64,Male,Australia,7/10/2020,Free
s04524,Amelia Martin,22,Other,Canada,10/6/2022,Free
s04525,Ethan Davis,43,Male,Australia,1/10/2022,Free
s04526,Liam Wilson,20,Other,Australia,10/18/2020,Yearly
s04527,Amelia Thomas,23,Male,India,2/2/2020,Monthly
s04528,Vihaan Singh,18,Female,India,3/6/2019,Free
s04529,Mia Martin,57,Male,Australia,4/18/2022,Monthly
s04530,Karan Wilson,27,Other,Germany,7/18/2019,Free
s04531,Olivia Anderson,39,Male,Canada,4/1/2021,Yearly
s04532,Isabella Sharma,32,Male,Australia,8/1/2019,Yearly
s04533,Eva Lee,26,Other,Australia,12/28/2019,Monthly
s04534,Eva Martin,66,Other,UK,9/12/2022,Yearly
s04535,Ethan Thomas,21,Male,Germany,10/2/2021,Yearly
s04536,Sophia Davis,19,Other,UK,3/22/2021,Yearly
s04537,Emma Brown,22,Other,Germany,5/10/2022,Yearly
s04538,Emma Miller,19,Male,India,12/4/2020,Monthly
s04539,Zara Wilson,26,Male,Canada,8/13/2022,Free
s04540,Vihaan Anderson,48,Female,India,8/11/2019,Free
s04541,Isabella Davis,37,Female,UK,4/27/2019,Monthly
s04542,Ethan Davis,33,Male,Germany,7/26/2022,Free
s04543,Karan Davis,46,Other,India,5/21/2019,Yearly
s04544,Aanya Anderson,38,Female,Australia,7/19/2022,Yearly
s04545,Liam Martin,59,Female,Canada,6/13/2021,Free
s04546,Riya Thomas,37,Male,UK,11/11/2019,Monthly
s04547,Isabella Martin,66,Other,Germany,7/24/2020,Yearly
s04548,Isabella Patel,21,Other,Australia,6/20/2019,Free
s04549,Lucas Johnson,38,Male,Canada,12/27/2019,Monthly
s04550,Mia Martin,19,Female,Australia,4/20/2022,Free
s04551,Olivia Thomas,46,Female,UK,3/31/2019,Yearly
s04552,Liam Clark,30,Male,Germany,2/19/2020,Yearly
s04553,Arjun Hall,25,Male,Australia,4/15/2022,Yearly
s04554,Mia Patel,19,Other,Australia,12/2/2020,Free
s04555,Amelia Thomas,21,Female,Australia,8/29/2019,Monthly
s04556,Isabella Martin,23,Other,USA,8/4/2020,Free
s04557,Ethan Anderson,42,Male,Canada,5/15/2022,Yearly
s04558,Isabella Brown,19,Male,Germany,11/29/2019,Yearly
s04559,Meera Smith,24,Male,Germany,6/26/2020,Monthly
s04560,Eva Brown,27,Male,Canada,9/9/2021,Monthly
s04561,Sophia Sharma,24,Female,Canada,8/31/2019,Monthly
s04562,Liam Walker,37,Other,USA,7/23/2019,Free
s04563,Meera Sharma,21,Male,USA,1/3/2019,Monthly
s04564,Benjamin Clark,43,Other,Australia,1/24/2020,Free
s04565,Eva Davis,25,Male,India,12/19/2022,Monthly
s04566,Emma Thomas,26,Other,Germany,3/17/2021,Yearly
s04567,Mia Wilson,47,Male,Australia,12/10/2022,Yearly
s04568,Emma Lee,18,Other,Australia,11/21/2021,Monthly
s04569,Vihaan Walker,40,Male,Germany,8/20/2019,Yearly
s04570,Amelia Patel,19,Other,Canada,9/12/2019,Monthly
s04571,Amelia Sharma,27,Other,USA,7/24/2020,Monthly
s04572,Aanya Patel,25,Female,USA,10/12/2019,Yearly
s04573,Karan Patel,63,Female,UK,4/25/2021,Yearly
s04574,Aarav Davis,18,Male,Australia,8/15/2022,Monthly
s04575,Noah Johnson,21,Male,India,12/5/2022,Free
s04576,Lucas Patel,23,Male,Canada,8/21/2021,Monthly
s04577,Noah Wilson,30,Female,UK,5/11/2019,Yearly
s04578,Liam Davis,18,Other,Canada,12/25/2021,Monthly
s04579,Riya Brown,26,Male,Germany,11/22/2021,Monthly
s04580,Olivia Walker,65,Male,UK,5/16/2019,Free
s04581,Mia Wilson,46,Female,Canada,6/28/2020,Free
s04582,Mia Miller,26,Other,Germany,6/14/2021,Free
s04583,Eva Taylor,27,Female,India,3/19/2020,Yearly
s04584,Liam Sharma,45,Female,USA,5/20/2020,Free
s04585,Riya Smith,23,Male,USA,8/10/2022,Yearly
s04586,Liam Hall,65,Other,UK,7/9/2020,Yearly
s04587,Liam Wilson,30,Female,UK,3/22/2022,Monthly
s04588,Mia Sharma,22,Other,Germany,7/3/2020,Monthly
s04589,Liam Hall,34,Male,Australia,11/10/2021,Free
s04590,Isabella Miller,24,Female,UK,9/27/2019,Free
s04591,Emma Clark,29,Other,USA,1/24/2020,Free
s04592,Amelia Verma,57,Female,India,12/8/2021,Yearly
s04593,Aanya Singh,31,Other,Canada,1/25/2021,Monthly
s04594,Noah Lewis,26,Female,USA,3/25/2022,Monthly
s04595,Meera Wilson,32,Female,UK,2/6/2020,Free
s04596,Eva Anderson,36,Male,Germany,6/20/2020,Yearly
s04597,Aanya Singh,20,Female,UK,10/3/2022,Free
s04598,Mia Brown,22,Male,UK,1/20/2022,Free
s04599,Emma Martin,20,Other,UK,12/27/2020,Monthly
s04600,Meera Anderson,36,Male,Canada,11/14/2019,Free
s04601,Aarav Sharma,21,Other,Canada,2/12/2019,Free
s04602,Amelia Brown,27,Female,Germany,9/9/2022,Yearly
s04603,Vihaan Singh,18,Male,India,10/13/2019,Free
s04604,Noah Hall,22,Male,UK,3/18/2021,Monthly
s04605,Arjun Singh,47,Other,USA,9/12/2020,Monthly
s04606,Ethan Singh,43,Other,USA,5/13/2019,Yearly
s04607,Karan Brown,22,Other,India,2/23/2022,Monthly
s04608,Karan Thomas,23,Female,India,3/1/2020,Yearly
s04609,Eva Singh,22,Other,Canada,12/4/2020,Monthly
s04610,Eva Thomas,24,Other,USA,1/13/2019,Yearly
s04611,Karan Moore,32,Female,Germany,10/14/2019,Yearly
s04612,Noah Sharma,21,Other,Germany,7/5/2021,Yearly
s04613,Mia Moore,24,Other,Australia,8/16/2021,Monthly
s04614,Benjamin Walker,27,Female,Australia,1/15/2021,Yearly
s04615,Olivia Smith,24,Male,India,10/9/2019,Monthly
s04616,Arjun Verma,24,Female,USA,1/31/2020,Monthly
s04617,Arjun Anderson,18,Other,Australia,7/6/2020,Monthly
s04618,Zara Patel,27,Other,USA,4/14/2022,Yearly
s04619,Arjun Martin,20,Female,India,2/12/2021,Monthly
s04620,Eva Singh,18,Female,UK,8/4/2022,Yearly
s04621,Amelia Patel,23,Other,UK,11/26/2019,Monthly
s04622,Sophia Brown,49,Male,USA,12/12/2022,Monthly
s04623,Emma Taylor,44,Male,Germany,2/19/2020,Monthly
s04624,Mia Sharma,24,Female,India,2/3/2020,Free
s04625,Noah Anderson,35,Other,USA,10/5/2022,Yearly
s04626,Aarav Davis,23,Male,Germany,12/10/2019,Free
s04627,Isabella Clark,20,Other,UK,11/1/2020,Monthly
s04628,Riya Singh,19,Female,Australia,6/23/2019,Free
s04629,Benjamin Smith,30,Male,UK,9/24/2019,Yearly
s04630,Sophia Walker,35,Other,USA,8/1/2021,Yearly
s04631,Mia Martin,40,Female,USA,4/5/2022,Yearly
s04632,Emma Hall,27,Male,India,12/26/2021,Free
s04633,Eva Moore,27,Male,UK,6/21/2019,Free
s04634,Lucas Verma,41,Other,Australia,5/15/2020,Yearly
s04635,Aanya Johnson,20,Male,Germany,6/8/2020,Free
s04636,Sophia Smith,42,Male,Germany,2/4/2019,Yearly
s04637,Sophia Moore,26,Male,Australia,11/20/2020,Free
s04638,Zara Thomas,31,Male,Australia,2/23/2021,Monthly
s04639,Liam Martin,30,Female,India,11/3/2019,Yearly
s04640,Mia Brown,21,Female,UK,1/12/2022,Free
s04641,Lucas Lee,27,Male,Germany,1/11/2020,Yearly
s04642,Noah Brown,42,Other,Canada,8/4/2022,Monthly
s04643,Isabella Lee,52,Male,UK,12/24/2022,Free
s04644,Noah Clark,20,Female,USA,6/5/2021,Yearly
s04645,Zara Davis,24,Male,Canada,1/23/2019,Monthly
s04646,Benjamin Miller,22,Female,India,2/20/2020,Free
s04647,Amelia Martin,22,Male,UK,4/1/2020,Monthly
s04648,Liam Johnson,18,Male,Canada,8/16/2020,Yearly
s04649,Amelia Moore,21,Male,Canada,6/17/2019,Yearly
s04650,Lucas Thomas,32,Other,UK,6/21/2022,Monthly
s04651,Karan Brown,34,Male,Germany,9/4/2020,Free
s04652,Karan Wilson,67,Female,UK,8/8/2020,Free
s04653,Lucas Sharma,18,Other,Germany,2/3/2019,Yearly
s04654,Isabella Moore,22,Female,Canada,1/30/2019,Monthly
s04655,Aarav Hall,23,Female,Australia,6/23/2019,Free
s04656,Mia Hall,46,Female,UK,12/5/2022,Monthly
s04657,Mia Davis,57,Other,USA,7/5/2019,Monthly
s04658,Lucas Smith,26,Female,UK,3/1/2021,Yearly
s04659,Sophia Anderson,43,Female,Canada,11/25/2022,Monthly
s04660,Arjun Johnson,22,Female,UK,12/13/2021,Monthly
s04661,Noah Martin,30,Female,Germany,8/23/2019,Monthly
s04662,Liam Verma,26,Other,India,8/18/2021,Yearly
s04663,Ethan Verma,19,Other,Germany,5/31/2021,Yearly
s04664,Zara Sharma,23,Male,Canada,7/10/2022,Yearly
s04665,Lucas Patel,25,Other,Germany,12/2/2021,Yearly
s04666,Lucas Wilson,62,Male,UK,6/12/2021,Monthly
s04667,Benjamin Thomas,27,Other,USA,4/20/2022,Monthly
s04668,Meera Lee,36,Other,India,7/6/2021,Monthly
s04669,Amelia Verma,38,Male,Canada,12/18/2020,Monthly
s04670,Olivia Anderson,19,Female,Australia,3/15/2021,Monthly
s04671,Ethan Johnson,23,Male,USA,9/24/2020,Monthly
s04672,Isabella Thomas,27,Female,USA,12/24/2020,Free
s04673,Aarav Wilson,44,Female,USA,7/11/2021,Free
s04674,Lucas Lewis,22,Female,UK,5/24/2019,Monthly
s04675,Olivia Walker,20,Female,India,12/30/2021,Monthly
s04676,Isabella Davis,40,Female,UK,7/25/2021,Monthly
s04677,Riya Thomas,24,Other,Germany,5/24/2019,Free
s04678,Zara Sharma,56,Male,India,12/2/2021,Monthly
s04679,Isabella Thomas,40,Other,UK,11/22/2022,Free
s04680,Isabella Wilson,54,Female,Germany,12/3/2020,Free
s04681,Aanya Moore,26,Other,Australia,2/25/2022,Yearly
s04682,Aarav Miller,24,Female,UK,7/21/2021,Yearly
s04683,Benjamin Smith,26,Female,India,4/3/2019,Free
s04684,Aarav Martin,26,Other,Australia,9/16/2020,Free
s04685,Noah Wilson,24,Male,India,5/19/2022,Free
s04686,Vihaan Brown,18,Other,Canada,1/6/2022,Monthly
s04687,Lucas Davis,34,Female,USA,3/25/2021,Free
s04688,Liam Smith,29,Male,USA,11/26/2020,Monthly
s04689,Zara Martin,40,Female,UK,2/18/2020,Monthly
s04690,Zara Wilson,41,Female,Germany,10/30/2021,Yearly
s04691,Karan Johnson,43,Female,Australia,10/7/2020,Free
s04692,Benjamin Lee,22,Male,Australia,11/8/2022,Free
s04693,Meera Hall,58,Other,USA,6/10/2022,Yearly
s04694,Lucas Sharma,32,Other,Australia,8/21/2022,Yearly
s04695,Sophia Moore,26,Female,India,4/8/2022,Yearly
s04696,Amelia Davis,31,Male,UK,7/23/2020,Yearly
s04697,Meera Patel,27,Female,UK,9/4/2021,Monthly
s04698,Liam Clark,49,Male,Germany,3/10/2019,Free
s04699,Isabella Walker,58,Other,USA,7/8/2021,Yearly
s04700,Ethan Davis,56,Male,USA,4/23/2021,Yearly
s04701,Karan Miller,29,Female,Australia,8/15/2019,Monthly
s04702,Ethan Sharma,22,Male,India,5/25/2019,Yearly
s04703,Karan Lewis,46,Female,Germany,1/21/2022,Free
s04704,Riya Taylor,27,Other,USA,2/22/2019,Free
s04705,Lucas Miller,25,Female,USA,6/13/2020,Free
s04706,Eva Clark,27,Female,Australia,4/23/2019,Yearly
s04707,Meera Thomas,63,Female,India,4/28/2020,Monthly
s04708,Lucas Wilson,22,Female,India,6/3/2021,Free
s04709,Lucas Johnson,18,Male,India,12/2/2020,Free
s04710,Aanya Sharma,34,Male,Germany,2/1/2019,Yearly
s04711,Isabella Johnson,31,Male,Australia,11/10/2022,Monthly
s04712,Ethan Lewis,46,Male,USA,11/27/2019,Free
s04713,Noah Lewis,22,Other,Germany,7/9/2019,Yearly
s04714,Amelia Lee,41,Male,Germany,9/12/2019,Monthly
s04715,Lucas Wilson,31,Male,UK,7/17/2020,Yearly
s04716,Isabella Davis,41,Other,India,8/24/2022,Monthly
s04717,Vihaan Lewis,19,Other,Germany,4/6/2019,Free
s04718,Eva Lewis,30,Female,India,10/21/2019,Yearly
s04719,Noah Miller,46,Male,UK,8/11/2019,Free
s04720,Emma Johnson,34,Male,UK,4/9/2019,Yearly
s04721,Amelia Hall,46,Other,India,7/17/2021,Free
s04722,Zara Hall,51,Male,Australia,9/8/2019,Yearly
s04723,Eva Hall,57,Male,Canada,3/23/2021,Monthly
s04724,Sophia Clark,18,Male,Germany,1/27/2020,Free
s04725,Emma Wilson,27,Other,UK,4/11/2022,Free
s04726,Riya Moore,27,Other,UK,11/21/2021,Free
s04727,Olivia Miller,21,Male,Australia,11/3/2022,Yearly
s04728,Karan Clark,21,Female,UK,7/6/2019,Yearly
s04729,Ethan Walker,27,Other,USA,1/12/2021,Monthly
s04730,Karan Taylor,22,Female,Germany,8/1/2019,Monthly
s04731,Lucas Johnson,23,Female,UK,1/11/2021,Monthly
s04732,Ethan Brown,26,Male,India,11/19/2019,Free
s04733,Arjun Lewis,32,Female,USA,3/4/2019,Yearly
s04734,Sophia Brown,22,Male,India,1/12/2020,Yearly
s04735,Eva Brown,41,Female,USA,5/24/2022,Monthly
s04736,Eva Taylor,24,Female,Germany,10/2/2022,Free
s04737,Sophia Anderson,20,Female,Australia,7/18/2021,Yearly
s04738,Benjamin Johnson,25,Male,Canada,5/31/2019,Yearly
s04739,Aanya Anderson,20,Male,Germany,5/3/2020,Free
s04740,Riya Patel,21,Female,Canada,11/7/2020,Monthly
s04741,Karan Patel,22,Female,Australia,11/21/2021,Monthly
s04742,Aarav Smith,23,Other,Germany,1/31/2019,Monthly
s04743,Sophia Smith,22,Other,India,11/24/2019,Free
s04744,Aarav Moore,18,Other,India,6/23/2019,Yearly
s04745,Noah Hall,20,Other,Australia,12/20/2021,Free
s04746,Liam Hall,29,Other,USA,12/27/2020,Monthly
s04747,Amelia Thomas,21,Female,India,10/25/2022,Yearly
s04748,Lucas Sharma,24,Male,Germany,6/19/2021,Monthly
s04749,Emma Singh,56,Male,UK,4/16/2020,Monthly
s04750,Meera Sharma,25,Other,Canada,9/28/2019,Yearly
s04751,Liam Singh,18,Other,USA,8/24/2021,Monthly
s04752,Eva Brown,34,Female,India,4/15/2022,Yearly
s04753,Riya Sharma,24,Male,Germany,2/10/2019,Monthly
s04754,Arjun Lee,25,Male,Canada,11/20/2019,Free
s04755,Liam Thomas,22,Male,USA,11/24/2021,Free
s04756,Riya Martin,21,Male,Australia,1/18/2022,Monthly
s04757,Amelia Taylor,18,Female,Germany,4/5/2021,Free
s04758,Emma Verma,22,Other,Canada,4/4/2022,Yearly
s04759,Liam Hall,52,Female,UK,2/3/2021,Monthly
s04760,Riya Patel,20,Male,India,3/15/2019,Yearly
s04761,Zara Brown,26,Other,USA,7/21/2020,Yearly
s04762,Vihaan Patel,39,Other,India,12/26/2022,Yearly
s04763,Eva Anderson,38,Male,India,7/14/2022,Monthly
s04764,Riya Taylor,26,Other,USA,4/26/2021,Free
s04765,Olivia Martin,38,Other,Germany,12/30/2020,Free
s04766,Liam Thomas,22,Female,UK,3/7/2022,Yearly
s04767,Amelia Lee,45,Other,Canada,10/11/2022,Free
s04768,Isabella Taylor,41,Other,Canada,10/8/2020,Free
s04769,Zara Singh,21,Other,Germany,4/22/2019,Monthly
s04770,Lucas Smith,25,Female,USA,10/21/2019,Monthly
s04771,Emma Taylor,24,Male,Canada,7/6/2019,Yearly
s04772,Zara Martin,20,Female,USA,4/30/2021,Free
s04773,Riya Clark,23,Female,USA,8/17/2019,Monthly
s04774,Amelia Johnson,26,Female,UK,7/12/2020,Yearly
s04775,Noah Johnson,54,Other,Germany,6/20/2019,Free
s04776,Isabella Walker,23,Female,Germany,4/19/2019,Monthly
s04777,Mia Davis,25,Female,UK,2/2/2020,Monthly
s04778,Liam Verma,58,Male,USA,11/11/2020,Monthly
s04779,Isabella Thomas,24,Male,Germany,2/18/2021,Free
s04780,Olivia Anderson,52,Other,Canada,11/30/2021,Monthly
s04781,Karan Lee,20,Female,Germany,7/15/2021,Monthly
s04782,Aanya Moore,26,Other,India,4/1/2021,Yearly
s04783,Amelia Verma,44,Male,India,9/2/2020,Monthly
s04784,Sophia Hall,20,Male,Germany,5/8/2020,Free
s04785,Aanya Lewis,35,Other,Australia,10/7/2019,Yearly
s04786,Aanya Hall,18,Other,Germany,2/22/2020,Yearly
s04787,Karan Verma,23,Female,UK,8/25/2022,Yearly
s04788,Ethan Verma,44,Male,Canada,5/21/2020,Yearly
s04789,Aanya Sharma,22,Other,Germany,7/30/2020,Monthly
s04790,Ethan Anderson,43,Other,UK,2/22/2021,Yearly
s04791,Isabella Anderson,21,Female,Germany,11/6/2020,Yearly
s04792,Eva Clark,19,Other,India,4/3/2022,Yearly
s04793,Olivia Singh,28,Male,Canada,7/11/2019,Free
s04794,Sophia Wilson,49,Other,UK,4/14/2022,Free
s04795,Isabella Thomas,27,Other,UK,6/27/2020,Free
s04796,Riya Anderson,22,Male,UK,10/26/2020,Yearly
s04797,Ethan Smith,20,Female,Canada,7/13/2019,Yearly
s04798,Vihaan Moore,21,Other,India,5/9/2022,Free
s04799,Noah Walker,29,Male,Australia,11/14/2021,Free
s04800,Eva Smith,61,Female,USA,12/28/2019,Yearly
s04801,Lucas Wilson,18,Male,Germany,1/24/2022,Monthly
s04802,Noah Smith,19,Other,Germany,3/9/2021,Yearly
s04803,Liam Clark,26,Other,India,8/30/2020,Yearly
s04804,Karan Taylor,38,Female,Germany,3/29/2020,Monthly
s04805,Benjamin Martin,26,Female,USA,2/11/2019,Monthly
s04806,Ethan Brown,23,Male,Canada,6/21/2021,Yearly
s04807,Emma Miller,41,Female,Germany,11/18/2021,Monthly
s04808,Arjun Thomas,50,Male,Germany,8/9/2019,Free
s04809,Aanya Clark,57,Female,Australia,12/7/2022,Free
s04810,Riya Sharma,53,Female,UK,4/29/2021,Yearly
s04811,Liam Walker,18,Female,Germany,8/27/2020,Free
s04812,Sophia Walker,50,Male,Canada,12/11/2021,Monthly
s04813,Liam Patel,22,Other,USA,9/4/2022,Yearly
s04814,Karan Martin,22,Male,Australia,12/30/2021,Yearly
s04815,Zara Davis,20,Other,Germany,6/18/2022,Yearly
s04816,Riya Wilson,31,Female,USA,5/29/2021,Free
s04817,Zara Verma,27,Male,USA,10/23/2022,Free
s04818,Karan Lee,24,Female,Canada,6/9/2021,Yearly
s04819,Riya Lewis,18,Male,Canada,8/26/2019,Yearly
s04820,Arjun Brown,20,Female,UK,3/24/2021,Free
s04821,Eva Moore,52,Other,UK,11/12/2019,Free
s04822,Vihaan Thomas,18,Female,Germany,5/17/2020,Yearly
s04823,Karan Clark,39,Female,Germany,1/27/2019,Yearly
s04824,Amelia Sharma,22,Other,India,12/11/2019,Monthly
s04825,Sophia Moore,20,Other,UK,1/2/2019,Monthly
s04826,Aanya Brown,46,Female,USA,8/19/2022,Free
s04827,Lucas Clark,19,Other,Australia,6/10/2019,Free
s04828,Karan Thomas,27,Other,Germany,11/27/2020,Monthly
s04829,Lucas Walker,58,Other,USA,5/25/2020,Free
s04830,Benjamin Brown,44,Other,Canada,8/26/2019,Monthly
s04831,Eva Martin,23,Other,India,5/29/2020,Free
s04832,Meera Anderson,19,Other,Australia,6/11/2022,Free
s04833,Emma Walker,28,Female,Germany,1/27/2020,Yearly
s04834,Karan Thomas,58,Female,Canada,4/11/2022,Yearly
s04835,Liam Moore,18,Other,UK,11/2/2022,Yearly
s04836,Zara Taylor,24,Other,UK,7/27/2022,Monthly
s04837,Riya Moore,21,Other,Germany,10/26/2022,Yearly
s04838,Sophia Singh,42,Male,USA,6/4/2021,Yearly
s04839,Liam Thomas,25,Male,UK,1/17/2022,Yearly
s04840,Benjamin Hall,21,Male,Australia,1/26/2021,Monthly
s04841,Zara Brown,25,Female,USA,3/15/2020,Yearly
s04842,Benjamin Brown,48,Other,USA,6/23/2021,Yearly
s04843,Karan Brown,41,Male,Australia,3/30/2020,Monthly
s04844,Aanya Verma,20,Male,Australia,11/30/2020,Free
s04845,Isabella Patel,18,Female,UK,6/22/2019,Monthly
s04846,Aanya Singh,24,Male,UK,2/16/2020,Yearly
s04847,Olivia Hall,33,Other,India,3/14/2019,Monthly
s04848,Mia Brown,22,Male,Germany,2/7/2019,Yearly
s04849,Mia Anderson,46,Other,Germany,12/19/2020,Monthly
s04850,Liam Clark,18,Female,Canada,11/19/2021,Free
s04851,Meera Davis,36,Male,USA,12/13/2019,Monthly
s04852,Noah Lee,20,Male,Australia,11/9/2020,Yearly
s04853,Isabella Anderson,26,Male,Australia,4/19/2019,Free
s04854,Isabella Taylor,46,Other,Canada,5/17/2022,Free
s04855,Arjun Martin,26,Male,Australia,3/2/2019,Free
s04856,Isabella Thomas,46,Other,Germany,12/2/2020,Free
s04857,Meera Lee,20,Female,India,5/22/2021,Monthly
s04858,Lucas Walker,27,Female,UK,2/24/2021,Free
s04859,Arjun Sharma,21,Female,Canada,9/30/2019,Yearly
s04860,Arjun Verma,20,Other,India,7/27/2022,Free
s04861,Ethan Martin,19,Other,Canada,7/20/2020,Yearly
s04862,Benjamin Anderson,21,Male,USA,11/17/2020,Free
s04863,Mia Taylor,27,Female,Germany,11/9/2022,Yearly
s04864,Riya Walker,23,Female,USA,4/18/2021,Monthly
s04865,Aarav Miller,24,Female,Canada,1/12/2020,Yearly
s04866,Noah Hall,20,Female,India,8/23/2021,Monthly
s04867,Lucas Johnson,37,Other,Canada,11/25/2022,Monthly
s04868,Aarav Lee,25,Female,Canada,1/7/2020,Yearly
s04869,Eva Lee,48,Other,Canada,11/7/2019,Free
s04870,Noah Walker,20,Male,India,8/29/2020,Monthly
s04871,Karan Lewis,41,Male,India,6/29/2022,Free
s04872,Aarav Singh,20,Other,India,1/24/2021,Yearly
s04873,Aarav Patel,21,Male,India,6/24/2020,Free
s04874,Mia Clark,27,Other,UK,4/5/2022,Free
s04875,Eva Moore,21,Female,India,11/30/2020,Monthly
s04876,Vihaan Martin,35,Female,Australia,11/24/2022,Monthly
s04877,Zara Miller,34,Female,UK,9/4/2021,Free
s04878,Olivia Sharma,21,Female,India,1/17/2022,Yearly
s04879,Ethan Davis,45,Male,USA,2/18/2019,Free
s04880,Riya Clark,18,Male,UK,7/11/2021,Yearly
s04881,Emma Thomas,46,Other,Australia,8/7/2019,Monthly
s04882,Eva Wilson,20,Female,Germany,2/28/2022,Yearly
s04883,Benjamin Anderson,18,Other,Canada,8/17/2019,Free
s04884,Karan Lee,46,Male,UK,5/23/2020,Free
s04885,Karan Anderson,30,Female,UK,6/12/2019,Monthly
s04886,Ethan Moore,37,Other,Germany,7/18/2021,Yearly
s04887,Karan Lewis,27,Male,UK,7/22/2019,Monthly
s04888,Mia Martin,46,Male,Australia,9/4/2019,Free
s04889,Aanya Thomas,45,Female,USA,5/30/2019,Yearly
s04890,Sophia Wilson,42,Male,India,2/28/2021,Free
s04891,Sophia Taylor,66,Other,Canada,5/30/2021,Monthly
s04892,Emma Davis,29,Other,UK,2/5/2019,Yearly
s04893,Emma Smith,44,Other,Germany,2/7/2020,Free
s04894,Meera Brown,40,Other,Canada,6/9/2019,Monthly
s04895,Arjun Moore,27,Male,Australia,10/13/2020,Yearly
s04896,Lucas Thomas,20,Other,Canada,8/4/2022,Yearly
s04897,Lucas Martin,33,Female,Canada,5/1/2020,Free
s04898,Arjun Miller,22,Male,Canada,2/28/2020,Free
s04899,Sophia Brown,27,Other,USA,8/30/2022,Monthly
s04900,Lucas Moore,19,Female,India,3/3/2021,Free
s04901,Zara Sharma,22,Male,India,10/12/2022,Free
s04902,Mia Taylor,34,Female,UK,9/4/2019,Free
s04903,Olivia Moore,27,Other,India,6/26/2019,Yearly
s04904,Lucas Moore,50,Female,India,4/13/2022,Free
s04905,Eva Patel,29,Male,Australia,9/2/2021,Free
s04906,Riya Anderson,46,Other,Australia,12/12/2021,Monthly
s04907,Aarav Walker,27,Female,Australia,11/21/2019,Monthly
s04908,Sophia Wilson,38,Female,India,12/14/2020,Monthly
s04909,Ethan Thomas,21,Male,Canada,12/6/2020,Free
s04910,Mia Smith,22,Female,UK,10/22/2022,Yearly
s04911,Karan Davis,21,Other,USA,12/30/2022,Yearly
s04912,Meera Brown,18,Other,India,8/13/2020,Yearly
s04913,Aanya Anderson,20,Male,Canada,6/8/2021,Free
s04914,Mia Clark,19,Female,USA,7/1/2021,Yearly
s04915,Sophia Miller,37,Other,India,7/8/2020,Free
s04916,Arjun Miller,23,Other,UK,11/16/2020,Yearly
s04917,Isabella Thomas,28,Male,USA,10/23/2020,Monthly
s04918,Aanya Davis,66,Other,Canada,11/25/2020,Yearly
s04919,Ethan Walker,21,Male,Germany,1/27/2022,Free
s04920,Emma Patel,26,Female,UK,1/11/2019,Free
s04921,Liam Thomas,25,Male,Canada,7/16/2022,Monthly
s04922,Meera Smith,44,Other,UK,6/19/2020,Free
s04923,Isabella Clark,21,Other,Canada,2/3/2020,Yearly
s04924,Meera Davis,46,Female,Australia,11/26/2022,Yearly
s04925,Olivia Singh,27,Other,Australia,4/11/2021,Monthly
s04926,Mia Hall,25,Male,Australia,5/5/2019,Monthly
s04927,Arjun Clark,20,Other,Germany,5/6/2020,Free
s04928,Vihaan Davis,35,Other,USA,1/25/2020,Monthly
s04929,Emma Patel,20,Other,UK,5/4/2019,Free
s04930,Ethan Thomas,19,Female,UK,8/7/2021,Monthly
s04931,Aarav Sharma,37,Male,Australia,7/1/2019,Free
s04932,Emma Johnson,33,Male,USA,7/5/2019,Yearly
s04933,Aarav Wilson,19,Other,India,2/21/2022,Yearly
s04934,Aanya Davis,22,Other,USA,7/17/2022,Monthly
s04935,Amelia Verma,25,Other,UK,8/21/2019,Monthly
s04936,Aarav Moore,24,Female,Australia,12/13/2022,Free
s04937,Olivia Clark,28,Other,USA,3/14/2020,Yearly
s04938,Aarav Lee,41,Female,Canada,1/6/2020,Free
s04939,Eva Lewis,23,Other,Germany,12/4/2020,Monthly
s04940,Emma Lewis,21,Male,USA,3/30/2021,Monthly
s04941,Zara Lee,54,Male,UK,2/16/2022,Monthly
s04942,Amelia Lewis,22,Other,Germany,3/13/2020,Yearly
s04943,Riya Miller,45,Other,India,11/6/2021,Monthly
s04944,Vihaan Lewis,19,Male,Australia,6/15/2022,Monthly
s04945,Benjamin Lewis,58,Female,India,11/24/2022,Monthly
s04946,Benjamin Wilson,36,Female,Germany,11/3/2020,Monthly
s04947,Noah Smith,18,Male,Australia,8/1/2020,Free
s04948,Olivia Sharma,22,Female,India,2/17/2019,Yearly
s04949,Arjun Walker,31,Male,USA,4/24/2019,Monthly
s04950,Liam Martin,40,Female,Canada,6/24/2019,Yearly
s04951,Lucas Smith,21,Male,USA,1/30/2021,Free
s04952,Karan Verma,55,Other,India,5/21/2022,Yearly
s04953,Emma Brown,62,Male,Germany,4/2/2019,Yearly
s04954,Isabella Anderson,20,Other,USA,1/3/2021,Monthly
s04955,Aanya Lee,27,Male,India,4/20/2020,Yearly
s04956,Aarav Verma,26,Other,Germany,10/4/2019,Free
s04957,Ethan Clark,23,Other,UK,12/27/2022,Free
s04958,Liam Walker,28,Male,UK,4/17/2021,Monthly
s04959,Karan Wilson,43,Female,Canada,7/24/2021,Free
s04960,Ethan Patel,21,Male,Australia,1/15/2019,Yearly
s04961,Sophia Thomas,23,Male,India,12/3/2021,Monthly
s04962,Aanya Miller,20,Male,USA,6/17/2020,Monthly
s04963,Eva Hall,21,Other,Canada,10/14/2019,Monthly
s04964,Ethan Walker,18,Female,UK,7/3/2022,Free
s04965,Vihaan Davis,46,Male,Germany,10/21/2020,Monthly
s04966,Karan Thomas,25,Male,Australia,12/18/2022,Monthly
s04967,Olivia Moore,21,Other,USA,5/9/2019,Monthly
s04968,Karan Moore,27,Female,Germany,4/22/2022,Monthly
s04969,Arjun Brown,20,Female,UK,10/20/2021,Yearly
s04970,Sophia Wilson,18,Male,UK,3/25/2019,Yearly
s04971,Zara Walker,25,Male,Germany,3/21/2021,Free
s04972,Aarav Wilson,20,Male,India,3/31/2021,Monthly
s04973,Arjun Walker,23,Male,Canada,11/13/2020,Free
s04974,Noah Thomas,25,Male,India,4/18/2020,Monthly
s04975,Aanya Lee,20,Female,USA,3/9/2019,Free
s04976,Aarav Hall,67,Other,Australia,2/18/2019,Yearly
s04977,Karan Hall,31,Other,UK,7/3/2020,Yearly
s04978,Sophia Smith,23,Female,UK,8/17/2021,Monthly
s04979,Eva Brown,34,Other,Australia,1/21/2019,Free
s04980,Olivia Taylor,24,Male,Australia,8/17/2019,Yearly
s04981,Emma Anderson,19,Male,Germany,7/2/2021,Yearly
s04982,Benjamin Lee,18,Other,India,2/9/2019,Free
s04983,Aanya Clark,66,Other,Germany,4/5/2022,Yearly
s04984,Vihaan Thomas,25,Female,UK,5/22/2019,Yearly
s04985,Olivia Lewis,27,Female,Germany,2/3/2021,Free
s04986,Olivia Lee,22,Other,Germany,7/24/2019,Monthly
s04987,Zara Walker,43,Male,Canada,5/15/2019,Yearly
s04988,Ethan Miller,32,Female,Australia,8/20/2021,Monthly
s04989,Lucas Moore,51,Male,USA,11/23/2021,Free
s04990,Meera Anderson,41,Other,UK,9/26/2021,Free
s04991,Riya Patel,37,Other,Germany,7/8/2021,Monthly
s04992,Mia Miller,23,Other,Australia,9/25/2019,Yearly
s04993,Vihaan Taylor,27,Female,USA,8/13/2021,Monthly
s04994,Emma Walker,25,Other,India,1/19/2020,Monthly
s04995,Sophia Lewis,18,Female,Australia,8/22/2019,Monthly
s04996,Emma Patel,67,Male,Australia,12/18/2019,Yearly
s04997,Riya Thomas,24,Female,UK,9/22/2022,Monthly
s04998,Isabella Martin,33,Male,UK,5/21/2021,Free
s04999,Aarav Lee,23,Other,Canada,10/17/2022,Free
s05000,Benjamin Moore,21,Other,Germany,2/20/2022,Monthly
s05001,Benjamin Lee,36,Female,India,1/10/2021,Yearly
s05002,Olivia Moore,47,Female,UK,3/16/2021,Monthly
s05003,Karan Verma,18,Other,India,8/18/2019,Monthly
s05004,Riya Lee,32,Other,Canada,8/30/2019,Monthly
s05005,Aanya Johnson,21,Other,UK,2/10/2019,Free
s05006,Benjamin Miller,25,Female,USA,7/23/2019,Yearly
s05007,Sophia Lee,36,Male,India,10/28/2020,Free
s05008,Ethan Walker,39,Female,Australia,5/10/2021,Free
s05009,Meera Hall,64,Female,USA,4/19/2020,Monthly
s05010,Noah Patel,27,Male,Germany,7/22/2021,Yearly
s05011,Zara Martin,52,Male,India,6/17/2022,Free
s05012,Liam Singh,20,Female,Australia,5/11/2019,Free
s05013,Mia Lee,19,Female,Germany,9/15/2019,Yearly
s05014,Emma Sharma,30,Female,USA,10/20/2019,Monthly
s05015,Arjun Thomas,22,Female,UK,8/6/2019,Free
s05016,Noah Hall,23,Female,Australia,6/30/2020,Monthly
s05017,Aanya Sharma,43,Other,Canada,1/26/2019,Yearly
s05018,Riya Walker,26,Male,UK,7/2/2020,Monthly
s05019,Emma Walker,24,Male,Australia,6/20/2019,Monthly
s05020,Zara Smith,25,Female,Australia,5/28/2020,Yearly
s05021,Vihaan Anderson,22,Other,USA,12/11/2020,Free
s05022,Vihaan Verma,27,Other,India,3/7/2019,Yearly
s05023,Benjamin Martin,18,Other,UK,5/18/2021,Yearly
s05024,Emma Davis,26,Male,USA,11/9/2021,Yearly
s05025,Vihaan Moore,19,Male,Canada,3/19/2021,Monthly
s05026,Amelia Miller,19,Male,UK,8/13/2022,Yearly
s05027,Aanya Wilson,22,Male,Australia,6/9/2019,Monthly
s05028,Sophia Moore,21,Male,Germany,12/22/2021,Monthly
s05029,Olivia Sharma,18,Male,Germany,8/9/2020,Yearly
s05030,Lucas Thomas,20,Male,USA,12/23/2019,Free
s05031,Eva Lee,43,Other,Australia,2/16/2022,Yearly
s05032,Liam Brown,21,Other,Germany,6/18/2019,Yearly
s05033,Lucas Lewis,24,Other,Canada,7/20/2020,Yearly
s05034,Isabella Thomas,27,Other,India,5/22/2020,Yearly
s05035,Zara Hall,46,Other,Germany,4/10/2022,Yearly
s05036,Ethan Lewis,26,Other,USA,3/14/2021,Monthly
s05037,Mia Singh,26,Other,India,12/19/2021,Yearly
s05038,Mia Davis,21,Male,Germany,7/22/2020,Monthly
s05039,Arjun Lewis,34,Other,Germany,8/10/2020,Free
s05040,Olivia Johnson,18,Other,Australia,10/6/2020,Monthly
s05041,Mia Smith,25,Female,Canada,7/27/2021,Free
s05042,Isabella Sharma,23,Other,USA,5/22/2021,Yearly
s05043,Zara Singh,26,Other,India,2/1/2022,Yearly
s05044,Olivia Martin,20,Other,USA,2/16/2022,Free
s05045,Isabella Patel,22,Male,USA,4/13/2021,Yearly
s05046,Liam Walker,20,Male,Australia,8/24/2021,Monthly
s05047,Lucas Clark,35,Other,Australia,2/11/2020,Yearly
s05048,Noah Taylor,28,Female,Germany,9/9/2020,Yearly
s05049,Vihaan Lewis,21,Male,India,5/3/2021,Free
s05050,Lucas Lee,31,Female,India,12/12/2019,Monthly
s05051,Noah Lee,27,Other,Germany,6/30/2020,Yearly
s05052,Olivia Sharma,23,Female,India,8/11/2022,Monthly
s05053,Amelia Moore,24,Female,Australia,3/10/2019,Monthly
s05054,Vihaan Wilson,36,Other,Germany,11/13/2020,Monthly
s05055,Eva Thomas,24,Male,Canada,4/23/2022,Free
s05056,Isabella Brown,18,Male,USA,5/8/2022,Yearly
s05057,Ethan Patel,59,Female,Germany,2/11/2021,Free
s05058,Amelia Lee,29,Female,India,8/14/2019,Monthly
s05059,Sophia Brown,23,Female,Germany,3/9/2019,Free
s05060,Eva Walker,24,Female,Canada,8/27/2019,Free
s05061,Isabella Thomas,43,Male,Germany,9/22/2020,Free
s05062,Arjun Thomas,61,Other,USA,5/15/2021,Monthly
s05063,Aanya Clark,20,Female,UK,3/13/2020,Free
s05064,Liam Lee,24,Other,India,5/27/2022,Yearly
s05065,Ethan Lewis,26,Other,Germany,6/10/2019,Monthly
s05066,Vihaan Miller,26,Other,USA,5/16/2021,Monthly
s05067,Eva Thomas,40,Male,UK,8/15/2021,Free
s05068,Emma Brown,34,Other,Germany,1/24/2021,Free
s05069,Karan Hall,43,Female,Australia,9/15/2019,Monthly
s05070,Liam Wilson,27,Other,India,9/18/2020,Yearly
s05071,Zara Verma,18,Male,India,3/25/2020,Monthly
s05072,Eva Brown,30,Male,USA,6/22/2021,Monthly
s05073,Benjamin Martin,18,Other,Canada,3/31/2022,Free
s05074,Emma Hall,19,Male,UK,4/22/2020,Free
s05075,Ethan Sharma,28,Female,USA,10/3/2022,Yearly
s05076,Meera Brown,22,Female,UK,9/19/2019,Free
s05077,Olivia Taylor,47,Male,Canada,8/11/2021,Free
s05078,Amelia Thomas,25,Male,UK,4/13/2022,Monthly
s05079,Benjamin Thomas,30,Other,Canada,6/21/2019,Free
s05080,Amelia Verma,22,Other,UK,4/9/2019,Free
s05081,Zara Taylor,56,Female,Canada,12/8/2020,Yearly
s05082,Ethan Miller,43,Female,India,11/21/2019,Monthly
s05083,Aanya Hall,45,Other,UK,7/19/2019,Free
s05084,Arjun Smith,50,Other,Canada,12/7/2019,Monthly
s05085,Isabella Singh,26,Female,Canada,7/17/2019,Free
s05086,Isabella Patel,21,Other,Canada,9/18/2021,Monthly
s05087,Olivia Wilson,32,Female,Australia,2/26/2020,Monthly
s05088,Meera Davis,27,Male,Australia,1/16/2021,Yearly
s05089,Meera Davis,22,Other,Canada,9/11/2020,Yearly
s05090,Emma Miller,20,Male,Germany,9/5/2022,Yearly
s05091,Aanya Taylor,18,Male,Germany,7/4/2021,Monthly
s05092,Vihaan Brown,45,Other,Canada,2/1/2022,Yearly
s05093,Sophia Taylor,31,Male,Australia,11/6/2020,Monthly
s05094,Liam Miller,29,Female,India,9/29/2019,Free
s05095,Olivia Clark,20,Male,UK,11/7/2021,Free
s05096,Olivia Sharma,53,Female,Germany,8/18/2020,Yearly
s05097,Eva Sharma,64,Male,USA,10/28/2021,Monthly
s05098,Noah Lee,41,Female,USA,1/30/2022,Monthly
s05099,Lucas Patel,22,Male,Canada,1/9/2022,Monthly
s05100,Aanya Lewis,18,Female,USA,6/27/2020,Yearly
s05101,Noah Sharma,62,Male,Canada,9/10/2019,Monthly
s05102,Riya Taylor,42,Male,USA,5/26/2019,Yearly
s05103,Olivia Miller,27,Female,USA,11/7/2022,Yearly
s05104,Riya Taylor,19,Male,Canada,10/3/2022,Free
s05105,Mia Singh,24,Female,India,1/28/2020,Free
s05106,Vihaan Patel,23,Female,UK,1/30/2022,Yearly
s05107,Riya Lewis,45,Male,India,8/29/2019,Monthly
s05108,Vihaan Patel,20,Male,UK,10/23/2019,Yearly
s05109,Liam Lee,32,Male,UK,9/29/2019,Monthly
s05110,Benjamin Thomas,26,Female,India,3/18/2019,Free
s05111,Emma Wilson,22,Female,UK,3/6/2020,Yearly
s05112,Aarav Wilson,22,Female,Germany,11/10/2020,Yearly
s05113,Eva Brown,18,Other,Germany,1/16/2021,Monthly
s05114,Isabella Martin,23,Male,Germany,12/31/2019,Free
s05115,Amelia Lewis,37,Male,Australia,10/3/2020,Monthly
s05116,Emma Lewis,56,Female,USA,12/31/2019,Free
s05117,Eva Verma,40,Male,Canada,3/17/2019,Monthly
s05118,Liam Patel,24,Male,Germany,4/19/2020,Yearly
s05119,Lucas Martin,46,Female,Germany,12/9/2022,Monthly
s05120,Aarav Davis,42,Male,USA,4/9/2021,Monthly
s05121,Eva Miller,20,Female,India,1/12/2020,Monthly
s05122,Mia Thomas,30,Male,Australia,2/8/2022,Free
s05123,Benjamin Singh,25,Male,Germany,9/10/2020,Free
s05124,Lucas Johnson,22,Male,USA,6/3/2021,Yearly
s05125,Emma Davis,21,Female,Australia,8/30/2021,Monthly
s05126,Riya Singh,22,Male,Canada,10/2/2020,Yearly
s05127,Benjamin Martin,20,Other,Germany,6/9/2022,Free
s05128,Arjun Smith,63,Other,USA,6/12/2019,Yearly
s05129,Olivia Singh,65,Male,Germany,11/29/2021,Monthly
s05130,Eva Patel,58,Other,USA,2/9/2020,Yearly
s05131,Eva Sharma,56,Other,USA,4/7/2021,Monthly
s05132,Karan Walker,24,Female,Germany,12/27/2019,Free
s05133,Sophia Singh,47,Other,Australia,12/18/2019,Yearly
s05134,Riya Brown,19,Female,Canada,11/26/2020,Monthly
s05135,Mia Brown,24,Female,Australia,7/3/2019,Monthly
s05136,Aarav Brown,21,Other,Germany,3/18/2019,Free
s05137,Karan Hall,26,Other,USA,8/25/2020,Yearly
s05138,Noah Thomas,23,Male,Germany,4/29/2019,Free
s05139,Zara Sharma,21,Male,Australia,6/1/2022,Yearly
s05140,Meera Singh,27,Other,Germany,11/17/2020,Monthly
s05141,Lucas Brown,62,Female,USA,2/26/2021,Yearly
s05142,Lucas Singh,52,Other,Australia,6/12/2019,Monthly
s05143,Vihaan Brown,19,Other,USA,8/4/2019,Monthly
s05144,Olivia Moore,51,Male,India,9/4/2020,Yearly
s05145,Isabella Martin,20,Female,India,11/26/2020,Monthly
s05146,Riya Moore,24,Other,UK,9/4/2019,Free
s05147,Eva Patel,27,Female,UK,8/20/2021,Free
s05148,Arjun Hall,18,Female,Germany,8/21/2020,Monthly
s05149,Mia Thomas,23,Male,Australia,6/10/2019,Free
s05150,Arjun Walker,42,Male,USA,5/5/2022,Monthly
s05151,Amelia Martin,38,Other,USA,9/2/2019,Free
s05152,Sophia Taylor,23,Male,Australia,8/2/2019,Monthly
s05153,Mia Walker,18,Male,India,5/14/2021,Free
s05154,Aarav Verma,20,Male,India,3/18/2020,Free
s05155,Lucas Patel,18,Male,USA,1/3/2021,Free
s05156,Mia Walker,41,Other,USA,4/15/2019,Monthly
s05157,Olivia Walker,36,Other,Australia,11/20/2019,Monthly
s05158,Benjamin Moore,19,Female,Germany,1/9/2022,Yearly
s05159,Mia Brown,56,Male,USA,11/11/2020,Yearly
s05160,Amelia Hall,26,Male,USA,5/3/2021,Monthly
s05161,Isabella Singh,23,Other,Germany,8/4/2020,Free
s05162,Karan Wilson,27,Other,India,6/22/2020,Free
s05163,Benjamin Clark,25,Male,USA,11/17/2022,Yearly
s05164,Olivia Taylor,27,Male,India,3/24/2021,Monthly
s05165,Emma Anderson,21,Other,Australia,5/13/2022,Monthly
s05166,Mia Wilson,22,Female,UK,7/31/2022,Free
s05167,Sophia Moore,18,Other,Australia,9/27/2021,Free
s05168,Noah Hall,28,Female,Germany,9/28/2020,Free
s05169,Lucas Wilson,49,Other,India,11/13/2021,Free
s05170,Aanya Walker,19,Male,Canada,10/1/2019,Free
s05171,Emma Martin,22,Female,India,2/21/2019,Monthly
s05172,Benjamin Miller,41,Female,Australia,5/3/2022,Free
s05173,Zara Thomas,37,Female,Australia,9/9/2019,Monthly
s05174,Ethan Taylor,25,Other,Canada,12/5/2021,Monthly
s05175,Ethan Sharma,25,Other,Australia,2/29/2020,Yearly
s05176,Liam Lee,29,Other,India,1/29/2022,Yearly
s05177,Benjamin Brown,48,Other,Germany,6/8/2022,Yearly
s05178,Liam Clark,54,Male,UK,2/6/2019,Free
s05179,Noah Hall,20,Male,Australia,10/14/2019,Yearly
s05180,Mia Thomas,38,Other,Australia,3/29/2022,Monthly
s05181,Benjamin Wilson,19,Female,Germany,9/10/2022,Monthly
s05182,Eva Thomas,47,Male,UK,8/24/2020,Free
s05183,Noah Johnson,27,Female,Australia,9/18/2020,Free
s05184,Aanya Miller,27,Female,Australia,11/3/2019,Yearly
s05185,Mia Walker,59,Other,Australia,9/14/2020,Yearly
s05186,Noah Martin,38,Other,Germany,4/13/2019,Yearly
s05187,Eva Sharma,29,Other,Australia,6/5/2021,Free
s05188,Vihaan Smith,25,Male,Canada,1/14/2019,Free
s05189,Amelia Walker,42,Male,Canada,7/21/2020,Monthly
s05190,Vihaan Thomas,27,Female,India,2/6/2020,Free
s05191,Isabella Lewis,40,Male,UK,4/22/2020,Monthly
s05192,Ethan Johnson,21,Female,Australia,7/2/2022,Free
s05193,Sophia Smith,34,Female,Canada,5/23/2022,Free
s05194,Olivia Thomas,22,Male,Germany,1/19/2019,Yearly
s05195,Karan Clark,24,Male,Germany,11/7/2022,Free
s05196,Emma Moore,26,Other,Germany,5/17/2022,Yearly
s05197,Ethan Lee,63,Male,Australia,10/10/2019,Free
s05198,Sophia Anderson,26,Male,India,12/22/2020,Yearly
s05199,Isabella Taylor,49,Male,Australia,3/10/2019,Free
s05200,Isabella Brown,25,Other,Australia,4/6/2021,Free
s05201,Aarav Brown,24,Female,USA,12/12/2022,Monthly
s05202,Zara Moore,57,Other,UK,12/16/2019,Yearly
s05203,Noah Brown,22,Female,USA,4/24/2021,Monthly
s05204,Ethan Brown,23,Other,India,5/28/2022,Free
s05205,Vihaan Verma,24,Male,Canada,2/29/2020,Free
s05206,Eva Smith,64,Female,Germany,5/23/2020,Monthly
s05207,Vihaan Johnson,46,Female,USA,3/17/2020,Monthly
s05208,Liam Brown,31,Other,Canada,5/1/2019,Free
s05209,Karan Martin,20,Female,India,4/1/2020,Yearly
s05210,Liam Martin,25,Other,USA,6/20/2020,Monthly
s05211,Liam Walker,23,Other,Australia,9/18/2019,Yearly
s05212,Isabella Walker,26,Other,Australia,7/25/2019,Yearly
s05213,Lucas Thomas,26,Other,USA,12/5/2019,Free
s05214,Noah Lee,21,Other,India,11/18/2020,Free
s05215,Lucas Patel,26,Other,Canada,9/4/2021,Free
s05216,Aarav Wilson,47,Male,Germany,2/28/2019,Yearly
s05217,Aanya Wilson,18,Female,India,8/7/2021,Yearly
s05218,Emma Walker,27,Female,UK,1/11/2020,Free
s05219,Eva Verma,57,Male,India,2/17/2021,Monthly
s05220,Aarav Sharma,61,Male,USA,1/25/2022,Yearly
s05221,Mia Miller,56,Male,USA,7/2/2020,Monthly
s05222,Amelia Clark,41,Other,UK,12/15/2020,Free
s05223,Isabella Brown,22,Male,Australia,8/16/2022,Free
s05224,Aarav Clark,40,Other,India,5/31/2019,Monthly
s05225,Emma Walker,28,Male,Australia,10/25/2022,Monthly
s05226,Aanya Smith,62,Male,Germany,5/19/2020,Yearly
s05227,Zara Patel,67,Female,Australia,2/21/2020,Free
s05228,Vihaan Davis,58,Other,USA,1/25/2022,Free
s05229,Mia Wilson,25,Male,USA,7/9/2019,Monthly
s05230,Meera Lee,26,Male,UK,3/1/2019,Free
s05231,Vihaan Anderson,20,Male,India,10/12/2022,Monthly
s05232,Aanya Patel,18,Other,Canada,12/3/2021,Yearly
s05233,Riya Verma,43,Female,USA,9/21/2022,Monthly
s05234,Ethan Walker,28,Other,UK,3/23/2020,Free
s05235,Karan Smith,18,Other,Australia,11/13/2019,Free
s05236,Aanya Moore,27,Other,India,9/23/2020,Monthly
s05237,Eva Moore,18,Male,UK,10/14/2020,Monthly
s05238,Lucas Lee,20,Female,India,11/28/2019,Free
s05239,Emma Walker,26,Other,India,6/9/2019,Yearly
s05240,Meera Moore,41,Female,Canada,8/3/2021,Yearly
s05241,Liam Martin,42,Male,UK,2/6/2022,Monthly
s05242,Benjamin Thomas,62,Male,Canada,3/27/2021,Monthly
s05243,Amelia Wilson,28,Male,Australia,10/12/2021,Monthly
s05244,Noah Lee,26,Male,Canada,8/30/2019,Yearly
s05245,Olivia Lee,25,Male,USA,5/16/2020,Free
s05246,Benjamin Lewis,27,Male,Australia,8/7/2019,Yearly
s05247,Amelia Lewis,25,Female,Canada,5/19/2022,Free
s05248,Mia Clark,21,Female,UK,12/25/2019,Free
s05249,Isabella Clark,27,Other,USA,9/12/2021,Monthly
s05250,Mia Brown,23,Female,Australia,4/11/2022,Free
s05251,Eva Anderson,30,Male,India,8/24/2022,Monthly
s05252,Zara Anderson,20,Female,Canada,5/1/2022,Free
s05253,Aarav Taylor,20,Male,USA,3/7/2020,Yearly
s05254,Meera Singh,24,Other,India,8/26/2020,Free
s05255,Lucas Sharma,22,Female,Australia,11/30/2019,Monthly
s05256,Sophia Anderson,24,Other,Australia,4/30/2022,Free
s05257,Sophia Moore,19,Male,India,3/29/2022,Monthly
s05258,Isabella Walker,61,Other,Australia,3/22/2020,Free
s05259,Aanya Martin,44,Male,Canada,7/17/2019,Monthly
s05260,Arjun Lewis,28,Other,Germany,11/8/2021,Yearly
s05261,Olivia Davis,27,Male,UK,6/2/2020,Free
s05262,Meera Lewis,21,Male,Germany,6/6/2021,Monthly
s05263,Ethan Lewis,29,Other,Canada,5/3/2020,Free
s05264,Vihaan Brown,27,Male,USA,11/5/2022,Yearly
s05265,Zara Taylor,21,Other,Germany,2/12/2022,Monthly
s05266,Liam Martin,28,Male,USA,2/22/2019,Monthly
s05267,Aanya Sharma,21,Female,Germany,10/7/2020,Yearly
s05268,Sophia Miller,41,Other,Australia,8/20/2021,Free
s05269,Sophia Patel,42,Male,Germany,6/7/2021,Free
s05270,Lucas Clark,24,Other,Germany,3/6/2020,Free
s05271,Riya Brown,21,Male,Canada,10/7/2022,Monthly
s05272,Vihaan Brown,31,Female,Canada,11/7/2021,Monthly
s05273,Lucas Clark,20,Other,Canada,12/15/2020,Monthly
s05274,Riya Singh,61,Female,Germany,9/3/2022,Yearly
s05275,Aanya Smith,24,Other,India,2/15/2022,Monthly
s05276,Sophia Singh,25,Male,USA,8/4/2022,Yearly
s05277,Lucas Taylor,23,Other,USA,7/26/2021,Free
s05278,Mia Singh,24,Female,Germany,12/23/2021,Yearly
s05279,Vihaan Miller,20,Other,Canada,9/22/2020,Monthly
s05280,Vihaan Smith,25,Other,Canada,6/21/2020,Yearly
s05281,Lucas Thomas,19,Female,Australia,8/4/2019,Monthly
s05282,Zara Sharma,26,Female,UK,6/1/2020,Free
s05283,Liam Patel,65,Female,Canada,11/13/2021,Monthly
s05284,Aanya Davis,28,Female,Germany,6/13/2022,Yearly
s05285,Vihaan Wilson,26,Other,Canada,10/10/2021,Free
s05286,Emma Patel,30,Other,Canada,9/10/2020,Monthly
s05287,Olivia Wilson,29,Male,UK,9/24/2020,Monthly
s05288,Amelia Johnson,25,Other,Australia,1/9/2022,Free
s05289,Aarav Anderson,27,Female,UK,5/26/2022,Free
s05290,Arjun Singh,19,Male,UK,6/18/2019,Yearly
s05291,Zara Brown,29,Other,UK,5/11/2019,Free
s05292,Karan Johnson,20,Male,Australia,9/11/2022,Free
s05293,Meera Verma,37,Male,USA,4/3/2020,Yearly
s05294,Zara Taylor,58,Other,USA,10/24/2020,Yearly
s05295,Benjamin Johnson,33,Other,Australia,11/21/2021,Free
s05296,Karan Lee,31,Male,Canada,2/15/2022,Monthly
s05297,Emma Hall,40,Female,Canada,11/5/2022,Yearly
s05298,Aanya Walker,42,Male,Canada,1/27/2022,Yearly
s05299,Liam Anderson,44,Other,USA,2/26/2019,Free
s05300,Isabella Taylor,20,Male,USA,7/21/2021,Free
s05301,Amelia Davis,24,Female,Australia,9/17/2022,Monthly
s05302,Ethan Sharma,21,Other,Canada,9/21/2019,Monthly
s05303,Riya Taylor,55,Male,India,3/31/2022,Free
s05304,Karan Lee,44,Female,USA,2/20/2022,Free
s05305,Zara Walker,27,Male,USA,2/15/2021,Monthly
s05306,Mia Miller,21,Male,India,7/26/2019,Free
s05307,Amelia Verma,41,Other,USA,1/19/2021,Yearly
s05308,Sophia Verma,34,Other,Canada,5/24/2022,Monthly
s05309,Eva Hall,31,Male,UK,1/25/2020,Free
s05310,Olivia Patel,42,Female,Australia,8/26/2021,Monthly
s05311,Ethan Lee,19,Other,Germany,5/4/2021,Yearly
s05312,Ethan Moore,33,Other,UK,1/10/2019,Yearly
s05313,Karan Walker,31,Other,USA,4/17/2022,Monthly
s05314,Zara Thomas,18,Other,Germany,8/5/2022,Monthly
s05315,Olivia Miller,21,Other,Canada,3/26/2021,Monthly
s05316,Sophia Wilson,26,Other,India,12/5/2020,Yearly
s05317,Arjun Taylor,38,Female,Canada,1/21/2021,Yearly
s05318,Arjun Hall,39,Other,UK,6/1/2019,Free
s05319,Amelia Clark,59,Other,Canada,1/22/2021,Monthly
s05320,Zara Miller,22,Female,India,5/28/2021,Yearly
s05321,Aanya Johnson,19,Female,USA,8/15/2020,Monthly
s05322,Karan Verma,26,Other,Germany,6/12/2019,Free
s05323,Riya Sharma,46,Male,Canada,7/14/2021,Monthly
s05324,Sophia Clark,56,Other,India,8/1/2019,Yearly
s05325,Vihaan Smith,27,Male,USA,11/27/2020,Monthly
s05326,Amelia Davis,40,Male,UK,1/25/2021,Monthly
s05327,Benjamin Davis,20,Female,USA,3/29/2019,Monthly
s05328,Aarav Taylor,25,Female,Germany,7/8/2022,Monthly
s05329,Sophia Brown,54,Female,USA,7/29/2020,Monthly
s05330,Mia Davis,19,Other,Australia,12/17/2022,Yearly
s05331,Amelia Taylor,37,Male,Canada,6/9/2019,Free
s05332,Noah Miller,21,Other,Canada,11/24/2019,Yearly
s05333,Emma Singh,25,Other,Australia,3/5/2020,Yearly
s05334,Eva Davis,38,Female,Germany,1/12/2021,Monthly
s05335,Amelia Anderson,22,Male,Germany,9/18/2022,Monthly
s05336,Eva Smith,23,Female,UK,6/28/2019,Free
s05337,Riya Singh,38,Female,Australia,9/17/2022,Free
s05338,Riya Hall,20,Female,Canada,8/27/2021,Monthly
s05339,Noah Lewis,19,Male,Australia,10/30/2022,Free
s05340,Lucas Walker,22,Female,Australia,7/21/2022,Free
s05341,Zara Martin,40,Female,USA,2/2/2022,Free
s05342,Olivia Sharma,67,Other,India,1/3/2019,Free
s05343,Aanya Moore,25,Other,India,1/26/2019,Monthly
s05344,Karan Davis,43,Female,UK,6/23/2019,Yearly
s05345,Vihaan Patel,54,Male,India,7/20/2020,Free
s05346,Benjamin Singh,41,Female,USA,8/14/2019,Monthly
s05347,Sophia Anderson,22,Female,Australia,9/11/2019,Free
s05348,Amelia Moore,32,Male,Germany,12/13/2019,Yearly
s05349,Benjamin Lewis,43,Other,UK,1/20/2021,Monthly
s05350,Vihaan Clark,26,Other,India,7/12/2020,Free
s05351,Aanya Johnson,23,Female,Canada,9/20/2021,Monthly
s05352,Zara Hall,67,Male,UK,8/3/2020,Free
s05353,Isabella Sharma,53,Male,Canada,11/10/2020,Yearly
s05354,Amelia Walker,24,Other,India,1/2/2021,Yearly
s05355,Emma Anderson,27,Male,Australia,4/25/2022,Monthly
s05356,Isabella Sharma,40,Other,Germany,11/19/2020,Yearly
s05357,Vihaan Lee,25,Other,Canada,8/9/2020,Monthly
s05358,Lucas Thomas,27,Other,UK,5/21/2020,Free
s05359,Arjun Smith,45,Female,UK,4/14/2020,Monthly
s05360,Benjamin Moore,18,Female,Canada,12/3/2019,Free
s05361,Noah Walker,47,Male,Canada,7/22/2020,Yearly
s05362,Meera Patel,26,Female,USA,7/13/2020,Monthly
s05363,Lucas Taylor,18,Male,India,11/6/2021,Yearly
s05364,Arjun Johnson,18,Female,Germany,12/21/2021,Monthly
s05365,Liam Verma,23,Male,India,7/18/2019,Free
s05366,Aarav Patel,27,Male,Canada,9/24/2021,Yearly
s05367,Aarav Singh,43,Female,Germany,3/23/2022,Yearly
s05368,Ethan Smith,18,Female,USA,11/19/2019,Monthly
s05369,Zara Miller,24,Other,Australia,8/17/2019,Monthly
s05370,Riya Walker,19,Male,Australia,7/18/2019,Monthly
s05371,Liam Verma,31,Female,India,5/14/2021,Free
s05372,Isabella Anderson,25,Other,India,9/4/2020,Yearly
s05373,Meera Lee,26,Female,USA,1/7/2021,Yearly
s05374,Sophia Brown,19,Female,India,2/19/2021,Monthly
s05375,Isabella Clark,19,Male,Canada,6/4/2022,Free
s05376,Aanya Anderson,23,Other,India,10/30/2021,Yearly
s05377,Liam Moore,31,Male,Germany,12/11/2022,Yearly
s05378,Karan Anderson,19,Other,UK,4/6/2020,Free
s05379,Riya Thomas,31,Male,USA,11/27/2021,Free
s05380,Riya Thomas,26,Other,Australia,11/26/2022,Yearly
s05381,Isabella Moore,34,Male,India,5/25/2021,Free
s05382,Meera Wilson,36,Male,Australia,11/22/2022,Yearly
s05383,Zara Brown,57,Male,UK,8/9/2021,Yearly
s05384,Amelia Miller,33,Female,India,4/14/2022,Free
s05385,Emma Taylor,22,Female,Australia,4/24/2019,Monthly
s05386,Benjamin Davis,23,Male,Germany,6/12/2020,Monthly
s05387,Mia Thomas,42,Male,USA,2/9/2020,Yearly
s05388,Olivia Miller,36,Other,UK,8/25/2020,Free
s05389,Sophia Miller,21,Other,UK,12/28/2020,Monthly
s05390,Ethan Wilson,25,Female,Australia,2/16/2020,Yearly
s05391,Riya Taylor,63,Female,Canada,3/19/2020,Yearly
s05392,Zara Verma,21,Male,Canada,6/28/2020,Monthly
s05393,Olivia Verma,21,Female,Australia,9/18/2019,Free
s05394,Ethan Lewis,57,Other,UK,5/2/2021,Free
s05395,Aarav Wilson,18,Other,Germany,9/30/2019,Free
s05396,Aarav Martin,19,Female,Australia,8/9/2019,Free
s05397,Isabella Smith,45,Female,India,11/21/2022,Yearly
s05398,Amelia Sharma,26,Female,UK,6/7/2022,Yearly
s05399,Emma Lee,22,Female,Canada,11/28/2019,Yearly
s05400,Isabella Smith,24,Female,USA,2/28/2021,Monthly
s05401,Noah Smith,39,Other,Germany,6/23/2019,Yearly
s05402,Amelia Martin,35,Other,USA,5/8/2019,Monthly
s05403,Arjun Brown,31,Male,Canada,7/31/2022,Monthly
s05404,Zara Johnson,22,Female,USA,9/10/2019,Yearly
s05405,Aanya Miller,43,Female,Canada,4/9/2021,Monthly
s05406,Lucas Taylor,23,Other,Australia,4/21/2022,Free
s05407,Benjamin Moore,19,Male,India,2/22/2020,Yearly
s05408,Vihaan Patel,22,Female,Australia,4/22/2019,Free
s05409,Sophia Lewis,26,Female,Australia,9/16/2020,Yearly
s05410,Lucas Thomas,44,Male,UK,10/11/2022,Free
s05411,Vihaan Sharma,56,Female,Germany,1/5/2021,Monthly
s05412,Eva Patel,30,Female,Germany,3/29/2019,Monthly
s05413,Olivia Lee,19,Male,India,9/17/2019,Monthly
s05414,Amelia Moore,27,Male,USA,12/22/2020,Yearly
s05415,Amelia Sharma,20,Male,Canada,8/29/2022,Yearly
s05416,Aanya Patel,23,Other,India,3/23/2020,Monthly
s05417,Liam Lee,42,Female,Canada,2/25/2019,Free
s05418,Liam Clark,27,Other,UK,12/7/2021,Monthly
s05419,Zara Hall,37,Female,UK,8/31/2022,Yearly
s05420,Sophia Thomas,26,Other,UK,3/9/2022,Yearly
s05421,Ethan Martin,42,Male,Australia,3/18/2021,Free
s05422,Eva Walker,20,Other,UK,7/16/2021,Monthly
s05423,Isabella Thomas,22,Other,India,3/20/2021,Monthly
s05424,Olivia Clark,67,Female,India,10/27/2021,Yearly
s05425,Eva Miller,24,Female,USA,8/19/2022,Yearly
s05426,Ethan Lewis,31,Female,Canada,3/16/2021,Yearly
s05427,Noah Sharma,40,Other,Germany,12/22/2021,Free
s05428,Meera Johnson,18,Other,Australia,7/28/2021,Monthly
s05429,Lucas Taylor,23,Male,Australia,3/16/2022,Yearly
s05430,Liam Johnson,18,Other,UK,9/20/2021,Free
s05431,Liam Clark,32,Other,USA,6/2/2019,Free
s05432,Amelia Martin,35,Female,Australia,11/24/2022,Monthly
s05433,Aanya Clark,20,Other,India,5/18/2021,Monthly
s05434,Isabella Brown,31,Male,Australia,7/18/2022,Free
s05435,Zara Verma,43,Other,India,6/3/2022,Monthly
s05436,Zara Patel,44,Male,Australia,4/8/2020,Yearly
s05437,Meera Patel,22,Other,USA,11/21/2019,Free
s05438,Eva Wilson,23,Other,UK,2/16/2019,Free
s05439,Lucas Sharma,29,Other,India,12/16/2022,Yearly
s05440,Sophia Johnson,25,Female,USA,9/5/2022,Yearly
s05441,Sophia Taylor,22,Other,Australia,1/25/2022,Yearly
s05442,Eva Walker,31,Male,Germany,3/30/2021,Monthly
s05443,Meera Wilson,23,Male,India,2/26/2019,Free
s05444,Aarav Brown,31,Male,Australia,10/23/2019,Yearly
s05445,Meera Smith,18,Other,Canada,6/25/2019,Monthly
s05446,Karan Miller,30,Female,India,5/22/2022,Monthly
s05447,Emma Wilson,53,Female,India,4/17/2019,Yearly
s05448,Meera Hall,26,Male,Germany,10/16/2019,Monthly
s05449,Olivia Clark,21,Other,Canada,3/31/2019,Monthly
s05450,Sophia Walker,23,Other,Germany,12/27/2021,Monthly
s05451,Arjun Lee,41,Other,Canada,4/24/2020,Yearly
s05452,Vihaan Smith,18,Other,USA,6/24/2020,Monthly
s05453,Benjamin Davis,24,Other,India,9/1/2021,Monthly
s05454,Isabella Taylor,20,Male,Canada,4/8/2019,Yearly
s05455,Sophia Johnson,18,Male,Germany,10/1/2020,Yearly
s05456,Zara Patel,44,Male,USA,4/7/2019,Monthly
s05457,Meera Miller,35,Other,India,5/7/2021,Free
s05458,Zara Smith,45,Other,USA,8/11/2019,Free
s05459,Isabella Martin,41,Other,India,3/19/2021,Free
s05460,Lucas Clark,25,Male,USA,1/14/2019,Yearly
s05461,Olivia Verma,23,Male,Australia,5/4/2020,Yearly
s05462,Aarav Wilson,26,Male,UK,9/30/2019,Yearly
s05463,Ethan Johnson,29,Female,India,8/5/2022,Monthly
s05464,Vihaan Singh,24,Other,India,4/4/2020,Monthly
s05465,Sophia Thomas,22,Other,Germany,2/18/2022,Free
s05466,Aanya Walker,28,Other,India,1/31/2019,Free
s05467,Noah Walker,34,Male,USA,11/12/2022,Monthly
s05468,Amelia Thomas,35,Other,Germany,9/30/2021,Free
s05469,Meera Martin,26,Female,USA,4/14/2021,Monthly
s05470,Amelia Hall,23,Male,Australia,5/3/2022,Yearly
s05471,Aarav Davis,20,Other,Germany,1/27/2020,Yearly
s05472,Noah Taylor,26,Female,UK,11/21/2020,Monthly
s05473,Amelia Hall,39,Male,Germany,12/15/2022,Monthly
s05474,Isabella Clark,60,Male,USA,6/30/2022,Monthly
s05475,Benjamin Smith,20,Other,USA,12/19/2021,Monthly
s05476,Mia Clark,25,Male,Germany,5/4/2022,Yearly
s05477,Olivia Wilson,50,Male,UK,7/6/2022,Monthly
s05478,Sophia Anderson,43,Other,Australia,9/15/2020,Free
s05479,Amelia Taylor,22,Other,India,6/5/2022,Free
s05480,Noah Taylor,23,Other,UK,7/18/2020,Yearly
s05481,Meera Lee,33,Male,Germany,9/30/2020,Yearly
s05482,Ethan Anderson,23,Male,UK,4/17/2019,Free
s05483,Olivia Johnson,20,Other,Germany,9/21/2020,Monthly
s05484,Sophia Verma,22,Female,Canada,2/8/2020,Yearly
s05485,Sophia Thomas,37,Female,Germany,4/13/2022,Free
s05486,Liam Johnson,25,Male,USA,12/9/2021,Yearly
s05487,Emma Sharma,36,Female,Germany,7/15/2021,Monthly
s05488,Amelia Miller,18,Male,USA,2/9/2022,Monthly
s05489,Benjamin Anderson,24,Other,Germany,11/18/2022,Yearly
s05490,Riya Anderson,64,Other,UK,3/15/2022,Free
s05491,Emma Thomas,24,Other,India,3/12/2022,Free
s05492,Vihaan Verma,33,Female,Australia,7/2/2022,Yearly
s05493,Mia Walker,31,Female,UK,8/19/2022,Monthly
s05494,Amelia Brown,26,Female,Canada,3/21/2020,Yearly
s05495,Ethan Lee,51,Female,India,6/11/2022,Yearly
s05496,Liam Lewis,44,Other,Australia,7/12/2019,Monthly
s05497,Amelia Taylor,48,Other,Canada,11/15/2019,Monthly
s05498,Riya Thomas,33,Other,Canada,11/30/2020,Free
s05499,Aarav Sharma,50,Female,India,2/3/2019,Yearly
s05500,Aarav Lewis,51,Male,Germany,2/24/2019,Yearly
s05501,Karan Smith,46,Other,India,7/8/2021,Free
s05502,Benjamin Anderson,20,Male,UK,2/8/2022,Free
s05503,Mia Walker,38,Female,USA,11/17/2020,Free
s05504,Eva Johnson,22,Female,USA,11/10/2020,Monthly
s05505,Mia Johnson,27,Female,Australia,3/16/2020,Yearly
s05506,Benjamin Taylor,19,Male,Australia,12/9/2020,Free
s05507,Noah Lewis,19,Female,Australia,5/31/2021,Monthly
s05508,Benjamin Patel,45,Other,Australia,1/15/2021,Monthly
s05509,Sophia Miller,19,Male,USA,12/28/2019,Free
s05510,Mia Sharma,20,Male,Germany,3/20/2020,Free
s05511,Sophia Lee,18,Male,India,1/8/2019,Yearly
s05512,Aanya Smith,24,Male,USA,5/6/2020,Yearly
s05513,Karan Taylor,25,Other,USA,4/3/2020,Free
s05514,Meera Lewis,42,Male,Australia,2/2/2021,Free
s05515,Emma Smith,35,Male,Germany,8/15/2021,Free
s05516,Aarav Davis,54,Female,Germany,2/1/2022,Yearly
s05517,Zara Brown,25,Female,USA,11/14/2019,Monthly
s05518,Karan Lee,60,Male,USA,10/11/2022,Yearly
s05519,Lucas Sharma,33,Other,Canada,3/24/2019,Monthly
s05520,Mia Lewis,57,Male,UK,6/6/2021,Free
s05521,Riya Sharma,23,Other,Australia,2/22/2021,Free
s05522,Aanya Smith,54,Other,UK,10/20/2022,Free
s05523,Emma Singh,21,Other,India,6/30/2022,Yearly
s05524,Aanya Verma,22,Female,USA,7/13/2020,Yearly
s05525,Arjun Hall,64,Female,Canada,1/11/2020,Free
s05526,Sophia Sharma,19,Female,Germany,7/19/2019,Free
s05527,Aarav Smith,30,Male,India,9/3/2020,Yearly
s05528,Meera Verma,23,Other,UK,9/9/2020,Monthly
s05529,Emma Hall,18,Male,India,5/30/2020,Free
s05530,Riya Verma,27,Other,UK,1/30/2021,Monthly
s05531,Zara Smith,22,Female,USA,12/29/2021,Yearly
s05532,Eva Sharma,67,Male,USA,10/24/2022,Free
s05533,Mia Hall,30,Male,USA,4/13/2019,Yearly
s05534,Benjamin Patel,63,Other,Australia,4/19/2019,Free
s05535,Karan Johnson,24,Other,UK,2/2/2022,Free
s05536,Liam Miller,33,Female,Germany,12/27/2022,Free
s05537,Mia Thomas,46,Male,UK,6/19/2022,Yearly
s05538,Eva Taylor,47,Other,Canada,6/5/2019,Free
s05539,Sophia Taylor,27,Male,India,3/26/2020,Free
s05540,Benjamin Davis,21,Female,India,11/5/2021,Free
s05541,Olivia Brown,24,Male,Germany,7/10/2020,Monthly
s05542,Vihaan Smith,19,Other,UK,7/12/2019,Monthly
s05543,Aanya Miller,19,Female,Germany,5/23/2019,Monthly
s05544,Aanya Anderson,41,Female,Australia,11/2/2019,Yearly
s05545,Amelia Verma,31,Male,India,9/8/2021,Yearly
s05546,Ethan Lee,23,Female,UK,3/17/2020,Monthly
s05547,Aanya Moore,21,Male,India,3/10/2019,Monthly
s05548,Arjun Thomas,40,Female,UK,1/5/2019,Monthly
s05549,Meera Martin,25,Male,Germany,12/11/2021,Yearly
s05550,Eva Taylor,24,Male,Australia,4/23/2021,Monthly
s05551,Arjun Smith,22,Female,Canada,5/16/2020,Free
s05552,Aanya Smith,26,Female,Canada,11/28/2020,Monthly
s05553,Lucas Miller,25,Female,UK,3/5/2020,Yearly
s05554,Aarav Wilson,21,Other,USA,5/20/2019,Monthly
s05555,Sophia Thomas,26,Other,UK,10/21/2020,Yearly
s05556,Karan Sharma,27,Female,Germany,2/1/2019,Monthly
s05557,Eva Hall,26,Male,UK,11/26/2021,Monthly
s05558,Mia Patel,27,Other,Australia,12/17/2022,Free
s05559,Ethan Smith,27,Other,UK,10/19/2019,Free
s05560,Riya Wilson,22,Female,USA,8/14/2022,Free
s05561,Riya Lee,52,Male,UK,7/25/2020,Free
s05562,Liam Miller,46,Female,India,2/21/2021,Yearly
s05563,Sophia Brown,35,Male,Australia,4/27/2020,Free
s05564,Lucas Davis,19,Female,Australia,8/24/2022,Yearly
s05565,Benjamin Patel,25,Female,Canada,7/30/2019,Yearly
s05566,Meera Lee,19,Other,UK,3/24/2021,Monthly
s05567,Lucas Martin,56,Female,USA,1/8/2022,Yearly
s05568,Amelia Johnson,30,Female,USA,7/21/2021,Monthly
s05569,Noah Lee,24,Other,India,5/6/2019,Yearly
s05570,Riya Brown,64,Other,Germany,8/21/2022,Free
s05571,Benjamin Davis,19,Male,Canada,1/25/2020,Free
s05572,Isabella Brown,25,Female,Australia,10/14/2022,Monthly
s05573,Olivia Singh,45,Male,Germany,12/14/2020,Yearly
s05574,Ethan Miller,20,Female,Canada,8/27/2021,Yearly
s05575,Riya Verma,39,Female,India,12/25/2021,Free
s05576,Sophia Miller,22,Other,Australia,6/19/2019,Yearly
s05577,Benjamin Smith,24,Female,India,4/12/2021,Free
s05578,Mia Wilson,18,Other,USA,6/3/2021,Yearly
s05579,Arjun Verma,19,Female,India,9/15/2021,Yearly
s05580,Olivia Clark,30,Male,India,9/14/2020,Yearly
s05581,Arjun Taylor,58,Female,Australia,8/2/2021,Monthly
s05582,Riya Miller,20,Female,Germany,2/6/2019,Yearly
s05583,Amelia Walker,27,Other,UK,9/30/2020,Monthly
s05584,Noah Davis,26,Female,Canada,1/25/2019,Free
s05585,Amelia Thomas,34,Other,Canada,12/9/2019,Monthly
s05586,Zara Patel,60,Other,Germany,2/24/2020,Monthly
s05587,Lucas Hall,25,Male,UK,6/25/2022,Free
s05588,Meera Lewis,32,Other,India,4/10/2021,Free
s05589,Benjamin Johnson,18,Other,UK,10/23/2019,Free
s05590,Olivia Lee,31,Female,Canada,1/29/2021,Free
s05591,Emma Walker,31,Male,USA,3/21/2019,Monthly
s05592,Liam Taylor,32,Other,USA,11/30/2021,Yearly
s05593,Olivia Walker,39,Other,Canada,9/23/2019,Yearly
s05594,Isabella Sharma,25,Male,UK,6/21/2020,Free
s05595,Meera Miller,24,Other,Australia,5/6/2022,Yearly
s05596,Liam Singh,25,Other,Australia,3/22/2022,Monthly
s05597,Sophia Lewis,45,Male,UK,12/29/2021,Free
s05598,Mia Anderson,43,Male,UK,8/18/2021,Yearly
s05599,Lucas Davis,26,Male,India,2/18/2020,Free
s05600,Ethan Walker,37,Male,Canada,3/3/2022,Yearly
s05601,Noah Anderson,60,Female,USA,8/5/2022,Monthly
s05602,Benjamin Anderson,25,Other,Australia,1/23/2022,Monthly
s05603,Lucas Anderson,21,Female,UK,3/8/2020,Yearly
s05604,Karan Brown,20,Male,Canada,9/15/2021,Yearly
s05605,Riya Lee,64,Female,India,9/8/2020,Monthly
s05606,Olivia Sharma,22,Female,Germany,2/12/2020,Free
s05607,Lucas Clark,50,Female,UK,7/5/2019,Monthly
s05608,Amelia Davis,26,Other,India,12/6/2022,Monthly
s05609,Liam Miller,23,Male,Australia,11/25/2019,Yearly
s05610,Zara Smith,21,Other,India,9/29/2022,Monthly
s05611,Arjun Wilson,18,Female,UK,9/5/2022,Free
s05612,Arjun Hall,45,Male,Canada,10/29/2019,Free
s05613,Eva Davis,27,Female,Australia,6/26/2021,Monthly
s05614,Zara Johnson,26,Male,UK,10/16/2022,Free
s05615,Vihaan Lewis,51,Female,Germany,9/8/2021,Free
s05616,Sophia Verma,19,Female,USA,11/28/2020,Yearly
s05617,Aarav Smith,22,Male,Germany,3/23/2022,Yearly
s05618,Karan Smith,27,Other,USA,8/17/2019,Yearly
s05619,Karan Miller,60,Male,Australia,4/1/2019,Monthly
s05620,Emma Miller,22,Other,Germany,3/12/2020,Monthly
s05621,Lucas Brown,42,Female,UK,4/7/2022,Monthly
s05622,Sophia Moore,32,Female,UK,7/30/2021,Free
s05623,Lucas Johnson,56,Other,Canada,12/10/2019,Monthly
s05624,Liam Martin,21,Female,Germany,3/30/2019,Free
s05625,Emma Thomas,28,Other,Germany,9/22/2022,Monthly
s05626,Karan Smith,25,Female,India,6/11/2019,Free
s05627,Ethan Miller,19,Other,Germany,5/17/2021,Free
s05628,Aanya Lee,19,Female,India,1/8/2022,Monthly
s05629,Benjamin Verma,24,Other,India,4/8/2021,Free
s05630,Aarav Hall,37,Female,Germany,3/25/2020,Yearly
s05631,Lucas Lee,23,Male,USA,6/8/2021,Yearly
s05632,Sophia Johnson,26,Male,Germany,5/14/2022,Yearly
s05633,Isabella Verma,27,Female,Canada,1/16/2020,Monthly
s05634,Arjun Clark,23,Other,Germany,2/29/2020,Free
s05635,Zara Walker,24,Female,USA,3/26/2021,Monthly
s05636,Olivia Hall,27,Other,Germany,7/18/2021,Monthly
s05637,Emma Brown,24,Male,India,2/15/2022,Free
s05638,Riya Davis,19,Male,India,2/17/2022,Monthly
s05639,Isabella Anderson,26,Female,India,2/5/2022,Yearly
s05640,Riya Miller,47,Male,USA,9/6/2022,Yearly
s05641,Mia Lewis,46,Other,UK,6/7/2021,Yearly
s05642,Ethan Martin,23,Male,USA,10/23/2022,Free
s05643,Liam Lee,28,Male,Germany,6/26/2022,Monthly
s05644,Zara Lee,42,Female,Australia,8/17/2020,Monthly
s05645,Meera Lee,25,Female,Germany,4/30/2022,Free
s05646,Meera Lee,23,Male,Australia,10/29/2021,Yearly
s05647,Benjamin Hall,24,Male,India,10/16/2020,Monthly
s05648,Liam Patel,40,Other,Australia,10/6/2021,Free
s05649,Arjun Brown,46,Male,Australia,6/4/2020,Free
s05650,Ethan Johnson,33,Female,UK,2/28/2022,Monthly
s05651,Riya Sharma,18,Male,UK,5/25/2021,Monthly
s05652,Emma Sharma,41,Other,UK,10/29/2020,Free
s05653,Meera Brown,23,Other,Germany,8/14/2021,Monthly
s05654,Lucas Davis,51,Other,India,8/1/2022,Monthly
s05655,Ethan Miller,39,Other,India,8/25/2020,Yearly
s05656,Sophia Sharma,23,Other,UK,10/26/2021,Free
s05657,Isabella Singh,27,Other,India,10/24/2020,Yearly
s05658,Meera Clark,47,Female,UK,7/5/2019,Free
s05659,Mia Clark,21,Female,Australia,3/7/2021,Yearly
s05660,Aarav Moore,34,Other,Canada,5/28/2021,Yearly
s05661,Liam Lewis,20,Male,India,4/6/2022,Monthly
s05662,Isabella Hall,20,Female,USA,12/30/2020,Monthly
s05663,Noah Moore,44,Female,Canada,10/2/2022,Monthly
s05664,Lucas Brown,45,Female,Germany,6/26/2022,Yearly
s05665,Isabella Smith,64,Female,Australia,6/13/2020,Monthly
s05666,Liam Walker,58,Male,Germany,12/30/2020,Yearly
s05667,Olivia Johnson,18,Other,Canada,2/23/2021,Free
s05668,Arjun Smith,22,Female,Australia,4/18/2019,Yearly
s05669,Olivia Sharma,52,Male,UK,2/19/2021,Monthly
s05670,Ethan Smith,61,Female,India,7/6/2022,Monthly
s05671,Lucas Singh,24,Other,USA,2/14/2021,Monthly
s05672,Eva Thomas,34,Other,Australia,11/28/2020,Monthly
s05673,Riya Sharma,52,Other,India,10/13/2020,Monthly
s05674,Lucas Anderson,23,Female,Australia,2/15/2020,Monthly
s05675,Olivia Patel,37,Female,India,7/12/2020,Monthly
s05676,Zara Smith,25,Other,Australia,11/23/2020,Yearly
s05677,Isabella Anderson,36,Male,Germany,2/22/2022,Monthly
s05678,Eva Smith,30,Other,UK,3/7/2019,Monthly
s05679,Mia Walker,18,Other,Germany,4/17/2022,Yearly
s05680,Emma Patel,47,Female,Australia,12/7/2021,Monthly
s05681,Olivia Walker,30,Male,Canada,11/5/2019,Yearly
s05682,Vihaan Singh,44,Female,UK,8/25/2021,Monthly
s05683,Arjun Miller,55,Male,UK,1/5/2022,Monthly
s05684,Ethan Martin,47,Female,Germany,1/20/2022,Monthly
s05685,Aarav Clark,36,Other,Germany,9/17/2020,Yearly
s05686,Sophia Lee,22,Female,Germany,5/13/2019,Monthly
s05687,Eva Clark,20,Male,Australia,12/8/2022,Yearly
s05688,Olivia Singh,25,Male,India,2/7/2019,Free
s05689,Liam Martin,34,Female,Canada,11/17/2019,Yearly
s05690,Eva Brown,40,Other,UK,3/10/2019,Yearly
s05691,Liam Davis,18,Male,UK,8/29/2022,Free
s05692,Vihaan Hall,25,Other,USA,10/27/2021,Yearly
s05693,Aarav Walker,60,Other,USA,5/21/2020,Free
s05694,Benjamin Johnson,26,Female,India,3/14/2021,Free
s05695,Emma Smith,26,Male,Canada,6/18/2021,Free
s05696,Noah Hall,18,Male,UK,6/7/2019,Free
s05697,Arjun Hall,29,Male,India,9/18/2021,Monthly
s05698,Sophia Clark,21,Male,UK,2/23/2019,Yearly
s05699,Aarav Taylor,19,Other,India,1/4/2020,Yearly
s05700,Aarav Anderson,19,Other,India,1/7/2022,Yearly
s05701,Mia Patel,26,Male,Germany,4/16/2021,Yearly
s05702,Aanya Davis,38,Female,Australia,6/21/2022,Monthly
s05703,Emma Brown,24,Male,UK,6/11/2021,Free
s05704,Riya Anderson,25,Other,India,9/13/2020,Monthly
s05705,Karan Taylor,41,Other,UK,11/23/2022,Monthly
s05706,Lucas Sharma,21,Other,USA,2/24/2019,Monthly
s05707,Vihaan Lee,19,Female,Canada,8/25/2022,Free
s05708,Vihaan Davis,40,Other,UK,6/22/2019,Yearly
s05709,Lucas Anderson,27,Male,UK,12/12/2019,Yearly
s05710,Arjun Patel,23,Male,USA,9/7/2021,Free
s05711,Emma Thomas,53,Other,India,10/15/2021,Free
s05712,Benjamin Miller,43,Female,India,7/20/2021,Monthly
s05713,Olivia Davis,32,Other,USA,4/18/2021,Free
s05714,Karan Moore,21,Female,UK,2/13/2020,Yearly
s05715,Aanya Lee,20,Female,Canada,6/11/2019,Free
s05716,Aanya Moore,21,Female,UK,5/7/2020,Monthly
s05717,Karan Johnson,21,Male,India,3/2/2019,Yearly
s05718,Aarav Verma,24,Male,UK,9/26/2020,Monthly
s05719,Noah Patel,46,Female,USA,12/13/2021,Monthly
s05720,Amelia Hall,18,Female,Canada,2/3/2022,Yearly
s05721,Sophia Martin,21,Other,Canada,5/19/2022,Free
s05722,Lucas Anderson,29,Other,Canada,6/16/2022,Monthly
s05723,Noah Clark,42,Female,Germany,5/7/2021,Free
s05724,Isabella Sharma,62,Female,India,4/11/2020,Monthly
s05725,Eva Thomas,23,Other,Australia,8/16/2021,Monthly
s05726,Eva Sharma,18,Female,India,3/9/2020,Free
s05727,Aarav Lee,45,Other,Australia,10/14/2021,Yearly
s05728,Arjun Miller,40,Female,UK,5/18/2021,Yearly
s05729,Mia Martin,54,Female,India,7/9/2019,Free
s05730,Mia Patel,21,Female,UK,9/17/2019,Yearly
s05731,Riya Hall,21,Other,Australia,7/7/2020,Yearly
s05732,Amelia Wilson,24,Male,India,8/16/2020,Free
s05733,Riya Thomas,27,Female,USA,9/1/2020,Free
s05734,Eva Brown,53,Female,Germany,7/20/2020,Monthly
s05735,Noah Lee,25,Female,India,5/25/2019,Yearly
s05736,Olivia Walker,30,Other,Canada,5/27/2021,Monthly
s05737,Lucas Singh,18,Other,Canada,5/17/2020,Monthly
s05738,Aanya Thomas,39,Female,India,8/27/2022,Monthly
s05739,Arjun Davis,18,Male,India,12/13/2020,Free
s05740,Olivia Walker,41,Male,Canada,8/25/2020,Yearly
s05741,Sophia Martin,33,Female,Australia,4/7/2020,Monthly
s05742,Benjamin Davis,52,Male,UK,5/18/2019,Free
s05743,Aarav Anderson,26,Other,Australia,4/8/2022,Free
s05744,Benjamin Miller,20,Other,UK,5/23/2021,Yearly
s05745,Sophia Singh,32,Other,Australia,12/28/2020,Free
s05746,Amelia Smith,31,Other,Canada,12/2/2020,Monthly
s05747,Lucas Clark,28,Male,UK,12/14/2021,Monthly
s05748,Benjamin Verma,26,Male,Germany,10/12/2019,Monthly
s05749,Noah Thomas,34,Female,Germany,5/11/2021,Yearly
s05750,Karan Verma,27,Male,UK,4/11/2020,Yearly
s05751,Meera Davis,30,Other,UK,8/6/2020,Free
s05752,Aanya Taylor,27,Female,Canada,8/31/2021,Yearly
s05753,Vihaan Taylor,23,Other,Australia,5/8/2021,Monthly
s05754,Aanya Clark,18,Other,India,3/28/2021,Free
s05755,Isabella Wilson,42,Male,India,3/21/2022,Monthly
s05756,Sophia Johnson,36,Female,UK,1/25/2020,Free
s05757,Emma Wilson,42,Other,Australia,8/11/2021,Monthly
s05758,Lucas Brown,27,Male,Germany,2/27/2022,Free
s05759,Aanya Martin,60,Male,Australia,5/30/2019,Monthly
s05760,Lucas Miller,44,Female,UK,9/16/2019,Monthly
s05761,Lucas Singh,18,Other,UK,7/20/2022,Free
s05762,Sophia Lewis,39,Male,Germany,8/14/2022,Free
s05763,Ethan Smith,18,Female,Canada,7/11/2021,Yearly
s05764,Amelia Walker,47,Other,Germany,7/19/2022,Monthly
s05765,Eva Brown,24,Other,Australia,5/7/2021,Monthly
s05766,Lucas Lee,54,Male,Germany,4/23/2020,Monthly
s05767,Karan Verma,20,Female,Canada,2/13/2022,Monthly
s05768,Amelia Patel,25,Female,USA,8/27/2020,Free
s05769,Sophia Thomas,49,Male,USA,11/13/2022,Free
s05770,Aanya Walker,39,Female,USA,10/24/2021,Free
s05771,Lucas Martin,19,Male,Germany,4/2/2020,Yearly
s05772,Aanya Thomas,28,Female,India,1/7/2021,Free
s05773,Meera Lewis,25,Male,Canada,2/10/2020,Yearly
s05774,Eva Thomas,45,Female,Germany,3/26/2021,Yearly
s05775,Meera Smith,24,Male,Germany,12/1/2020,Free
s05776,Arjun Miller,64,Other,Canada,6/21/2022,Monthly
s05777,Eva Thomas,26,Male,UK,9/4/2020,Monthly
s05778,Liam Patel,33,Other,Canada,11/24/2019,Yearly
s05779,Mia Miller,23,Male,Australia,1/19/2022,Yearly
s05780,Mia Lewis,19,Male,India,8/26/2021,Yearly
s05781,Amelia Smith,18,Male,USA,2/19/2021,Free
s05782,Aanya Thomas,32,Female,India,5/7/2020,Yearly
s05783,Noah Walker,66,Female,Australia,8/10/2021,Free
s05784,Zara Clark,21,Other,Germany,9/3/2022,Free
s05785,Olivia Sharma,51,Other,Australia,4/27/2021,Yearly
s05786,Ethan Taylor,27,Female,Canada,1/1/2020,Free
s05787,Lucas Patel,23,Other,Australia,4/12/2020,Free
s05788,Aarav Singh,23,Male,Australia,12/14/2019,Yearly
s05789,Lucas Anderson,26,Male,India,6/15/2021,Free
s05790,Amelia Patel,22,Female,Australia,3/24/2021,Monthly
s05791,Isabella Thomas,37,Male,UK,4/28/2021,Monthly
s05792,Arjun Singh,24,Other,Australia,6/29/2020,Free
s05793,Emma Singh,21,Other,India,4/19/2021,Monthly
s05794,Liam Moore,20,Other,Australia,8/10/2020,Free
s05795,Karan Brown,26,Male,UK,7/11/2021,Free
s05796,Zara Walker,23,Male,Australia,7/12/2019,Yearly
s05797,Noah Singh,30,Other,USA,12/11/2020,Yearly
s05798,Sophia Brown,42,Male,Australia,11/5/2019,Yearly
s05799,Aarav Anderson,40,Female,USA,2/18/2022,Monthly
s05800,Riya Brown,44,Male,India,8/27/2022,Free
s05801,Mia Moore,46,Male,USA,2/14/2022,Free
s05802,Arjun Clark,26,Other,Germany,4/30/2022,Monthly
s05803,Amelia Lewis,18,Male,Canada,12/6/2019,Free
s05804,Aarav Sharma,23,Female,Australia,6/19/2019,Free
s05805,Aanya Smith,39,Male,Germany,3/4/2021,Yearly
s05806,Benjamin Moore,20,Female,Germany,7/21/2022,Yearly
s05807,Amelia Johnson,25,Female,Germany,11/17/2019,Monthly
s05808,Aarav Moore,18,Female,India,10/3/2020,Monthly
s05809,Mia Hall,35,Male,Australia,4/28/2021,Monthly
s05810,Aarav Lewis,27,Other,India,1/3/2019,Yearly
s05811,Emma Lewis,26,Female,USA,8/24/2021,Monthly
s05812,Amelia Davis,18,Female,Australia,4/10/2020,Yearly
s05813,Riya Sharma,34,Female,Australia,10/19/2020,Yearly
s05814,Zara Davis,19,Other,UK,4/28/2021,Free
s05815,Olivia Martin,43,Male,India,5/27/2021,Free
s05816,Riya Singh,27,Male,USA,3/30/2019,Yearly
s05817,Karan Lewis,21,Female,Canada,10/1/2021,Monthly
s05818,Noah Walker,27,Other,USA,11/4/2022,Free
s05819,Riya Anderson,33,Male,India,6/28/2021,Monthly
s05820,Aarav Moore,51,Other,Australia,7/20/2020,Free
s05821,Liam Sharma,18,Other,USA,1/20/2022,Free
s05822,Vihaan Wilson,18,Female,UK,1/9/2020,Free
s05823,Aanya Thomas,45,Other,UK,3/3/2020,Monthly
s05824,Arjun Taylor,23,Other,UK,12/10/2019,Free
s05825,Isabella Clark,27,Male,Germany,2/22/2022,Monthly
s05826,Aarav Lee,22,Other,UK,5/14/2021,Yearly
s05827,Aarav Johnson,26,Male,India,6/2/2019,Free
s05828,Meera Walker,27,Male,India,2/27/2020,Yearly
s05829,Aarav Wilson,18,Female,Australia,8/20/2021,Monthly
s05830,Amelia Taylor,44,Female,USA,5/17/2022,Yearly
s05831,Noah Lee,19,Male,USA,11/7/2020,Yearly
s05832,Lucas Hall,26,Other,India,9/16/2021,Yearly
s05833,Lucas Lewis,19,Female,Australia,4/28/2020,Yearly
s05834,Riya Smith,33,Male,Australia,4/28/2020,Monthly
s05835,Sophia Johnson,23,Male,USA,8/4/2019,Free
s05836,Liam Sharma,35,Female,Germany,5/12/2019,Monthly
s05837,Vihaan Lee,44,Female,Canada,4/13/2020,Free
s05838,Aanya Thomas,27,Other,USA,5/4/2022,Free
s05839,Lucas Brown,25,Other,Germany,10/11/2021,Monthly
s05840,Karan Anderson,47,Female,UK,2/28/2022,Monthly
s05841,Benjamin Lee,22,Male,USA,3/21/2019,Free
s05842,Mia Sharma,26,Other,USA,6/5/2021,Free
s05843,Vihaan Miller,62,Other,Australia,7/26/2022,Monthly
s05844,Ethan Singh,21,Male,UK,9/28/2020,Free
s05845,Benjamin Sharma,19,Other,UK,12/29/2021,Monthly
s05846,Vihaan Hall,24,Female,Australia,1/16/2019,Monthly
s05847,Sophia Moore,43,Male,Germany,5/1/2022,Monthly
s05848,Liam Thomas,47,Female,Germany,8/1/2021,Monthly
s05849,Aarav Martin,27,Female,USA,7/26/2020,Yearly
s05850,Noah Lee,42,Other,UK,6/24/2022,Yearly
s05851,Emma Sharma,42,Female,UK,10/17/2019,Free
s05852,Isabella Lewis,40,Female,USA,6/20/2020,Monthly
s05853,Arjun Lewis,33,Male,Germany,9/9/2020,Free
s05854,Olivia Martin,67,Female,India,12/10/2021,Monthly
s05855,Liam Singh,24,Female,Canada,9/2/2022,Free
s05856,Liam Davis,24,Other,Australia,2/8/2020,Free
s05857,Eva Davis,40,Male,India,2/18/2021,Yearly
s05858,Karan Clark,20,Other,Australia,6/10/2021,Free
s05859,Eva Verma,22,Other,Germany,9/10/2019,Yearly
s05860,Liam Sharma,21,Male,UK,7/24/2020,Free
s05861,Lucas Moore,41,Female,Canada,8/15/2019,Monthly
s05862,Liam Johnson,18,Other,Australia,3/24/2021,Monthly
s05863,Aarav Lee,36,Male,UK,8/4/2019,Monthly
s05864,Meera Hall,20,Other,UK,10/27/2022,Free
s05865,Mia Sharma,40,Other,Canada,12/21/2021,Monthly
s05866,Sophia Sharma,24,Male,India,9/11/2022,Free
s05867,Mia Davis,23,Male,Canada,5/30/2021,Yearly
s05868,Amelia Johnson,42,Other,UK,4/14/2021,Monthly
s05869,Olivia Martin,20,Male,UK,8/31/2019,Yearly
s05870,Aanya Sharma,21,Other,Canada,9/24/2020,Monthly
s05871,Emma Clark,30,Male,Australia,3/30/2022,Yearly
s05872,Ethan Miller,24,Female,India,9/27/2020,Yearly
s05873,Meera Lewis,21,Female,Germany,1/8/2019,Free
s05874,Olivia Verma,31,Male,Canada,8/3/2020,Yearly
s05875,Liam Patel,42,Female,USA,1/11/2020,Monthly
s05876,Olivia Patel,19,Female,UK,9/1/2021,Free
s05877,Benjamin Taylor,18,Female,UK,6/16/2022,Yearly
s05878,Noah Lewis,67,Male,Germany,9/6/2021,Yearly
s05879,Mia Singh,18,Male,Australia,1/5/2020,Free
s05880,Amelia Sharma,45,Female,India,5/30/2021,Monthly
s05881,Riya Hall,47,Male,UK,1/14/2020,Yearly
s05882,Karan Thomas,42,Other,UK,5/29/2019,Yearly
s05883,Karan Clark,25,Female,Canada,6/17/2021,Yearly
s05884,Arjun Verma,18,Female,India,5/26/2021,Free
s05885,Zara Taylor,22,Female,USA,2/13/2022,Free
s05886,Isabella Anderson,22,Other,Germany,11/23/2019,Yearly
s05887,Benjamin Davis,25,Other,Australia,4/7/2021,Monthly
s05888,Sophia Sharma,37,Female,UK,6/6/2021,Free
s05889,Noah Lee,19,Female,Germany,1/4/2022,Free
s05890,Aarav Clark,23,Male,Australia,1/1/2022,Yearly
s05891,Lucas Sharma,49,Male,India,8/9/2022,Yearly
s05892,Aarav Clark,21,Male,Australia,11/14/2022,Monthly
s05893,Benjamin Walker,67,Other,Canada,5/23/2021,Monthly
s05894,Emma Smith,30,Male,Australia,4/29/2021,Free
s05895,Aanya Thomas,20,Male,India,3/3/2021,Yearly
s05896,Liam Lewis,45,Other,Canada,6/28/2021,Yearly
s05897,Riya Smith,44,Female,Australia,8/19/2022,Monthly
s05898,Zara Taylor,46,Female,Canada,5/8/2019,Monthly
s05899,Benjamin Anderson,37,Male,Australia,12/2/2020,Free
s05900,Riya Taylor,39,Female,India,1/12/2022,Free
s05901,Karan Taylor,54,Male,Australia,2/11/2019,Monthly
s05902,Emma Taylor,31,Female,USA,11/5/2021,Monthly
s05903,Emma Davis,54,Male,India,8/19/2019,Monthly
s05904,Noah Brown,23,Male,Canada,7/8/2021,Monthly
s05905,Mia Anderson,18,Other,India,4/23/2021,Monthly
s05906,Isabella Johnson,18,Other,UK,7/24/2019,Yearly
s05907,Emma Johnson,26,Other,Canada,1/25/2022,Monthly
s05908,Liam Sharma,24,Other,Canada,6/11/2022,Free
s05909,Lucas Wilson,42,Other,Australia,2/16/2019,Monthly
s05910,Isabella Lewis,20,Other,Australia,6/8/2020,Monthly
s05911,Benjamin Smith,22,Male,Germany,8/1/2021,Monthly
s05912,Karan Moore,22,Male,UK,7/21/2019,Yearly
s05913,Sophia Patel,41,Male,Canada,9/14/2019,Free
s05914,Eva Johnson,20,Other,USA,2/20/2020,Yearly
s05915,Isabella Wilson,25,Female,UK,1/17/2020,Free
s05916,Aarav Martin,22,Female,UK,8/10/2020,Free
s05917,Aarav Thomas,51,Male,UK,4/3/2020,Monthly
s05918,Liam Singh,22,Male,Canada,9/6/2020,Monthly
s05919,Eva Thomas,20,Other,UK,5/24/2021,Monthly
s05920,Sophia Martin,22,Female,India,12/10/2021,Free
s05921,Lucas Miller,21,Male,UK,3/31/2021,Monthly
s05922,Karan Miller,26,Other,India,11/26/2022,Monthly
s05923,Isabella Smith,37,Other,Germany,4/29/2022,Free
s05924,Karan Walker,19,Female,UK,2/10/2022,Yearly
s05925,Liam Hall,20,Male,Germany,9/4/2020,Yearly
s05926,Ethan Johnson,24,Male,Germany,5/23/2019,Free
s05927,Arjun Patel,20,Male,USA,9/8/2022,Free
s05928,Sophia Walker,62,Female,USA,5/30/2020,Monthly
s05929,Benjamin Anderson,36,Other,Australia,2/6/2019,Yearly
s05930,Noah Lewis,20,Male,Australia,10/22/2021,Monthly
s05931,Vihaan Moore,42,Male,Germany,4/13/2021,Yearly
s05932,Sophia Hall,35,Male,Canada,4/30/2019,Free
s05933,Amelia Thomas,19,Other,India,2/10/2020,Monthly
s05934,Aarav Davis,20,Male,Canada,1/14/2021,Yearly
s05935,Vihaan Miller,25,Female,USA,9/5/2022,Free
s05936,Sophia Patel,20,Male,Australia,9/2/2021,Monthly
s05937,Ethan Lewis,31,Female,USA,5/5/2019,Monthly
s05938,Liam Anderson,27,Male,Australia,9/29/2019,Yearly
s05939,Ethan Davis,21,Female,India,9/18/2022,Free
s05940,Lucas Clark,33,Female,Canada,8/18/2021,Monthly
s05941,Noah Thomas,18,Other,UK,2/17/2022,Free
s05942,Benjamin Lee,64,Female,UK,1/28/2022,Yearly
s05943,Liam Lewis,25,Other,UK,12/2/2020,Free
s05944,Amelia Verma,59,Female,Australia,2/19/2021,Yearly
s05945,Noah Brown,23,Male,India,9/1/2022,Free
s05946,Karan Davis,61,Other,USA,12/14/2019,Yearly
s05947,Eva Martin,34,Male,UK,3/4/2022,Monthly
s05948,Lucas Verma,20,Other,USA,6/26/2022,Free
s05949,Zara Moore,46,Other,Germany,3/9/2021,Yearly
s05950,Aanya Thomas,62,Female,Australia,2/3/2019,Yearly
s05951,Meera Anderson,20,Other,Canada,2/16/2019,Free
s05952,Vihaan Anderson,19,Male,India,3/2/2021,Yearly
s05953,Vihaan Walker,21,Other,Germany,11/9/2020,Yearly
s05954,Olivia Sharma,25,Male,Canada,2/15/2022,Free
s05955,Amelia Brown,20,Female,India,2/5/2019,Free
s05956,Emma Brown,22,Male,UK,5/9/2021,Free
s05957,Sophia Anderson,36,Other,Australia,12/12/2019,Monthly
s05958,Amelia Lewis,28,Other,Canada,6/19/2020,Free
s05959,Noah Thomas,50,Male,India,4/24/2022,Yearly
s05960,Zara Lewis,52,Other,India,12/11/2020,Monthly
s05961,Liam Singh,20,Female,UK,1/20/2020,Yearly
s05962,Eva Verma,40,Male,India,9/27/2021,Yearly
s05963,Mia Sharma,26,Other,USA,2/7/2022,Yearly
s05964,Sophia Lewis,30,Other,Canada,3/7/2022,Free
s05965,Liam Clark,32,Other,India,7/17/2020,Free
s05966,Noah Anderson,23,Other,USA,3/15/2022,Yearly
s05967,Sophia Brown,20,Other,USA,4/29/2021,Monthly
s05968,Isabella Taylor,47,Other,India,4/18/2021,Yearly
s05969,Arjun Patel,18,Other,Australia,6/8/2022,Yearly
s05970,Benjamin Thomas,57,Female,USA,7/31/2021,Monthly
s05971,Liam Wilson,23,Other,UK,4/13/2022,Free
s05972,Liam Davis,34,Male,UK,8/17/2020,Yearly
s05973,Liam Smith,27,Female,Australia,10/31/2019,Free
s05974,Sophia Brown,48,Female,UK,4/6/2020,Free
s05975,Benjamin Brown,36,Other,UK,10/23/2021,Free
s05976,Aanya Verma,27,Other,USA,8/10/2021,Free
s05977,Noah Clark,18,Male,UK,11/26/2021,Free
s05978,Benjamin Sharma,38,Other,India,6/3/2020,Monthly
s05979,Noah Clark,26,Other,India,8/2/2022,Free
s05980,Aanya Hall,39,Female,USA,5/18/2022,Monthly
s05981,Meera Miller,20,Female,Australia,1/15/2022,Monthly
s05982,Lucas Verma,26,Female,Canada,11/17/2022,Free
s05983,Aanya Moore,23,Female,Australia,7/16/2019,Free
s05984,Zara Anderson,22,Male,Australia,1/4/2022,Free
s05985,Liam Davis,26,Other,UK,4/29/2020,Free
s05986,Isabella Singh,19,Male,India,7/28/2020,Yearly
s05987,Riya Brown,23,Other,USA,1/25/2021,Yearly
s05988,Aanya Clark,25,Male,India,1/9/2021,Free
s05989,Arjun Sharma,40,Male,India,12/19/2022,Yearly
s05990,Isabella Davis,24,Other,UK,12/23/2020,Monthly
s05991,Aanya Martin,44,Female,India,5/4/2020,Yearly
s05992,Noah Patel,45,Other,USA,3/27/2022,Free
s05993,Sophia Clark,46,Female,Canada,11/9/2021,Free
s05994,Olivia Patel,28,Other,Germany,8/6/2022,Yearly
s05995,Isabella Hall,38,Other,Australia,11/29/2020,Monthly
s05996,Vihaan Taylor,19,Male,Canada,11/1/2022,Monthly
s05997,Noah Lee,22,Female,Canada,7/25/2019,Monthly
s05998,Isabella Taylor,26,Male,UK,3/20/2020,Monthly
s05999,Meera Johnson,18,Other,Australia,4/13/2020,Yearly
s06000,Aarav Smith,24,Other,USA,10/13/2019,Yearly
s06001,Mia Lewis,19,Female,USA,10/14/2021,Free
s06002,Amelia Martin,45,Male,USA,4/6/2021,Free
s06003,Isabella Patel,20,Other,India,11/22/2022,Free
s06004,Lucas Walker,35,Female,India,1/17/2019,Monthly
s06005,Karan Walker,25,Female,India,7/6/2020,Free
s06006,Liam Lewis,21,Male,Canada,7/16/2019,Monthly
s06007,Emma Sharma,18,Male,India,4/5/2021,Yearly
s06008,Ethan Martin,24,Male,Canada,8/2/2019,Yearly
s06009,Sophia Patel,18,Female,Canada,10/18/2019,Monthly
s06010,Noah Patel,47,Other,India,10/8/2021,Monthly
s06011,Meera Lee,38,Male,UK,12/16/2022,Yearly
s06012,Lucas Patel,30,Other,USA,9/22/2022,Free
s06013,Mia Miller,24,Other,Germany,8/5/2020,Monthly
s06014,Zara Thomas,24,Other,Australia,4/23/2022,Free
s06015,Benjamin Hall,19,Other,Canada,8/17/2020,Monthly
s06016,Benjamin Lee,26,Male,India,1/22/2019,Yearly
s06017,Liam Anderson,64,Male,UK,10/7/2020,Free
s06018,Ethan Wilson,18,Male,USA,4/18/2019,Monthly
s06019,Vihaan Thomas,27,Other,USA,12/1/2021,Monthly
s06020,Eva Singh,20,Female,UK,6/2/2019,Monthly
s06021,Emma Sharma,41,Other,Germany,4/13/2022,Yearly
s06022,Emma Walker,20,Female,Australia,8/10/2022,Yearly
s06023,Sophia Clark,19,Other,Germany,7/18/2021,Monthly
s06024,Benjamin Lewis,36,Other,USA,3/25/2022,Free
s06025,Sophia Singh,26,Male,USA,12/14/2019,Monthly
s06026,Eva Singh,18,Female,Australia,12/17/2021,Monthly
s06027,Emma Clark,24,Female,UK,9/15/2021,Monthly
s06028,Aarav Brown,25,Other,USA,12/27/2019,Monthly
s06029,Lucas Wilson,22,Other,Germany,3/1/2022,Monthly
s06030,Liam Walker,52,Other,Germany,1/11/2020,Yearly
s06031,Sophia Moore,38,Female,Australia,3/25/2022,Yearly
s06032,Noah Johnson,42,Male,Australia,1/10/2020,Monthly
s06033,Riya Brown,20,Male,India,7/16/2019,Monthly
s06034,Arjun Moore,30,Male,USA,9/19/2019,Monthly
s06035,Olivia Johnson,20,Male,Canada,12/9/2022,Monthly
s06036,Arjun Anderson,24,Female,USA,1/13/2020,Free
s06037,Isabella Martin,29,Male,Canada,6/26/2020,Monthly
s06038,Zara Walker,41,Female,UK,3/3/2021,Yearly
s06039,Aanya Hall,40,Female,Germany,3/1/2020,Monthly
s06040,Liam Walker,66,Other,India,7/13/2021,Free
s06041,Liam Brown,19,Other,Canada,4/11/2022,Free
s06042,Aarav Singh,34,Other,USA,4/8/2019,Yearly
s06043,Zara Hall,19,Female,Australia,6/14/2022,Monthly
s06044,Karan Verma,18,Other,Australia,8/10/2020,Yearly
s06045,Aanya Hall,22,Female,India,5/16/2019,Monthly
s06046,Aarav Patel,21,Female,Germany,12/19/2020,Monthly
s06047,Benjamin Clark,19,Male,Germany,4/5/2019,Yearly
s06048,Zara Martin,35,Male,Canada,7/23/2021,Monthly
s06049,Vihaan Taylor,41,Male,Australia,3/5/2020,Monthly
s06050,Liam Verma,23,Male,UK,2/17/2021,Monthly
s06051,Amelia Miller,30,Female,UK,4/26/2022,Yearly
s06052,Riya Singh,37,Male,Australia,4/25/2022,Free
s06053,Benjamin Lewis,23,Male,Germany,9/2/2019,Free
s06054,Eva Clark,19,Female,USA,6/18/2021,Yearly
s06055,Arjun Lee,18,Other,USA,9/18/2020,Free
s06056,Riya Sharma,31,Other,India,4/7/2019,Yearly
s06057,Vihaan Clark,42,Female,India,12/10/2021,Monthly
s06058,Aanya Verma,18,Male,Canada,1/12/2021,Monthly
s06059,Arjun Johnson,27,Male,Australia,9/23/2021,Yearly
s06060,Meera Patel,21,Other,USA,11/13/2020,Monthly
s06061,Sophia Clark,23,Other,Australia,9/7/2021,Free
s06062,Arjun Verma,18,Male,Australia,8/20/2021,Free
s06063,Isabella Wilson,21,Female,Canada,8/9/2020,Free
s06064,Noah Walker,31,Female,USA,7/12/2022,Monthly
s06065,Benjamin Anderson,25,Male,Germany,5/9/2020,Yearly
s06066,Emma Anderson,19,Female,UK,6/22/2021,Yearly
s06067,Liam Walker,19,Female,USA,5/18/2019,Monthly
s06068,Isabella Johnson,42,Female,Australia,11/21/2021,Monthly
s06069,Benjamin Sharma,19,Male,USA,4/29/2020,Free
s06070,Arjun Smith,55,Other,USA,1/1/2021,Monthly
s06071,Isabella Walker,26,Other,USA,6/7/2022,Free
s06072,Isabella Moore,21,Male,India,7/10/2019,Yearly
s06073,Arjun Wilson,32,Female,UK,9/16/2022,Yearly
s06074,Lucas Singh,25,Female,Canada,1/4/2020,Free
s06075,Noah Martin,19,Female,USA,6/10/2019,Monthly
s06076,Olivia Davis,21,Male,USA,1/29/2020,Monthly
s06077,Sophia Sharma,27,Male,Canada,2/2/2019,Monthly
s06078,Arjun Walker,47,Male,India,7/25/2020,Free
s06079,Ethan Moore,19,Male,Germany,11/16/2020,Yearly
s06080,Karan Moore,30,Male,USA,12/31/2021,Monthly
s06081,Olivia Verma,21,Other,UK,9/21/2021,Monthly
s06082,Karan Johnson,23,Female,Canada,2/13/2021,Monthly
s06083,Lucas Lewis,24,Male,USA,11/10/2022,Yearly
s06084,Olivia Wilson,34,Other,Australia,6/11/2020,Free
s06085,Eva Patel,25,Other,USA,5/9/2022,Yearly
s06086,Eva Lewis,20,Female,Canada,7/21/2019,Yearly
s06087,Aarav Johnson,25,Other,UK,5/4/2021,Yearly
s06088,Karan Patel,59,Other,Germany,10/3/2022,Yearly
s06089,Amelia Miller,18,Other,Germany,6/3/2021,Monthly
s06090,Isabella Clark,33,Other,Germany,10/21/2019,Yearly
s06091,Vihaan Patel,24,Female,USA,11/27/2019,Yearly
s06092,Zara Thomas,36,Male,Australia,8/31/2021,Yearly
s06093,Ethan Walker,63,Other,India,9/9/2019,Yearly
s06094,Noah Brown,22,Other,Germany,4/26/2020,Free
s06095,Vihaan Davis,22,Female,Australia,7/23/2020,Monthly
s06096,Arjun Taylor,53,Other,USA,7/1/2021,Yearly
s06097,Lucas Brown,28,Female,Canada,7/30/2021,Monthly
s06098,Mia Walker,27,Male,Australia,11/1/2019,Free
s06099,Riya Lewis,30,Male,Canada,4/16/2019,Yearly
s06100,Emma Moore,49,Female,UK,3/31/2022,Monthly
s06101,Lucas Lewis,18,Other,Australia,10/29/2022,Free
s06102,Aanya Davis,22,Female,UK,3/19/2021,Yearly
s06103,Amelia Lewis,19,Male,Australia,8/8/2019,Free
s06104,Amelia Taylor,22,Male,Germany,1/14/2021,Free
s06105,Aarav Verma,46,Other,UK,1/26/2022,Free
s06106,Vihaan Sharma,44,Male,India,12/19/2020,Yearly
s06107,Sophia Thomas,23,Female,UK,7/24/2021,Monthly
s06108,Isabella Singh,25,Male,India,9/2/2021,Yearly
s06109,Zara Miller,41,Other,USA,10/15/2020,Yearly
s06110,Meera Verma,22,Female,UK,8/11/2019,Free
s06111,Aanya Lee,19,Female,Germany,11/3/2020,Free
s06112,Benjamin Lewis,55,Other,Canada,12/28/2020,Yearly
s06113,Zara Walker,21,Male,Canada,10/21/2020,Monthly
s06114,Zara Hall,19,Other,Canada,12/9/2021,Yearly
s06115,Zara Clark,45,Male,Australia,5/16/2019,Yearly
s06116,Vihaan Lee,21,Other,Canada,9/15/2021,Yearly
s06117,Emma Moore,39,Male,Australia,3/28/2021,Monthly
s06118,Vihaan Martin,31,Other,Canada,12/15/2020,Monthly
s06119,Meera Martin,41,Female,Canada,4/23/2020,Monthly
s06120,Noah Martin,18,Male,USA,1/20/2019,Monthly
s06121,Zara Smith,26,Female,USA,7/9/2021,Monthly
s06122,Lucas Martin,43,Other,Germany,11/30/2019,Free
s06123,Emma Verma,18,Male,India,11/13/2022,Monthly
s06124,Benjamin Brown,21,Other,Canada,9/19/2020,Yearly
s06125,Isabella Hall,34,Male,Canada,5/26/2020,Yearly
s06126,Eva Walker,46,Female,Australia,8/2/2019,Monthly
s06127,Eva Clark,58,Other,Canada,10/10/2020,Free
s06128,Ethan Brown,19,Female,India,2/20/2020,Yearly
s06129,Benjamin Taylor,65,Female,Canada,10/18/2021,Yearly
s06130,Emma Walker,27,Other,UK,9/5/2019,Yearly
s06131,Karan Moore,25,Other,Australia,12/12/2020,Free
s06132,Ethan Smith,41,Female,USA,10/9/2019,Free
s06133,Karan Patel,25,Other,India,4/1/2019,Yearly
s06134,Aarav Anderson,27,Male,Germany,5/4/2021,Yearly
s06135,Riya Sharma,32,Male,UK,8/17/2020,Free
s06136,Ethan Lewis,20,Male,India,2/22/2022,Monthly
s06137,Arjun Johnson,21,Female,UK,5/7/2021,Free
s06138,Noah Walker,21,Male,India,1/7/2020,Free
s06139,Vihaan Walker,26,Female,Australia,9/8/2020,Free
s06140,Arjun Moore,19,Female,India,10/9/2022,Monthly
s06141,Karan Johnson,29,Female,Australia,2/29/2020,Monthly
s06142,Mia Singh,62,Female,India,3/3/2019,Free
s06143,Benjamin Anderson,19,Male,Germany,5/7/2022,Yearly
s06144,Isabella Smith,32,Female,India,3/17/2019,Yearly
s06145,Emma Taylor,39,Female,India,7/17/2020,Yearly
s06146,Sophia Davis,22,Female,Australia,11/30/2020,Free
s06147,Amelia Sharma,43,Male,Canada,7/29/2019,Free
s06148,Aanya Johnson,61,Male,Canada,7/12/2020,Yearly
s06149,Arjun Moore,33,Male,Australia,10/12/2021,Yearly
s06150,Mia Walker,18,Male,Australia,7/3/2021,Monthly
s06151,Ethan Thomas,21,Male,Australia,3/3/2020,Free
s06152,Aarav Singh,18,Other,UK,5/9/2020,Monthly
s06153,Eva Thomas,61,Female,UK,3/1/2022,Monthly
s06154,Karan Miller,50,Female,Australia,8/12/2020,Monthly
s06155,Isabella Hall,26,Other,India,5/12/2020,Free
s06156,Zara Miller,19,Male,Canada,5/3/2022,Monthly
s06157,Zara Lee,25,Other,India,4/4/2022,Monthly
s06158,Emma Walker,44,Other,India,5/1/2020,Free
s06159,Amelia Johnson,45,Male,USA,1/4/2019,Yearly
s06160,Aanya Lee,20,Other,Canada,1/23/2019,Free
s06161,Benjamin Taylor,34,Other,UK,12/9/2019,Monthly
s06162,Sophia Lee,25,Female,Germany,10/28/2020,Monthly
s06163,Mia Davis,23,Female,Australia,12/2/2020,Yearly
s06164,Vihaan Johnson,32,Female,Canada,11/14/2021,Free
s06165,Amelia Verma,23,Male,Australia,3/11/2022,Yearly
s06166,Arjun Moore,21,Male,Germany,11/19/2022,Free
s06167,Liam Johnson,62,Other,Germany,12/20/2021,Yearly
s06168,Lucas Thomas,21,Female,Canada,3/9/2020,Free
s06169,Sophia Clark,28,Other,India,2/5/2021,Free
s06170,Aanya Verma,33,Male,Germany,11/27/2021,Monthly
s06171,Arjun Martin,29,Other,Canada,3/21/2019,Monthly
s06172,Noah Lewis,42,Other,UK,9/28/2021,Free
s06173,Benjamin Sharma,22,Other,Germany,5/30/2022,Monthly
s06174,Eva Verma,25,Female,India,2/26/2019,Yearly
s06175,Lucas Davis,18,Male,UK,10/15/2019,Monthly
s06176,Zara Patel,40,Female,UK,8/29/2021,Yearly
s06177,Mia Moore,25,Other,India,8/21/2022,Yearly
s06178,Noah Sharma,41,Female,USA,2/27/2019,Yearly
s06179,Noah Singh,26,Female,USA,1/27/2020,Yearly
s06180,Vihaan Brown,21,Female,Australia,9/3/2019,Yearly
s06181,Emma Verma,27,Male,Germany,3/23/2019,Free
s06182,Benjamin Walker,33,Male,UK,7/5/2021,Yearly
s06183,Vihaan Moore,18,Male,Germany,6/15/2021,Free
s06184,Zara Martin,19,Female,Germany,4/15/2019,Free
s06185,Olivia Miller,27,Female,USA,2/21/2020,Monthly
s06186,Karan Lewis,23,Other,Canada,6/30/2022,Yearly
s06187,Meera Johnson,19,Female,USA,6/20/2019,Monthly
s06188,Arjun Sharma,18,Male,Canada,6/12/2019,Free
s06189,Arjun Singh,19,Male,India,10/17/2019,Monthly
s06190,Mia Verma,63,Female,Canada,3/7/2022,Yearly
s06191,Ethan Singh,41,Other,USA,5/13/2021,Free
s06192,Liam Brown,19,Other,UK,5/7/2022,Free
s06193,Riya Clark,64,Other,Germany,1/26/2019,Yearly
s06194,Isabella Miller,67,Other,Germany,2/20/2022,Free
s06195,Lucas Clark,30,Other,Australia,2/9/2021,Yearly
s06196,Emma Walker,34,Male,Canada,3/3/2021,Yearly
s06197,Lucas Thomas,21,Other,Canada,10/9/2022,Free
s06198,Benjamin Patel,32,Other,Australia,11/11/2021,Yearly
s06199,Vihaan Davis,45,Other,Germany,2/14/2020,Free
s06200,Sophia Johnson,24,Female,Germany,8/18/2022,Monthly
s06201,Meera Martin,21,Other,Canada,4/7/2019,Free
s06202,Sophia Anderson,23,Female,Australia,9/28/2020,Monthly
s06203,Noah Sharma,26,Female,Australia,3/16/2020,Monthly
s06204,Amelia Martin,24,Other,India,7/14/2019,Monthly
s06205,Riya Sharma,21,Other,Germany,9/26/2019,Yearly
s06206,Vihaan Singh,40,Male,India,10/2/2021,Free
s06207,Emma Lewis,26,Male,USA,5/10/2019,Yearly
s06208,Eva Martin,27,Female,Australia,5/16/2020,Yearly
s06209,Ethan Wilson,38,Other,Germany,9/26/2022,Yearly
s06210,Aarav Wilson,24,Female,UK,4/7/2021,Free
s06211,Zara Lewis,25,Other,USA,6/10/2020,Monthly
s06212,Noah Brown,37,Other,Germany,8/3/2022,Monthly
s06213,Arjun Wilson,22,Female,USA,5/16/2022,Monthly
s06214,Liam Smith,33,Other,USA,8/22/2020,Free
s06215,Aarav Thomas,23,Female,Germany,5/21/2021,Free
s06216,Lucas Miller,23,Male,UK,2/15/2019,Yearly
s06217,Isabella Smith,19,Male,UK,4/26/2019,Free
s06218,Aanya Clark,24,Other,Canada,10/21/2021,Monthly
s06219,Olivia Thomas,23,Male,Germany,2/14/2019,Monthly
s06220,Zara Clark,35,Other,Canada,12/3/2020,Yearly
s06221,Eva Sharma,30,Female,UK,8/2/2022,Yearly
s06222,Eva Singh,65,Female,India,12/28/2019,Free
s06223,Riya Sharma,42,Male,India,6/6/2021,Monthly
s06224,Vihaan Brown,24,Other,USA,10/28/2021,Yearly
s06225,Karan Anderson,26,Male,India,12/1/2020,Yearly
s06226,Liam Brown,20,Male,Australia,12/5/2019,Free
s06227,Lucas Wilson,26,Male,India,7/12/2019,Monthly
s06228,Eva Singh,47,Female,Canada,9/22/2020,Yearly
s06229,Lucas Martin,19,Female,Germany,4/30/2022,Monthly
s06230,Vihaan Wilson,51,Female,UK,10/14/2020,Monthly
s06231,Benjamin Moore,20,Female,UK,5/24/2022,Monthly
s06232,Eva Walker,18,Female,Germany,4/30/2022,Monthly
s06233,Isabella Miller,26,Male,Australia,12/16/2022,Monthly
s06234,Lucas Patel,67,Other,India,6/27/2021,Monthly
s06235,Riya Walker,22,Male,India,4/8/2021,Monthly
s06236,Mia Davis,38,Other,Australia,3/4/2021,Monthly
s06237,Arjun Anderson,24,Female,USA,7/4/2022,Monthly
s06238,Mia Patel,23,Other,India,6/16/2019,Monthly
s06239,Olivia Taylor,18,Male,India,5/15/2020,Free
s06240,Meera Wilson,21,Other,Germany,9/8/2022,Monthly
s06241,Noah Verma,24,Other,Canada,7/13/2021,Free
s06242,Vihaan Singh,26,Other,India,6/28/2019,Free
s06243,Ethan Davis,25,Female,USA,4/21/2021,Free
s06244,Eva Johnson,24,Other,Canada,3/1/2020,Monthly
s06245,Amelia Taylor,22,Female,India,2/7/2021,Free
s06246,Aarav Anderson,24,Male,India,3/27/2019,Yearly
s06247,Ethan Clark,22,Female,India,2/28/2019,Free
s06248,Sophia Lee,24,Other,Germany,4/23/2019,Free
s06249,Mia Smith,46,Male,India,10/8/2019,Free
s06250,Aarav Patel,21,Male,Canada,5/31/2020,Free
s06251,Aanya Verma,27,Male,USA,7/4/2021,Free
s06252,Sophia Lewis,62,Other,India,7/26/2019,Monthly
s06253,Amelia Verma,25,Other,India,8/10/2021,Monthly
s06254,Sophia Johnson,43,Female,Canada,12/29/2020,Monthly
s06255,Lucas Singh,18,Female,Australia,3/30/2019,Yearly
s06256,Aanya Hall,32,Male,Germany,5/6/2022,Yearly
s06257,Isabella Singh,18,Male,Canada,11/9/2021,Monthly
s06258,Vihaan Lewis,19,Other,USA,3/26/2022,Monthly
s06259,Isabella Taylor,28,Male,USA,3/14/2022,Free
s06260,Olivia Verma,24,Male,Australia,8/20/2020,Free
s06261,Liam Verma,18,Female,Australia,12/16/2022,Free
s06262,Karan Smith,19,Other,UK,3/22/2021,Yearly
s06263,Aanya Martin,36,Other,USA,10/7/2020,Yearly
s06264,Meera Taylor,20,Male,Canada,10/21/2019,Yearly
s06265,Benjamin Singh,35,Male,USA,7/30/2019,Monthly
s06266,Aanya Lee,49,Female,USA,1/1/2022,Yearly
s06267,Sophia Verma,26,Male,India,9/23/2019,Monthly
s06268,Sophia Taylor,27,Other,Germany,11/13/2021,Yearly
s06269,Isabella Davis,23,Male,Australia,11/24/2021,Free
s06270,Aanya Miller,41,Male,India,3/19/2022,Free
s06271,Zara Patel,28,Female,USA,5/13/2021,Free
s06272,Ethan Walker,26,Male,Australia,7/24/2021,Free
s06273,Liam Patel,21,Female,Germany,8/22/2022,Free
s06274,Aanya Martin,32,Other,India,2/5/2019,Monthly
s06275,Liam Verma,19,Male,USA,9/2/2021,Monthly
s06276,Olivia Thomas,47,Female,UK,7/7/2020,Yearly
s06277,Lucas Walker,24,Female,Australia,5/22/2020,Yearly
s06278,Vihaan Patel,27,Female,Germany,10/28/2022,Yearly
s06279,Olivia Brown,41,Male,India,9/29/2021,Yearly
s06280,Riya Lee,19,Female,Canada,3/29/2021,Monthly
s06281,Sophia Wilson,46,Other,Australia,9/1/2019,Yearly
s06282,Aanya Sharma,25,Other,Australia,2/18/2022,Yearly
s06283,Aanya Lee,20,Other,Germany,8/31/2019,Yearly
s06284,Lucas Davis,47,Male,Germany,3/6/2021,Monthly
s06285,Meera Sharma,22,Female,USA,4/9/2020,Monthly
s06286,Riya Lee,39,Male,Canada,10/29/2021,Free
s06287,Arjun Hall,19,Other,UK,3/23/2019,Free
s06288,Meera Lewis,44,Female,India,8/3/2020,Yearly
s06289,Liam Verma,25,Female,USA,7/14/2020,Free
s06290,Sophia Wilson,44,Other,India,2/3/2021,Free
s06291,Olivia Verma,24,Male,India,3/30/2021,Yearly
s06292,Noah Anderson,19,Female,Germany,1/30/2021,Monthly
s06293,Ethan Martin,39,Female,Australia,1/29/2019,Free
s06294,Riya Moore,25,Male,Australia,3/23/2020,Free
s06295,Meera Clark,21,Female,UK,9/15/2020,Monthly
s06296,Emma Martin,23,Female,USA,2/20/2021,Monthly
s06297,Aarav Walker,27,Male,USA,5/18/2020,Monthly
s06298,Amelia Taylor,23,Other,India,12/19/2022,Monthly
s06299,Karan Moore,27,Other,Canada,11/17/2020,Yearly
s06300,Isabella Miller,45,Other,Germany,6/29/2020,Free
s06301,Karan Johnson,48,Other,Australia,11/16/2022,Yearly
s06302,Noah Moore,24,Male,India,2/14/2021,Free
s06303,Olivia Taylor,45,Other,Canada,8/30/2019,Free
s06304,Mia Brown,47,Female,Canada,11/16/2022,Yearly
s06305,Lucas Martin,27,Female,UK,10/20/2019,Free
s06306,Arjun Smith,46,Female,Australia,6/15/2019,Free
s06307,Aarav Smith,19,Female,Australia,6/28/2022,Yearly
s06308,Amelia Taylor,35,Female,Germany,2/13/2021,Yearly
s06309,Vihaan Verma,20,Other,India,4/25/2020,Free
s06310,Isabella Miller,25,Female,India,9/3/2020,Yearly
s06311,Amelia Lewis,30,Female,USA,8/30/2019,Free
s06312,Liam Thomas,23,Female,UK,4/18/2021,Free
s06313,Arjun Brown,25,Other,India,11/26/2021,Yearly
s06314,Olivia Anderson,24,Female,India,11/8/2020,Free
s06315,Eva Miller,36,Male,USA,1/28/2022,Yearly
s06316,Meera Smith,26,Male,UK,12/21/2020,Yearly
s06317,Lucas Lewis,46,Male,Canada,9/5/2020,Monthly
s06318,Olivia Taylor,21,Female,Germany,1/4/2021,Free
s06319,Eva Sharma,26,Other,Canada,9/23/2019,Yearly
s06320,Meera Lewis,24,Male,UK,10/24/2022,Monthly
s06321,Vihaan Smith,22,Male,Australia,3/25/2022,Free
s06322,Noah Lewis,37,Male,USA,8/9/2020,Yearly
s06323,Aarav Brown,28,Other,Canada,12/3/2022,Monthly
s06324,Arjun Lewis,20,Female,Australia,1/29/2022,Monthly
s06325,Olivia Taylor,20,Female,Australia,10/14/2022,Yearly
s06326,Olivia Anderson,37,Other,Canada,10/3/2022,Yearly
s06327,Noah Clark,29,Female,UK,8/21/2019,Monthly
s06328,Sophia Davis,23,Other,India,7/11/2019,Yearly
s06329,Lucas Clark,32,Female,India,12/21/2019,Monthly
s06330,Karan Taylor,59,Female,USA,3/17/2021,Monthly
s06331,Isabella Taylor,52,Male,UK,10/19/2022,Yearly
s06332,Sophia Taylor,44,Female,Australia,11/12/2020,Monthly
s06333,Aanya Singh,22,Female,India,7/26/2020,Free
s06334,Zara Anderson,19,Male,Germany,11/25/2019,Yearly
s06335,Eva Brown,20,Other,Canada,1/31/2020,Yearly
s06336,Lucas Miller,24,Male,India,7/16/2022,Yearly
s06337,Zara Miller,26,Male,Canada,4/11/2022,Free
s06338,Arjun Walker,23,Female,Canada,10/7/2019,Free
s06339,Ethan Sharma,44,Female,Germany,11/13/2020,Free
s06340,Ethan Thomas,19,Male,India,5/26/2019,Monthly
s06341,Mia Lee,24,Male,USA,3/10/2021,Free
s06342,Lucas Walker,20,Female,India,5/31/2021,Monthly
s06343,Arjun Taylor,41,Female,Australia,12/10/2022,Free
s06344,Aanya Anderson,36,Female,Australia,7/27/2019,Free
s06345,Noah Brown,38,Other,Australia,8/28/2022,Free
s06346,Olivia Hall,36,Female,UK,12/16/2021,Free
s06347,Emma Taylor,42,Other,Germany,1/18/2021,Yearly
s06348,Arjun Martin,20,Female,USA,5/17/2022,Monthly
s06349,Aarav Anderson,25,Male,Canada,9/12/2020,Yearly
s06350,Noah Sharma,24,Other,Canada,3/24/2021,Monthly
s06351,Aanya Hall,46,Male,Germany,8/15/2019,Yearly
s06352,Aarav Verma,45,Female,Australia,12/1/2020,Monthly
s06353,Arjun Martin,18,Male,UK,10/14/2021,Yearly
s06354,Lucas Davis,54,Female,Canada,3/20/2020,Monthly
s06355,Eva Martin,23,Female,India,6/20/2021,Free
s06356,Mia Walker,18,Female,Canada,7/9/2022,Monthly
s06357,Olivia Verma,20,Other,India,9/22/2022,Free
s06358,Emma Lee,26,Other,Germany,6/11/2019,Free
s06359,Olivia Anderson,21,Female,USA,7/20/2022,Free
s06360,Aarav Anderson,23,Other,Australia,7/7/2020,Monthly
s06361,Aanya Johnson,32,Other,Canada,10/22/2019,Free
s06362,Mia Miller,45,Female,Australia,12/29/2022,Yearly
s06363,Amelia Patel,32,Male,USA,9/2/2021,Yearly
s06364,Benjamin Sharma,47,Female,UK,5/22/2020,Free
s06365,Lucas Verma,45,Female,USA,6/28/2021,Yearly
s06366,Aarav Wilson,24,Other,India,11/7/2021,Monthly
s06367,Isabella Clark,21,Female,USA,8/14/2021,Monthly
s06368,Vihaan Verma,19,Male,India,4/15/2021,Free
s06369,Zara Hall,36,Female,USA,1/26/2020,Monthly
s06370,Mia Thomas,21,Male,Canada,7/31/2020,Yearly
s06371,Eva Anderson,20,Male,Canada,12/3/2021,Monthly
s06372,Lucas Wilson,18,Female,Germany,9/3/2020,Yearly
s06373,Riya Thomas,22,Male,Australia,8/20/2020,Yearly
s06374,Karan Anderson,18,Other,India,6/12/2020,Free
s06375,Karan Walker,22,Male,Germany,2/27/2020,Monthly
s06376,Mia Wilson,27,Male,India,7/2/2022,Free
s06377,Riya Taylor,25,Male,Germany,3/26/2019,Free
s06378,Liam Johnson,47,Male,Canada,8/15/2022,Free
s06379,Amelia Johnson,57,Female,Canada,2/12/2019,Yearly
s06380,Isabella Hall,32,Other,USA,7/24/2022,Monthly
s06381,Riya Taylor,21,Female,India,6/15/2021,Free
s06382,Karan Hall,36,Other,Canada,3/17/2021,Yearly
s06383,Eva Anderson,40,Other,Germany,1/23/2020,Monthly
s06384,Meera Miller,31,Male,Australia,9/16/2020,Monthly
s06385,Arjun Patel,33,Other,India,8/24/2019,Free
s06386,Olivia Martin,25,Other,UK,9/22/2021,Yearly
s06387,Amelia Patel,24,Other,Australia,7/24/2021,Yearly
s06388,Noah Hall,22,Female,Germany,1/11/2022,Free
s06389,Lucas Brown,22,Female,USA,12/27/2021,Free
s06390,Arjun Anderson,23,Other,Germany,1/2/2020,Yearly
s06391,Mia Miller,25,Other,Australia,5/2/2019,Yearly
s06392,Noah Martin,24,Female,Germany,3/8/2020,Yearly
s06393,Noah Johnson,43,Other,Australia,11/19/2020,Yearly
s06394,Riya Martin,26,Male,Germany,12/20/2022,Free
s06395,Aarav Verma,45,Other,UK,3/15/2022,Yearly
s06396,Riya Smith,19,Female,Australia,9/24/2021,Free
s06397,Benjamin Verma,37,Female,Germany,9/15/2019,Monthly
s06398,Amelia Hall,25,Other,Germany,4/16/2022,Monthly
s06399,Zara Martin,24,Male,Canada,6/10/2022,Free
s06400,Emma Lee,20,Male,USA,3/17/2021,Yearly
s06401,Lucas Johnson,33,Female,Canada,9/13/2019,Monthly
s06402,Sophia Verma,21,Male,USA,9/10/2022,Monthly
s06403,Zara Sharma,20,Male,Germany,9/24/2021,Free
s06404,Noah Anderson,38,Male,Germany,5/9/2021,Yearly
s06405,Vihaan Moore,41,Other,Canada,11/19/2022,Yearly
s06406,Karan Taylor,62,Female,Canada,11/26/2021,Yearly
s06407,Benjamin Taylor,19,Female,India,7/13/2021,Monthly
s06408,Noah Singh,36,Male,Canada,7/25/2021,Yearly
s06409,Aanya Walker,20,Female,India,8/22/2019,Monthly
s06410,Olivia Smith,20,Other,USA,7/20/2022,Free
s06411,Riya Lee,43,Other,USA,5/19/2021,Free
s06412,Olivia Johnson,20,Female,Australia,9/16/2020,Yearly
s06413,Benjamin Anderson,22,Female,USA,3/18/2020,Monthly
s06414,Karan Patel,46,Female,USA,8/10/2019,Monthly
s06415,Benjamin Johnson,22,Other,India,8/1/2020,Monthly
s06416,Noah Davis,41,Other,Canada,4/14/2020,Free
s06417,Meera Lewis,18,Female,Canada,2/12/2019,Free
s06418,Vihaan Martin,27,Other,USA,4/12/2020,Monthly
s06419,Liam Singh,45,Male,Canada,5/6/2020,Yearly
s06420,Riya Lewis,25,Female,USA,4/4/2020,Monthly
s06421,Arjun Brown,55,Other,India,2/22/2022,Free
s06422,Aarav Taylor,18,Male,Australia,3/19/2020,Yearly
s06423,Amelia Taylor,41,Male,India,4/29/2022,Free
s06424,Isabella Lewis,22,Male,Canada,6/29/2022,Free
s06425,Ethan Miller,21,Male,Australia,9/8/2019,Yearly
s06426,Mia Clark,26,Other,Australia,10/20/2021,Free
s06427,Eva Anderson,33,Other,USA,10/25/2020,Yearly
s06428,Amelia Lewis,42,Male,UK,6/4/2020,Free
s06429,Amelia Lewis,26,Male,USA,7/12/2019,Monthly
s06430,Meera Miller,24,Other,USA,1/19/2020,Free
s06431,Zara Martin,24,Male,UK,11/8/2021,Yearly
s06432,Emma Hall,20,Other,India,3/15/2020,Monthly
s06433,Liam Johnson,31,Female,UK,10/15/2020,Yearly
s06434,Olivia Miller,36,Other,India,10/25/2022,Yearly
s06435,Isabella Verma,19,Male,UK,11/5/2022,Yearly
s06436,Lucas Miller,23,Male,India,10/25/2020,Monthly
s06437,Riya Davis,48,Female,Australia,3/21/2021,Monthly
s06438,Noah Thomas,19,Female,Canada,1/17/2020,Monthly
s06439,Olivia Clark,24,Other,UK,8/7/2021,Monthly
s06440,Zara Martin,56,Male,India,6/13/2022,Yearly
s06441,Arjun Singh,35,Male,Australia,1/19/2019,Monthly
s06442,Liam Johnson,26,Female,USA,11/1/2021,Yearly
s06443,Benjamin Hall,36,Female,India,6/10/2019,Yearly
s06444,Eva Lee,23,Other,Canada,9/17/2020,Monthly
s06445,Sophia Brown,32,Female,USA,6/13/2020,Free
s06446,Aanya Thomas,41,Female,Canada,7/27/2022,Monthly
s06447,Lucas Patel,27,Female,Australia,9/22/2021,Monthly
s06448,Zara Moore,28,Male,India,5/24/2019,Free
s06449,Eva Davis,25,Female,USA,6/10/2021,Free
s06450,Mia Wilson,32,Other,Germany,3/20/2020,Yearly
s06451,Mia Singh,61,Female,Australia,2/22/2021,Free
s06452,Mia Martin,23,Other,Germany,10/15/2021,Free
s06453,Olivia Clark,22,Female,Canada,7/16/2020,Free
s06454,Arjun Moore,41,Male,India,5/1/2019,Free
s06455,Olivia Brown,31,Other,Germany,9/11/2019,Yearly
s06456,Benjamin Lee,58,Other,Germany,9/14/2019,Yearly
s06457,Sophia Verma,22,Male,USA,4/30/2020,Monthly
s06458,Amelia Hall,47,Female,Canada,3/4/2021,Free
s06459,Mia Martin,33,Female,India,7/27/2020,Yearly
s06460,Eva Clark,27,Other,Canada,8/1/2020,Monthly
s06461,Aarav Sharma,18,Male,USA,9/9/2021,Monthly
s06462,Ethan Smith,45,Male,India,12/21/2021,Yearly
s06463,Zara Walker,20,Female,UK,6/1/2021,Yearly
s06464,Noah Davis,41,Male,Canada,2/1/2021,Free
s06465,Noah Miller,18,Female,India,8/26/2021,Free
s06466,Eva Moore,20,Female,Australia,4/4/2020,Free
s06467,Sophia Wilson,19,Other,Germany,7/28/2022,Yearly
s06468,Liam Davis,30,Female,UK,2/16/2022,Monthly
s06469,Riya Sharma,21,Female,Germany,6/14/2021,Free
s06470,Emma Verma,51,Other,UK,5/18/2022,Yearly
s06471,Meera Clark,23,Female,Australia,7/5/2022,Yearly
s06472,Benjamin Wilson,22,Male,UK,2/26/2020,Free
s06473,Amelia Verma,34,Male,USA,6/6/2020,Monthly
s06474,Sophia Thomas,49,Female,UK,8/21/2019,Free
s06475,Karan Martin,26,Female,Canada,4/19/2021,Yearly
s06476,Arjun Walker,34,Other,Germany,5/4/2022,Monthly
s06477,Riya Lewis,27,Female,Australia,8/2/2022,Monthly
s06478,Lucas Sharma,23,Female,India,9/24/2022,Yearly
s06479,Isabella Wilson,53,Female,Australia,3/15/2022,Yearly
s06480,Arjun Johnson,23,Male,Canada,6/15/2021,Free
s06481,Lucas Brown,21,Other,India,11/9/2021,Free
s06482,Olivia Taylor,48,Other,Australia,8/26/2022,Monthly
s06483,Karan Lee,37,Other,Australia,3/9/2019,Yearly
s06484,Amelia Hall,26,Female,Australia,1/8/2020,Free
s06485,Arjun Davis,26,Other,Canada,11/14/2021,Free
s06486,Olivia Thomas,27,Other,USA,11/24/2021,Free
s06487,Olivia Clark,23,Female,India,3/22/2022,Free
s06488,Ethan Hall,22,Other,India,5/27/2019,Monthly
s06489,Benjamin Moore,41,Male,USA,3/23/2022,Yearly
s06490,Arjun Lewis,40,Male,Australia,6/16/2020,Yearly
s06491,Vihaan Lewis,21,Male,USA,10/12/2020,Yearly
s06492,Arjun Martin,26,Female,Australia,4/24/2019,Monthly
s06493,Olivia Davis,26,Male,India,7/13/2019,Yearly
s06494,Isabella Singh,32,Other,Germany,5/27/2019,Monthly
s06495,Riya Brown,37,Other,Canada,10/21/2019,Free
s06496,Riya Lewis,24,Other,Australia,2/16/2019,Free
s06497,Sophia Thomas,23,Other,UK,1/5/2021,Free
s06498,Noah Patel,23,Male,Australia,4/25/2022,Yearly
s06499,Riya Lewis,18,Female,Germany,7/10/2019,Monthly
s06500,Zara Taylor,25,Other,Canada,4/9/2020,Monthly
s06501,Emma Singh,42,Female,Germany,8/29/2019,Yearly
s06502,Eva Walker,20,Male,Australia,4/15/2020,Yearly
s06503,Aanya Davis,23,Male,Canada,6/30/2019,Yearly
s06504,Lucas Moore,20,Male,Australia,10/11/2022,Monthly
s06505,Liam Smith,19,Female,Australia,2/12/2019,Monthly
s06506,Eva Brown,19,Male,Germany,7/25/2020,Free
s06507,Aanya Davis,42,Other,India,11/16/2022,Free
s06508,Ethan Lewis,38,Male,UK,4/27/2021,Yearly
s06509,Vihaan Brown,26,Other,USA,5/4/2019,Monthly
s06510,Arjun Anderson,24,Female,Australia,9/9/2019,Monthly
s06511,Noah Martin,20,Female,USA,1/26/2020,Monthly
s06512,Meera Lee,22,Female,Canada,3/29/2022,Yearly
s06513,Vihaan Brown,30,Other,India,9/3/2022,Yearly
s06514,Riya Brown,32,Other,UK,11/26/2020,Monthly
s06515,Aarav Patel,33,Male,Canada,1/31/2021,Free
s06516,Aanya Sharma,28,Male,Germany,7/19/2022,Free
s06517,Arjun Walker,18,Male,Australia,8/12/2021,Monthly
s06518,Isabella Anderson,24,Male,Germany,7/8/2022,Monthly
s06519,Ethan Walker,24,Female,Germany,9/17/2021,Yearly
s06520,Karan Lee,25,Other,USA,12/8/2021,Monthly
s06521,Arjun Miller,19,Female,India,11/14/2019,Monthly
s06522,Vihaan Taylor,24,Other,UK,5/5/2019,Monthly
s06523,Riya Martin,60,Male,Canada,10/21/2021,Yearly
s06524,Mia Martin,23,Female,Canada,10/28/2021,Yearly
s06525,Sophia Anderson,43,Other,UK,11/14/2020,Free
s06526,Ethan Anderson,60,Other,Germany,2/18/2020,Yearly
s06527,Eva Clark,45,Male,USA,7/18/2021,Free
s06528,Noah Lee,47,Male,Canada,1/13/2022,Monthly
s06529,Mia Martin,19,Male,UK,6/17/2022,Free
s06530,Isabella Smith,26,Female,Australia,3/6/2021,Monthly
s06531,Emma Taylor,19,Other,Germany,9/8/2022,Free
s06532,Aarav Wilson,28,Other,Germany,9/26/2022,Free
s06533,Riya Walker,25,Male,USA,11/26/2022,Free
s06534,Isabella Verma,48,Female,Germany,6/11/2019,Yearly
s06535,Benjamin Hall,23,Male,UK,4/5/2020,Free
s06536,Olivia Brown,35,Other,UK,9/18/2021,Free
s06537,Emma Wilson,32,Female,USA,5/15/2022,Free
s06538,Aanya Sharma,24,Female,USA,9/16/2019,Free
s06539,Benjamin Davis,26,Female,UK,12/13/2021,Yearly
s06540,Noah Smith,51,Other,UK,4/10/2021,Yearly
s06541,Ethan Patel,32,Other,Germany,2/5/2019,Free
s06542,Zara Clark,25,Female,Germany,4/6/2021,Monthly
s06543,Amelia Wilson,24,Other,Australia,10/10/2020,Free
s06544,Riya Hall,31,Other,India,5/12/2021,Free
s06545,Riya Moore,22,Other,Australia,8/8/2021,Yearly
s06546,Olivia Patel,27,Male,Canada,2/11/2022,Monthly
s06547,Karan Sharma,25,Other,India,11/13/2021,Monthly
s06548,Aarav Singh,42,Female,India,5/4/2020,Yearly
s06549,Olivia Anderson,27,Male,Australia,6/12/2020,Monthly
s06550,Aanya Hall,19,Other,UK,9/11/2022,Yearly
s06551,Riya Verma,21,Male,Canada,9/13/2020,Free
s06552,Eva Brown,32,Other,India,12/16/2021,Yearly
s06553,Noah Verma,20,Male,Australia,10/16/2021,Yearly
s06554,Liam Wilson,28,Other,Germany,8/23/2021,Free
s06555,Isabella Walker,18,Male,Australia,4/15/2021,Yearly
s06556,Lucas Singh,30,Female,India,11/20/2022,Monthly
s06557,Aanya Sharma,29,Female,UK,10/19/2022,Monthly
s06558,Benjamin Singh,36,Female,Australia,6/15/2020,Free
s06559,Mia Walker,30,Female,Canada,10/29/2019,Yearly
s06560,Olivia Thomas,66,Female,Canada,11/22/2019,Yearly
s06561,Noah Taylor,24,Female,India,6/4/2022,Yearly
s06562,Aarav Johnson,19,Other,UK,5/21/2019,Yearly
s06563,Zara Moore,23,Other,Australia,11/20/2021,Free
s06564,Liam Miller,44,Male,Australia,6/3/2021,Monthly
s06565,Lucas Miller,46,Female,Canada,3/13/2022,Monthly
s06566,Zara Singh,24,Other,UK,6/26/2021,Yearly
s06567,Karan Verma,45,Female,USA,3/11/2022,Monthly
s06568,Liam Johnson,22,Male,India,10/31/2019,Yearly
s06569,Isabella Miller,18,Male,UK,2/18/2019,Yearly
s06570,Karan Wilson,35,Female,Australia,11/6/2020,Monthly
s06571,Aarav Sharma,37,Male,Germany,8/7/2021,Yearly
s06572,Karan Walker,52,Other,Australia,2/16/2019,Yearly
s06573,Sophia Thomas,55,Male,India,3/6/2019,Yearly
s06574,Arjun Johnson,21,Other,UK,8/13/2022,Free
s06575,Vihaan Clark,47,Male,UK,10/28/2021,Free
s06576,Zara Lee,27,Female,USA,3/21/2020,Yearly
s06577,Meera Miller,21,Male,UK,6/13/2022,Monthly
s06578,Noah Thomas,45,Other,Germany,1/18/2022,Free
s06579,Arjun Martin,39,Male,India,2/10/2020,Yearly
s06580,Mia Thomas,53,Female,Canada,7/24/2021,Monthly
s06581,Eva Lewis,54,Other,Australia,3/26/2021,Monthly
s06582,Lucas Thomas,22,Female,Canada,5/27/2019,Monthly
s06583,Arjun Thomas,38,Other,India,1/12/2019,Monthly
s06584,Arjun Brown,23,Other,Canada,11/27/2019,Yearly
s06585,Riya Moore,23,Female,USA,1/26/2019,Yearly
s06586,Riya Wilson,21,Male,Germany,5/24/2019,Free
s06587,Karan Clark,42,Other,UK,4/14/2021,Monthly
s06588,Aarav Lewis,58,Female,USA,9/17/2021,Free
s06589,Zara Hall,22,Female,Canada,8/13/2022,Free
s06590,Olivia Taylor,40,Female,Australia,8/18/2022,Free
s06591,Aarav Lewis,22,Male,India,2/7/2022,Free
s06592,Mia Martin,24,Other,Canada,12/24/2021,Yearly
s06593,Arjun Taylor,51,Female,Australia,5/26/2022,Yearly
s06594,Aarav Clark,24,Male,Germany,4/27/2020,Monthly
s06595,Ethan Thomas,36,Male,Germany,5/15/2022,Free
s06596,Karan Martin,18,Female,Germany,6/2/2019,Monthly
s06597,Sophia Martin,20,Male,Germany,11/28/2020,Monthly
s06598,Sophia Singh,27,Other,USA,4/23/2021,Yearly
s06599,Amelia Johnson,26,Other,Australia,12/20/2019,Yearly
s06600,Riya Singh,32,Other,India,9/27/2020,Yearly
s06601,Liam Miller,26,Female,India,1/18/2020,Yearly
s06602,Amelia Wilson,22,Female,Australia,6/6/2021,Monthly
s06603,Ethan Clark,19,Female,Canada,7/4/2022,Free
s06604,Noah Lewis,22,Male,Germany,7/12/2020,Yearly
s06605,Olivia Lewis,18,Female,Canada,7/1/2021,Monthly
s06606,Amelia Lewis,23,Male,Australia,3/28/2019,Yearly
s06607,Eva Smith,30,Other,USA,11/17/2021,Monthly
s06608,Amelia Thomas,43,Female,USA,5/12/2019,Yearly
s06609,Liam Lee,62,Female,Australia,7/7/2019,Yearly
s06610,Emma Sharma,40,Other,USA,3/9/2019,Yearly
s06611,Benjamin Wilson,23,Female,Canada,4/13/2021,Monthly
s06612,Benjamin Thomas,45,Male,USA,3/18/2021,Free
s06613,Lucas Walker,39,Male,Germany,5/24/2021,Free
s06614,Eva Clark,27,Male,India,10/2/2020,Free
s06615,Meera Clark,48,Female,Australia,10/15/2020,Monthly
s06616,Olivia Walker,27,Other,Canada,9/25/2020,Yearly
s06617,Isabella Sharma,24,Other,Australia,9/28/2021,Monthly
s06618,Olivia Moore,22,Female,USA,11/4/2021,Free
s06619,Aarav Moore,26,Other,USA,11/13/2022,Monthly
s06620,Arjun Johnson,27,Other,Germany,7/21/2020,Free
s06621,Olivia Walker,23,Female,Germany,1/23/2020,Free
s06622,Noah Thomas,26,Other,Canada,1/30/2022,Monthly
s06623,Olivia Moore,55,Other,USA,5/25/2020,Free
s06624,Noah Davis,19,Female,Canada,11/25/2020,Free
s06625,Ethan Lee,63,Female,Germany,12/21/2019,Monthly
s06626,Karan Martin,27,Other,UK,1/5/2022,Free
s06627,Benjamin Hall,20,Other,India,7/25/2019,Monthly
s06628,Aarav Taylor,21,Other,Canada,10/4/2021,Monthly
s06629,Aarav Johnson,26,Male,UK,12/20/2019,Monthly
s06630,Meera Taylor,25,Male,Germany,1/22/2020,Monthly
s06631,Aarav Anderson,25,Male,India,2/17/2021,Monthly
s06632,Ethan Lewis,23,Female,USA,2/17/2019,Monthly
s06633,Aarav Sharma,55,Male,UK,5/22/2020,Free
s06634,Mia Wilson,29,Male,USA,12/1/2021,Yearly
s06635,Arjun Verma,19,Male,India,7/22/2022,Free
s06636,Karan Smith,31,Other,UK,6/26/2019,Yearly
s06637,Aarav Taylor,36,Male,USA,6/15/2022,Yearly
s06638,Meera Patel,27,Male,Germany,2/23/2022,Monthly
s06639,Aanya Singh,36,Female,Australia,6/19/2020,Monthly
s06640,Aanya Smith,27,Female,Australia,5/24/2020,Monthly
s06641,Isabella Walker,46,Female,Australia,5/31/2022,Free
s06642,Riya Johnson,24,Male,Canada,12/6/2022,Free
s06643,Liam Sharma,62,Female,Canada,3/30/2021,Free
s06644,Aarav Anderson,24,Male,India,10/18/2022,Yearly
s06645,Liam Anderson,32,Male,Australia,10/19/2020,Monthly
s06646,Noah Martin,37,Other,India,6/17/2022,Free
s06647,Mia Taylor,41,Other,India,5/10/2019,Free
s06648,Eva Martin,23,Male,Germany,9/9/2022,Yearly
s06649,Emma Smith,61,Female,India,3/19/2021,Free
s06650,Arjun Davis,20,Male,India,4/24/2021,Yearly
s06651,Meera Sharma,54,Other,India,8/26/2019,Yearly
s06652,Ethan Miller,25,Other,Australia,2/23/2020,Free
s06653,Isabella Patel,65,Male,India,8/16/2019,Free
s06654,Aarav Martin,39,Female,UK,12/2/2020,Free
s06655,Amelia Singh,27,Other,Australia,7/19/2019,Free
s06656,Ethan Anderson,31,Male,Canada,5/24/2020,Free
s06657,Olivia Miller,26,Male,Canada,5/6/2022,Monthly
s06658,Noah Walker,27,Male,UK,1/27/2020,Free
s06659,Olivia Davis,45,Other,UK,2/12/2021,Monthly
s06660,Lucas Wilson,36,Female,Germany,2/2/2019,Monthly
s06661,Meera Lewis,24,Male,UK,7/31/2020,Free
s06662,Karan Hall,22,Female,India,2/6/2019,Monthly
s06663,Olivia Clark,25,Male,Canada,4/27/2020,Monthly
s06664,Vihaan Anderson,20,Other,Australia,11/24/2021,Free
s06665,Arjun Clark,26,Male,Germany,9/9/2019,Monthly
s06666,Liam Johnson,46,Female,India,6/7/2022,Yearly
s06667,Liam Brown,28,Male,USA,1/28/2022,Yearly
s06668,Meera Johnson,24,Female,UK,10/5/2020,Yearly
s06669,Olivia Thomas,27,Male,UK,1/9/2022,Monthly
s06670,Meera Verma,37,Other,Australia,7/15/2021,Free
s06671,Emma Brown,21,Female,Australia,2/7/2019,Monthly
s06672,Mia Martin,21,Male,Canada,7/29/2021,Monthly
s06673,Aarav Patel,18,Other,USA,6/9/2019,Free
s06674,Amelia Miller,62,Female,Canada,1/3/2020,Yearly
s06675,Eva Martin,19,Male,India,8/23/2022,Yearly
s06676,Emma Clark,19,Other,USA,1/6/2019,Yearly
s06677,Eva Davis,24,Other,Germany,3/15/2022,Yearly
s06678,Olivia Johnson,27,Male,UK,8/17/2019,Free
s06679,Noah Anderson,43,Female,Australia,1/15/2022,Yearly
s06680,Riya Smith,18,Male,Australia,8/8/2021,Free
s06681,Isabella Moore,24,Male,Canada,12/13/2021,Yearly
s06682,Aarav Patel,21,Male,India,4/1/2022,Free
s06683,Riya Walker,58,Other,UK,3/24/2021,Free
s06684,Ethan Clark,28,Female,India,4/4/2020,Monthly
s06685,Meera Verma,21,Male,Australia,4/7/2019,Monthly
s06686,Lucas Sharma,21,Other,Australia,5/6/2019,Monthly
s06687,Benjamin Martin,25,Other,UK,12/24/2020,Yearly
s06688,Meera Taylor,30,Female,India,8/22/2021,Yearly
s06689,Eva Anderson,18,Female,Australia,5/2/2020,Monthly
s06690,Benjamin Moore,66,Other,Canada,3/15/2021,Yearly
s06691,Liam Wilson,25,Male,Germany,12/29/2019,Monthly
s06692,Sophia Taylor,29,Female,UK,12/15/2019,Free
s06693,Lucas Miller,23,Other,UK,12/3/2022,Free
s06694,Olivia Clark,35,Other,Canada,3/29/2020,Yearly
s06695,Isabella Clark,64,Male,Germany,3/6/2021,Monthly
s06696,Arjun Singh,40,Female,USA,8/4/2020,Monthly
s06697,Aanya Miller,22,Male,USA,2/3/2020,Monthly
s06698,Isabella Smith,33,Male,Canada,6/1/2021,Free
s06699,Sophia Walker,36,Female,Germany,4/10/2022,Yearly
s06700,Amelia Davis,26,Female,Australia,11/14/2021,Free
s06701,Sophia Brown,18,Other,USA,1/1/2020,Monthly
s06702,Sophia Patel,26,Other,UK,1/31/2019,Yearly
s06703,Lucas Anderson,25,Male,Australia,10/5/2021,Free
s06704,Meera Patel,25,Other,USA,1/24/2019,Monthly
s06705,Lucas Brown,24,Other,India,2/3/2019,Free
s06706,Ethan Brown,22,Male,India,10/16/2022,Yearly
s06707,Amelia Verma,18,Male,Germany,10/4/2020,Monthly
s06708,Karan Patel,24,Other,India,8/3/2019,Free
s06709,Vihaan Hall,18,Male,India,7/12/2022,Free
s06710,Sophia Lee,21,Male,India,10/4/2019,Yearly
s06711,Liam Lewis,23,Other,Germany,4/26/2020,Free
s06712,Meera Singh,20,Female,USA,1/7/2021,Monthly
s06713,Sophia Smith,26,Other,India,8/29/2020,Yearly
s06714,Aarav Patel,47,Female,Canada,3/27/2022,Free
s06715,Meera Miller,21,Female,USA,8/30/2022,Free
s06716,Aarav Anderson,32,Female,Australia,6/2/2019,Yearly
s06717,Amelia Lee,19,Male,USA,7/15/2021,Yearly
s06718,Arjun Lee,20,Other,Germany,5/26/2019,Monthly
s06719,Liam Brown,30,Female,Canada,6/13/2020,Yearly
s06720,Sophia Clark,42,Male,Canada,3/22/2020,Free
s06721,Meera Davis,26,Female,UK,7/12/2020,Free
s06722,Amelia Wilson,43,Other,Australia,12/11/2022,Yearly
s06723,Aanya Walker,19,Female,India,8/10/2020,Yearly
s06724,Eva Singh,35,Male,UK,12/2/2021,Free
s06725,Zara Smith,24,Other,Germany,8/22/2021,Yearly
s06726,Karan Anderson,27,Male,India,9/21/2022,Monthly
s06727,Noah Martin,18,Other,India,9/17/2020,Monthly
s06728,Aanya Taylor,20,Female,Canada,7/22/2022,Free
s06729,Aarav Smith,21,Other,Germany,12/5/2022,Monthly
s06730,Mia Sharma,33,Male,Canada,5/17/2020,Monthly
s06731,Noah Smith,38,Other,USA,8/4/2021,Monthly
s06732,Lucas Hall,26,Male,USA,12/28/2020,Free
s06733,Mia Moore,19,Female,UK,9/8/2019,Free
s06734,Riya Martin,66,Female,Canada,1/13/2021,Free
s06735,Ethan Smith,44,Female,USA,4/8/2019,Yearly
s06736,Liam Miller,21,Female,USA,5/13/2021,Yearly
s06737,Zara Moore,26,Other,Germany,1/26/2022,Yearly
s06738,Aarav Moore,67,Other,Germany,5/12/2020,Free
s06739,Riya Davis,29,Other,Australia,6/29/2021,Yearly
s06740,Liam Martin,22,Female,USA,1/9/2019,Free
s06741,Aarav Miller,25,Other,Germany,6/22/2020,Monthly
s06742,Lucas Sharma,36,Other,USA,1/10/2020,Monthly
s06743,Olivia Anderson,43,Female,UK,12/16/2020,Free
s06744,Zara Verma,22,Other,Germany,1/29/2020,Free
s06745,Karan Lewis,27,Male,UK,1/27/2020,Yearly
s06746,Sophia Smith,21,Other,India,4/24/2022,Yearly
s06747,Olivia Thomas,37,Other,UK,5/25/2022,Yearly
s06748,Zara Lee,23,Female,India,11/1/2021,Yearly
s06749,Amelia Taylor,25,Female,USA,11/21/2020,Free
s06750,Liam Anderson,19,Other,Australia,8/22/2021,Monthly
s06751,Aanya Walker,60,Female,Australia,6/1/2020,Free
s06752,Aarav Lewis,25,Female,Canada,12/1/2020,Free
s06753,Mia Anderson,44,Other,India,6/3/2022,Monthly
s06754,Aarav Hall,19,Female,Germany,8/1/2020,Yearly
s06755,Sophia Johnson,40,Male,Australia,9/22/2021,Free
s06756,Aanya Brown,37,Male,India,5/22/2021,Monthly
s06757,Riya Miller,36,Male,UK,10/31/2022,Free
s06758,Arjun Davis,21,Female,Canada,1/6/2019,Yearly
s06759,Karan Lee,23,Other,UK,3/29/2020,Free
s06760,Isabella Singh,23,Other,Canada,12/21/2019,Free
s06761,Sophia Clark,41,Male,Germany,4/21/2020,Monthly
s06762,Meera Lee,31,Other,Australia,5/22/2020,Free
s06763,Benjamin Johnson,54,Male,Canada,2/9/2021,Yearly
s06764,Eva Patel,23,Female,USA,1/27/2022,Free
s06765,Arjun Singh,43,Male,UK,9/7/2021,Monthly
s06766,Arjun Moore,26,Female,Canada,5/23/2020,Monthly
s06767,Meera Wilson,18,Other,Germany,12/10/2019,Free
s06768,Olivia Clark,63,Female,Germany,1/7/2019,Monthly
s06769,Aarav Martin,25,Male,UK,1/26/2021,Yearly
s06770,Isabella Sharma,22,Female,Canada,10/30/2020,Yearly
s06771,Mia Singh,36,Male,Canada,4/9/2020,Free
s06772,Zara Johnson,25,Female,USA,2/12/2020,Free
s06773,Meera Johnson,46,Male,Canada,8/25/2019,Yearly
s06774,Zara Singh,27,Other,UK,3/15/2019,Yearly
s06775,Vihaan Walker,31,Male,Australia,3/31/2021,Free
s06776,Arjun Wilson,41,Male,Australia,4/13/2022,Yearly
s06777,Benjamin Smith,27,Other,India,1/23/2019,Monthly
s06778,Amelia Davis,24,Male,Germany,5/22/2021,Free
s06779,Aanya Miller,37,Other,Germany,11/5/2020,Free
s06780,Liam Verma,21,Male,Germany,11/24/2021,Yearly
s06781,Amelia Moore,23,Female,Australia,5/21/2019,Monthly
s06782,Aanya Brown,35,Female,Germany,3/6/2022,Free
s06783,Karan Sharma,26,Male,UK,12/17/2019,Yearly
s06784,Mia Lee,18,Male,USA,11/19/2022,Monthly
s06785,Mia Wilson,20,Other,Germany,12/4/2019,Free
s06786,Arjun Taylor,21,Male,Germany,3/31/2022,Free
s06787,Emma Wilson,53,Other,Germany,4/16/2021,Free
s06788,Emma Anderson,31,Other,USA,1/19/2021,Monthly
s06789,Isabella Wilson,20,Female,Germany,5/27/2022,Free
s06790,Arjun Moore,63,Other,India,11/21/2022,Free
s06791,Ethan Miller,39,Other,Australia,11/16/2019,Monthly
s06792,Vihaan Taylor,24,Male,USA,3/23/2021,Monthly
s06793,Liam Miller,27,Male,Germany,1/11/2020,Free
s06794,Sophia Lewis,18,Female,Canada,3/27/2019,Monthly
s06795,Lucas Moore,41,Female,USA,3/28/2020,Free
s06796,Benjamin Martin,19,Male,Australia,9/3/2021,Yearly
s06797,Emma Patel,40,Female,Canada,8/30/2022,Monthly
s06798,Sophia Miller,63,Male,UK,8/13/2021,Yearly
s06799,Ethan Brown,23,Female,Canada,4/18/2021,Monthly
s06800,Mia Miller,27,Other,Australia,11/7/2019,Yearly
s06801,Isabella Thomas,18,Other,Canada,7/8/2022,Monthly
s06802,Amelia Brown,25,Female,Germany,9/14/2019,Free
s06803,Karan Sharma,22,Other,Canada,9/15/2019,Monthly
s06804,Olivia Walker,27,Male,Germany,4/6/2019,Free
s06805,Liam Moore,42,Female,Germany,2/2/2022,Yearly
s06806,Benjamin Taylor,31,Male,UK,4/2/2022,Yearly
s06807,Eva Taylor,21,Male,USA,1/26/2020,Yearly
s06808,Riya Moore,33,Female,USA,11/26/2019,Free
s06809,Lucas Lewis,34,Male,Germany,12/14/2021,Yearly
s06810,Liam Clark,26,Female,Germany,7/31/2020,Yearly
s06811,Vihaan Smith,47,Male,USA,9/17/2022,Yearly
s06812,Olivia Thomas,24,Male,Canada,12/20/2021,Yearly
s06813,Meera Patel,25,Other,USA,11/19/2019,Yearly
s06814,Emma Anderson,41,Other,Canada,7/14/2020,Monthly
s06815,Vihaan Taylor,24,Female,Canada,7/2/2019,Monthly
s06816,Aarav Lewis,27,Other,India,4/26/2021,Free
s06817,Karan Walker,23,Female,Australia,3/24/2022,Monthly
s06818,Emma Anderson,27,Female,India,5/14/2020,Free
s06819,Isabella Patel,20,Other,Germany,2/2/2019,Yearly
s06820,Liam Lee,19,Male,USA,4/16/2019,Monthly
s06821,Lucas Thomas,33,Male,India,5/27/2020,Monthly
s06822,Emma Hall,22,Female,UK,6/27/2020,Yearly
s06823,Aanya Singh,35,Male,Canada,1/14/2022,Free
s06824,Isabella Davis,37,Male,Germany,12/11/2020,Free
s06825,Emma Taylor,23,Other,UK,4/30/2022,Free
s06826,Vihaan Johnson,24,Female,Germany,2/18/2019,Yearly
s06827,Aarav Taylor,27,Male,India,12/24/2019,Yearly
s06828,Aarav Singh,65,Female,USA,6/2/2021,Monthly
s06829,Olivia Hall,27,Other,UK,6/26/2021,Monthly
s06830,Isabella Clark,24,Other,USA,12/20/2019,Free
s06831,Aanya Singh,21,Other,Canada,7/9/2019,Yearly
s06832,Benjamin Miller,25,Other,Germany,3/7/2020,Yearly
s06833,Mia Davis,23,Male,Germany,9/29/2019,Free
s06834,Olivia Johnson,32,Female,Canada,1/1/2021,Yearly
s06835,Eva Singh,32,Other,Germany,5/23/2020,Monthly
s06836,Eva Patel,54,Male,India,9/10/2019,Monthly
s06837,Noah Lewis,59,Male,India,7/9/2021,Yearly
s06838,Meera Lewis,18,Male,USA,5/9/2022,Free
s06839,Amelia Smith,19,Male,India,10/4/2020,Monthly
s06840,Amelia Brown,52,Male,UK,3/21/2022,Monthly
s06841,Sophia Walker,27,Male,Canada,9/24/2021,Monthly
s06842,Olivia Walker,27,Male,Australia,2/20/2021,Free
s06843,Riya Lewis,45,Female,UK,5/11/2021,Free
s06844,Eva Anderson,19,Other,Canada,11/21/2020,Yearly
s06845,Eva Johnson,34,Other,UK,12/21/2022,Monthly
s06846,Vihaan Sharma,35,Male,Germany,12/26/2020,Yearly
s06847,Ethan Hall,20,Male,Australia,3/24/2021,Yearly
s06848,Liam Johnson,24,Female,Australia,11/21/2021,Free
s06849,Benjamin Clark,42,Male,USA,4/7/2021,Monthly
s06850,Liam Miller,21,Other,UK,9/2/2020,Monthly
s06851,Lucas Davis,18,Male,India,11/26/2020,Yearly
s06852,Amelia Walker,21,Male,India,2/20/2019,Free
s06853,Isabella Singh,33,Female,USA,2/1/2020,Monthly
s06854,Karan Wilson,35,Female,Germany,7/14/2020,Monthly
s06855,Zara Johnson,22,Female,UK,10/3/2022,Free
s06856,Meera Moore,25,Female,Canada,10/20/2019,Monthly
s06857,Sophia Walker,27,Male,USA,12/27/2019,Monthly
s06858,Isabella Thomas,20,Male,India,12/9/2020,Free
s06859,Olivia Clark,18,Male,UK,9/26/2022,Free
s06860,Amelia Taylor,52,Other,India,10/4/2019,Free
s06861,Isabella Taylor,66,Other,India,8/4/2021,Monthly
s06862,Mia Verma,27,Other,UK,4/6/2020,Free
s06863,Olivia Anderson,21,Male,Germany,2/14/2021,Free
s06864,Benjamin Anderson,20,Other,Canada,6/12/2020,Free
s06865,Karan Brown,29,Female,UK,5/9/2021,Free
s06866,Eva Anderson,28,Other,India,6/1/2019,Free
s06867,Aanya Clark,29,Female,Australia,7/13/2019,Free
s06868,Lucas Miller,25,Other,Germany,11/17/2022,Yearly
s06869,Karan Verma,18,Male,USA,2/28/2020,Monthly
s06870,Noah Miller,29,Male,India,4/27/2019,Free
s06871,Meera Sharma,21,Male,Canada,2/21/2021,Monthly
s06872,Liam Miller,33,Other,Germany,11/4/2019,Free
s06873,Meera Davis,45,Other,Canada,7/19/2019,Free
s06874,Ethan Taylor,24,Male,India,12/27/2019,Monthly
s06875,Amelia Brown,30,Male,India,9/2/2020,Free
s06876,Zara Brown,23,Male,Australia,11/8/2020,Monthly
s06877,Riya Wilson,38,Female,Australia,6/25/2022,Monthly
s06878,Lucas Verma,22,Male,UK,1/2/2020,Monthly
s06879,Aarav Thomas,19,Female,Germany,5/9/2020,Monthly
s06880,Eva Sharma,34,Female,India,2/23/2022,Monthly
s06881,Benjamin Taylor,18,Male,Germany,9/24/2019,Free
s06882,Zara Walker,19,Male,UK,1/26/2020,Free
s06883,Liam Martin,19,Female,Germany,5/26/2020,Yearly
s06884,Meera Miller,22,Other,Germany,10/23/2022,Yearly
s06885,Lucas Smith,62,Male,Australia,7/4/2022,Free
s06886,Isabella Anderson,26,Other,Canada,10/9/2019,Free
s06887,Noah Davis,26,Other,UK,1/24/2022,Free
s06888,Aarav Johnson,42,Female,Australia,4/24/2020,Monthly
s06889,Karan Smith,45,Other,Australia,11/12/2021,Yearly
s06890,Mia Smith,22,Female,USA,7/14/2019,Free
s06891,Liam Sharma,26,Other,Canada,12/6/2021,Monthly
s06892,Noah Smith,37,Other,UK,10/10/2020,Yearly
s06893,Meera Anderson,57,Female,UK,3/8/2020,Free
s06894,Noah Anderson,20,Other,India,4/28/2019,Monthly
s06895,Olivia Martin,23,Female,UK,12/4/2019,Monthly
s06896,Benjamin Smith,24,Other,USA,10/16/2022,Free
s06897,Lucas Lewis,27,Other,Australia,8/17/2019,Monthly
s06898,Arjun Brown,27,Female,India,7/16/2022,Monthly
s06899,Riya Sharma,32,Female,India,8/13/2019,Yearly
s06900,Olivia Brown,23,Male,India,2/20/2022,Monthly
s06901,Lucas Davis,37,Male,UK,10/14/2021,Monthly
s06902,Riya Verma,41,Female,Australia,1/10/2019,Yearly
s06903,Ethan Anderson,20,Female,USA,4/2/2021,Free
s06904,Eva Johnson,22,Other,India,10/4/2022,Monthly
s06905,Vihaan Patel,57,Female,Australia,10/24/2021,Yearly
s06906,Sophia Wilson,23,Male,India,12/1/2022,Yearly
s06907,Benjamin Singh,18,Other,UK,9/14/2020,Free
s06908,Zara Hall,43,Other,Australia,3/4/2021,Monthly
s06909,Liam Moore,25,Female,UK,2/5/2022,Monthly
s06910,Eva Smith,45,Other,UK,9/15/2021,Yearly
s06911,Olivia Moore,21,Female,USA,11/25/2022,Yearly
s06912,Noah Lee,18,Other,UK,1/26/2020,Monthly
s06913,Ethan Thomas,23,Male,Canada,3/23/2020,Yearly
s06914,Lucas Hall,64,Other,Australia,2/24/2022,Free
s06915,Eva Wilson,24,Other,Canada,8/15/2022,Monthly
s06916,Sophia Miller,41,Male,UK,3/4/2021,Free
s06917,Isabella Smith,21,Male,Germany,9/11/2020,Yearly
s06918,Benjamin Miller,47,Other,Germany,8/17/2020,Monthly
s06919,Ethan Martin,18,Female,Australia,6/25/2020,Free
s06920,Aanya Brown,18,Female,Australia,8/3/2021,Yearly
s06921,Mia Anderson,24,Other,USA,11/16/2021,Monthly
s06922,Lucas Clark,21,Female,Australia,2/20/2019,Yearly
s06923,Zara Smith,22,Female,India,7/11/2021,Monthly
s06924,Vihaan Verma,36,Male,Germany,8/13/2020,Yearly
s06925,Ethan Moore,34,Other,USA,9/2/2021,Yearly
s06926,Aanya Sharma,22,Male,Australia,1/12/2021,Monthly
s06927,Aarav Johnson,32,Male,UK,1/24/2020,Yearly
s06928,Isabella Walker,20,Female,Australia,9/6/2019,Free
s06929,Riya Smith,24,Male,India,6/14/2021,Yearly
s06930,Noah Lewis,23,Female,UK,6/29/2020,Monthly
s06931,Benjamin Thomas,37,Male,UK,1/28/2022,Free
s06932,Emma Walker,20,Female,India,4/29/2021,Monthly
s06933,Meera Hall,26,Other,India,11/29/2022,Yearly
s06934,Emma Sharma,58,Other,Australia,4/13/2021,Free
s06935,Meera Verma,26,Male,USA,6/22/2021,Free
s06936,Aarav Lee,19,Female,Australia,5/14/2021,Free
s06937,Lucas Brown,27,Other,Germany,8/14/2019,Yearly
s06938,Lucas Taylor,38,Female,Australia,3/14/2022,Monthly
s06939,Olivia Johnson,35,Other,USA,8/10/2020,Yearly
s06940,Olivia Verma,54,Other,Canada,2/3/2021,Yearly
s06941,Arjun Patel,25,Male,Canada,12/28/2022,Free
s06942,Mia Lewis,39,Female,Canada,12/14/2020,Monthly
s06943,Riya Taylor,30,Male,Australia,3/10/2022,Monthly
s06944,Mia Johnson,23,Female,Australia,9/13/2022,Free
s06945,Isabella Verma,23,Other,UK,6/13/2022,Monthly
s06946,Vihaan Clark,44,Other,Canada,5/27/2021,Monthly
s06947,Aarav Miller,25,Other,USA,5/9/2020,Yearly
s06948,Mia Wilson,46,Female,UK,3/19/2020,Free
s06949,Isabella Davis,18,Other,India,8/24/2021,Free
s06950,Olivia Verma,19,Female,India,2/14/2021,Monthly
s06951,Eva Johnson,19,Female,India,7/13/2019,Free
s06952,Emma Hall,48,Female,UK,5/12/2019,Yearly
s06953,Karan Taylor,18,Other,Germany,6/12/2020,Yearly
s06954,Karan Patel,46,Female,Canada,8/26/2021,Yearly
s06955,Amelia Sharma,36,Female,Canada,6/26/2020,Yearly
s06956,Eva Sharma,22,Male,UK,8/2/2020,Yearly
s06957,Aarav Singh,24,Female,Australia,4/13/2020,Free
s06958,Amelia Clark,25,Male,USA,5/24/2022,Free
s06959,Olivia Clark,39,Female,Canada,10/26/2021,Monthly
s06960,Meera Moore,18,Female,UK,1/18/2022,Yearly
s06961,Eva Singh,21,Female,Canada,5/10/2020,Monthly
s06962,Emma Sharma,24,Other,USA,6/25/2022,Monthly
s06963,Vihaan Miller,23,Female,USA,11/13/2020,Yearly
s06964,Mia Taylor,27,Female,Australia,9/14/2019,Free
s06965,Riya Johnson,30,Male,Germany,7/10/2019,Monthly
s06966,Aarav Patel,22,Other,Germany,5/20/2020,Free
s06967,Amelia Moore,19,Other,India,2/18/2020,Free
s06968,Ethan Taylor,28,Other,USA,3/27/2022,Free
s06969,Riya Miller,22,Female,USA,11/4/2020,Yearly
s06970,Meera Sharma,20,Female,USA,10/5/2020,Monthly
s06971,Mia Singh,40,Other,Australia,12/9/2022,Yearly
s06972,Isabella Brown,18,Other,India,1/7/2020,Monthly
s06973,Noah Sharma,24,Other,Australia,11/11/2022,Yearly
s06974,Karan Martin,23,Other,UK,8/27/2019,Monthly
s06975,Karan Clark,26,Female,USA,9/23/2020,Free
s06976,Arjun Brown,22,Other,Australia,2/15/2019,Free
s06977,Riya Walker,22,Female,Australia,9/2/2021,Monthly
s06978,Sophia Clark,18,Female,UK,11/6/2019,Monthly
s06979,Benjamin Anderson,20,Female,Australia,11/18/2022,Free
s06980,Noah Singh,37,Other,Germany,7/15/2020,Monthly
s06981,Mia Anderson,26,Other,USA,8/31/2021,Free
s06982,Ethan Smith,56,Male,India,4/16/2019,Free
s06983,Isabella Hall,27,Other,India,9/10/2021,Free
s06984,Aanya Smith,28,Other,Germany,11/12/2021,Yearly
s06985,Vihaan Brown,20,Male,Germany,10/3/2021,Yearly
s06986,Sophia Patel,65,Female,Canada,10/31/2021,Yearly
s06987,Vihaan Walker,33,Other,India,11/25/2019,Free
s06988,Amelia Clark,34,Male,Germany,4/18/2021,Yearly
s06989,Emma Martin,31,Other,Canada,11/28/2022,Yearly
s06990,Mia Martin,22,Male,Australia,10/4/2022,Free
s06991,Zara Lewis,20,Other,India,1/20/2020,Free
s06992,Isabella Taylor,38,Female,USA,1/31/2021,Monthly
s06993,Karan Smith,30,Other,USA,3/23/2020,Monthly
s06994,Aarav Moore,19,Female,India,8/6/2020,Free
s06995,Eva Anderson,36,Female,Australia,10/25/2020,Yearly
s06996,Amelia Wilson,20,Male,Germany,7/30/2019,Free
s06997,Eva Sharma,27,Male,Canada,4/23/2021,Free
s06998,Meera Walker,40,Other,Australia,10/21/2019,Yearly
s06999,Isabella Wilson,19,Male,Australia,8/3/2022,Yearly
s07000,Olivia Clark,23,Male,Germany,9/11/2020,Free
s07001,Lucas Anderson,24,Male,Canada,2/3/2019,Yearly
s07002,Emma Wilson,26,Male,India,7/22/2019,Free
s07003,Emma Moore,22,Male,Australia,7/30/2020,Monthly
s07004,Isabella Brown,26,Male,Germany,2/12/2020,Free
s07005,Karan Hall,43,Other,USA,10/14/2019,Yearly
s07006,Noah Hall,41,Female,India,7/9/2022,Yearly
s07007,Noah Martin,27,Female,Germany,3/14/2021,Yearly
s07008,Ethan Lee,32,Female,Germany,2/11/2021,Monthly
s07009,Karan Johnson,43,Female,India,5/6/2021,Yearly
s07010,Emma Davis,23,Female,India,3/10/2020,Yearly
s07011,Mia Miller,21,Female,Australia,5/11/2020,Free
s07012,Arjun Clark,45,Other,Australia,12/18/2021,Monthly
s07013,Olivia Taylor,40,Male,UK,7/2/2019,Yearly
s07014,Ethan Brown,27,Female,India,9/28/2019,Free
s07015,Ethan Patel,25,Female,Australia,12/22/2021,Free
s07016,Emma Wilson,44,Female,Australia,8/15/2020,Yearly
s07017,Emma Miller,23,Male,Germany,7/7/2019,Free
s07018,Liam Davis,41,Male,UK,10/27/2022,Monthly
s07019,Mia Clark,63,Other,Australia,5/22/2022,Free
s07020,Sophia Patel,32,Female,Germany,1/10/2021,Monthly
s07021,Aarav Davis,23,Male,UK,9/29/2020,Free
s07022,Zara Singh,22,Female,Canada,11/11/2022,Monthly
s07023,Olivia Walker,39,Female,Germany,5/6/2022,Free
s07024,Mia Martin,43,Male,Australia,3/3/2021,Yearly
s07025,Arjun Singh,23,Male,Australia,4/4/2019,Monthly
s07026,Aarav Sharma,21,Female,UK,8/21/2021,Yearly
s07027,Meera Sharma,52,Male,USA,8/8/2022,Yearly
s07028,Aarav Anderson,20,Other,USA,8/17/2019,Yearly
s07029,Ethan Sharma,27,Other,Canada,4/23/2022,Yearly
s07030,Amelia Smith,34,Other,UK,5/24/2020,Monthly
s07031,Noah Martin,39,Female,USA,8/18/2020,Yearly
s07032,Amelia Wilson,30,Male,UK,2/10/2021,Yearly
s07033,Arjun Hall,49,Female,USA,2/11/2022,Free
s07034,Emma Davis,26,Female,UK,5/1/2019,Yearly
s07035,Aarav Brown,22,Female,UK,5/3/2022,Free
s07036,Olivia Miller,19,Male,UK,8/23/2020,Monthly
s07037,Aanya Verma,19,Other,Germany,3/29/2019,Monthly
s07038,Riya Moore,61,Other,Germany,4/2/2020,Yearly
s07039,Mia Verma,66,Other,Canada,12/23/2020,Free
s07040,Amelia Brown,29,Female,Germany,1/25/2019,Yearly
s07041,Emma Walker,24,Male,Canada,6/4/2020,Yearly
s07042,Benjamin Lee,49,Female,Australia,4/19/2022,Monthly
s07043,Eva Sharma,20,Other,Germany,7/5/2019,Yearly
s07044,Aarav Anderson,40,Male,Canada,12/6/2021,Free
s07045,Mia Patel,36,Male,UK,1/30/2019,Yearly
s07046,Benjamin Lewis,47,Female,Germany,7/8/2022,Yearly
s07047,Noah Lee,33,Other,UK,3/24/2022,Monthly
s07048,Lucas Davis,25,Male,Canada,8/23/2020,Monthly
s07049,Vihaan Hall,31,Male,Canada,11/22/2019,Yearly
s07050,Noah Thomas,18,Other,Australia,11/1/2022,Monthly
s07051,Karan Clark,18,Male,India,6/30/2021,Yearly
s07052,Amelia Verma,19,Female,USA,1/8/2021,Monthly
s07053,Aanya Sharma,20,Male,Canada,6/16/2020,Monthly
s07054,Emma Clark,21,Female,Australia,5/11/2021,Free
s07055,Aarav Davis,22,Male,Canada,1/4/2022,Yearly
s07056,Olivia Sharma,25,Female,Germany,3/28/2021,Monthly
s07057,Ethan Miller,22,Other,Australia,12/23/2019,Yearly
s07058,Vihaan Martin,23,Other,USA,5/22/2021,Monthly
s07059,Aanya Brown,35,Female,UK,2/22/2022,Free
s07060,Sophia Sharma,25,Other,Canada,11/14/2022,Free
s07061,Vihaan Johnson,24,Other,Germany,3/4/2022,Free
s07062,Aanya Lee,46,Female,Germany,1/14/2022,Yearly
s07063,Sophia Verma,60,Male,Australia,9/2/2021,Monthly
s07064,Mia Davis,25,Female,USA,12/17/2020,Monthly
s07065,Aanya Walker,46,Male,USA,2/2/2021,Free
s07066,Ethan Johnson,23,Other,Australia,2/19/2022,Free
s07067,Zara Taylor,19,Female,UK,3/20/2019,Yearly
s07068,Benjamin Lee,32,Other,Canada,7/16/2021,Free
s07069,Aanya Singh,56,Other,India,9/6/2021,Monthly
s07070,Vihaan Smith,23,Male,Australia,10/30/2020,Yearly
s07071,Isabella Hall,28,Other,UK,5/27/2020,Yearly
s07072,Emma Thomas,19,Female,USA,8/25/2021,Monthly
s07073,Riya Lee,18,Other,Germany,6/27/2020,Free
s07074,Emma Patel,18,Female,Canada,3/8/2021,Free
s07075,Vihaan Smith,26,Male,Canada,2/1/2021,Yearly
s07076,Aarav Brown,26,Male,UK,10/3/2021,Monthly
s07077,Olivia Sharma,56,Female,UK,6/22/2019,Free
s07078,Mia Miller,19,Other,USA,7/9/2019,Yearly
s07079,Meera Verma,21,Other,India,12/7/2019,Free
s07080,Zara Thomas,38,Female,Germany,3/18/2020,Yearly
s07081,Karan Lewis,25,Other,India,2/17/2021,Monthly
s07082,Isabella Taylor,33,Male,Australia,7/8/2022,Monthly
s07083,Ethan Martin,32,Other,Germany,3/4/2019,Free
s07084,Isabella Walker,27,Other,UK,6/25/2022,Yearly
s07085,Zara Lee,25,Other,Canada,4/12/2020,Yearly
s07086,Sophia Moore,54,Female,Australia,5/18/2020,Monthly
s07087,Riya Brown,25,Other,India,4/17/2019,Monthly
s07088,Ethan Moore,60,Other,UK,3/2/2020,Yearly
s07089,Zara Davis,26,Male,India,11/21/2020,Free
s07090,Benjamin Hall,24,Female,Germany,9/11/2022,Yearly
s07091,Sophia Martin,29,Other,UK,3/9/2022,Monthly
s07092,Sophia Anderson,38,Female,Canada,12/23/2022,Monthly
s07093,Isabella Singh,21,Other,Germany,4/11/2019,Yearly
s07094,Amelia Singh,67,Other,Australia,3/12/2021,Yearly
s07095,Vihaan Wilson,21,Other,UK,3/26/2022,Yearly
s07096,Eva Thomas,22,Female,USA,6/26/2021,Monthly
s07097,Emma Taylor,27,Other,India,5/31/2022,Monthly
s07098,Amelia Davis,21,Female,USA,6/18/2022,Free
s07099,Lucas Moore,23,Female,Canada,9/25/2020,Yearly
s07100,Mia Wilson,24,Female,Germany,4/19/2021,Monthly
s07101,Olivia Verma,20,Other,India,1/20/2020,Free
s07102,Emma Smith,20,Other,Australia,7/24/2019,Yearly
s07103,Emma Moore,54,Male,Canada,7/1/2022,Monthly
s07104,Liam Anderson,23,Other,Germany,6/23/2022,Free
s07105,Emma Clark,40,Male,USA,12/29/2022,Free
s07106,Aarav Anderson,26,Other,Canada,4/2/2019,Yearly
s07107,Arjun Anderson,26,Other,India,2/27/2020,Free
s07108,Amelia Patel,40,Female,Germany,1/5/2020,Monthly
s07109,Riya Singh,30,Other,Australia,4/1/2020,Monthly
s07110,Riya Davis,46,Other,USA,1/6/2021,Yearly
s07111,Zara Hall,27,Male,UK,12/8/2022,Monthly
s07112,Lucas Clark,18,Male,Germany,10/2/2020,Monthly
s07113,Sophia Patel,26,Male,Australia,5/16/2020,Yearly
s07114,Sophia Miller,33,Male,Germany,3/30/2021,Monthly
s07115,Ethan Smith,24,Male,Canada,7/1/2022,Yearly
s07116,Lucas Verma,37,Female,India,5/12/2022,Monthly
s07117,Vihaan Brown,25,Other,Germany,7/7/2022,Free
s07118,Amelia Patel,43,Other,Germany,10/31/2020,Free
s07119,Amelia Thomas,23,Other,Australia,12/9/2022,Free
s07120,Aarav Martin,22,Female,Canada,12/17/2021,Free
s07121,Sophia Smith,42,Other,UK,3/8/2022,Free
s07122,Aarav Martin,25,Female,UK,3/30/2021,Free
s07123,Benjamin Davis,26,Female,India,10/28/2022,Free
s07124,Karan Wilson,64,Other,Germany,3/11/2022,Monthly
s07125,Benjamin Thomas,34,Male,Canada,6/21/2019,Monthly
s07126,Karan Singh,22,Other,Canada,6/10/2021,Yearly
s07127,Karan Singh,20,Other,India,6/13/2019,Yearly
s07128,Aanya Wilson,26,Female,USA,10/9/2021,Monthly
s07129,Meera Clark,39,Other,Canada,9/28/2022,Free
s07130,Arjun Smith,32,Male,Germany,2/13/2020,Yearly
s07131,Amelia Patel,24,Female,Germany,12/21/2021,Free
s07132,Lucas Wilson,19,Other,Germany,12/5/2022,Free
s07133,Arjun Patel,21,Other,USA,7/12/2019,Free
s07134,Noah Singh,38,Female,India,10/13/2021,Free
s07135,Aanya Johnson,39,Male,Germany,4/23/2020,Free
s07136,Olivia Miller,26,Other,India,9/29/2022,Yearly
s07137,Emma Thomas,21,Other,UK,12/18/2021,Free
s07138,Vihaan Hall,21,Other,USA,12/4/2021,Yearly
s07139,Aarav Patel,24,Other,Germany,2/8/2020,Yearly
s07140,Ethan Martin,27,Female,USA,7/28/2022,Monthly
s07141,Aanya Martin,26,Female,Australia,7/17/2020,Free
s07142,Isabella Smith,22,Male,Canada,2/9/2019,Free
s07143,Amelia Sharma,61,Male,Australia,9/11/2021,Free
s07144,Amelia Singh,25,Other,Australia,4/24/2019,Monthly
s07145,Meera Davis,27,Female,USA,6/5/2022,Free
s07146,Ethan Smith,24,Male,Australia,8/12/2022,Monthly
s07147,Ethan Thomas,24,Male,USA,8/26/2020,Free
s07148,Zara Clark,23,Male,UK,8/19/2022,Free
s07149,Riya Patel,27,Other,UK,6/16/2019,Monthly
s07150,Arjun Brown,25,Male,India,7/17/2021,Free
s07151,Amelia Clark,30,Female,India,5/31/2019,Free
s07152,Liam Thomas,22,Female,Germany,7/20/2021,Monthly
s07153,Meera Miller,63,Other,USA,2/5/2020,Yearly
s07154,Meera Martin,19,Male,Australia,3/27/2021,Free
s07155,Isabella Clark,27,Male,Australia,5/25/2021,Monthly
s07156,Ethan Lee,20,Male,Australia,12/31/2020,Monthly
s07157,Mia Lewis,24,Male,UK,8/5/2020,Yearly
s07158,Eva Patel,35,Other,Australia,5/5/2020,Free
s07159,Benjamin Clark,31,Female,India,8/18/2022,Free
s07160,Aanya Thomas,58,Female,Germany,2/13/2022,Yearly
s07161,Karan Hall,36,Other,UK,5/4/2022,Monthly
s07162,Benjamin Anderson,24,Female,India,4/25/2021,Monthly
s07163,Karan Smith,33,Male,Australia,3/5/2020,Free
s07164,Zara Johnson,47,Other,UK,10/28/2022,Monthly
s07165,Isabella Miller,36,Other,India,2/22/2021,Free
s07166,Amelia Clark,36,Other,UK,6/19/2019,Free
s07167,Lucas Brown,33,Male,Germany,10/26/2022,Yearly
s07168,Isabella Verma,23,Female,India,7/24/2021,Yearly
s07169,Aarav Clark,47,Male,UK,5/5/2022,Free
s07170,Mia Anderson,45,Female,Australia,11/4/2021,Free
s07171,Amelia Martin,18,Male,USA,4/28/2020,Monthly
s07172,Sophia Martin,21,Female,Canada,9/27/2021,Yearly
s07173,Aarav Walker,31,Male,India,4/12/2019,Monthly
s07174,Meera Wilson,25,Male,Canada,3/25/2020,Free
s07175,Liam Hall,26,Other,India,12/10/2022,Yearly
s07176,Amelia Miller,32,Other,USA,4/13/2020,Monthly
s07177,Lucas Lee,23,Other,Australia,1/14/2020,Free
s07178,Liam Hall,22,Other,Germany,12/29/2019,Monthly
s07179,Sophia Clark,49,Male,India,10/1/2022,Monthly
s07180,Emma Taylor,30,Other,India,3/30/2021,Yearly
s07181,Benjamin Sharma,27,Male,UK,10/5/2020,Monthly
s07182,Benjamin Taylor,22,Other,USA,4/28/2020,Monthly
s07183,Riya Smith,23,Female,UK,8/1/2019,Free
s07184,Benjamin Martin,56,Female,Canada,10/8/2019,Free
s07185,Isabella Patel,26,Male,Australia,2/23/2020,Monthly
s07186,Meera Lewis,47,Male,Canada,10/14/2020,Free
s07187,Ethan Moore,38,Female,UK,2/19/2022,Monthly
s07188,Ethan Davis,26,Other,USA,6/21/2022,Yearly
s07189,Olivia Brown,21,Female,Canada,7/19/2022,Free
s07190,Meera Thomas,23,Male,USA,2/25/2020,Yearly
s07191,Benjamin Davis,36,Other,USA,5/7/2020,Free
s07192,Lucas Smith,37,Male,Australia,2/28/2020,Monthly
s07193,Liam Lee,25,Female,Australia,12/30/2020,Monthly
s07194,Liam Smith,26,Other,India,3/23/2021,Yearly
s07195,Ethan Taylor,18,Female,UK,1/13/2019,Free
s07196,Mia Patel,25,Male,Canada,12/11/2019,Monthly
s07197,Meera Lee,53,Other,USA,5/12/2021,Yearly
s07198,Olivia Sharma,21,Female,USA,8/27/2020,Monthly
s07199,Riya Smith,26,Other,USA,6/25/2021,Monthly
s07200,Karan Davis,32,Male,India,11/28/2020,Monthly
s07201,Vihaan Patel,27,Male,Germany,6/3/2019,Free
s07202,Eva Lewis,25,Female,Germany,10/4/2022,Yearly
s07203,Mia Sharma,20,Male,USA,2/27/2021,Monthly
s07204,Emma Martin,25,Female,UK,1/23/2021,Free
s07205,Benjamin Sharma,52,Other,Australia,4/1/2020,Free
s07206,Amelia Anderson,22,Other,Germany,6/25/2022,Monthly
s07207,Riya Taylor,24,Other,UK,6/2/2019,Yearly
s07208,Zara Taylor,20,Other,India,4/25/2019,Yearly
s07209,Mia Davis,25,Other,Canada,7/12/2020,Yearly
s07210,Arjun Singh,24,Male,Canada,9/23/2019,Yearly
s07211,Lucas Johnson,44,Male,USA,5/15/2021,Monthly
s07212,Mia Taylor,44,Female,Germany,10/7/2020,Yearly
s07213,Benjamin Miller,62,Male,Germany,10/8/2019,Monthly
s07214,Benjamin Brown,27,Other,Germany,5/19/2020,Free
s07215,Isabella Patel,27,Other,India,7/24/2020,Yearly
s07216,Liam Miller,19,Male,Canada,5/5/2021,Free
s07217,Amelia Singh,20,Female,UK,8/8/2022,Free
s07218,Isabella Martin,21,Male,Germany,11/17/2019,Monthly
s07219,Arjun Martin,45,Other,Germany,12/25/2022,Yearly
s07220,Isabella Singh,26,Female,UK,4/17/2019,Yearly
s07221,Olivia Singh,20,Other,Canada,7/11/2022,Yearly
s07222,Noah Martin,27,Female,India,10/10/2019,Yearly
s07223,Liam Wilson,26,Female,India,4/30/2022,Free
s07224,Olivia Brown,19,Other,Germany,10/19/2021,Monthly
s07225,Mia Clark,26,Female,Canada,5/31/2020,Monthly
s07226,Olivia Patel,60,Other,Germany,11/13/2020,Yearly
s07227,Amelia Thomas,21,Female,Germany,7/29/2020,Monthly
s07228,Meera Anderson,44,Female,Germany,8/10/2021,Monthly
s07229,Isabella Patel,45,Male,Australia,10/28/2020,Free
s07230,Mia Wilson,18,Female,Germany,12/7/2021,Yearly
s07231,Riya Hall,55,Other,UK,12/30/2020,Monthly
s07232,Meera Taylor,18,Other,USA,12/24/2019,Free
s07233,Ethan Lee,23,Male,UK,9/30/2019,Monthly
s07234,Aarav Brown,27,Other,India,1/7/2019,Free
s07235,Sophia Lee,23,Female,USA,10/7/2020,Free
s07236,Riya Lee,46,Male,UK,3/6/2022,Yearly
s07237,Zara Anderson,29,Other,India,5/3/2022,Yearly
s07238,Ethan Wilson,46,Other,UK,9/15/2021,Free
s07239,Ethan Singh,22,Other,Australia,1/31/2021,Free
s07240,Olivia Lewis,23,Female,USA,1/4/2021,Yearly
s07241,Sophia Lewis,22,Male,India,4/26/2021,Free
s07242,Ethan Wilson,24,Female,USA,8/11/2021,Monthly
s07243,Eva Johnson,20,Female,Germany,12/15/2022,Yearly
s07244,Riya Davis,20,Female,Germany,5/22/2021,Yearly
s07245,Emma Verma,24,Other,India,5/23/2022,Yearly
s07246,Aarav Wilson,22,Female,Germany,11/17/2021,Yearly
s07247,Sophia Brown,24,Female,UK,7/5/2021,Yearly
s07248,Karan Verma,22,Female,Germany,10/27/2020,Yearly
s07249,Meera Clark,20,Other,Australia,11/28/2022,Free
s07250,Arjun Smith,26,Other,Australia,11/14/2022,Monthly
s07251,Lucas Johnson,30,Female,USA,12/23/2019,Monthly
s07252,Meera Wilson,39,Female,UK,7/16/2019,Free
s07253,Amelia Wilson,18,Male,Australia,3/9/2019,Monthly
s07254,Karan Clark,44,Other,UK,3/7/2020,Monthly
s07255,Zara Lewis,26,Female,UK,6/12/2021,Monthly
s07256,Amelia Walker,44,Male,Australia,6/19/2022,Yearly
s07257,Ethan Sharma,18,Female,Canada,3/9/2022,Free
s07258,Zara Smith,26,Other,Canada,4/21/2019,Free
s07259,Olivia Patel,59,Other,UK,8/6/2021,Monthly
s07260,Lucas Anderson,24,Female,USA,9/30/2020,Monthly
s07261,Sophia Singh,44,Female,Canada,1/25/2022,Yearly
s07262,Aanya Wilson,27,Male,Germany,5/16/2022,Yearly
s07263,Aanya Moore,25,Female,Germany,5/5/2020,Yearly
s07264,Liam Lewis,28,Male,Australia,11/6/2022,Yearly
s07265,Eva Smith,20,Male,UK,8/2/2021,Monthly
s07266,Amelia Patel,18,Other,India,2/12/2021,Free
s07267,Meera Singh,67,Other,USA,10/23/2019,Yearly
s07268,Aarav Lewis,27,Male,Canada,10/8/2022,Free
s07269,Benjamin Clark,36,Other,USA,3/8/2022,Monthly
s07270,Eva Sharma,27,Other,Canada,10/3/2021,Monthly
s07271,Mia Davis,19,Female,Australia,7/11/2021,Monthly
s07272,Benjamin Lewis,50,Other,UK,5/8/2020,Yearly
s07273,Liam Lewis,18,Female,India,8/10/2022,Yearly
s07274,Olivia Moore,54,Other,USA,10/31/2019,Monthly
s07275,Sophia Patel,57,Other,UK,1/15/2019,Free
s07276,Olivia Hall,23,Male,USA,2/3/2020,Monthly
s07277,Mia Clark,23,Female,India,8/22/2022,Yearly
s07278,Sophia Johnson,54,Female,India,7/5/2019,Yearly
s07279,Emma Verma,19,Female,USA,8/8/2020,Free
s07280,Noah Taylor,40,Other,Australia,4/4/2021,Free
s07281,Emma Davis,43,Male,Australia,12/2/2020,Monthly
s07282,Aarav Anderson,20,Female,Germany,12/18/2022,Free
s07283,Emma Moore,26,Male,Canada,11/8/2022,Yearly
s07284,Ethan Wilson,20,Other,Canada,8/1/2022,Yearly
s07285,Noah Davis,23,Other,USA,8/18/2021,Monthly
s07286,Vihaan Johnson,26,Male,UK,5/22/2019,Free
s07287,Meera Thomas,27,Other,India,2/1/2019,Free
s07288,Aanya Smith,20,Male,UK,5/28/2021,Yearly
s07289,Arjun Patel,41,Male,Canada,12/4/2021,Free
s07290,Noah Miller,25,Female,USA,6/17/2022,Monthly
s07291,Ethan Thomas,23,Female,UK,9/2/2020,Monthly
s07292,Mia Hall,45,Male,UK,3/18/2020,Yearly
s07293,Ethan Moore,18,Female,Australia,7/30/2021,Free
s07294,Eva Verma,20,Male,Australia,6/14/2020,Free
s07295,Aarav Sharma,21,Male,Australia,2/6/2019,Yearly
s07296,Karan Singh,28,Other,Germany,9/30/2019,Free
s07297,Zara Clark,37,Female,USA,8/24/2021,Free
s07298,Karan Davis,29,Other,Australia,11/17/2020,Monthly
s07299,Emma Moore,21,Female,USA,9/6/2020,Free
s07300,Lucas Thomas,39,Other,Canada,1/10/2022,Monthly
s07301,Amelia Clark,26,Other,USA,3/23/2022,Monthly
s07302,Zara Wilson,21,Other,India,8/4/2020,Yearly
s07303,Emma Davis,19,Male,USA,12/5/2021,Free
s07304,Amelia Thomas,25,Female,Australia,8/21/2021,Free
s07305,Riya Walker,62,Male,USA,1/22/2021,Monthly
s07306,Emma Lee,21,Other,Australia,12/2/2019,Free
s07307,Ethan Anderson,20,Female,India,1/8/2019,Yearly
s07308,Lucas Verma,19,Male,UK,2/21/2021,Free
s07309,Meera Walker,31,Female,USA,7/4/2022,Free
s07310,Lucas Anderson,39,Other,USA,2/5/2021,Free
s07311,Zara Davis,45,Male,Canada,9/24/2019,Yearly
s07312,Isabella Wilson,18,Other,India,8/17/2021,Yearly
s07313,Olivia Sharma,51,Other,UK,10/4/2021,Monthly
s07314,Sophia Lee,21,Other,USA,5/6/2019,Free
s07315,Isabella Hall,52,Female,USA,7/12/2022,Monthly
s07316,Karan Singh,26,Other,India,10/27/2019,Free
s07317,Noah Walker,21,Female,Germany,2/5/2021,Yearly
s07318,Meera Taylor,29,Other,India,12/5/2019,Yearly
s07319,Liam Smith,23,Male,Australia,3/8/2021,Monthly
s07320,Olivia Sharma,22,Male,Canada,6/27/2020,Free
s07321,Mia Anderson,27,Other,UK,12/17/2021,Yearly
s07322,Meera Anderson,39,Female,Canada,8/7/2019,Yearly
s07323,Arjun Anderson,21,Female,Australia,1/15/2019,Monthly
s07324,Karan Wilson,23,Other,UK,6/8/2022,Free
s07325,Isabella Smith,19,Female,Germany,4/7/2020,Free
s07326,Arjun Verma,18,Male,UK,7/16/2021,Monthly
s07327,Zara Thomas,18,Male,Australia,9/24/2021,Free
s07328,Mia Clark,46,Male,Australia,6/6/2019,Free
s07329,Emma Sharma,31,Other,Australia,7/12/2021,Free
s07330,Aarav Miller,20,Other,Canada,5/25/2020,Yearly
s07331,Emma Lee,18,Other,India,7/29/2022,Free
s07332,Karan Brown,24,Other,USA,1/25/2020,Yearly
s07333,Eva Thomas,20,Other,USA,9/20/2019,Monthly
s07334,Arjun Moore,18,Other,Germany,3/21/2022,Yearly
s07335,Noah Lee,22,Male,Canada,11/19/2020,Monthly
s07336,Isabella Smith,25,Other,UK,12/2/2020,Free
s07337,Lucas Lewis,30,Other,Canada,7/30/2020,Yearly
s07338,Eva Brown,18,Male,Germany,9/15/2020,Yearly
s07339,Karan Smith,21,Other,USA,8/24/2019,Free
s07340,Meera Brown,28,Female,Germany,9/26/2020,Yearly
s07341,Amelia Miller,38,Other,Germany,11/22/2020,Yearly
s07342,Aanya Martin,23,Other,Australia,3/30/2020,Yearly
s07343,Noah Walker,20,Female,Germany,9/9/2020,Free
s07344,Vihaan Wilson,27,Female,Canada,3/13/2020,Monthly
s07345,Isabella Smith,23,Female,Germany,2/11/2022,Yearly
s07346,Lucas Thomas,25,Female,Canada,9/9/2019,Yearly
s07347,Zara Miller,20,Male,Canada,10/15/2020,Free
s07348,Ethan Lewis,24,Male,India,5/19/2020,Monthly
s07349,Isabella Lewis,33,Female,Germany,2/19/2022,Monthly
s07350,Zara Wilson,27,Female,USA,3/6/2020,Free
s07351,Riya Wilson,39,Female,UK,9/23/2020,Monthly
s07352,Zara Moore,33,Female,India,9/13/2019,Monthly
s07353,Zara Smith,39,Other,Australia,6/18/2022,Free
s07354,Riya Miller,20,Male,Germany,9/20/2021,Monthly
s07355,Mia Moore,19,Other,UK,10/16/2019,Monthly
s07356,Vihaan Lee,44,Other,India,6/14/2022,Yearly
s07357,Eva Verma,44,Male,Germany,6/23/2019,Yearly
s07358,Isabella Singh,32,Male,Canada,12/16/2020,Free
s07359,Aarav Lewis,18,Other,Canada,10/19/2021,Yearly
s07360,Olivia Anderson,20,Female,USA,4/1/2021,Yearly
s07361,Liam Walker,20,Male,India,8/9/2021,Monthly
s07362,Vihaan Clark,24,Male,Germany,5/13/2019,Free
s07363,Lucas Miller,64,Other,Canada,4/9/2020,Free
s07364,Liam Anderson,31,Female,USA,11/28/2022,Yearly
s07365,Noah Wilson,24,Female,Canada,4/29/2019,Monthly
s07366,Emma Singh,22,Other,UK,11/28/2022,Free
s07367,Lucas Miller,19,Other,Canada,5/16/2020,Yearly
s07368,Riya Taylor,21,Other,Australia,3/6/2019,Free
s07369,Amelia Brown,18,Male,Australia,11/10/2020,Monthly
s07370,Karan Lee,46,Other,Canada,5/2/2019,Monthly
s07371,Sophia Smith,23,Other,UK,3/27/2020,Monthly
s07372,Benjamin Taylor,24,Female,Australia,1/28/2019,Yearly
s07373,Karan Lee,39,Male,USA,6/7/2022,Monthly
s07374,Sophia Lewis,27,Male,India,5/23/2021,Monthly
s07375,Emma Patel,35,Female,Germany,5/12/2020,Yearly
s07376,Eva Davis,55,Male,Canada,8/29/2019,Free
s07377,Arjun Patel,24,Female,Canada,6/5/2021,Monthly
s07378,Ethan Patel,20,Male,Canada,11/2/2019,Monthly
s07379,Arjun Moore,50,Male,Canada,1/27/2021,Monthly
s07380,Lucas Walker,54,Other,UK,6/27/2020,Monthly
s07381,Zara Lee,27,Other,Canada,5/9/2021,Yearly
s07382,Vihaan Thomas,34,Other,Canada,4/25/2021,Yearly
s07383,Amelia Lee,24,Other,Germany,3/22/2022,Monthly
s07384,Amelia Lewis,24,Other,Germany,11/24/2022,Monthly
s07385,Aarav Walker,22,Other,Australia,6/21/2021,Yearly
s07386,Riya Patel,21,Male,Canada,11/22/2019,Yearly
s07387,Ethan Singh,23,Female,Canada,5/9/2022,Monthly
s07388,Vihaan Taylor,22,Other,Canada,8/8/2021,Monthly
s07389,Amelia Patel,42,Male,UK,7/7/2019,Yearly
s07390,Meera Brown,21,Female,India,6/8/2021,Monthly
s07391,Aanya Moore,25,Female,Australia,7/22/2019,Free
s07392,Olivia Singh,24,Male,Canada,4/21/2022,Monthly
s07393,Emma Martin,22,Male,India,2/10/2020,Yearly
s07394,Zara Lewis,33,Other,Germany,9/7/2019,Monthly
s07395,Lucas Johnson,26,Male,India,5/21/2020,Free
s07396,Isabella Miller,24,Male,USA,11/23/2022,Free
s07397,Isabella Sharma,19,Female,UK,3/9/2019,Monthly
s07398,Karan Lee,24,Female,Australia,5/23/2020,Yearly
s07399,Mia Lee,18,Other,Germany,2/10/2022,Free
s07400,Olivia Johnson,45,Female,India,7/24/2021,Yearly
s07401,Ethan Lewis,44,Male,India,7/7/2021,Free
s07402,Olivia Moore,61,Female,Germany,4/20/2021,Monthly
s07403,Ethan Brown,21,Male,Australia,6/22/2020,Monthly
s07404,Benjamin Walker,18,Male,India,5/19/2020,Yearly
s07405,Olivia Martin,35,Other,USA,4/16/2020,Monthly
s07406,Karan Hall,18,Male,UK,11/21/2022,Yearly
s07407,Noah Verma,23,Other,Canada,2/11/2020,Yearly
s07408,Riya Walker,23,Male,Germany,12/3/2021,Free
s07409,Zara Taylor,22,Other,USA,3/20/2021,Monthly
s07410,Eva Davis,43,Male,Canada,4/7/2020,Yearly
s07411,Vihaan Thomas,28,Other,Canada,3/5/2020,Yearly
s07412,Noah Patel,47,Other,India,10/23/2020,Monthly
s07413,Aarav Wilson,24,Female,Germany,4/12/2022,Monthly
s07414,Ethan Brown,28,Other,USA,8/3/2021,Free
s07415,Mia Anderson,25,Female,Canada,7/12/2020,Yearly
s07416,Benjamin Smith,42,Other,Canada,9/19/2019,Free
s07417,Liam Hall,19,Other,Australia,11/11/2020,Monthly
s07418,Benjamin Verma,24,Other,Canada,8/19/2022,Yearly
s07419,Mia Hall,25,Other,USA,4/14/2020,Monthly
s07420,Emma Lee,30,Other,Canada,6/14/2019,Yearly
s07421,Riya Moore,45,Male,Germany,4/29/2019,Free
s07422,Isabella Singh,21,Male,USA,4/22/2020,Monthly
s07423,Aanya Martin,25,Other,India,3/10/2021,Yearly
s07424,Olivia Taylor,20,Female,Australia,5/5/2021,Free
s07425,Amelia Smith,27,Male,UK,2/27/2022,Monthly
s07426,Olivia Thomas,21,Male,India,12/20/2021,Monthly
s07427,Eva Hall,22,Other,UK,5/25/2019,Monthly
s07428,Lucas Clark,40,Other,USA,5/11/2021,Yearly
s07429,Eva Walker,26,Female,India,10/16/2022,Yearly
s07430,Vihaan Miller,30,Female,Australia,2/5/2020,Yearly
s07431,Emma Hall,18,Other,Germany,6/5/2022,Monthly
s07432,Arjun Taylor,19,Male,Canada,10/16/2019,Monthly
s07433,Aarav Lee,45,Other,USA,7/13/2021,Free
s07434,Mia Lee,25,Other,Australia,3/7/2021,Free
s07435,Ethan Verma,22,Female,India,7/8/2022,Monthly
s07436,Ethan Wilson,23,Other,Australia,6/3/2020,Yearly
s07437,Riya Smith,39,Female,Australia,9/12/2019,Free
s07438,Liam Lee,25,Female,Canada,8/12/2019,Monthly
s07439,Riya Miller,18,Female,UK,10/11/2022,Free
s07440,Arjun Davis,31,Male,Canada,4/6/2020,Yearly
s07441,Isabella Moore,53,Male,Canada,12/27/2019,Free
s07442,Zara Lee,23,Female,Canada,6/17/2020,Monthly
s07443,Vihaan Brown,23,Male,India,4/19/2021,Yearly
s07444,Olivia Lee,18,Other,USA,5/26/2019,Yearly
s07445,Riya Anderson,20,Male,Germany,9/20/2022,Yearly
s07446,Olivia Martin,60,Other,India,12/7/2019,Yearly
s07447,Lucas Moore,26,Other,UK,1/17/2022,Monthly
s07448,Benjamin Johnson,30,Male,India,5/29/2020,Monthly
s07449,Sophia Brown,26,Female,Australia,9/17/2019,Monthly
s07450,Noah Taylor,22,Female,Australia,4/23/2022,Monthly
s07451,Sophia Wilson,22,Female,Germany,4/9/2021,Yearly
s07452,Riya Johnson,32,Male,UK,11/3/2022,Monthly
s07453,Sophia Lewis,21,Other,Canada,10/28/2021,Free
s07454,Lucas Martin,23,Female,Canada,3/7/2020,Yearly
s07455,Aanya Patel,18,Other,USA,12/11/2022,Free
s07456,Liam Thomas,23,Other,UK,2/20/2022,Monthly
s07457,Emma Singh,22,Other,Canada,7/16/2019,Yearly
s07458,Olivia Hall,26,Female,India,3/26/2021,Free
s07459,Amelia Smith,41,Female,Germany,8/10/2019,Monthly
s07460,Eva Verma,20,Female,Australia,1/3/2020,Yearly
s07461,Sophia Lewis,23,Other,Australia,8/24/2019,Yearly
s07462,Mia Singh,40,Female,Canada,9/29/2021,Monthly
s07463,Benjamin Sharma,19,Male,UK,10/13/2022,Free
s07464,Riya Smith,20,Female,India,1/10/2022,Free
s07465,Eva Thomas,24,Female,Germany,10/18/2022,Monthly
s07466,Riya Davis,67,Female,USA,5/3/2020,Yearly
s07467,Sophia Brown,26,Male,UK,4/7/2020,Yearly
s07468,Benjamin Lewis,29,Male,Canada,10/26/2020,Monthly
s07469,Amelia Johnson,24,Male,Germany,5/12/2021,Yearly
s07470,Sophia Wilson,24,Male,India,12/17/2022,Yearly
s07471,Karan Wilson,21,Male,Germany,12/22/2019,Monthly
s07472,Meera Smith,39,Other,Canada,12/19/2021,Free
s07473,Liam Wilson,63,Other,USA,6/30/2021,Monthly
s07474,Vihaan Moore,19,Male,India,7/23/2019,Free
s07475,Isabella Miller,23,Other,UK,4/14/2021,Monthly
s07476,Liam Johnson,25,Male,Germany,4/21/2021,Free
s07477,Liam Hall,66,Other,India,8/1/2019,Yearly
s07478,Meera Davis,62,Male,UK,9/11/2021,Monthly
s07479,Aanya Smith,27,Other,Canada,7/4/2022,Monthly
s07480,Karan Wilson,45,Female,India,12/5/2022,Yearly
s07481,Zara Taylor,37,Female,Australia,2/18/2022,Monthly
s07482,Liam Brown,39,Male,USA,3/14/2021,Yearly
s07483,Zara Taylor,37,Male,USA,4/17/2019,Free
s07484,Zara Davis,25,Other,Australia,10/19/2020,Monthly
s07485,Aanya Lee,25,Male,USA,6/16/2022,Yearly
s07486,Isabella Thomas,40,Male,Canada,2/20/2022,Yearly
s07487,Riya Taylor,19,Male,UK,5/16/2020,Free
s07488,Sophia Johnson,30,Female,Germany,8/1/2021,Yearly
s07489,Arjun Davis,19,Female,Germany,7/30/2021,Free
s07490,Olivia Davis,49,Other,Australia,6/19/2019,Monthly
s07491,Noah Miller,22,Male,Canada,10/16/2021,Monthly
s07492,Isabella Johnson,24,Female,Canada,5/27/2022,Monthly
s07493,Amelia Hall,25,Male,India,6/24/2021,Yearly
s07494,Riya Lee,25,Female,Australia,9/23/2020,Monthly
s07495,Liam Taylor,18,Male,India,7/10/2021,Monthly
s07496,Eva Sharma,27,Male,India,12/19/2019,Free
s07497,Eva Wilson,35,Female,Canada,1/23/2019,Yearly
s07498,Isabella Wilson,27,Female,USA,12/26/2020,Free
s07499,Zara Miller,27,Other,Canada,9/23/2020,Free
s07500,Aarav Hall,25,Male,Germany,2/3/2022,Free
s07501,Arjun Davis,41,Male,Canada,3/20/2022,Free
s07502,Riya Lee,20,Male,Australia,1/26/2019,Yearly
s07503,Aanya Smith,28,Female,UK,9/13/2020,Yearly
s07504,Emma Johnson,55,Male,Canada,2/10/2020,Free
s07505,Arjun Lee,36,Male,India,6/13/2022,Yearly
s07506,Isabella Sharma,56,Other,USA,1/16/2021,Monthly
s07507,Eva Lewis,23,Other,India,12/25/2021,Monthly
s07508,Emma Anderson,45,Other,Australia,2/28/2022,Yearly
s07509,Aarav Anderson,25,Other,Australia,7/9/2020,Monthly
s07510,Sophia Brown,62,Male,Australia,8/22/2021,Monthly
s07511,Isabella Moore,27,Female,India,9/4/2019,Yearly
s07512,Olivia Johnson,26,Male,Germany,10/15/2022,Free
s07513,Eva Brown,35,Other,Australia,5/6/2021,Yearly
s07514,Aarav Martin,37,Other,Canada,4/3/2020,Yearly
s07515,Arjun Brown,21,Other,Australia,10/30/2022,Monthly
s07516,Olivia Walker,43,Male,UK,1/18/2021,Monthly
s07517,Amelia Walker,47,Other,Australia,3/26/2019,Monthly
s07518,Benjamin Sharma,19,Female,USA,6/17/2020,Free
s07519,Eva Hall,23,Other,Australia,10/10/2021,Free
s07520,Karan Singh,35,Male,Canada,12/28/2019,Free
s07521,Karan Patel,23,Male,UK,12/10/2021,Monthly
s07522,Ethan Taylor,22,Other,Australia,12/28/2021,Yearly
s07523,Isabella Verma,19,Male,Germany,2/8/2021,Free
s07524,Vihaan Martin,28,Other,Australia,9/30/2021,Monthly
s07525,Isabella Lewis,41,Male,UK,11/18/2019,Yearly
s07526,Aanya Hall,22,Male,USA,6/15/2019,Free
s07527,Lucas Wilson,41,Male,UK,9/17/2022,Monthly
s07528,Noah Patel,22,Male,Canada,6/1/2020,Free
s07529,Vihaan Walker,24,Female,USA,11/2/2020,Free
s07530,Isabella Moore,24,Female,Germany,8/10/2020,Yearly
s07531,Zara Patel,24,Other,Australia,8/22/2019,Free
s07532,Aanya Verma,30,Other,India,8/16/2021,Yearly
s07533,Eva Walker,44,Male,Canada,8/24/2021,Yearly
s07534,Meera Martin,23,Male,UK,4/15/2021,Free
s07535,Aanya Sharma,21,Male,Canada,9/14/2020,Free
s07536,Ethan Thomas,41,Other,Germany,8/24/2021,Monthly
s07537,Vihaan Johnson,19,Female,Australia,1/10/2019,Monthly
s07538,Karan Verma,25,Other,Canada,9/26/2019,Free
s07539,Karan Patel,45,Female,UK,5/27/2022,Free
s07540,Benjamin Hall,21,Other,USA,12/26/2020,Monthly
s07541,Meera Moore,18,Male,USA,11/29/2022,Monthly
s07542,Eva Thomas,39,Female,USA,3/12/2021,Yearly
s07543,Lucas Johnson,54,Other,Canada,4/5/2020,Monthly
s07544,Benjamin Davis,23,Male,India,8/15/2021,Yearly
s07545,Mia Sharma,25,Male,Australia,7/6/2021,Yearly
s07546,Karan Patel,36,Male,UK,1/10/2022,Yearly
s07547,Emma Smith,24,Other,Germany,6/20/2019,Monthly
s07548,Meera Singh,46,Female,Germany,7/21/2022,Monthly
s07549,Lucas Taylor,19,Male,Canada,12/2/2022,Yearly
s07550,Aanya Martin,23,Female,USA,2/12/2020,Monthly
s07551,Liam Moore,24,Male,Germany,3/9/2020,Free
s07552,Aarav Sharma,26,Other,Canada,1/10/2019,Yearly
s07553,Eva Patel,31,Male,Germany,6/8/2019,Free
s07554,Ethan Miller,25,Male,USA,6/30/2022,Yearly
s07555,Sophia Walker,37,Other,USA,5/13/2021,Yearly
s07556,Vihaan Lewis,32,Female,UK,7/22/2021,Monthly
s07557,Liam Brown,46,Female,Australia,1/21/2021,Yearly
s07558,Liam Taylor,32,Female,UK,6/30/2020,Free
s07559,Olivia Wilson,19,Female,Australia,1/20/2019,Free
s07560,Sophia Wilson,22,Female,Canada,10/16/2022,Yearly
s07561,Isabella Smith,23,Male,India,9/30/2022,Yearly
s07562,Aarav Miller,35,Other,Germany,10/25/2022,Monthly
s07563,Karan Sharma,18,Male,UK,6/26/2019,Yearly
s07564,Benjamin Hall,40,Female,UK,6/23/2022,Free
s07565,Eva Martin,26,Female,Canada,11/1/2020,Yearly
s07566,Emma Clark,42,Other,India,4/20/2020,Free
s07567,Isabella Davis,22,Female,Australia,8/9/2020,Yearly
s07568,Eva Martin,45,Other,Australia,7/5/2019,Monthly
s07569,Meera Miller,26,Other,Canada,12/18/2019,Free
s07570,Sophia Davis,36,Other,Germany,7/20/2019,Monthly
s07571,Vihaan Thomas,40,Female,Australia,9/5/2021,Free
s07572,Liam Verma,41,Female,Germany,2/23/2021,Free
s07573,Amelia Miller,41,Other,Germany,2/14/2022,Free
s07574,Mia Lee,20,Other,Australia,12/23/2022,Yearly
s07575,Amelia Martin,51,Other,USA,12/18/2019,Monthly
s07576,Eva Walker,18,Female,Germany,8/22/2021,Monthly
s07577,Emma Miller,19,Other,Canada,9/22/2022,Monthly
s07578,Karan Verma,39,Male,UK,12/7/2021,Yearly
s07579,Karan Taylor,60,Female,UK,3/29/2020,Monthly
s07580,Aarav Wilson,24,Female,Germany,4/13/2021,Yearly
s07581,Aanya Lewis,18,Male,USA,4/30/2022,Monthly
s07582,Liam Martin,21,Female,Canada,4/15/2022,Free
s07583,Sophia Lee,27,Female,Germany,8/31/2022,Free
s07584,Arjun Johnson,40,Other,Germany,4/9/2022,Free
s07585,Arjun Anderson,27,Male,USA,3/15/2021,Yearly
s07586,Mia Hall,22,Male,Canada,11/17/2022,Monthly
s07587,Aanya Thomas,39,Male,USA,12/27/2022,Free
s07588,Zara Clark,21,Male,Australia,1/17/2021,Monthly
s07589,Noah Verma,18,Other,USA,7/18/2022,Yearly
s07590,Sophia Davis,25,Female,UK,3/12/2019,Monthly
s07591,Vihaan Lee,20,Other,Canada,9/30/2021,Yearly
s07592,Arjun Patel,39,Female,USA,11/7/2020,Free
s07593,Olivia Wilson,25,Male,India,1/3/2022,Yearly
s07594,Noah Lewis,65,Male,USA,11/27/2020,Monthly
s07595,Zara Walker,25,Other,Australia,1/27/2019,Monthly
s07596,Zara Smith,27,Other,USA,2/5/2022,Yearly
s07597,Amelia Walker,19,Female,Germany,12/26/2019,Yearly
s07598,Liam Patel,25,Other,India,5/28/2022,Yearly
s07599,Olivia Lewis,22,Female,UK,3/10/2021,Monthly
s07600,Aanya Davis,36,Female,Germany,4/21/2021,Free
s07601,Meera Thomas,24,Male,Canada,7/19/2020,Free
s07602,Riya Walker,38,Female,USA,5/23/2022,Monthly
s07603,Ethan Taylor,29,Female,Australia,8/15/2020,Free
s07604,Sophia Patel,30,Other,Germany,9/23/2020,Yearly
s07605,Meera Patel,23,Male,USA,5/7/2019,Monthly
s07606,Mia Clark,24,Female,Australia,11/2/2021,Free
s07607,Arjun Moore,39,Other,USA,10/30/2021,Monthly
s07608,Vihaan Lewis,25,Female,UK,6/14/2019,Free
s07609,Karan Singh,25,Other,UK,3/10/2019,Free
s07610,Vihaan Miller,42,Other,Germany,3/11/2019,Monthly
s07611,Karan Brown,20,Male,USA,3/22/2022,Free
s07612,Zara Wilson,26,Female,Germany,3/10/2022,Free
s07613,Vihaan Hall,19,Other,UK,9/17/2020,Yearly
s07614,Aanya Singh,18,Other,Canada,4/8/2019,Monthly
s07615,Amelia Brown,22,Male,UK,1/10/2021,Yearly
s07616,Emma Walker,18,Female,India,12/10/2019,Free
s07617,Isabella Lewis,35,Other,USA,4/16/2022,Monthly
s07618,Meera Miller,20,Female,USA,4/24/2020,Monthly
s07619,Amelia Moore,23,Male,Australia,10/10/2021,Yearly
s07620,Olivia Lee,20,Female,India,4/14/2020,Free
s07621,Arjun Lee,21,Other,UK,3/31/2022,Monthly
s07622,Noah Johnson,47,Female,India,8/2/2020,Yearly
s07623,Lucas Moore,60,Other,Australia,1/11/2020,Monthly
s07624,Noah Brown,36,Male,UK,3/23/2022,Monthly
s07625,Aarav Hall,26,Other,Germany,5/29/2022,Free
s07626,Lucas Sharma,26,Male,Germany,8/23/2021,Free
s07627,Emma Johnson,30,Male,UK,5/4/2022,Monthly
s07628,Meera Patel,47,Other,Australia,3/28/2022,Free
s07629,Ethan Johnson,27,Female,India,12/29/2020,Monthly
s07630,Emma Moore,38,Male,Australia,7/1/2020,Yearly
s07631,Mia Smith,20,Female,Australia,10/23/2019,Yearly
s07632,Isabella Sharma,40,Female,India,10/6/2019,Free
s07633,Noah Johnson,19,Female,Australia,9/28/2019,Monthly
s07634,Benjamin Johnson,25,Other,USA,1/3/2020,Yearly
s07635,Amelia Lewis,23,Female,India,8/17/2021,Monthly
s07636,Olivia Wilson,59,Female,UK,9/9/2021,Monthly
s07637,Noah Singh,22,Other,Canada,4/27/2021,Yearly
s07638,Sophia Moore,45,Male,India,5/25/2021,Yearly
s07639,Ethan Thomas,19,Male,India,10/5/2020,Monthly
s07640,Ethan Hall,30,Female,Germany,8/10/2019,Monthly
s07641,Eva Sharma,25,Other,UK,12/6/2019,Monthly
s07642,Meera Sharma,21,Female,Canada,4/10/2022,Free
s07643,Liam Davis,19,Other,Germany,1/23/2022,Free
s07644,Zara Sharma,23,Female,Canada,6/25/2021,Free
s07645,Benjamin Anderson,19,Other,Canada,9/11/2020,Monthly
s07646,Ethan Anderson,50,Female,USA,6/16/2019,Monthly
s07647,Zara Johnson,25,Female,India,10/26/2022,Yearly
s07648,Liam Wilson,45,Female,Australia,12/6/2019,Free
s07649,Aarav Lee,21,Male,USA,11/16/2020,Free
s07650,Amelia Lewis,27,Male,Germany,1/22/2022,Monthly
s07651,Arjun Miller,22,Male,Germany,3/8/2020,Free
s07652,Olivia Brown,23,Female,Australia,5/5/2020,Monthly
s07653,Emma Clark,66,Other,Canada,1/31/2022,Monthly
s07654,Karan Anderson,37,Female,Germany,6/3/2022,Free
s07655,Amelia Brown,24,Female,India,4/14/2020,Monthly
s07656,Zara Taylor,21,Female,Germany,6/26/2019,Free
s07657,Vihaan Davis,18,Other,Canada,12/22/2022,Free
s07658,Lucas Patel,22,Other,USA,2/11/2019,Yearly
s07659,Mia Davis,65,Female,UK,1/18/2021,Free
s07660,Noah Smith,27,Other,USA,4/4/2021,Yearly
s07661,Isabella Smith,54,Other,USA,9/2/2020,Free
s07662,Amelia Thomas,19,Female,USA,4/22/2021,Free
s07663,Ethan Patel,19,Other,Australia,6/24/2021,Yearly
s07664,Mia Miller,25,Male,Australia,10/5/2021,Free
s07665,Aanya Verma,56,Other,USA,6/28/2020,Yearly
s07666,Mia Thomas,60,Other,UK,3/4/2019,Yearly
s07667,Noah Lewis,28,Other,UK,6/18/2019,Yearly
s07668,Ethan Anderson,19,Other,USA,8/14/2022,Monthly
s07669,Amelia Taylor,22,Other,Germany,11/2/2021,Yearly
s07670,Karan Wilson,27,Male,India,7/22/2020,Free
s07671,Liam Brown,18,Female,Germany,11/20/2022,Free
s07672,Karan Thomas,27,Male,Canada,5/22/2019,Free
s07673,Ethan Martin,63,Other,Canada,11/27/2021,Free
s07674,Eva Hall,19,Male,UK,6/6/2020,Yearly
s07675,Isabella Smith,20,Female,USA,2/29/2020,Free
s07676,Aarav Davis,39,Female,UK,12/8/2020,Free
s07677,Riya Sharma,22,Female,Canada,8/17/2020,Yearly
s07678,Riya Patel,27,Female,Canada,3/28/2021,Free
s07679,Arjun Lee,22,Female,India,1/11/2019,Yearly
s07680,Aarav Verma,27,Female,USA,1/20/2021,Yearly
s07681,Aarav Thomas,46,Female,India,11/4/2019,Yearly
s07682,Emma Davis,22,Female,USA,12/1/2022,Monthly
s07683,Riya Anderson,21,Male,Canada,8/6/2020,Monthly
s07684,Arjun Brown,42,Other,India,9/30/2020,Monthly
s07685,Noah Moore,31,Female,Australia,5/3/2022,Free
s07686,Karan Thomas,21,Other,Canada,10/5/2020,Yearly
s07687,Aarav Martin,18,Other,UK,5/27/2019,Free
s07688,Amelia Wilson,45,Female,UK,6/24/2021,Yearly
s07689,Vihaan Sharma,23,Female,Australia,5/12/2019,Free
s07690,Olivia Singh,22,Female,Australia,9/8/2020,Yearly
s07691,Karan Anderson,21,Other,Australia,9/1/2021,Yearly
s07692,Emma Johnson,26,Male,Germany,7/12/2022,Free
s07693,Isabella Smith,22,Male,Canada,8/9/2020,Monthly
s07694,Eva Smith,22,Male,Australia,12/28/2021,Yearly
s07695,Amelia Thomas,21,Other,Australia,4/20/2020,Monthly
s07696,Isabella Miller,44,Other,UK,1/16/2020,Monthly
s07697,Benjamin Lee,51,Male,USA,5/7/2022,Monthly
s07698,Aarav Verma,26,Female,Germany,3/7/2021,Yearly
s07699,Karan Hall,36,Other,Australia,7/20/2022,Free
s07700,Aanya Moore,19,Other,Australia,7/21/2022,Yearly
s07701,Aanya Davis,64,Male,Germany,5/19/2022,Free
s07702,Meera Lewis,22,Male,India,9/29/2020,Free
s07703,Riya Johnson,21,Other,Canada,9/22/2021,Free
s07704,Olivia Thomas,30,Female,USA,11/24/2021,Yearly
s07705,Amelia Thomas,35,Male,UK,11/15/2021,Yearly
s07706,Riya Miller,65,Other,India,11/7/2019,Yearly
s07707,Vihaan Brown,27,Male,USA,11/10/2021,Monthly
s07708,Ethan Taylor,45,Female,UK,11/24/2020,Free
s07709,Ethan Patel,21,Male,India,6/10/2021,Free
s07710,Noah Davis,42,Female,Canada,6/12/2020,Yearly
s07711,Aarav Hall,44,Other,Canada,6/13/2020,Monthly
s07712,Sophia Walker,27,Male,UK,8/16/2021,Yearly
s07713,Liam Lee,21,Other,India,3/22/2020,Monthly
s07714,Isabella Brown,54,Male,UK,1/21/2019,Free
s07715,Zara Clark,19,Other,Germany,8/29/2022,Free
s07716,Benjamin Walker,26,Other,USA,1/22/2019,Free
s07717,Arjun Lewis,46,Male,USA,2/19/2022,Yearly
s07718,Lucas Johnson,24,Male,India,8/7/2021,Monthly
s07719,Liam Thomas,62,Other,UK,1/20/2019,Monthly
s07720,Eva Lee,61,Male,UK,2/27/2019,Free
s07721,Olivia Moore,22,Male,USA,6/11/2019,Free
s07722,Mia Moore,26,Female,UK,7/23/2021,Yearly
s07723,Karan Thomas,22,Male,Germany,1/28/2022,Yearly
s07724,Ethan Sharma,49,Male,Australia,2/12/2019,Free
s07725,Arjun Brown,43,Other,UK,11/13/2021,Free
s07726,Aanya Hall,62,Female,Canada,9/13/2019,Free
s07727,Olivia Singh,41,Other,USA,5/26/2021,Monthly
s07728,Isabella Lewis,19,Male,Canada,8/7/2020,Yearly
s07729,Lucas Patel,64,Female,USA,6/11/2019,Monthly
s07730,Amelia Smith,37,Male,Canada,5/14/2022,Monthly
s07731,Isabella Johnson,32,Female,Australia,12/20/2022,Monthly
s07732,Noah Johnson,56,Female,USA,11/18/2019,Monthly
s07733,Benjamin Verma,21,Female,UK,2/8/2020,Free
s07734,Zara Moore,61,Female,India,9/12/2019,Monthly
s07735,Emma Clark,18,Other,Germany,3/28/2020,Free
s07736,Olivia Smith,33,Female,UK,5/9/2022,Free
s07737,Liam Walker,22,Female,Canada,1/18/2021,Free
s07738,Zara Davis,23,Other,Germany,7/20/2021,Free
s07739,Arjun Wilson,38,Other,UK,12/1/2019,Yearly
s07740,Lucas Anderson,28,Male,Germany,9/6/2020,Monthly
s07741,Vihaan Thomas,25,Other,USA,3/28/2019,Free
s07742,Mia Moore,24,Other,UK,12/23/2021,Free
s07743,Vihaan Anderson,19,Male,India,5/30/2020,Yearly
s07744,Amelia Brown,58,Male,UK,2/4/2021,Monthly
s07745,Liam Wilson,18,Female,Australia,12/21/2019,Free
s07746,Riya Thomas,25,Other,Germany,3/10/2021,Free
s07747,Karan Singh,26,Male,Germany,9/8/2021,Monthly
s07748,Emma Moore,25,Female,India,12/13/2019,Free
s07749,Noah Lee,18,Female,USA,12/12/2022,Free
s07750,Zara Moore,34,Male,Canada,10/14/2019,Monthly
s07751,Isabella Smith,59,Female,USA,3/28/2020,Monthly
s07752,Aanya Verma,45,Male,Australia,4/19/2020,Monthly
s07753,Olivia Singh,20,Female,UK,3/19/2020,Free
s07754,Riya Walker,30,Female,UK,1/7/2022,Free
s07755,Karan Taylor,37,Other,USA,12/4/2020,Free
s07756,Arjun Lewis,23,Female,Canada,5/28/2021,Yearly
s07757,Mia Hall,23,Other,Canada,8/1/2020,Monthly
s07758,Isabella Miller,40,Other,Germany,4/12/2019,Yearly
s07759,Lucas Thomas,38,Male,UK,5/14/2022,Yearly
s07760,Eva Davis,18,Female,Germany,10/14/2020,Yearly
s07761,Benjamin Wilson,19,Female,Canada,1/2/2021,Yearly
s07762,Amelia Brown,32,Other,India,4/4/2020,Monthly
s07763,Ethan Brown,22,Male,Australia,4/24/2022,Monthly
s07764,Ethan Davis,42,Other,Australia,9/30/2019,Free
s07765,Karan Johnson,26,Other,USA,9/6/2021,Monthly
s07766,Amelia Taylor,27,Female,USA,12/23/2022,Yearly
s07767,Emma Singh,44,Female,India,2/5/2019,Monthly
s07768,Lucas Hall,27,Other,Canada,5/23/2022,Free
s07769,Eva Thomas,43,Male,Australia,2/24/2021,Free
s07770,Vihaan Moore,27,Other,UK,11/4/2019,Free
s07771,Ethan Johnson,34,Female,India,11/18/2019,Monthly
s07772,Isabella Patel,22,Other,India,1/19/2019,Free
s07773,Vihaan Taylor,25,Male,Australia,2/22/2019,Free
s07774,Mia Miller,19,Female,USA,3/26/2019,Monthly
s07775,Aanya Wilson,49,Other,India,10/11/2021,Yearly
s07776,Ethan Walker,25,Other,Australia,7/18/2022,Monthly
s07777,Amelia Singh,22,Male,USA,8/28/2022,Free
s07778,Zara Moore,21,Female,Australia,3/19/2022,Yearly
s07779,Aarav Anderson,21,Female,UK,7/11/2022,Monthly
s07780,Riya Moore,33,Other,UK,6/12/2020,Free
s07781,Aanya Thomas,57,Female,Germany,4/16/2019,Monthly
s07782,Lucas Patel,30,Male,Germany,6/4/2022,Monthly
s07783,Zara Moore,25,Male,USA,2/9/2021,Monthly
s07784,Eva Wilson,23,Male,Canada,6/30/2022,Yearly
s07785,Ethan Singh,25,Male,UK,9/20/2020,Free
s07786,Eva Patel,22,Male,India,5/24/2021,Monthly
s07787,Sophia Davis,37,Female,USA,11/14/2022,Yearly
s07788,Riya Verma,25,Other,India,4/19/2022,Yearly
s07789,Aanya Taylor,43,Male,USA,7/24/2020,Free
s07790,Zara Sharma,24,Male,Germany,7/4/2021,Free
s07791,Eva Hall,26,Male,Germany,9/22/2020,Free
s07792,Eva Smith,39,Other,Canada,10/2/2022,Yearly
s07793,Meera Hall,31,Other,Germany,1/10/2021,Free
s07794,Mia Hall,23,Male,Australia,5/15/2020,Free
s07795,Lucas Clark,25,Other,Australia,10/23/2020,Monthly
s07796,Noah Miller,32,Male,Canada,12/24/2022,Free
s07797,Sophia Walker,24,Female,Australia,3/4/2020,Monthly
s07798,Olivia Singh,61,Female,Canada,9/29/2022,Free
s07799,Olivia Wilson,25,Female,Canada,10/16/2022,Yearly
s07800,Mia Davis,23,Other,USA,11/18/2019,Monthly
s07801,Vihaan Clark,25,Male,USA,10/4/2020,Monthly
s07802,Aanya Walker,27,Other,Australia,6/14/2021,Free
s07803,Isabella Lewis,20,Male,USA,7/5/2019,Monthly
s07804,Amelia Sharma,47,Female,Australia,7/7/2019,Yearly
s07805,Isabella Anderson,18,Male,UK,8/26/2019,Monthly
s07806,Ethan Anderson,23,Other,Australia,3/23/2022,Yearly
s07807,Isabella Thomas,27,Female,Germany,1/7/2022,Yearly
s07808,Aarav Martin,22,Male,Canada,6/14/2021,Free
s07809,Zara Clark,20,Female,Australia,10/9/2020,Free
s07810,Isabella Miller,21,Male,UK,10/18/2019,Yearly
s07811,Meera Brown,30,Female,USA,6/24/2021,Yearly
s07812,Olivia Taylor,20,Female,India,4/10/2020,Monthly
s07813,Lucas Singh,44,Female,Australia,9/25/2019,Free
s07814,Benjamin Johnson,51,Male,UK,10/8/2021,Free
s07815,Liam Verma,25,Other,Canada,11/28/2022,Free
s07816,Arjun Singh,26,Male,India,7/13/2022,Monthly
s07817,Zara Lewis,24,Other,Australia,12/30/2021,Monthly
s07818,Karan Brown,18,Other,UK,2/3/2020,Free
s07819,Aarav Hall,19,Male,Canada,4/2/2019,Monthly
s07820,Noah Brown,34,Female,Germany,8/8/2020,Free
s07821,Benjamin Wilson,21,Other,Germany,6/6/2022,Monthly
s07822,Ethan Moore,41,Other,Germany,5/25/2022,Monthly
s07823,Isabella Hall,19,Female,USA,7/9/2021,Free
s07824,Amelia Clark,22,Female,Australia,4/2/2022,Free
s07825,Lucas Brown,27,Female,USA,3/13/2020,Monthly
s07826,Arjun Patel,23,Male,Canada,10/24/2020,Monthly
s07827,Zara Miller,22,Other,Canada,7/19/2021,Yearly
s07828,Vihaan Clark,33,Male,Canada,6/19/2020,Monthly
s07829,Eva Verma,22,Other,Australia,11/24/2022,Monthly
s07830,Emma Walker,34,Female,India,4/16/2022,Monthly
s07831,Noah Clark,23,Female,Germany,10/12/2021,Free
s07832,Benjamin Wilson,27,Female,Australia,5/15/2021,Free
s07833,Aarav Lewis,32,Male,Germany,10/2/2019,Free
s07834,Ethan Johnson,45,Female,Germany,10/21/2019,Monthly
s07835,Benjamin Walker,56,Female,India,1/11/2020,Free
s07836,Aanya Taylor,26,Female,Australia,9/16/2019,Yearly
s07837,Aarav Johnson,20,Female,UK,12/4/2022,Monthly
s07838,Eva Moore,36,Other,Australia,5/30/2021,Free
s07839,Eva Johnson,52,Other,Australia,12/8/2019,Free
s07840,Arjun Smith,31,Other,Germany,3/29/2019,Free
s07841,Emma Clark,18,Male,Australia,9/19/2020,Monthly
s07842,Liam Davis,24,Female,USA,4/17/2022,Free
s07843,Karan Johnson,27,Other,India,4/9/2019,Monthly
s07844,Sophia Hall,24,Female,Canada,5/30/2020,Free
s07845,Isabella Sharma,55,Male,USA,10/2/2020,Yearly
s07846,Liam Martin,23,Female,Canada,5/5/2020,Monthly
s07847,Eva Miller,22,Male,USA,6/28/2019,Free
s07848,Isabella Anderson,23,Female,India,4/5/2021,Monthly
s07849,Riya Miller,41,Male,USA,4/10/2020,Monthly
s07850,Benjamin Lewis,19,Male,USA,7/23/2021,Free
s07851,Benjamin Hall,20,Male,Canada,2/16/2021,Yearly
s07852,Amelia Hall,53,Male,Australia,5/15/2022,Free
s07853,Meera Miller,18,Female,Australia,11/17/2021,Free
s07854,Isabella Wilson,21,Male,India,1/25/2021,Free
s07855,Meera Anderson,19,Female,Canada,12/12/2019,Free
s07856,Arjun Johnson,26,Female,Australia,2/19/2019,Yearly
s07857,Olivia Singh,27,Female,India,12/9/2020,Monthly
s07858,Karan Hall,47,Female,Canada,9/3/2020,Free
s07859,Zara Clark,44,Male,UK,10/9/2021,Yearly
s07860,Emma Brown,46,Female,Canada,3/29/2020,Yearly
s07861,Sophia Lewis,27,Male,UK,7/11/2019,Yearly
s07862,Arjun Sharma,20,Other,India,6/22/2020,Yearly
s07863,Liam Davis,18,Male,India,5/15/2021,Monthly
s07864,Ethan Sharma,18,Female,India,7/24/2019,Monthly
s07865,Meera Verma,44,Male,USA,4/11/2020,Monthly
s07866,Ethan Johnson,25,Other,UK,12/17/2022,Yearly
s07867,Eva Brown,23,Female,UK,2/21/2021,Free
s07868,Aanya Anderson,47,Male,Canada,8/23/2019,Monthly
s07869,Noah Taylor,23,Male,USA,1/18/2022,Free
s07870,Mia Lee,23,Female,India,6/9/2021,Free
s07871,Riya Thomas,23,Male,USA,11/24/2020,Yearly
s07872,Aanya Anderson,42,Female,Germany,6/5/2020,Monthly
s07873,Lucas Walker,20,Male,USA,7/13/2022,Yearly
s07874,Benjamin Singh,19,Male,Australia,12/20/2021,Monthly
s07875,Olivia Brown,24,Other,USA,4/20/2021,Yearly
s07876,Riya Brown,21,Female,Germany,10/2/2020,Yearly
s07877,Lucas Taylor,28,Male,Germany,7/17/2020,Yearly
s07878,Lucas Davis,24,Female,Germany,3/18/2020,Monthly
s07879,Karan Martin,18,Other,USA,3/9/2020,Free
s07880,Zara Walker,21,Other,USA,12/16/2019,Monthly
s07881,Benjamin Verma,22,Other,Canada,1/28/2021,Yearly
s07882,Karan Patel,25,Other,Germany,2/27/2022,Monthly
s07883,Liam Verma,56,Male,India,1/25/2022,Monthly
s07884,Liam Singh,24,Female,Australia,7/22/2021,Yearly
s07885,Arjun Patel,40,Other,Germany,11/7/2019,Monthly
s07886,Olivia Johnson,22,Male,USA,2/22/2021,Monthly
s07887,Mia Walker,19,Other,UK,9/17/2021,Free
s07888,Zara Smith,19,Male,UK,8/14/2022,Yearly
s07889,Amelia Wilson,19,Other,Australia,7/24/2022,Free
s07890,Meera Sharma,35,Female,Canada,8/2/2021,Free
s07891,Eva Miller,22,Female,Canada,8/13/2021,Free
s07892,Sophia Smith,41,Other,USA,1/4/2022,Yearly
s07893,Karan Lee,31,Other,India,11/16/2019,Yearly
s07894,Benjamin Lee,39,Female,Australia,12/1/2019,Monthly
s07895,Sophia Smith,26,Male,UK,8/5/2020,Free
s07896,Emma Anderson,39,Male,Australia,12/1/2021,Free
s07897,Benjamin Smith,35,Female,India,9/27/2022,Free
s07898,Olivia Thomas,24,Male,USA,9/2/2022,Monthly
s07899,Zara Thomas,22,Other,USA,4/22/2021,Monthly
s07900,Emma Lewis,29,Other,India,7/31/2019,Yearly
s07901,Meera Brown,23,Male,UK,1/3/2022,Monthly
s07902,Zara Thomas,21,Male,India,6/30/2019,Yearly
s07903,Liam Walker,37,Male,Canada,7/3/2021,Free
s07904,Aarav Smith,26,Other,UK,11/26/2020,Monthly
s07905,Mia Smith,36,Female,Germany,6/8/2020,Monthly
s07906,Emma Davis,38,Male,Germany,1/14/2022,Free
s07907,Aarav Brown,24,Male,India,1/29/2019,Yearly
s07908,Aanya Anderson,22,Male,USA,10/24/2019,Free
s07909,Mia Verma,24,Female,Germany,6/4/2019,Free
s07910,Eva Taylor,23,Female,India,1/19/2022,Free
s07911,Noah Hall,20,Male,India,9/9/2019,Yearly
s07912,Isabella Sharma,36,Other,Canada,9/12/2019,Monthly
s07913,Mia Thomas,66,Other,Germany,9/17/2022,Monthly
s07914,Emma Clark,19,Male,USA,5/27/2022,Free
s07915,Aanya Wilson,24,Other,Germany,5/21/2020,Monthly
s07916,Emma Lewis,58,Female,Australia,6/15/2022,Yearly
s07917,Olivia Smith,24,Other,UK,5/11/2019,Monthly
s07918,Eva Verma,26,Other,Australia,3/3/2021,Yearly
s07919,Eva Singh,37,Male,India,9/1/2022,Yearly
s07920,Riya Verma,23,Male,Germany,6/8/2020,Free
s07921,Aarav Smith,20,Male,Germany,6/18/2020,Free
s07922,Zara Miller,18,Female,India,11/30/2022,Yearly
s07923,Meera Moore,25,Other,Germany,1/3/2021,Yearly
s07924,Mia Davis,62,Female,Canada,7/6/2022,Monthly
s07925,Isabella Davis,26,Male,India,12/29/2020,Monthly
s07926,Sophia Martin,63,Female,India,2/21/2022,Yearly
s07927,Sophia Martin,30,Other,UK,12/28/2022,Yearly
s07928,Benjamin Hall,23,Male,UK,11/30/2021,Monthly
s07929,Emma Miller,25,Other,Canada,6/15/2021,Yearly
s07930,Benjamin Smith,51,Male,Germany,10/21/2021,Monthly
s07931,Amelia Walker,23,Female,Australia,6/27/2019,Monthly
s07932,Aarav Taylor,37,Other,UK,11/7/2021,Yearly
s07933,Riya Smith,27,Other,Canada,2/3/2021,Yearly
s07934,Mia Hall,19,Female,USA,4/2/2021,Yearly
s07935,Olivia Anderson,18,Other,UK,4/26/2022,Monthly
s07936,Noah Taylor,21,Male,UK,11/26/2019,Yearly
s07937,Meera Brown,55,Female,Canada,8/7/2022,Yearly
s07938,Karan Anderson,23,Other,Australia,2/20/2022,Free
s07939,Sophia Moore,28,Female,India,3/12/2021,Free
s07940,Sophia Wilson,24,Other,USA,3/2/2021,Free
s07941,Karan Wilson,47,Female,Australia,11/7/2022,Monthly
s07942,Amelia Lee,22,Female,USA,4/9/2021,Monthly
s07943,Emma Brown,44,Other,Australia,12/18/2020,Monthly
s07944,Arjun Moore,24,Female,India,5/15/2020,Yearly
s07945,Ethan Davis,46,Female,Australia,6/27/2022,Yearly
s07946,Karan Miller,29,Other,UK,8/9/2022,Free
s07947,Noah Miller,21,Female,Australia,3/25/2021,Free
s07948,Emma Smith,23,Other,Germany,8/13/2020,Free
s07949,Benjamin Clark,19,Other,USA,5/4/2019,Yearly
s07950,Lucas Thomas,28,Female,Germany,10/28/2022,Yearly
s07951,Isabella Clark,25,Other,Germany,11/2/2022,Monthly
s07952,Emma Wilson,27,Female,UK,10/21/2021,Monthly
s07953,Arjun Martin,39,Male,India,8/24/2021,Monthly
s07954,Ethan Thomas,49,Male,USA,3/1/2021,Yearly
s07955,Meera Davis,26,Male,Germany,10/12/2019,Yearly
s07956,Vihaan Taylor,38,Other,USA,7/31/2020,Monthly
s07957,Meera Davis,42,Female,Germany,1/17/2021,Free
s07958,Emma Smith,18,Male,USA,5/8/2019,Yearly
s07959,Liam Verma,20,Female,India,3/6/2021,Free
s07960,Aarav Walker,20,Male,Canada,4/19/2020,Monthly
s07961,Amelia Taylor,42,Female,UK,8/13/2022,Yearly
s07962,Eva Anderson,33,Other,Australia,3/10/2022,Free
s07963,Karan Thomas,39,Other,India,10/7/2020,Yearly
s07964,Meera Singh,20,Other,Canada,7/23/2021,Free
s07965,Aarav Taylor,66,Male,Canada,3/25/2020,Monthly
s07966,Lucas Lee,21,Female,Australia,4/17/2021,Monthly
s07967,Benjamin Singh,56,Female,UK,3/12/2020,Free
s07968,Noah Taylor,21,Other,Australia,5/2/2019,Free
s07969,Liam Moore,38,Female,Canada,7/13/2020,Yearly
s07970,Amelia Lewis,23,Female,Germany,1/4/2021,Monthly
s07971,Noah Sharma,19,Other,India,9/3/2020,Monthly
s07972,Liam Patel,47,Female,India,10/21/2020,Free
s07973,Riya Smith,21,Other,UK,6/17/2021,Yearly
s07974,Meera Hall,52,Male,Australia,2/15/2019,Free
s07975,Lucas Johnson,27,Other,Australia,1/23/2021,Yearly
s07976,Ethan Lewis,61,Male,USA,8/7/2019,Monthly
s07977,Isabella Hall,47,Other,Australia,6/4/2022,Free
s07978,Meera Singh,57,Other,Germany,5/4/2019,Yearly
s07979,Noah Smith,21,Male,USA,8/24/2022,Free
s07980,Riya Patel,67,Other,Germany,12/21/2020,Monthly
s07981,Zara Walker,32,Male,Canada,10/28/2021,Free
s07982,Sophia Thomas,24,Female,Canada,8/23/2022,Yearly
s07983,Benjamin Wilson,29,Female,USA,4/7/2019,Yearly
s07984,Arjun Anderson,22,Female,Australia,11/23/2021,Yearly
s07985,Riya Johnson,19,Male,Canada,8/14/2020,Monthly
s07986,Karan Wilson,45,Other,USA,12/13/2020,Monthly
s07987,Arjun Hall,22,Female,Germany,6/19/2019,Yearly
s07988,Olivia Davis,55,Male,Canada,9/4/2019,Monthly
s07989,Zara Sharma,26,Female,UK,3/6/2020,Free
s07990,Emma Sharma,25,Male,UK,3/20/2022,Free
s07991,Ethan Smith,19,Other,USA,1/14/2019,Monthly
s07992,Sophia Clark,20,Other,Canada,11/1/2022,Yearly
s07993,Aanya Smith,19,Male,USA,6/16/2022,Yearly
s07994,Benjamin Hall,21,Female,India,10/10/2021,Monthly
s07995,Isabella Thomas,21,Other,USA,4/27/2021,Monthly
s07996,Meera Sharma,56,Male,India,5/11/2021,Free
s07997,Noah Thomas,35,Male,UK,10/27/2019,Free
s07998,Amelia Patel,22,Other,Germany,3/18/2020,Yearly
s07999,Arjun Moore,22,Other,USA,3/9/2019,Yearly
s08000,Lucas Lewis,20,Other,Germany,8/15/2020,Yearly
s08001,Noah Johnson,37,Male,Canada,12/30/2020,Yearly
s08002,Isabella Thomas,34,Other,Germany,10/31/2022,Free
s08003,Isabella Patel,19,Other,Australia,5/18/2021,Yearly
s08004,Ethan Lewis,21,Male,India,11/5/2019,Free
s08005,Amelia Brown,39,Female,USA,4/27/2021,Yearly
s08006,Aarav Miller,25,Other,UK,10/21/2019,Monthly
s08007,Lucas Thomas,18,Other,India,8/17/2021,Free
s08008,Arjun Brown,21,Other,Canada,3/31/2019,Yearly
s08009,Aanya Singh,34,Female,Canada,1/7/2020,Yearly
s08010,Aanya Lewis,20,Other,Germany,2/20/2019,Yearly
s08011,Lucas Johnson,41,Other,Australia,5/19/2019,Free
s08012,Isabella Hall,44,Male,Canada,4/22/2021,Monthly
s08013,Karan Patel,19,Female,Australia,12/5/2019,Yearly
s08014,Mia Verma,24,Male,Australia,8/5/2021,Free
s08015,Zara Martin,21,Female,USA,7/29/2022,Free
s08016,Noah Wilson,41,Male,Canada,7/24/2020,Yearly
s08017,Ethan Patel,57,Male,India,11/1/2022,Free
s08018,Vihaan Johnson,30,Male,USA,6/26/2020,Free
s08019,Meera Patel,27,Female,Australia,8/14/2022,Monthly
s08020,Riya Martin,22,Female,Germany,10/12/2019,Monthly
s08021,Liam Wilson,54,Male,Germany,9/16/2022,Monthly
s08022,Aarav Anderson,33,Male,India,9/17/2022,Free
s08023,Aanya Moore,27,Female,India,1/28/2021,Yearly
s08024,Ethan Singh,22,Female,Australia,10/7/2022,Free
s08025,Karan Brown,25,Female,Canada,7/11/2019,Yearly
s08026,Aarav Anderson,19,Other,UK,2/8/2022,Yearly
s08027,Benjamin Patel,18,Female,UK,7/20/2022,Yearly
s08028,Benjamin Davis,28,Other,India,1/27/2022,Yearly
s08029,Vihaan Verma,25,Other,Canada,4/17/2021,Yearly
s08030,Noah Thomas,35,Other,USA,12/8/2022,Monthly
s08031,Zara Davis,21,Male,India,7/21/2021,Free
s08032,Emma Thomas,67,Other,UK,9/29/2021,Free
s08033,Eva Thomas,37,Male,Canada,4/13/2021,Yearly
s08034,Aanya Johnson,18,Male,Australia,4/20/2022,Free
s08035,Liam Clark,20,Other,Germany,6/2/2022,Monthly
s08036,Isabella Moore,24,Female,UK,5/27/2021,Free
s08037,Lucas Taylor,20,Female,Canada,1/4/2019,Yearly
s08038,Mia Johnson,35,Male,India,11/5/2022,Monthly
s08039,Arjun Moore,25,Male,Australia,5/15/2019,Free
s08040,Benjamin Verma,24,Female,Australia,4/10/2019,Yearly
s08041,Meera Brown,24,Female,USA,6/5/2019,Free
s08042,Vihaan Brown,22,Female,UK,3/24/2022,Monthly
s08043,Olivia Verma,24,Other,Germany,6/12/2020,Monthly
s08044,Vihaan Smith,21,Male,Germany,7/28/2021,Monthly
s08045,Ethan Walker,23,Other,UK,10/16/2021,Yearly
s08046,Karan Smith,26,Male,Canada,2/5/2022,Free
s08047,Emma Wilson,66,Female,India,6/11/2020,Monthly
s08048,Isabella Walker,24,Male,India,3/26/2019,Free
s08049,Eva Miller,24,Other,Germany,11/6/2022,Monthly
s08050,Zara Davis,26,Male,Canada,4/17/2019,Free
s08051,Sophia Anderson,22,Other,India,9/11/2019,Yearly
s08052,Noah Lewis,18,Other,Australia,8/13/2020,Free
s08053,Olivia Lee,31,Female,Canada,1/16/2020,Monthly
s08054,Aarav Sharma,47,Other,India,4/15/2021,Monthly
s08055,Liam Thomas,25,Other,Australia,3/2/2020,Free
s08056,Emma Moore,35,Other,USA,9/11/2020,Yearly
s08057,Lucas Hall,20,Male,Canada,2/4/2022,Free
s08058,Noah Walker,37,Other,Germany,8/4/2021,Yearly
s08059,Lucas Hall,27,Other,UK,5/27/2022,Monthly
s08060,Karan Lee,61,Male,USA,8/25/2019,Yearly
s08061,Karan Hall,19,Other,Canada,1/17/2019,Yearly
s08062,Eva Anderson,25,Female,Australia,10/19/2019,Monthly
s08063,Amelia Patel,18,Other,USA,4/17/2022,Free
s08064,Emma Hall,19,Male,India,6/1/2021,Free
s08065,Amelia Sharma,20,Male,Australia,8/12/2020,Yearly
s08066,Aarav Taylor,18,Male,Australia,4/29/2019,Monthly
s08067,Mia Brown,19,Other,Germany,9/13/2020,Yearly
s08068,Benjamin Patel,37,Male,Germany,11/6/2021,Yearly
s08069,Mia Lewis,22,Female,Australia,8/6/2019,Monthly
s08070,Vihaan Lewis,34,Male,UK,6/13/2021,Free
s08071,Benjamin Patel,46,Other,India,6/22/2019,Free
s08072,Ethan Verma,25,Male,USA,4/14/2020,Free
s08073,Meera Walker,54,Other,Australia,3/10/2021,Free
s08074,Mia Anderson,33,Other,Australia,5/3/2020,Monthly
s08075,Aanya Thomas,27,Male,USA,11/26/2019,Yearly
s08076,Amelia Smith,21,Male,USA,4/18/2019,Yearly
s08077,Olivia Brown,35,Other,USA,5/6/2022,Yearly
s08078,Riya Anderson,18,Male,USA,9/15/2022,Yearly
s08079,Zara Moore,54,Female,India,10/20/2020,Monthly
s08080,Mia Verma,36,Male,Germany,5/7/2021,Free
s08081,Mia Taylor,25,Female,Australia,6/29/2020,Yearly
s08082,Isabella Brown,43,Male,India,12/5/2022,Free
s08083,Eva Clark,38,Other,India,7/17/2021,Yearly
s08084,Sophia Johnson,42,Male,India,1/12/2019,Monthly
s08085,Ethan Taylor,25,Other,Australia,11/10/2021,Yearly
s08086,Noah Lewis,18,Other,Canada,11/5/2022,Free
s08087,Karan Singh,21,Female,Germany,10/17/2022,Free
s08088,Olivia Patel,38,Other,India,7/11/2021,Monthly
s08089,Karan Davis,19,Male,Canada,5/18/2022,Yearly
s08090,Meera Sharma,21,Other,India,8/6/2022,Monthly
s08091,Liam Thomas,24,Female,Canada,4/5/2019,Yearly
s08092,Zara Davis,44,Male,USA,6/27/2020,Free
s08093,Mia Verma,25,Other,USA,12/3/2020,Free
s08094,Meera Hall,18,Female,Australia,11/14/2021,Monthly
s08095,Isabella Hall,35,Male,UK,12/19/2019,Free
s08096,Sophia Verma,24,Other,Canada,5/24/2021,Monthly
s08097,Karan Thomas,25,Other,Germany,3/13/2022,Monthly
s08098,Ethan Patel,47,Male,Australia,6/5/2019,Yearly
s08099,Meera Smith,33,Male,USA,4/20/2020,Monthly
s08100,Emma Patel,47,Male,USA,11/4/2020,Monthly
s08101,Ethan Martin,26,Other,USA,1/26/2021,Yearly
s08102,Zara Hall,22,Male,Germany,12/2/2021,Free
s08103,Zara Moore,42,Male,Australia,7/30/2020,Free
s08104,Amelia Singh,35,Male,Canada,4/23/2022,Free
s08105,Meera Martin,37,Female,India,9/6/2019,Free
s08106,Olivia Lee,67,Female,USA,10/16/2021,Yearly
s08107,Amelia Lewis,63,Other,USA,4/3/2020,Free
s08108,Mia Miller,57,Female,USA,1/8/2022,Monthly
s08109,Mia Thomas,33,Other,Germany,3/24/2019,Monthly
s08110,Mia Wilson,39,Male,USA,8/30/2019,Yearly
s08111,Meera Davis,23,Female,India,9/1/2022,Yearly
s08112,Emma Lewis,59,Female,UK,3/26/2021,Yearly
s08113,Sophia Davis,19,Female,USA,1/13/2019,Free
s08114,Isabella Johnson,22,Other,USA,5/5/2022,Free
s08115,Arjun Taylor,44,Male,UK,2/28/2019,Yearly
s08116,Mia Taylor,56,Female,Australia,11/6/2020,Yearly
s08117,Olivia Lewis,23,Other,India,4/20/2020,Free
s08118,Lucas Brown,23,Male,Canada,6/28/2021,Free
s08119,Isabella Sharma,26,Female,Germany,4/29/2019,Monthly
s08120,Riya Thomas,27,Female,USA,6/23/2020,Free
s08121,Emma Davis,34,Male,Canada,9/26/2019,Free
s08122,Meera Moore,32,Male,Australia,2/28/2020,Monthly
s08123,Liam Anderson,23,Female,UK,5/19/2019,Free
s08124,Olivia Singh,33,Other,UK,11/19/2019,Monthly
s08125,Karan Davis,29,Female,USA,8/31/2021,Free
s08126,Eva Anderson,38,Male,UK,12/27/2019,Yearly
s08127,Vihaan Sharma,25,Female,UK,6/3/2020,Monthly
s08128,Liam Miller,43,Male,UK,2/5/2021,Monthly
s08129,Isabella Sharma,48,Male,Australia,7/12/2019,Monthly
s08130,Isabella Brown,26,Male,Canada,6/11/2022,Free
s08131,Lucas Taylor,25,Male,USA,11/9/2019,Yearly
s08132,Benjamin Davis,27,Female,Germany,7/20/2022,Free
s08133,Lucas Singh,32,Male,Germany,8/9/2022,Monthly
s08134,Vihaan Johnson,27,Female,India,8/4/2019,Monthly
s08135,Vihaan Smith,35,Male,Canada,11/27/2020,Yearly
s08136,Meera Patel,47,Other,USA,7/12/2019,Monthly
s08137,Aarav Wilson,25,Other,Australia,4/19/2021,Free
s08138,Meera Miller,20,Female,Australia,8/12/2020,Free
s08139,Isabella Martin,20,Male,Germany,1/15/2022,Monthly
s08140,Benjamin Walker,40,Female,India,3/23/2021,Free
s08141,Arjun Moore,38,Other,Germany,1/12/2020,Monthly
s08142,Arjun Patel,20,Other,Canada,12/15/2020,Yearly
s08143,Olivia Miller,23,Female,India,10/21/2022,Free
s08144,Aarav Anderson,42,Other,USA,1/25/2019,Yearly
s08145,Emma Sharma,28,Male,UK,9/14/2020,Monthly
s08146,Aarav Moore,27,Other,USA,3/20/2022,Yearly
s08147,Meera Johnson,24,Female,India,2/27/2021,Yearly
s08148,Vihaan Sharma,18,Female,India,1/11/2022,Monthly
s08149,Lucas Smith,20,Male,UK,3/3/2022,Free
s08150,Vihaan Brown,29,Male,USA,3/14/2021,Yearly
s08151,Arjun Johnson,50,Female,Australia,8/9/2021,Monthly
s08152,Ethan Clark,20,Other,Canada,6/1/2021,Free
s08153,Noah Smith,24,Other,Australia,9/13/2020,Monthly
s08154,Aanya Clark,24,Male,Australia,3/30/2019,Free
s08155,Emma Taylor,21,Female,USA,2/22/2019,Free
s08156,Liam Taylor,26,Male,Canada,12/14/2019,Monthly
s08157,Meera Davis,24,Female,UK,12/12/2020,Yearly
s08158,Mia Verma,38,Other,UK,6/4/2020,Monthly
s08159,Aarav Moore,26,Male,USA,1/11/2022,Monthly
s08160,Karan Johnson,18,Other,Canada,4/11/2019,Free
s08161,Meera Lewis,31,Male,India,10/21/2019,Monthly
s08162,Arjun Johnson,26,Other,Germany,11/10/2021,Free
s08163,Vihaan Moore,25,Female,India,5/16/2022,Free
s08164,Vihaan Patel,39,Female,India,4/21/2022,Yearly
s08165,Arjun Thomas,18,Female,India,11/16/2019,Monthly
s08166,Zara Lee,55,Male,USA,4/16/2022,Monthly
s08167,Benjamin Verma,25,Male,Canada,1/22/2019,Yearly
s08168,Karan Taylor,34,Other,India,10/8/2022,Monthly
s08169,Arjun Patel,32,Other,UK,7/29/2022,Yearly
s08170,Emma Walker,23,Male,India,4/5/2019,Yearly
s08171,Noah Johnson,36,Other,UK,3/19/2021,Free
s08172,Sophia Thomas,23,Male,Germany,8/6/2020,Yearly
s08173,Vihaan Wilson,41,Other,Australia,9/27/2019,Free
s08174,Lucas Hall,41,Female,India,11/8/2021,Yearly
s08175,Sophia Miller,20,Female,Germany,7/25/2021,Monthly
s08176,Eva Smith,25,Female,UK,9/17/2022,Yearly
s08177,Lucas Thomas,35,Male,Canada,8/15/2019,Monthly
s08178,Eva Sharma,31,Male,Germany,7/13/2020,Monthly
s08179,Zara Lee,23,Female,USA,4/20/2020,Yearly
s08180,Meera Miller,27,Female,UK,3/3/2022,Monthly
s08181,Amelia Smith,33,Male,UK,3/25/2021,Free
s08182,Isabella Moore,54,Female,Canada,5/3/2019,Yearly
s08183,Aanya Johnson,23,Other,USA,11/7/2021,Free
s08184,Vihaan Taylor,22,Male,India,6/22/2020,Monthly
s08185,Riya Brown,19,Female,Canada,7/22/2019,Monthly
s08186,Lucas Lee,34,Male,USA,3/15/2019,Monthly
s08187,Meera Sharma,24,Male,India,11/27/2022,Free
s08188,Zara Davis,24,Other,India,7/3/2022,Yearly
s08189,Emma Singh,40,Male,Australia,8/2/2022,Monthly
s08190,Aanya Miller,24,Male,UK,7/2/2020,Yearly
s08191,Liam Johnson,26,Male,Germany,9/19/2020,Yearly
s08192,Eva Lewis,24,Female,India,3/26/2022,Free
s08193,Aarav Patel,23,Male,Canada,4/7/2019,Free
s08194,Liam Smith,44,Male,UK,1/24/2022,Free
s08195,Arjun Martin,19,Male,Canada,6/6/2019,Free
s08196,Amelia Sharma,27,Other,USA,10/3/2022,Monthly
s08197,Emma Wilson,21,Female,UK,6/4/2019,Free
s08198,Karan Thomas,27,Other,Australia,11/29/2020,Free
s08199,Emma Singh,23,Female,Canada,6/12/2019,Monthly
s08200,Vihaan Verma,33,Male,USA,4/15/2019,Yearly
s08201,Liam Anderson,44,Female,Canada,2/8/2019,Free
s08202,Eva Walker,62,Female,Canada,8/7/2022,Yearly
s08203,Karan Johnson,38,Female,Germany,8/7/2019,Yearly
s08204,Emma Hall,19,Male,Canada,10/6/2021,Free
s08205,Liam Lewis,26,Other,Australia,10/29/2020,Monthly
s08206,Noah Sharma,25,Male,Canada,8/6/2021,Free
s08207,Ethan Moore,25,Other,India,10/31/2020,Free
s08208,Liam Clark,19,Other,Germany,9/25/2022,Free
s08209,Arjun Clark,46,Male,Germany,1/8/2022,Monthly
s08210,Aarav Anderson,19,Other,Australia,9/27/2019,Monthly
s08211,Meera Patel,25,Female,Canada,9/25/2021,Yearly
s08212,Benjamin Patel,22,Other,UK,6/19/2019,Free
s08213,Olivia Sharma,52,Other,UK,10/14/2020,Yearly
s08214,Aarav Walker,21,Other,USA,1/23/2019,Monthly
s08215,Emma Anderson,26,Male,Australia,11/26/2020,Free
s08216,Karan Sharma,64,Male,UK,11/5/2020,Monthly
s08217,Arjun Davis,47,Female,Australia,1/14/2022,Yearly
s08218,Vihaan Lewis,36,Female,Australia,12/19/2019,Free
s08219,Karan Martin,27,Other,Canada,3/16/2020,Free
s08220,Vihaan Singh,20,Other,India,5/15/2022,Free
s08221,Aarav Verma,52,Male,UK,9/26/2021,Free
s08222,Eva Miller,18,Male,Germany,4/12/2020,Monthly
s08223,Aarav Patel,39,Other,Germany,8/4/2020,Free
s08224,Karan Walker,25,Other,Australia,11/13/2021,Yearly
s08225,Arjun Brown,19,Female,Australia,4/10/2021,Monthly
s08226,Karan Moore,23,Male,India,12/7/2021,Free
s08227,Benjamin Martin,42,Other,USA,8/29/2020,Monthly
s08228,Eva Singh,24,Other,UK,4/6/2020,Yearly
s08229,Sophia Thomas,24,Male,Germany,2/13/2022,Yearly
s08230,Ethan Lee,18,Female,Australia,6/18/2022,Monthly
s08231,Aarav Brown,35,Other,Australia,6/11/2020,Free
s08232,Meera Brown,24,Female,USA,5/6/2019,Monthly
s08233,Noah Lee,26,Other,India,7/7/2022,Free
s08234,Noah Johnson,25,Other,Germany,9/25/2021,Free
s08235,Arjun Verma,20,Other,India,8/31/2020,Yearly
s08236,Amelia Wilson,21,Other,Germany,8/8/2020,Yearly
s08237,Sophia Wilson,47,Male,Germany,1/16/2021,Free
s08238,Lucas Martin,19,Female,UK,12/18/2020,Yearly
s08239,Aarav Lewis,25,Male,UK,3/9/2019,Monthly
s08240,Liam Moore,40,Female,Australia,5/9/2019,Yearly
s08241,Vihaan Moore,32,Other,Germany,4/11/2021,Monthly
s08242,Lucas Davis,27,Male,Australia,11/16/2021,Monthly
s08243,Aanya Martin,22,Other,Australia,9/27/2021,Yearly
s08244,Karan Sharma,25,Male,India,2/20/2021,Yearly
s08245,Riya Lewis,30,Male,Germany,2/8/2019,Monthly
s08246,Lucas Martin,18,Female,India,9/9/2020,Yearly
s08247,Aanya Lewis,20,Female,USA,4/30/2020,Free
s08248,Meera Clark,32,Male,USA,9/2/2019,Yearly
s08249,Karan Singh,50,Other,UK,11/22/2021,Monthly
s08250,Riya Johnson,23,Female,India,9/16/2020,Monthly
s08251,Vihaan Hall,32,Other,USA,3/8/2019,Yearly
s08252,Meera Lee,23,Other,India,7/12/2021,Monthly
s08253,Amelia Walker,19,Female,UK,10/13/2020,Monthly
s08254,Karan Johnson,23,Female,Germany,11/25/2020,Yearly
s08255,Lucas Brown,53,Female,Germany,9/4/2020,Free
s08256,Eva Martin,53,Female,Germany,9/27/2022,Monthly
s08257,Lucas Brown,39,Female,UK,6/29/2019,Monthly
s08258,Mia Sharma,44,Other,India,4/4/2022,Yearly
s08259,Arjun Miller,26,Other,UK,1/12/2021,Monthly
s08260,Liam Walker,19,Male,Germany,5/9/2021,Yearly
s08261,Meera Anderson,27,Other,Germany,6/19/2021,Free
s08262,Zara Miller,25,Other,Canada,1/16/2020,Free
s08263,Olivia Anderson,24,Male,USA,10/17/2022,Free
s08264,Isabella Miller,24,Female,USA,8/23/2020,Yearly
s08265,Eva Johnson,41,Other,India,1/16/2019,Yearly
s08266,Liam Clark,19,Male,Australia,11/22/2020,Monthly
s08267,Amelia Clark,27,Female,Germany,3/3/2019,Monthly
s08268,Emma Sharma,19,Male,USA,9/21/2019,Free
s08269,Vihaan Martin,22,Male,UK,6/6/2020,Monthly
s08270,Zara Walker,25,Other,USA,7/5/2019,Monthly
s08271,Aanya Miller,25,Other,Australia,5/23/2019,Yearly
s08272,Aanya Smith,23,Other,UK,11/12/2020,Yearly
s08273,Benjamin Sharma,20,Female,Australia,6/15/2022,Free
s08274,Sophia Hall,38,Female,Australia,5/3/2021,Yearly
s08275,Riya Martin,42,Female,UK,5/20/2021,Yearly
s08276,Lucas Verma,27,Male,India,3/20/2019,Yearly
s08277,Amelia Sharma,20,Other,USA,6/3/2022,Monthly
s08278,Arjun Davis,41,Male,Germany,3/21/2020,Free
s08279,Ethan Miller,41,Female,UK,11/19/2021,Yearly
s08280,Zara Clark,21,Female,India,1/2/2020,Free
s08281,Benjamin Verma,29,Female,USA,6/5/2022,Monthly
s08282,Aanya Sharma,24,Other,USA,7/17/2022,Free
s08283,Sophia Walker,22,Other,USA,11/1/2020,Free
s08284,Aanya Moore,18,Male,Australia,4/22/2022,Monthly
s08285,Eva Miller,21,Female,USA,11/7/2022,Monthly
s08286,Eva Clark,41,Male,Germany,7/7/2019,Monthly
s08287,Vihaan Sharma,24,Female,UK,9/19/2019,Monthly
s08288,Mia Sharma,61,Other,Canada,3/20/2020,Free
s08289,Isabella Lewis,21,Female,Canada,11/8/2021,Free
s08290,Mia Clark,41,Other,Canada,9/30/2019,Free
s08291,Meera Davis,60,Other,Australia,1/23/2022,Monthly
s08292,Amelia Verma,48,Other,Germany,12/20/2022,Free
s08293,Isabella Wilson,31,Male,Germany,12/24/2020,Monthly
s08294,Meera Verma,36,Other,UK,5/27/2022,Free
s08295,Ethan Verma,20,Male,India,7/17/2021,Monthly
s08296,Sophia Hall,37,Female,UK,8/12/2019,Free
s08297,Ethan Wilson,19,Other,Canada,10/12/2019,Free
s08298,Riya Lee,26,Other,Australia,4/23/2022,Monthly
s08299,Amelia Davis,20,Other,Germany,10/16/2022,Free
s08300,Mia Smith,22,Male,Canada,9/24/2020,Free
s08301,Riya Wilson,50,Male,Canada,9/12/2021,Monthly
s08302,Benjamin Johnson,59,Other,UK,3/12/2020,Monthly
s08303,Arjun Smith,37,Female,India,7/12/2019,Monthly
s08304,Zara Walker,20,Other,India,5/9/2021,Monthly
s08305,Aarav Lee,32,Female,USA,1/3/2019,Free
s08306,Zara Wilson,51,Female,India,10/13/2020,Free
s08307,Meera Anderson,28,Female,Canada,6/9/2020,Monthly
s08308,Liam Singh,22,Female,Canada,1/15/2020,Yearly
s08309,Aanya Thomas,44,Female,UK,7/3/2021,Monthly
s08310,Vihaan Brown,62,Female,India,11/30/2019,Free
s08311,Vihaan Miller,25,Male,USA,8/9/2022,Free
s08312,Aanya Martin,55,Other,USA,3/29/2022,Monthly
s08313,Liam Patel,18,Female,USA,10/26/2019,Monthly
s08314,Vihaan Taylor,20,Other,Canada,11/14/2021,Yearly
s08315,Meera Singh,27,Female,Germany,2/15/2022,Monthly
s08316,Isabella Thomas,27,Male,UK,1/26/2021,Free
s08317,Lucas Wilson,67,Other,USA,8/20/2022,Yearly
s08318,Arjun Davis,27,Male,India,2/16/2021,Monthly
s08319,Emma Wilson,33,Other,Germany,6/10/2021,Free
s08320,Zara Smith,23,Female,UK,3/31/2019,Yearly
s08321,Karan Davis,27,Male,Germany,11/19/2022,Yearly
s08322,Olivia Sharma,21,Male,Germany,4/23/2020,Yearly
s08323,Emma Moore,26,Other,Germany,10/26/2022,Yearly
s08324,Riya Clark,36,Female,Canada,6/6/2019,Monthly
s08325,Vihaan Miller,23,Other,Australia,10/28/2022,Monthly
s08326,Vihaan Wilson,51,Other,India,1/1/2019,Yearly
s08327,Riya Lewis,38,Female,USA,8/6/2019,Monthly
s08328,Emma Smith,23,Female,Germany,4/18/2020,Monthly
s08329,Isabella Wilson,31,Female,UK,1/6/2022,Yearly
s08330,Amelia Taylor,19,Male,Canada,3/13/2021,Yearly
s08331,Benjamin Hall,54,Other,Canada,1/17/2021,Yearly
s08332,Aanya Singh,25,Female,UK,11/17/2021,Monthly
s08333,Isabella Anderson,21,Male,India,12/6/2021,Monthly
s08334,Isabella Patel,21,Male,UK,3/22/2022,Free
s08335,Benjamin Brown,18,Other,Canada,3/11/2021,Yearly
s08336,Riya Taylor,24,Other,USA,3/20/2020,Yearly
s08337,Amelia Thomas,19,Other,Canada,8/11/2019,Free
s08338,Karan Hall,29,Male,Canada,8/10/2022,Free
s08339,Noah Miller,24,Female,Canada,11/21/2021,Free
s08340,Olivia Moore,45,Female,Germany,8/25/2019,Free
s08341,Amelia Hall,26,Male,India,2/27/2021,Free
s08342,Liam Martin,34,Female,Germany,2/2/2021,Free
s08343,Isabella Brown,38,Female,Canada,2/27/2021,Monthly
s08344,Eva Miller,38,Other,Australia,12/7/2021,Yearly
s08345,Zara Lee,32,Other,USA,1/11/2022,Yearly
s08346,Eva Martin,47,Male,USA,12/14/2019,Monthly
s08347,Aanya Verma,29,Female,India,4/7/2022,Monthly
s08348,Lucas Taylor,25,Other,India,11/15/2020,Monthly
s08349,Vihaan Lee,41,Female,India,10/25/2020,Free
s08350,Olivia Taylor,25,Other,Germany,9/27/2022,Free
s08351,Riya Davis,25,Female,Germany,10/22/2022,Free
s08352,Zara Anderson,27,Male,Germany,1/21/2021,Monthly
s08353,Lucas Singh,23,Male,Australia,2/11/2019,Free
s08354,Olivia Verma,40,Male,Canada,9/26/2020,Yearly
s08355,Arjun Sharma,22,Female,India,8/27/2021,Free
s08356,Noah Davis,26,Female,Australia,9/27/2021,Free
s08357,Lucas Clark,28,Female,USA,7/23/2019,Yearly
s08358,Ethan Hall,21,Male,UK,8/3/2021,Yearly
s08359,Ethan Walker,43,Male,Australia,12/3/2022,Monthly
s08360,Aanya Verma,24,Male,India,7/15/2019,Monthly
s08361,Arjun Lee,25,Other,Australia,1/30/2021,Free
s08362,Noah Smith,20,Male,India,8/1/2022,Monthly
s08363,Ethan Brown,46,Other,Germany,7/11/2022,Free
s08364,Aanya Taylor,27,Male,UK,7/31/2022,Monthly
s08365,Liam Johnson,21,Other,Australia,8/21/2021,Monthly
s08366,Meera Hall,55,Male,India,3/30/2019,Yearly
s08367,Lucas Thomas,25,Male,India,10/4/2020,Free
s08368,Sophia Patel,24,Other,India,3/24/2020,Free
s08369,Sophia Patel,25,Other,India,5/19/2020,Yearly
s08370,Eva Lee,27,Other,UK,2/16/2019,Monthly
s08371,Amelia Taylor,19,Male,Germany,7/17/2019,Yearly
s08372,Meera Taylor,19,Male,UK,7/27/2021,Yearly
s08373,Meera Davis,39,Female,Germany,5/21/2022,Free
s08374,Sophia Hall,22,Male,USA,2/16/2020,Monthly
s08375,Emma Wilson,18,Other,UK,8/16/2019,Monthly
s08376,Eva Clark,28,Female,Canada,8/13/2020,Free
s08377,Meera Walker,47,Female,USA,12/29/2020,Free
s08378,Meera Patel,26,Other,Canada,7/5/2020,Yearly
s08379,Zara Walker,63,Other,Australia,12/1/2021,Free
s08380,Liam Johnson,43,Male,Australia,12/1/2019,Monthly
s08381,Mia Smith,31,Male,USA,4/18/2020,Monthly
s08382,Sophia Sharma,23,Male,Australia,6/28/2020,Monthly
s08383,Lucas Clark,27,Other,Canada,1/20/2020,Monthly
s08384,Vihaan Brown,37,Female,Australia,12/8/2021,Monthly
s08385,Benjamin Singh,56,Female,Germany,4/26/2019,Yearly
s08386,Olivia Patel,41,Other,India,2/9/2021,Free
s08387,Arjun Anderson,50,Other,Germany,2/10/2022,Free
s08388,Karan Miller,49,Female,USA,6/13/2019,Monthly
s08389,Eva Anderson,44,Male,India,3/8/2019,Free
s08390,Riya Johnson,22,Other,USA,1/15/2022,Monthly
s08391,Sophia Davis,23,Female,India,10/23/2022,Free
s08392,Meera Sharma,29,Other,Germany,8/26/2021,Yearly
s08393,Aanya Clark,42,Male,India,9/25/2020,Monthly
s08394,Mia Patel,24,Other,Australia,5/31/2022,Monthly
s08395,Noah Davis,32,Male,UK,8/13/2022,Monthly
s08396,Benjamin Wilson,19,Female,Germany,12/1/2020,Free
s08397,Karan Lee,29,Male,UK,10/30/2022,Yearly
s08398,Zara Miller,30,Female,UK,4/14/2022,Yearly
s08399,Benjamin Hall,28,Female,Canada,1/28/2021,Yearly
s08400,Isabella Lewis,67,Female,UK,12/16/2022,Yearly
s08401,Emma Sharma,18,Female,USA,1/4/2021,Free
s08402,Zara Anderson,35,Male,Australia,11/18/2022,Yearly
s08403,Riya Johnson,26,Female,USA,6/19/2021,Yearly
s08404,Isabella Brown,53,Male,USA,9/2/2019,Yearly
s08405,Eva Hall,46,Female,India,10/20/2022,Monthly
s08406,Vihaan Sharma,35,Female,Australia,7/30/2020,Monthly
s08407,Noah Thomas,30,Other,Canada,10/9/2021,Yearly
s08408,Arjun Wilson,18,Male,Germany,11/13/2020,Yearly
s08409,Aanya Johnson,20,Male,USA,3/20/2022,Free
s08410,Arjun Brown,25,Female,Canada,9/29/2019,Free
s08411,Vihaan Lewis,18,Other,Australia,7/23/2019,Free
s08412,Isabella Brown,47,Female,USA,4/3/2020,Monthly
s08413,Amelia Miller,33,Female,Australia,11/12/2022,Free
s08414,Eva Moore,29,Male,Australia,1/8/2022,Yearly
s08415,Isabella Wilson,24,Other,Australia,3/10/2022,Free
s08416,Arjun Miller,25,Other,Germany,9/9/2022,Free
s08417,Eva Smith,21,Male,Canada,5/21/2019,Monthly
s08418,Sophia Moore,20,Male,Germany,3/2/2022,Yearly
s08419,Ethan Thomas,25,Male,USA,6/27/2022,Monthly
s08420,Emma Brown,50,Other,Australia,4/28/2020,Free
s08421,Riya Clark,41,Female,India,10/19/2022,Monthly
s08422,Lucas Anderson,38,Other,Australia,3/12/2019,Free
s08423,Ethan Hall,24,Other,USA,5/24/2020,Monthly
s08424,Amelia Hall,22,Male,Canada,1/27/2020,Free
s08425,Riya Lewis,25,Male,Germany,10/24/2020,Free
s08426,Lucas Hall,21,Male,Australia,5/26/2022,Free
s08427,Emma Davis,20,Male,UK,4/17/2022,Yearly
s08428,Aarav Walker,21,Other,UK,5/26/2020,Monthly
s08429,Liam Walker,37,Other,Germany,8/26/2022,Free
s08430,Isabella Martin,39,Female,USA,1/3/2019,Yearly
s08431,Aanya Patel,42,Other,Australia,3/13/2021,Free
s08432,Olivia Clark,27,Female,India,10/20/2022,Monthly
s08433,Olivia Martin,19,Other,India,12/29/2021,Yearly
s08434,Isabella Anderson,22,Male,USA,5/25/2019,Yearly
s08435,Sophia Anderson,26,Other,Canada,3/27/2020,Monthly
s08436,Mia Singh,31,Female,Germany,5/6/2019,Monthly
s08437,Karan Verma,32,Female,Australia,5/14/2021,Monthly
s08438,Amelia Verma,19,Other,USA,5/1/2019,Free
s08439,Lucas Anderson,19,Female,Australia,7/14/2019,Free
s08440,Olivia Clark,26,Female,India,9/13/2021,Yearly
s08441,Aarav Hall,21,Male,India,5/14/2021,Monthly
s08442,Benjamin Walker,40,Male,UK,10/24/2022,Free
s08443,Noah Anderson,33,Female,Canada,9/12/2022,Monthly
s08444,Emma Clark,19,Female,UK,4/28/2022,Monthly
s08445,Noah Sharma,23,Other,Germany,8/10/2021,Monthly
s08446,Amelia Anderson,44,Other,Canada,2/22/2020,Monthly
s08447,Aarav Verma,46,Other,Australia,5/16/2022,Free
s08448,Karan Anderson,26,Male,USA,2/18/2019,Monthly
s08449,Arjun Sharma,25,Female,Germany,9/27/2019,Yearly
s08450,Arjun Hall,47,Male,Germany,4/7/2021,Yearly
s08451,Olivia Brown,44,Male,UK,6/22/2020,Monthly
s08452,Arjun Verma,46,Male,Canada,9/8/2020,Yearly
s08453,Zara Patel,59,Female,India,3/24/2021,Free
s08454,Lucas Miller,25,Other,India,3/10/2020,Free
s08455,Lucas Singh,46,Female,Germany,5/27/2021,Monthly
s08456,Vihaan Thomas,64,Other,UK,3/13/2020,Free
s08457,Karan Taylor,19,Male,UK,3/21/2021,Yearly
s08458,Isabella Clark,22,Male,Australia,4/20/2022,Free
s08459,Olivia Wilson,23,Male,India,7/2/2021,Free
s08460,Aanya Brown,30,Male,USA,10/14/2020,Free
s08461,Emma Anderson,21,Female,Australia,10/20/2020,Yearly
s08462,Aarav Clark,20,Male,UK,4/26/2019,Yearly
s08463,Aarav Lee,29,Other,Australia,4/17/2019,Free
s08464,Mia Martin,43,Other,Canada,7/26/2022,Yearly
s08465,Emma Johnson,21,Male,UK,5/5/2022,Monthly
s08466,Liam Sharma,27,Female,USA,3/3/2020,Free
s08467,Noah Wilson,49,Female,India,5/22/2020,Free
s08468,Eva Martin,22,Male,Australia,10/4/2019,Free
s08469,Aarav Taylor,43,Male,Australia,6/11/2022,Yearly
s08470,Benjamin Davis,35,Female,Germany,1/30/2019,Yearly
s08471,Arjun Martin,18,Female,Germany,4/23/2022,Free
s08472,Lucas Singh,29,Other,India,6/23/2021,Free
s08473,Noah Clark,67,Female,Germany,8/24/2020,Yearly
s08474,Aanya Thomas,52,Male,Germany,4/28/2022,Free
s08475,Amelia Walker,21,Female,Germany,3/27/2021,Yearly
s08476,Riya Clark,24,Female,India,2/24/2020,Monthly
s08477,Zara Singh,25,Male,India,3/20/2022,Free
s08478,Zara Clark,33,Other,Germany,12/20/2022,Yearly
s08479,Noah Singh,20,Male,Canada,10/17/2019,Yearly
s08480,Emma Hall,61,Male,Australia,8/9/2020,Monthly
s08481,Amelia Miller,35,Female,UK,1/26/2021,Yearly
s08482,Olivia Taylor,23,Other,Canada,11/26/2020,Free
s08483,Arjun Clark,41,Female,India,10/17/2019,Monthly
s08484,Sophia Singh,21,Other,India,11/29/2019,Free
s08485,Emma Thomas,46,Male,Germany,9/1/2021,Free
s08486,Zara Davis,20,Other,USA,7/16/2019,Free
s08487,Meera Patel,60,Male,Germany,1/6/2021,Yearly
s08488,Vihaan Brown,49,Male,Germany,2/5/2021,Free
s08489,Meera Taylor,18,Male,USA,6/30/2021,Yearly
s08490,Mia Clark,35,Other,USA,12/31/2020,Monthly
s08491,Emma Lewis,38,Other,USA,4/19/2019,Yearly
s08492,Lucas Davis,32,Male,UK,7/24/2021,Yearly
s08493,Aarav Singh,48,Female,Germany,11/17/2020,Free
s08494,Aarav Brown,34,Male,Canada,2/6/2019,Yearly
s08495,Karan Thomas,22,Female,UK,5/17/2019,Yearly
s08496,Arjun Wilson,27,Male,UK,9/17/2021,Monthly
s08497,Eva Lewis,60,Female,Germany,2/12/2019,Monthly
s08498,Ethan Taylor,28,Male,Australia,4/27/2022,Monthly
s08499,Lucas Walker,22,Other,Canada,12/25/2022,Monthly
s08500,Ethan Singh,26,Male,India,7/31/2019,Monthly
s08501,Aarav Lewis,23,Other,India,8/17/2021,Yearly
s08502,Noah Verma,40,Other,Australia,10/23/2019,Free
s08503,Arjun Smith,24,Other,USA,9/14/2020,Yearly
s08504,Isabella Hall,20,Male,Canada,1/30/2022,Yearly
s08505,Amelia Thomas,27,Female,Canada,6/5/2022,Free
s08506,Isabella Lee,23,Male,India,7/26/2020,Free
s08507,Isabella Clark,27,Female,Germany,6/20/2021,Yearly
s08508,Sophia Verma,35,Female,UK,2/5/2020,Yearly
s08509,Mia Verma,36,Other,India,4/23/2020,Monthly
s08510,Sophia Sharma,45,Other,Australia,9/30/2022,Free
s08511,Benjamin Anderson,24,Female,India,12/30/2020,Monthly
s08512,Vihaan Wilson,34,Male,Australia,9/9/2019,Free
s08513,Karan Hall,31,Other,Germany,4/19/2020,Monthly
s08514,Sophia Brown,21,Male,India,8/6/2022,Yearly
s08515,Noah Wilson,22,Male,USA,8/14/2022,Free
s08516,Liam Moore,25,Male,Germany,4/16/2022,Monthly
s08517,Noah Smith,23,Male,Canada,7/22/2019,Yearly
s08518,Emma Lee,21,Male,USA,10/13/2019,Free
s08519,Liam Moore,66,Other,India,7/30/2020,Free
s08520,Noah Patel,55,Other,UK,3/10/2022,Free
s08521,Lucas Brown,27,Male,USA,8/25/2022,Monthly
s08522,Ethan Sharma,25,Female,India,10/24/2021,Yearly
s08523,Isabella Lee,21,Male,India,12/10/2022,Yearly
s08524,Amelia Hall,30,Male,Canada,10/3/2019,Yearly
s08525,Vihaan Thomas,24,Other,Australia,3/6/2021,Monthly
s08526,Ethan Lewis,23,Male,USA,10/3/2021,Monthly
s08527,Aanya Moore,41,Male,USA,1/4/2019,Monthly
s08528,Meera Hall,23,Female,UK,4/14/2022,Free
s08529,Noah Thomas,66,Male,Australia,1/17/2022,Free
s08530,Sophia Sharma,35,Male,UK,4/16/2021,Yearly
s08531,Karan Martin,23,Other,USA,6/12/2022,Yearly
s08532,Riya Clark,21,Other,Australia,2/21/2019,Free
s08533,Ethan Miller,26,Male,USA,7/8/2022,Monthly
s08534,Ethan Verma,50,Female,USA,6/1/2020,Free
s08535,Meera Lee,27,Female,Germany,6/12/2020,Free
s08536,Liam Davis,24,Other,Australia,12/10/2022,Yearly
s08537,Sophia Martin,26,Other,Australia,6/16/2021,Free
s08538,Karan Brown,42,Other,Australia,6/2/2021,Monthly
s08539,Riya Taylor,18,Male,UK,8/19/2020,Yearly
s08540,Zara Lewis,26,Other,India,11/5/2021,Yearly
s08541,Liam Walker,19,Male,Australia,6/1/2022,Monthly
s08542,Emma Walker,19,Male,Canada,1/16/2021,Free
s08543,Karan Lewis,18,Male,UK,12/24/2022,Free
s08544,Amelia Moore,26,Other,UK,7/6/2019,Yearly
s08545,Liam Walker,26,Male,Germany,9/19/2022,Monthly
s08546,Ethan Johnson,42,Male,Germany,8/14/2022,Monthly
s08547,Riya Sharma,19,Female,Australia,5/29/2021,Yearly
s08548,Amelia Clark,18,Female,Germany,11/5/2022,Free
s08549,Zara Davis,23,Female,USA,1/24/2022,Monthly
s08550,Karan Johnson,26,Female,USA,2/23/2020,Monthly
s08551,Olivia Patel,45,Female,Germany,10/25/2020,Monthly
s08552,Noah Smith,26,Male,UK,6/15/2022,Free
s08553,Ethan Patel,48,Female,UK,11/3/2019,Yearly
s08554,Meera Johnson,21,Male,Australia,12/8/2019,Monthly
s08555,Noah Taylor,26,Other,Australia,4/18/2021,Free
s08556,Vihaan Clark,25,Male,Canada,12/11/2019,Yearly
s08557,Mia Davis,25,Male,USA,11/22/2022,Monthly
s08558,Liam Brown,33,Other,Australia,4/4/2020,Yearly
s08559,Aanya Davis,18,Male,USA,1/23/2019,Free
s08560,Amelia Lewis,25,Female,Canada,6/30/2020,Yearly
s08561,Emma Lewis,33,Female,USA,10/9/2019,Free
s08562,Noah Patel,27,Female,USA,1/3/2021,Free
s08563,Sophia Clark,19,Male,UK,7/1/2019,Free
s08564,Ethan Sharma,23,Female,India,12/11/2021,Free
s08565,Vihaan Moore,26,Other,India,11/8/2019,Yearly
s08566,Ethan Sharma,18,Other,UK,4/2/2019,Free
s08567,Mia Walker,26,Male,Germany,6/24/2020,Free
s08568,Emma Thomas,26,Female,Canada,1/2/2020,Yearly
s08569,Zara Smith,34,Female,Canada,12/12/2021,Monthly
s08570,Mia Smith,27,Female,USA,4/20/2021,Monthly
s08571,Aarav Patel,26,Male,Australia,3/2/2021,Yearly
s08572,Zara Patel,22,Female,Germany,12/10/2022,Monthly
s08573,Liam Patel,45,Male,Germany,6/9/2021,Free
s08574,Vihaan Taylor,51,Male,USA,7/14/2021,Free
s08575,Meera Sharma,21,Male,USA,3/9/2021,Free
s08576,Meera Anderson,19,Male,USA,1/25/2020,Monthly
s08577,Emma Brown,20,Female,Australia,2/17/2022,Monthly
s08578,Olivia Brown,18,Male,USA,9/1/2022,Yearly
s08579,Arjun Smith,35,Other,USA,4/3/2019,Monthly
s08580,Vihaan Hall,19,Other,Australia,12/17/2022,Free
s08581,Aarav Johnson,18,Female,Germany,6/30/2019,Monthly
s08582,Eva Walker,27,Female,India,2/10/2021,Free
s08583,Olivia Clark,43,Male,Canada,9/6/2019,Yearly
s08584,Lucas Singh,26,Female,India,3/3/2020,Yearly
s08585,Olivia Walker,25,Male,USA,10/2/2021,Monthly
s08586,Riya Hall,37,Other,Canada,12/8/2019,Yearly
s08587,Eva Brown,32,Male,India,5/27/2019,Yearly
s08588,Vihaan Singh,18,Female,Canada,12/24/2019,Free
s08589,Aanya Sharma,39,Other,USA,3/23/2021,Monthly
s08590,Aarav Martin,23,Male,Australia,5/5/2022,Yearly
s08591,Amelia Thomas,20,Female,India,8/4/2020,Yearly
s08592,Zara Walker,18,Other,Germany,3/22/2021,Yearly
s08593,Karan Lee,24,Female,Australia,10/12/2021,Yearly
s08594,Emma Wilson,31,Other,Australia,5/22/2019,Monthly
s08595,Aarav Martin,23,Other,Germany,11/18/2020,Free
s08596,Olivia Martin,21,Other,UK,8/6/2021,Free
s08597,Arjun Wilson,27,Other,Germany,9/7/2021,Yearly
s08598,Zara Lee,48,Other,USA,2/19/2022,Monthly
s08599,Amelia Wilson,49,Male,Canada,6/11/2022,Yearly
s08600,Zara Wilson,31,Other,UK,1/4/2022,Monthly
s08601,Mia Davis,19,Other,Canada,5/1/2020,Monthly
s08602,Liam Lewis,18,Other,UK,7/3/2020,Monthly
s08603,Liam Clark,23,Other,Australia,3/17/2021,Yearly
s08604,Eva Singh,46,Other,Australia,9/22/2022,Monthly
s08605,Mia Smith,24,Female,Australia,8/15/2020,Yearly
s08606,Eva Singh,24,Male,USA,4/13/2019,Monthly
s08607,Ethan Taylor,31,Female,India,5/3/2021,Yearly
s08608,Zara Martin,44,Female,USA,8/19/2020,Monthly
s08609,Aarav Taylor,28,Female,Australia,6/28/2021,Monthly
s08610,Ethan Walker,24,Male,Australia,2/27/2022,Free
s08611,Ethan Lewis,24,Female,Australia,9/23/2021,Yearly
s08612,Noah Hall,52,Female,USA,3/13/2021,Yearly
s08613,Zara Martin,41,Male,USA,9/19/2020,Free
s08614,Riya Sharma,19,Other,UK,5/1/2020,Yearly
s08615,Noah Davis,23,Female,Australia,3/17/2021,Monthly
s08616,Aanya Smith,45,Male,UK,2/27/2019,Free
s08617,Zara Brown,26,Female,Australia,12/23/2021,Yearly
s08618,Aarav Walker,33,Other,UK,12/25/2019,Monthly
s08619,Ethan Taylor,22,Female,USA,7/28/2022,Free
s08620,Isabella Thomas,21,Male,India,3/28/2022,Yearly
s08621,Liam Walker,19,Other,Australia,4/8/2022,Free
s08622,Riya Brown,25,Other,Australia,4/21/2022,Free
s08623,Noah Moore,27,Other,India,4/28/2020,Free
s08624,Aanya Clark,30,Male,Australia,12/13/2020,Yearly
s08625,Isabella Patel,20,Female,India,2/23/2020,Monthly
s08626,Sophia Martin,43,Male,Canada,9/20/2019,Free
s08627,Mia Lewis,26,Female,USA,1/20/2022,Yearly
s08628,Aarav Lee,31,Male,USA,3/21/2021,Yearly
s08629,Zara Clark,43,Other,Canada,2/22/2020,Monthly
s08630,Aanya Clark,38,Female,Australia,4/12/2019,Monthly
s08631,Eva Hall,47,Male,India,5/15/2021,Free
s08632,Lucas Moore,26,Other,India,10/25/2021,Yearly
s08633,Amelia Clark,35,Other,UK,1/30/2021,Monthly
s08634,Eva Martin,23,Male,Canada,5/20/2019,Yearly
s08635,Aanya Taylor,34,Female,Germany,7/19/2022,Yearly
s08636,Arjun Sharma,32,Other,USA,12/30/2020,Monthly
s08637,Meera Verma,36,Female,USA,12/21/2020,Yearly
s08638,Liam Johnson,21,Other,Australia,12/24/2021,Yearly
s08639,Aarav Wilson,21,Male,Germany,3/6/2020,Yearly
s08640,Meera Sharma,36,Other,Germany,6/23/2021,Yearly
s08641,Aanya Verma,33,Female,Canada,5/29/2021,Monthly
s08642,Zara Patel,45,Female,UK,5/24/2022,Free
s08643,Benjamin Hall,18,Male,UK,6/27/2022,Free
s08644,Riya Thomas,30,Female,USA,5/23/2022,Monthly
s08645,Aarav Lee,25,Female,USA,4/3/2019,Yearly
s08646,Zara Brown,21,Female,India,3/29/2019,Yearly
s08647,Aanya Singh,47,Male,India,10/27/2021,Monthly
s08648,Zara Lee,20,Female,Australia,2/1/2020,Yearly
s08649,Riya Johnson,29,Other,Germany,2/25/2021,Free
s08650,Noah Clark,23,Other,USA,4/12/2020,Free
s08651,Mia Miller,26,Other,Australia,7/31/2021,Monthly
s08652,Benjamin Verma,33,Female,USA,1/28/2020,Free
s08653,Lucas Miller,64,Other,UK,7/5/2019,Monthly
s08654,Karan Davis,61,Other,USA,3/9/2019,Monthly
s08655,Lucas Brown,18,Female,Australia,2/21/2020,Yearly
s08656,Meera Verma,26,Female,Canada,10/30/2021,Yearly
s08657,Riya Brown,24,Male,USA,2/6/2022,Monthly
s08658,Vihaan Lewis,33,Other,USA,11/8/2019,Yearly
s08659,Karan Verma,23,Female,Canada,8/14/2020,Yearly
s08660,Emma Verma,22,Female,Australia,2/12/2021,Monthly
s08661,Zara Moore,41,Male,USA,4/18/2020,Yearly
s08662,Olivia Verma,24,Female,Germany,1/16/2019,Monthly
s08663,Amelia Thomas,26,Female,UK,12/18/2020,Free
s08664,Karan Lewis,40,Female,UK,11/2/2020,Free
s08665,Vihaan Wilson,22,Other,Australia,1/2/2020,Monthly
s08666,Noah Verma,21,Other,Canada,1/12/2021,Yearly
s08667,Emma Wilson,38,Female,Australia,8/25/2021,Yearly
s08668,Karan Singh,33,Other,India,7/30/2019,Yearly
s08669,Mia Anderson,60,Other,India,9/15/2021,Yearly
s08670,Lucas Davis,43,Other,Canada,7/9/2020,Yearly
s08671,Amelia Verma,42,Female,Australia,6/9/2019,Monthly
s08672,Olivia Wilson,26,Female,USA,11/4/2022,Free
s08673,Karan Anderson,19,Other,Canada,6/21/2020,Monthly
s08674,Olivia Taylor,43,Male,Australia,9/1/2020,Yearly
s08675,Meera Davis,19,Male,Australia,11/12/2022,Yearly
s08676,Benjamin Walker,25,Male,Canada,1/29/2021,Free
s08677,Vihaan Taylor,27,Female,Germany,3/18/2022,Monthly
s08678,Noah Lewis,48,Female,Australia,1/27/2021,Monthly
s08679,Mia Patel,66,Male,USA,2/3/2020,Free
s08680,Ethan Smith,65,Male,Australia,1/14/2022,Monthly
s08681,Vihaan Anderson,28,Other,Canada,10/22/2021,Yearly
s08682,Aarav Patel,37,Male,India,10/7/2022,Yearly
s08683,Sophia Lee,61,Female,USA,4/30/2019,Free
s08684,Aarav Walker,19,Male,Germany,10/22/2022,Free
s08685,Arjun Lee,42,Other,Canada,5/12/2022,Monthly
s08686,Mia Davis,43,Other,USA,1/5/2019,Yearly
s08687,Olivia Lewis,40,Other,Canada,11/28/2022,Free
s08688,Riya Anderson,25,Male,India,1/29/2021,Yearly
s08689,Mia Singh,23,Other,Canada,4/4/2022,Monthly
s08690,Aarav Brown,19,Other,Australia,5/12/2021,Monthly
s08691,Aanya Anderson,26,Male,Australia,6/7/2022,Monthly
s08692,Benjamin Smith,46,Male,Canada,1/23/2022,Free
s08693,Amelia Johnson,24,Other,India,8/7/2019,Monthly
s08694,Eva Singh,39,Female,USA,10/4/2020,Yearly
s08695,Eva Brown,25,Other,India,1/19/2022,Yearly
s08696,Sophia Miller,25,Other,UK,1/16/2021,Free
s08697,Vihaan Smith,22,Other,Canada,6/18/2019,Yearly
s08698,Ethan Martin,28,Other,UK,9/2/2021,Monthly
s08699,Mia Taylor,33,Male,USA,2/23/2020,Yearly
s08700,Isabella Clark,19,Other,Canada,1/12/2019,Free
s08701,Karan Hall,61,Other,India,6/25/2019,Free
s08702,Karan Moore,20,Male,India,7/29/2020,Monthly
s08703,Amelia Thomas,53,Other,Germany,11/13/2020,Monthly
s08704,Vihaan Clark,44,Male,Australia,6/19/2022,Monthly
s08705,Riya Anderson,24,Female,Canada,12/19/2022,Monthly
s08706,Meera Lewis,25,Male,India,4/27/2019,Yearly
s08707,Riya Walker,21,Other,UK,8/4/2019,Yearly
s08708,Aanya Brown,18,Female,Germany,1/1/2021,Free
s08709,Aanya Singh,18,Male,Canada,3/14/2019,Yearly
s08710,Aanya Patel,52,Male,India,11/21/2019,Monthly
s08711,Sophia Walker,59,Female,USA,1/13/2021,Monthly
s08712,Lucas Wilson,19,Other,Australia,10/22/2019,Yearly
s08713,Benjamin Davis,25,Other,India,1/3/2019,Yearly
s08714,Meera Miller,41,Other,USA,10/21/2021,Yearly
s08715,Liam Taylor,27,Other,Australia,3/7/2020,Yearly
s08716,Aanya Walker,22,Male,Germany,4/22/2020,Monthly
s08717,Zara Verma,22,Other,Canada,3/24/2022,Free
s08718,Arjun Moore,34,Female,Australia,8/20/2019,Free
s08719,Aanya Moore,21,Other,Germany,9/6/2019,Monthly
s08720,Vihaan Moore,46,Female,USA,4/13/2021,Monthly
s08721,Ethan Martin,22,Male,UK,7/15/2022,Monthly
s08722,Sophia Hall,42,Other,Australia,11/15/2022,Monthly
s08723,Meera Walker,36,Male,India,11/18/2019,Free
s08724,Aarav Taylor,26,Other,Australia,4/3/2021,Yearly
s08725,Vihaan Brown,57,Other,Canada,11/21/2019,Free
s08726,Zara Lee,38,Other,UK,12/15/2020,Free
s08727,Noah Miller,25,Male,UK,3/3/2019,Free
s08728,Meera Johnson,40,Male,USA,9/24/2022,Monthly
s08729,Noah Moore,21,Male,India,5/11/2022,Monthly
s08730,Emma Miller,19,Male,USA,11/12/2020,Free
s08731,Sophia Anderson,40,Other,Australia,4/29/2020,Free
s08732,Benjamin Walker,19,Other,Australia,10/15/2019,Monthly
s08733,Olivia Singh,25,Male,Germany,5/22/2022,Monthly
s08734,Mia Patel,44,Female,USA,9/26/2020,Yearly
s08735,Amelia Lee,25,Male,Germany,5/29/2022,Free
s08736,Vihaan Anderson,25,Male,Canada,12/8/2020,Free
s08737,Benjamin Wilson,28,Other,Canada,6/26/2019,Yearly
s08738,Benjamin Brown,31,Male,Canada,9/13/2022,Yearly
s08739,Noah Patel,21,Female,Germany,2/13/2022,Free
s08740,Emma Clark,27,Male,Germany,9/23/2021,Free
s08741,Amelia Anderson,35,Female,India,2/22/2021,Monthly
s08742,Olivia Sharma,20,Female,Germany,9/4/2020,Yearly
s08743,Vihaan Johnson,42,Other,Canada,1/13/2020,Yearly
s08744,Arjun Miller,26,Other,USA,10/7/2022,Free
s08745,Riya Wilson,22,Other,Canada,12/18/2022,Monthly
s08746,Olivia Davis,21,Female,Germany,3/14/2021,Monthly
s08747,Aarav Clark,18,Female,Germany,10/12/2019,Monthly
s08748,Amelia Lee,24,Male,UK,8/3/2021,Yearly
s08749,Lucas Wilson,45,Male,Germany,6/25/2021,Monthly
s08750,Aanya Lee,23,Female,UK,4/28/2020,Free
s08751,Olivia Anderson,36,Male,Canada,9/10/2019,Free
s08752,Eva Patel,19,Other,Australia,8/21/2022,Yearly
s08753,Sophia Brown,23,Male,India,5/24/2022,Free
s08754,Aarav Brown,22,Female,USA,9/11/2019,Monthly
s08755,Arjun Verma,24,Other,Canada,6/27/2020,Monthly
s08756,Aanya Taylor,20,Male,Australia,8/23/2021,Monthly
s08757,Riya Thomas,21,Other,Canada,9/26/2022,Monthly
s08758,Ethan Lee,43,Other,Germany,8/15/2021,Yearly
s08759,Isabella Smith,21,Other,USA,2/10/2019,Monthly
s08760,Sophia Taylor,24,Other,India,7/25/2020,Yearly
s08761,Zara Miller,18,Other,Germany,9/22/2022,Yearly
s08762,Mia Thomas,25,Other,UK,7/12/2021,Yearly
s08763,Vihaan Anderson,25,Female,India,9/25/2021,Free
s08764,Liam Davis,20,Female,Canada,8/30/2019,Free
s08765,Mia Taylor,29,Male,USA,6/26/2021,Yearly
s08766,Lucas Wilson,19,Female,India,3/13/2019,Monthly
s08767,Benjamin Martin,32,Other,Germany,10/16/2019,Yearly
s08768,Eva Sharma,51,Male,Canada,6/27/2020,Yearly
s08769,Olivia Moore,58,Other,USA,1/1/2022,Free
s08770,Olivia Brown,28,Other,USA,6/29/2022,Yearly
s08771,Olivia Lee,26,Male,Germany,2/3/2022,Free
s08772,Sophia Miller,20,Male,India,3/27/2020,Yearly
s08773,Aarav Thomas,19,Other,UK,3/24/2021,Free
s08774,Olivia Singh,60,Other,Germany,5/2/2019,Free
s08775,Amelia Johnson,46,Male,USA,8/27/2020,Monthly
s08776,Aarav Walker,19,Male,Canada,9/24/2019,Monthly
s08777,Eva Sharma,46,Female,Australia,9/18/2019,Yearly
s08778,Olivia Singh,26,Other,Germany,4/11/2019,Monthly
s08779,Emma Davis,32,Male,India,7/1/2020,Free
s08780,Meera Davis,23,Other,Canada,1/25/2019,Free
s08781,Olivia Miller,18,Female,Australia,10/16/2022,Monthly
s08782,Emma Miller,26,Male,UK,4/19/2022,Yearly
s08783,Aanya Miller,20,Male,Canada,1/16/2021,Free
s08784,Meera Lee,23,Other,USA,9/30/2020,Monthly
s08785,Eva Smith,26,Female,USA,12/14/2021,Yearly
s08786,Noah Thomas,25,Other,India,4/24/2020,Monthly
s08787,Aanya Johnson,26,Other,India,4/14/2021,Yearly
s08788,Aarav Wilson,41,Other,Canada,10/14/2019,Yearly
s08789,Eva Anderson,53,Other,India,10/27/2019,Free
s08790,Riya Moore,27,Other,Germany,1/16/2020,Monthly
s08791,Aarav Moore,63,Other,India,2/13/2021,Free
s08792,Benjamin Patel,25,Female,Canada,1/7/2021,Yearly
s08793,Eva Verma,20,Male,Germany,11/25/2020,Monthly
s08794,Sophia Smith,23,Other,Germany,2/1/2022,Free
s08795,Isabella Clark,18,Male,Germany,4/29/2022,Free
s08796,Liam Patel,59,Male,India,5/10/2020,Monthly
s08797,Emma Lewis,37,Male,USA,4/13/2021,Monthly
s08798,Sophia Walker,21,Female,Canada,7/25/2021,Free
s08799,Riya Martin,42,Female,Canada,10/5/2019,Free
s08800,Emma Patel,61,Other,UK,2/3/2019,Monthly
s08801,Mia Thomas,26,Female,Canada,9/30/2021,Monthly
s08802,Zara Moore,26,Female,Germany,2/21/2020,Yearly
s08803,Benjamin Hall,20,Other,Canada,6/8/2021,Free
s08804,Aarav Taylor,56,Male,Australia,7/3/2019,Yearly
s08805,Eva Miller,43,Female,India,3/4/2021,Yearly
s08806,Sophia Johnson,62,Female,USA,11/29/2021,Yearly
s08807,Aarav Hall,23,Other,USA,11/8/2019,Monthly
s08808,Zara Martin,25,Other,Germany,7/8/2020,Monthly
s08809,Meera Taylor,22,Male,Germany,2/1/2019,Monthly
s08810,Ethan Brown,20,Other,Germany,11/1/2022,Free
s08811,Aarav Miller,36,Other,Australia,10/10/2020,Free
s08812,Liam Smith,23,Male,USA,5/5/2019,Yearly
s08813,Sophia Thomas,21,Female,USA,12/10/2021,Yearly
s08814,Liam Davis,55,Female,India,10/16/2021,Monthly
s08815,Riya Thomas,25,Other,UK,8/21/2020,Free
s08816,Isabella Martin,27,Other,Germany,5/31/2022,Free
s08817,Riya Thomas,32,Other,UK,5/31/2020,Free
s08818,Vihaan Lewis,26,Male,UK,1/2/2020,Monthly
s08819,Aarav Johnson,48,Female,USA,9/5/2019,Free
s08820,Karan Hall,21,Other,Germany,8/4/2019,Monthly
s08821,Zara Anderson,22,Female,USA,10/11/2021,Monthly
s08822,Mia Lee,21,Male,Canada,1/1/2021,Monthly
s08823,Arjun Clark,32,Other,Germany,7/7/2021,Yearly
s08824,Amelia Thomas,19,Other,USA,3/8/2020,Free
s08825,Amelia Moore,33,Female,Germany,6/10/2019,Yearly
s08826,Vihaan Verma,27,Male,Australia,6/24/2020,Monthly
s08827,Isabella Hall,25,Other,USA,3/27/2020,Free
s08828,Arjun Walker,60,Female,UK,11/5/2019,Yearly
s08829,Olivia Martin,66,Female,Australia,9/2/2022,Yearly
s08830,Zara Thomas,20,Female,UK,4/16/2020,Free
s08831,Olivia Miller,25,Female,Germany,8/28/2022,Monthly
s08832,Ethan Taylor,27,Other,Canada,8/12/2022,Free
s08833,Noah Brown,23,Male,India,6/6/2022,Free
s08834,Benjamin Walker,20,Other,Australia,2/13/2022,Monthly
s08835,Vihaan Smith,18,Female,USA,9/25/2022,Yearly
s08836,Ethan Clark,43,Other,Australia,12/22/2020,Yearly
s08837,Riya Singh,22,Male,India,9/8/2022,Monthly
s08838,Karan Martin,34,Other,Australia,2/24/2020,Free
s08839,Karan Lewis,20,Male,Germany,2/6/2021,Free
s08840,Isabella Wilson,47,Female,Australia,4/18/2021,Monthly
s08841,Riya Walker,41,Female,Canada,5/5/2019,Yearly
s08842,Noah Wilson,28,Female,UK,3/3/2022,Monthly
s08843,Noah Hall,18,Other,Australia,10/22/2021,Yearly
s08844,Arjun Lewis,24,Male,UK,6/5/2020,Monthly
s08845,Mia Martin,18,Other,Germany,10/5/2022,Yearly
s08846,Vihaan Wilson,24,Other,Germany,2/19/2019,Yearly
s08847,Mia Lewis,24,Female,Australia,10/13/2022,Free
s08848,Aanya Anderson,32,Other,USA,5/12/2022,Yearly
s08849,Arjun Walker,27,Other,Canada,1/15/2022,Yearly
s08850,Emma Miller,27,Other,UK,11/12/2020,Monthly
s08851,Isabella Miller,63,Female,USA,11/21/2022,Monthly
s08852,Riya Singh,18,Other,USA,1/12/2022,Free
s08853,Amelia Verma,21,Other,Germany,10/23/2019,Yearly
s08854,Liam Miller,26,Female,Germany,12/27/2021,Yearly
s08855,Zara Miller,29,Male,India,6/15/2021,Yearly
s08856,Aanya Lewis,27,Other,India,9/21/2022,Yearly
s08857,Isabella Verma,28,Male,UK,1/12/2020,Monthly
s08858,Benjamin Lee,37,Other,USA,12/30/2021,Free
s08859,Ethan Anderson,22,Female,India,5/29/2021,Yearly
s08860,Zara Moore,48,Male,USA,12/19/2019,Monthly
s08861,Ethan Verma,24,Female,Australia,12/8/2019,Free
s08862,Mia Martin,23,Male,Australia,2/14/2022,Yearly
s08863,Isabella Davis,21,Male,India,4/3/2020,Monthly
s08864,Ethan Walker,20,Other,Australia,7/5/2022,Free
s08865,Eva Brown,24,Male,Canada,9/12/2020,Free
s08866,Noah Hall,41,Female,UK,5/12/2020,Monthly
s08867,Ethan Davis,24,Female,Australia,4/28/2021,Yearly
s08868,Mia Lewis,57,Female,Australia,6/13/2019,Yearly
s08869,Meera Johnson,48,Male,Australia,8/1/2021,Yearly
s08870,Liam Lewis,45,Female,USA,11/27/2021,Yearly
s08871,Riya Thomas,23,Male,Canada,3/4/2019,Free
s08872,Olivia Lewis,18,Other,Germany,4/17/2022,Yearly
s08873,Isabella Davis,57,Male,UK,3/8/2019,Monthly
s08874,Eva Taylor,25,Female,Germany,6/12/2019,Monthly
s08875,Aanya Miller,64,Male,Australia,11/28/2021,Monthly
s08876,Sophia Walker,21,Other,USA,5/29/2019,Monthly
s08877,Liam Martin,39,Male,USA,2/26/2022,Free
s08878,Meera Moore,43,Other,Australia,12/16/2022,Monthly
s08879,Aanya Verma,38,Other,Australia,9/11/2020,Monthly
s08880,Lucas Clark,26,Other,Australia,12/28/2022,Monthly
s08881,Zara Davis,19,Other,India,10/20/2022,Yearly
s08882,Benjamin Patel,26,Female,UK,11/17/2019,Free
s08883,Benjamin Taylor,45,Other,India,1/5/2022,Monthly
s08884,Emma Thomas,30,Male,UK,4/2/2020,Monthly
s08885,Benjamin Brown,27,Female,UK,8/8/2021,Monthly
s08886,Eva Smith,45,Other,UK,12/17/2021,Monthly
s08887,Emma Anderson,23,Other,USA,9/26/2020,Monthly
s08888,Sophia Sharma,24,Female,UK,8/25/2019,Free
s08889,Zara Brown,24,Male,UK,2/3/2019,Free
s08890,Noah Walker,63,Male,India,7/12/2022,Monthly
s08891,Eva Moore,65,Other,Canada,5/6/2021,Yearly
s08892,Arjun Hall,20,Male,Canada,10/14/2022,Monthly
s08893,Amelia Patel,46,Female,UK,2/3/2020,Yearly
s08894,Lucas Martin,21,Female,USA,11/26/2019,Monthly
s08895,Amelia Anderson,34,Other,USA,9/2/2020,Yearly
s08896,Emma Davis,26,Male,Australia,11/20/2020,Monthly
s08897,Riya Verma,43,Female,Germany,6/25/2022,Yearly
s08898,Mia Lee,25,Male,Australia,11/30/2022,Free
s08899,Noah Anderson,20,Other,Canada,10/18/2019,Monthly
s08900,Aanya Hall,50,Other,UK,7/18/2019,Monthly
s08901,Eva Miller,18,Male,Canada,7/22/2020,Yearly
s08902,Aanya Verma,64,Male,Germany,11/3/2019,Free
s08903,Vihaan Hall,28,Female,Canada,3/9/2020,Free
s08904,Vihaan Hall,26,Female,Canada,9/13/2022,Monthly
s08905,Mia Thomas,32,Male,USA,3/22/2020,Free
s08906,Noah Moore,67,Female,UK,9/23/2020,Monthly
s08907,Aanya Moore,56,Female,Australia,2/16/2020,Yearly
s08908,Arjun Brown,20,Other,USA,12/9/2019,Free
s08909,Arjun Davis,22,Female,UK,10/27/2019,Free
s08910,Mia Taylor,35,Other,India,1/20/2022,Monthly
s08911,Ethan Miller,37,Male,India,2/20/2019,Monthly
s08912,Zara Lee,23,Other,UK,12/20/2020,Free
s08913,Mia Wilson,21,Female,UK,8/28/2021,Monthly
s08914,Amelia Verma,25,Male,India,12/2/2022,Free
s08915,Sophia Walker,25,Male,UK,11/17/2019,Monthly
s08916,Vihaan Davis,63,Female,Australia,8/27/2021,Monthly
s08917,Benjamin Moore,20,Other,Germany,1/10/2019,Monthly
s08918,Eva Brown,21,Other,India,5/22/2019,Monthly
s08919,Karan Sharma,28,Other,UK,5/18/2022,Yearly
s08920,Riya Singh,26,Female,Canada,5/27/2022,Free
s08921,Zara Walker,35,Other,Germany,10/17/2019,Yearly
s08922,Karan Smith,45,Other,USA,4/27/2022,Monthly
s08923,Mia Wilson,38,Female,UK,11/17/2020,Yearly
s08924,Arjun Brown,32,Female,Canada,7/17/2020,Monthly
s08925,Benjamin Miller,27,Male,Australia,8/22/2020,Monthly
s08926,Eva Hall,21,Female,India,1/6/2020,Yearly
s08927,Lucas Johnson,27,Male,India,1/31/2022,Free
s08928,Sophia Martin,44,Other,USA,11/6/2022,Monthly
s08929,Olivia Verma,21,Male,USA,6/10/2020,Free
s08930,Meera Wilson,29,Male,Australia,3/29/2021,Monthly
s08931,Sophia Miller,46,Male,India,4/29/2022,Yearly
s08932,Mia Johnson,56,Male,Germany,8/14/2020,Monthly
s08933,Meera Sharma,19,Other,USA,10/23/2021,Free
s08934,Riya Johnson,62,Female,UK,6/24/2020,Free
s08935,Eva Hall,19,Other,India,9/28/2019,Monthly
s08936,Mia Taylor,26,Other,USA,11/20/2022,Monthly
s08937,Benjamin Brown,19,Female,Canada,2/6/2022,Monthly
s08938,Benjamin Walker,25,Other,India,4/11/2019,Yearly
s08939,Aarav Lee,67,Other,India,12/6/2019,Monthly
s08940,Ethan Taylor,31,Female,Germany,5/7/2019,Free
s08941,Zara Smith,41,Female,Germany,10/16/2022,Yearly
s08942,Lucas Thomas,31,Female,UK,6/10/2022,Free
s08943,Aanya Brown,39,Male,Australia,7/3/2020,Free
s08944,Liam Martin,30,Other,Australia,3/3/2020,Free
s08945,Vihaan Sharma,21,Female,Australia,3/24/2022,Monthly
s08946,Noah Smith,21,Female,Australia,12/21/2019,Monthly
s08947,Olivia Singh,40,Other,India,8/12/2019,Free
s08948,Aanya Johnson,25,Male,Australia,1/22/2022,Monthly
s08949,Ethan Johnson,23,Male,Germany,11/14/2020,Monthly
s08950,Mia Brown,50,Female,Canada,11/28/2022,Free
s08951,Mia Thomas,41,Male,UK,6/30/2021,Monthly
s08952,Benjamin Johnson,27,Female,Australia,5/15/2022,Monthly
s08953,Vihaan Verma,24,Female,USA,5/5/2020,Monthly
s08954,Karan Miller,23,Female,Australia,9/20/2022,Free
s08955,Isabella Lee,22,Other,Australia,4/30/2021,Monthly
s08956,Eva Johnson,20,Female,UK,3/19/2021,Free
s08957,Eva Wilson,60,Male,India,5/6/2022,Free
s08958,Mia Anderson,19,Other,Australia,8/12/2021,Free
s08959,Noah Walker,41,Female,USA,9/25/2020,Free
s08960,Benjamin Brown,22,Female,UK,11/6/2021,Yearly
s08961,Olivia Brown,26,Other,Australia,3/18/2019,Free
s08962,Aanya Clark,23,Male,Australia,6/3/2022,Monthly
s08963,Zara Miller,18,Female,Canada,9/5/2020,Yearly
s08964,Vihaan Miller,24,Female,India,7/25/2022,Monthly
s08965,Zara Anderson,62,Female,UK,6/6/2020,Yearly
s08966,Olivia Davis,35,Male,Canada,5/10/2021,Free
s08967,Arjun Verma,22,Other,USA,9/14/2019,Free
s08968,Olivia Davis,25,Male,Australia,10/6/2021,Yearly
s08969,Lucas Anderson,56,Male,USA,6/19/2022,Monthly
s08970,Zara Sharma,29,Female,USA,12/9/2020,Free
s08971,Zara Anderson,19,Male,Canada,5/6/2021,Monthly
s08972,Aarav Miller,20,Male,Germany,1/28/2019,Monthly
s08973,Vihaan Smith,19,Other,UK,2/23/2021,Monthly
s08974,Mia Singh,24,Male,Australia,5/7/2019,Yearly
s08975,Liam Sharma,20,Other,Germany,9/28/2022,Yearly
s08976,Aarav Lee,21,Female,USA,3/21/2021,Free
s08977,Arjun Walker,25,Other,India,9/25/2020,Yearly
s08978,Liam Lee,22,Other,UK,11/7/2020,Monthly
s08979,Benjamin Smith,39,Female,USA,6/20/2021,Yearly
s08980,Isabella Taylor,55,Male,Australia,11/28/2021,Monthly
s08981,Benjamin Walker,32,Female,USA,4/3/2022,Free
s08982,Zara Singh,29,Other,UK,6/29/2021,Free
s08983,Aanya Taylor,19,Other,UK,10/16/2019,Free
s08984,Isabella Thomas,56,Female,Germany,4/12/2019,Yearly
s08985,Aanya Taylor,32,Male,Germany,12/13/2022,Monthly
s08986,Mia Verma,20,Male,India,9/24/2021,Free
s08987,Eva Lewis,41,Other,UK,10/9/2020,Free
s08988,Lucas Clark,24,Female,USA,3/6/2020,Free
s08989,Ethan Patel,32,Female,UK,12/10/2020,Yearly
s08990,Isabella Singh,43,Male,UK,8/21/2020,Yearly
s08991,Vihaan Davis,22,Female,Australia,1/30/2021,Monthly
s08992,Amelia Thomas,19,Other,Canada,8/3/2022,Yearly
s08993,Zara Wilson,20,Male,UK,2/14/2020,Monthly
s08994,Mia Walker,25,Other,Australia,7/16/2019,Monthly
s08995,Aarav Hall,19,Other,Canada,10/2/2020,Monthly
s08996,Eva Anderson,55,Other,India,1/26/2022,Free
s08997,Eva Taylor,49,Female,UK,6/25/2019,Free
s08998,Eva Taylor,34,Male,Australia,6/10/2019,Monthly
s08999,Sophia Lee,19,Other,Australia,12/3/2020,Free
s09000,Mia Taylor,22,Other,UK,7/27/2021,Yearly
s09001,Benjamin Singh,56,Male,India,8/16/2019,Free
s09002,Emma Singh,19,Female,India,4/21/2021,Free
s09003,Amelia Lee,21,Female,USA,2/26/2022,Free
s09004,Riya Clark,40,Male,Australia,9/13/2020,Yearly
s09005,Benjamin Lewis,36,Other,Germany,8/16/2021,Yearly
s09006,Aarav Singh,59,Male,UK,9/20/2020,Monthly
s09007,Meera Patel,47,Other,UK,3/31/2021,Free
s09008,Aarav Martin,22,Male,India,9/2/2019,Free
s09009,Isabella Johnson,36,Other,UK,10/19/2021,Free
s09010,Riya Lewis,45,Male,USA,6/12/2019,Monthly
s09011,Isabella Johnson,21,Female,Germany,11/14/2020,Free
s09012,Amelia Lee,20,Female,UK,7/18/2022,Yearly
s09013,Eva Taylor,22,Female,Germany,2/29/2020,Free
s09014,Ethan Clark,21,Male,Australia,2/8/2019,Free
s09015,Aanya Smith,27,Male,India,12/26/2019,Free
s09016,Zara Lee,21,Female,Canada,6/2/2021,Yearly
s09017,Olivia Johnson,46,Other,USA,8/31/2021,Free
s09018,Riya Wilson,35,Female,Australia,3/20/2022,Yearly
s09019,Liam Singh,28,Male,India,10/28/2020,Monthly
s09020,Isabella Thomas,20,Male,Canada,3/8/2019,Free
s09021,Arjun Patel,18,Female,USA,6/3/2021,Yearly
s09022,Aarav Verma,55,Male,Germany,6/14/2022,Free
s09023,Olivia Davis,30,Other,India,4/22/2020,Yearly
s09024,Ethan Wilson,34,Other,Germany,9/24/2021,Yearly
s09025,Olivia Wilson,64,Male,UK,1/22/2019,Monthly
s09026,Mia Wilson,20,Male,USA,8/13/2022,Monthly
s09027,Ethan Hall,67,Female,Germany,11/3/2020,Free
s09028,Riya Sharma,26,Male,India,3/3/2022,Free
s09029,Ethan Hall,27,Female,USA,8/20/2020,Yearly
s09030,Liam Wilson,19,Other,Canada,4/20/2022,Free
s09031,Vihaan Patel,19,Other,Australia,10/14/2019,Monthly
s09032,Aanya Miller,23,Other,India,9/21/2019,Free
s09033,Zara Clark,42,Male,UK,10/1/2021,Yearly
s09034,Eva Lee,42,Male,USA,6/10/2020,Monthly
s09035,Isabella Martin,63,Male,India,2/1/2019,Monthly
s09036,Noah Verma,37,Other,Australia,5/31/2019,Monthly
s09037,Zara Thomas,44,Female,Germany,9/5/2019,Yearly
s09038,Arjun Martin,24,Male,UK,11/19/2020,Yearly
s09039,Amelia Singh,54,Female,Australia,12/6/2021,Free
s09040,Vihaan Taylor,26,Female,UK,8/10/2019,Free
s09041,Riya Johnson,20,Female,India,10/30/2019,Monthly
s09042,Ethan Moore,20,Other,Canada,9/1/2022,Free
s09043,Aanya Lee,54,Other,Canada,8/28/2021,Yearly
s09044,Aanya Smith,25,Female,Canada,7/25/2021,Monthly
s09045,Vihaan Hall,36,Male,Australia,9/9/2020,Yearly
s09046,Arjun Thomas,36,Other,USA,5/9/2022,Monthly
s09047,Ethan Lee,23,Other,India,11/25/2019,Yearly
s09048,Sophia Johnson,31,Female,Canada,2/4/2021,Yearly
s09049,Liam Hall,37,Male,USA,1/16/2022,Yearly
s09050,Aanya Thomas,28,Female,Australia,2/8/2019,Monthly
s09051,Emma Taylor,24,Female,Australia,1/6/2020,Free
s09052,Meera Patel,42,Female,Canada,11/28/2020,Yearly
s09053,Amelia Taylor,22,Female,UK,7/4/2022,Free
s09054,Benjamin Clark,39,Female,India,2/26/2022,Monthly
s09055,Ethan Sharma,21,Female,Australia,4/10/2022,Free
s09056,Isabella Verma,27,Other,UK,4/25/2022,Monthly
s09057,Vihaan Singh,25,Male,Australia,11/19/2022,Monthly
s09058,Sophia Johnson,35,Female,Australia,3/30/2020,Yearly
s09059,Aanya Walker,20,Female,India,7/8/2020,Yearly
s09060,Zara Thomas,20,Female,USA,1/7/2021,Free
s09061,Sophia Hall,27,Other,USA,6/1/2022,Yearly
s09062,Liam Johnson,62,Male,Germany,7/23/2021,Yearly
s09063,Olivia Wilson,21,Male,Canada,1/29/2020,Yearly
s09064,Mia Martin,58,Male,India,10/30/2019,Monthly
s09065,Lucas Sharma,21,Male,USA,9/5/2021,Free
s09066,Mia Miller,24,Female,Australia,8/4/2020,Free
s09067,Karan Martin,21,Male,USA,4/26/2021,Monthly
s09068,Sophia Moore,42,Female,Canada,9/14/2019,Monthly
s09069,Arjun Sharma,20,Other,Canada,3/25/2022,Free
s09070,Mia Patel,36,Other,USA,4/6/2021,Yearly
s09071,Aarav Verma,45,Other,Germany,5/22/2020,Yearly
s09072,Eva Brown,23,Male,Germany,6/17/2019,Yearly
s09073,Benjamin Davis,21,Male,India,5/17/2019,Monthly
s09074,Mia Thomas,37,Male,Canada,9/28/2021,Free
s09075,Ethan Moore,18,Female,Germany,8/16/2020,Monthly
s09076,Aanya Taylor,21,Other,Australia,3/28/2022,Yearly
s09077,Amelia Moore,20,Female,Canada,8/17/2019,Monthly
s09078,Karan Patel,27,Other,India,7/27/2020,Yearly
s09079,Noah Wilson,24,Male,India,5/11/2019,Monthly
s09080,Vihaan Thomas,37,Male,India,5/18/2019,Yearly
s09081,Amelia Brown,20,Female,UK,10/22/2021,Free
s09082,Aarav Miller,20,Other,Australia,8/11/2020,Free
s09083,Aanya Davis,45,Male,UK,9/20/2021,Yearly
s09084,Noah Miller,25,Other,India,6/27/2019,Yearly
s09085,Emma Hall,52,Male,Australia,10/7/2019,Monthly
s09086,Benjamin Walker,26,Male,Canada,1/26/2020,Yearly
s09087,Aanya Miller,27,Female,USA,2/12/2019,Monthly
s09088,Riya Miller,18,Female,Australia,6/23/2020,Monthly
s09089,Arjun Anderson,18,Female,Germany,3/5/2022,Monthly
s09090,Benjamin Moore,56,Male,USA,12/21/2022,Free
s09091,Aarav Taylor,55,Female,Germany,5/17/2020,Monthly
s09092,Mia Moore,41,Male,Canada,2/11/2022,Monthly
s09093,Eva Davis,19,Other,UK,10/16/2020,Free
s09094,Aarav Lee,25,Female,India,3/22/2019,Monthly
s09095,Riya Thomas,35,Female,UK,11/3/2019,Free
s09096,Arjun Taylor,24,Male,UK,10/22/2019,Monthly
s09097,Arjun Davis,25,Other,Germany,1/16/2022,Yearly
s09098,Vihaan Davis,19,Male,Canada,4/8/2020,Free
s09099,Riya Smith,24,Other,UK,1/21/2021,Free
s09100,Mia Moore,18,Other,Germany,2/24/2019,Monthly
s09101,Zara Miller,56,Other,Germany,9/5/2019,Yearly
s09102,Benjamin Taylor,26,Other,UK,8/19/2020,Yearly
s09103,Sophia Martin,34,Other,India,10/26/2019,Free
s09104,Vihaan Johnson,27,Male,UK,2/20/2022,Monthly
s09105,Zara Martin,55,Male,Germany,2/22/2020,Free
s09106,Aarav Miller,25,Female,Canada,3/13/2022,Yearly
s09107,Ethan Anderson,18,Other,India,9/10/2020,Monthly
s09108,Amelia Moore,21,Male,UK,12/18/2022,Free
s09109,Riya Clark,26,Male,Australia,6/4/2020,Yearly
s09110,Sophia Moore,24,Other,Germany,11/4/2021,Monthly
s09111,Aarav Verma,60,Male,Germany,3/22/2022,Monthly
s09112,Lucas Smith,27,Female,India,3/24/2021,Yearly
s09113,Eva Clark,19,Male,India,11/20/2021,Free
s09114,Amelia Wilson,62,Female,Australia,12/2/2019,Monthly
s09115,Arjun Wilson,26,Other,Australia,9/25/2021,Yearly
s09116,Zara Lee,27,Other,UK,8/6/2019,Yearly
s09117,Zara Miller,24,Other,UK,4/2/2022,Free
s09118,Emma Moore,18,Other,UK,1/18/2022,Monthly
s09119,Meera Clark,32,Male,USA,12/28/2021,Monthly
s09120,Vihaan Davis,21,Other,Canada,1/28/2022,Free
s09121,Eva Smith,42,Male,Germany,6/8/2019,Yearly
s09122,Vihaan Anderson,23,Male,UK,1/14/2020,Yearly
s09123,Karan Brown,47,Female,USA,11/7/2019,Monthly
s09124,Meera Wilson,40,Male,Canada,7/12/2021,Free
s09125,Isabella Moore,37,Female,UK,3/2/2020,Yearly
s09126,Olivia Singh,50,Female,Australia,4/16/2022,Monthly
s09127,Riya Lee,59,Other,Germany,11/2/2022,Yearly
s09128,Arjun Walker,20,Other,Canada,12/30/2019,Free
s09129,Mia Singh,20,Female,USA,1/20/2021,Monthly
s09130,Amelia Moore,30,Other,UK,1/11/2019,Yearly
s09131,Lucas Martin,20,Other,USA,8/30/2022,Free
s09132,Riya Martin,54,Male,Canada,11/18/2022,Yearly
s09133,Benjamin Lee,19,Male,Germany,3/29/2021,Monthly
s09134,Zara Lewis,26,Male,India,11/16/2019,Yearly
s09135,Aarav Anderson,26,Female,Germany,12/21/2020,Monthly
s09136,Olivia Lewis,20,Male,Canada,11/1/2020,Monthly
s09137,Emma Brown,26,Male,Canada,2/5/2020,Free
s09138,Noah Miller,45,Male,Australia,5/29/2019,Yearly
s09139,Lucas Miller,67,Other,India,9/7/2019,Free
s09140,Liam Miller,29,Male,Australia,12/10/2021,Free
s09141,Arjun Patel,30,Female,Germany,2/3/2022,Monthly
s09142,Meera Davis,21,Male,India,2/22/2021,Monthly
s09143,Mia Taylor,19,Male,Canada,9/27/2020,Monthly
s09144,Aarav Thomas,28,Female,Germany,10/31/2021,Yearly
s09145,Eva Brown,21,Female,USA,10/4/2022,Free
s09146,Ethan Thomas,34,Male,USA,6/4/2019,Yearly
s09147,Meera Brown,49,Other,UK,8/1/2019,Yearly
s09148,Isabella Miller,22,Male,Canada,5/9/2020,Yearly
s09149,Amelia Walker,44,Male,USA,12/31/2019,Monthly
s09150,Olivia Sharma,18,Female,Canada,1/18/2019,Monthly
s09151,Vihaan Anderson,40,Male,Australia,6/24/2019,Yearly
s09152,Meera Verma,25,Male,USA,9/12/2022,Monthly
s09153,Aanya Smith,45,Male,India,5/27/2019,Monthly
s09154,Eva Martin,19,Female,Australia,6/27/2022,Monthly
s09155,Meera Miller,62,Male,Australia,5/8/2020,Monthly
s09156,Emma Wilson,45,Male,Australia,2/25/2020,Free
s09157,Eva Verma,23,Female,USA,10/7/2019,Monthly
s09158,Ethan Wilson,49,Other,India,7/22/2019,Yearly
s09159,Noah Patel,27,Male,Germany,10/10/2021,Yearly
s09160,Aanya Moore,18,Female,India,4/7/2019,Monthly
s09161,Karan Johnson,18,Male,Canada,8/22/2020,Monthly
s09162,Meera Martin,19,Female,UK,1/14/2019,Free
s09163,Eva Lewis,29,Male,Australia,3/16/2019,Yearly
s09164,Aarav Hall,31,Male,Germany,8/13/2020,Free
s09165,Karan Verma,18,Male,Australia,7/25/2022,Monthly
s09166,Mia Clark,26,Female,USA,7/10/2022,Free
s09167,Mia Smith,21,Other,UK,10/10/2020,Free
s09168,Benjamin Martin,39,Male,USA,7/25/2022,Free
s09169,Liam Lewis,65,Male,UK,3/22/2021,Free
s09170,Noah Patel,24,Female,Germany,5/9/2019,Free
s09171,Aanya Taylor,31,Male,Australia,9/24/2020,Free
s09172,Isabella Miller,38,Male,USA,6/21/2019,Yearly
s09173,Amelia Lewis,20,Male,Australia,4/10/2021,Monthly
s09174,Isabella Thomas,26,Male,USA,11/9/2022,Yearly
s09175,Ethan Clark,33,Male,UK,9/5/2019,Free
s09176,Aarav Smith,21,Female,UK,3/2/2021,Free
s09177,Lucas Taylor,21,Male,USA,1/12/2019,Monthly
s09178,Aarav Clark,36,Female,USA,2/2/2022,Yearly
s09179,Aanya Hall,36,Female,Canada,3/14/2019,Free
s09180,Benjamin Sharma,22,Male,Canada,6/24/2022,Monthly
s09181,Zara Miller,33,Male,UK,8/10/2020,Monthly
s09182,Aanya Singh,26,Female,Canada,4/17/2020,Yearly
s09183,Mia Sharma,23,Male,USA,11/20/2020,Monthly
s09184,Eva Wilson,24,Male,UK,10/12/2020,Yearly
s09185,Benjamin Patel,63,Male,Canada,8/23/2019,Monthly
s09186,Noah Lewis,24,Female,Australia,8/11/2020,Monthly
s09187,Isabella Lee,20,Other,Germany,12/12/2019,Yearly
s09188,Arjun Johnson,54,Other,Canada,7/1/2020,Yearly
s09189,Lucas Lee,18,Other,UK,5/8/2020,Monthly
s09190,Isabella Miller,49,Female,Australia,7/20/2020,Free
s09191,Noah Hall,42,Other,USA,1/29/2021,Monthly
s09192,Ethan Anderson,24,Male,India,7/15/2022,Free
s09193,Ethan Sharma,27,Male,Australia,1/8/2019,Yearly
s09194,Riya Taylor,26,Other,Australia,5/1/2022,Monthly
s09195,Emma Hall,27,Female,USA,7/1/2020,Monthly
s09196,Benjamin Davis,42,Male,Australia,9/25/2022,Free
s09197,Lucas Davis,27,Female,Canada,1/8/2019,Yearly
s09198,Aanya Wilson,32,Female,UK,1/13/2020,Monthly
s09199,Emma Johnson,31,Female,USA,12/12/2019,Yearly
s09200,Liam Verma,58,Female,USA,9/19/2022,Free
s09201,Lucas Moore,23,Male,USA,6/2/2020,Free
s09202,Sophia Davis,65,Male,Germany,2/17/2021,Monthly
s09203,Eva Lewis,46,Other,India,12/6/2020,Free
s09204,Amelia Miller,61,Female,Germany,8/23/2021,Yearly
s09205,Zara Smith,27,Other,India,1/2/2022,Monthly
s09206,Mia Singh,32,Other,UK,5/27/2019,Free
s09207,Aarav Davis,18,Female,India,2/4/2022,Yearly
s09208,Benjamin Brown,25,Male,Canada,9/2/2019,Monthly
s09209,Liam Johnson,26,Female,USA,7/6/2021,Free
s09210,Arjun Davis,25,Female,India,5/30/2022,Yearly
s09211,Amelia Thomas,37,Female,Australia,5/29/2020,Yearly
s09212,Noah Martin,25,Male,USA,3/12/2019,Free
s09213,Isabella Johnson,40,Other,Germany,6/2/2019,Monthly
s09214,Benjamin Hall,20,Female,Australia,4/13/2021,Free
s09215,Sophia Johnson,27,Other,Australia,8/29/2019,Yearly
s09216,Karan Anderson,23,Other,India,1/5/2021,Monthly
s09217,Meera Smith,19,Female,USA,11/23/2021,Free
s09218,Aanya Lewis,42,Other,Australia,10/26/2019,Free
s09219,Lucas Hall,27,Other,Australia,9/23/2019,Free
s09220,Olivia Johnson,44,Other,USA,6/2/2020,Monthly
s09221,Isabella Brown,19,Other,USA,11/24/2019,Yearly
s09222,Mia Taylor,57,Other,India,4/7/2019,Yearly
s09223,Aanya Johnson,61,Female,India,5/29/2022,Monthly
s09224,Lucas Taylor,23,Other,Canada,8/4/2021,Yearly
s09225,Lucas Miller,29,Other,Canada,3/3/2020,Monthly
s09226,Arjun Hall,45,Male,USA,2/5/2022,Monthly
s09227,Emma Verma,26,Female,Germany,9/30/2020,Free
s09228,Meera Brown,20,Other,Australia,4/2/2022,Free
s09229,Emma Miller,20,Male,Canada,7/21/2022,Free
s09230,Amelia Hall,31,Female,USA,4/8/2021,Yearly
s09231,Aarav Anderson,38,Male,India,10/19/2022,Monthly
s09232,Isabella Thomas,30,Other,USA,10/5/2019,Free
s09233,Lucas Martin,32,Other,Australia,9/15/2019,Monthly
s09234,Noah Hall,28,Other,India,5/15/2022,Yearly
s09235,Mia Johnson,22,Female,USA,8/20/2022,Yearly
s09236,Noah Verma,30,Other,USA,9/13/2020,Monthly
s09237,Meera Martin,21,Female,USA,5/30/2021,Free
s09238,Lucas Lewis,37,Other,Canada,3/5/2019,Yearly
s09239,Mia Anderson,37,Other,USA,8/14/2022,Yearly
s09240,Ethan Sharma,50,Male,Germany,8/27/2019,Monthly
s09241,Karan Johnson,20,Female,Canada,2/5/2020,Free
s09242,Vihaan Davis,23,Other,Australia,7/8/2019,Free
s09243,Liam Thomas,19,Female,Australia,3/19/2021,Monthly
s09244,Meera Singh,47,Male,UK,3/9/2022,Monthly
s09245,Arjun Wilson,27,Male,USA,5/21/2022,Monthly
s09246,Amelia Sharma,27,Other,USA,12/12/2021,Free
s09247,Aanya Johnson,46,Female,Australia,1/31/2021,Monthly
s09248,Eva Singh,18,Male,Germany,7/28/2022,Free
s09249,Amelia Wilson,51,Female,USA,10/14/2019,Yearly
s09250,Mia Clark,32,Male,Germany,5/29/2021,Free
s09251,Karan Davis,27,Male,UK,3/19/2019,Monthly
s09252,Noah Verma,52,Other,India,6/1/2021,Yearly
s09253,Isabella Taylor,24,Other,Germany,5/13/2021,Yearly
s09254,Eva Davis,29,Other,Germany,12/9/2019,Yearly
s09255,Meera Davis,21,Male,Australia,12/15/2019,Free
s09256,Zara Verma,46,Other,Canada,7/1/2021,Yearly
s09257,Zara Johnson,18,Male,Canada,10/30/2022,Yearly
s09258,Vihaan Walker,22,Female,India,4/30/2020,Free
s09259,Amelia Brown,35,Other,India,11/24/2020,Free
s09260,Isabella Davis,43,Other,Germany,2/5/2020,Monthly
s09261,Noah Singh,25,Female,UK,5/13/2020,Yearly
s09262,Arjun Taylor,25,Male,Canada,4/3/2021,Free
s09263,Liam Brown,19,Male,Australia,1/11/2020,Yearly
s09264,Lucas Taylor,52,Male,India,1/13/2021,Yearly
s09265,Amelia Sharma,21,Female,Germany,4/4/2019,Free
s09266,Aanya Anderson,24,Other,Germany,10/21/2021,Free
s09267,Ethan Singh,58,Female,UK,7/18/2022,Free
s09268,Arjun Hall,42,Other,USA,8/22/2020,Yearly
s09269,Noah Walker,21,Other,UK,1/11/2020,Yearly
s09270,Noah Martin,67,Male,USA,11/21/2020,Free
s09271,Amelia Lewis,24,Female,India,7/26/2021,Free
s09272,Amelia Johnson,43,Female,India,8/5/2022,Free
s09273,Aarav Verma,27,Other,India,11/7/2022,Monthly
s09274,Meera Singh,20,Other,UK,9/26/2022,Free
s09275,Vihaan Patel,35,Other,Canada,6/30/2019,Yearly
s09276,Mia Taylor,43,Female,Australia,2/9/2022,Yearly
s09277,Benjamin Patel,27,Male,India,6/18/2022,Monthly
s09278,Lucas Anderson,26,Male,India,2/21/2019,Monthly
s09279,Aarav Hall,19,Female,Australia,9/29/2019,Yearly
s09280,Arjun Lee,45,Other,USA,1/20/2020,Yearly
s09281,Olivia Lewis,48,Other,USA,2/20/2020,Monthly
s09282,Arjun Lee,19,Other,Germany,6/10/2022,Yearly
s09283,Amelia Anderson,22,Male,USA,11/25/2022,Free
s09284,Benjamin Brown,18,Male,Australia,8/18/2021,Free
s09285,Aarav Singh,23,Other,India,11/29/2020,Monthly
s09286,Riya Martin,23,Male,Australia,11/30/2019,Monthly
s09287,Amelia Verma,41,Male,USA,2/15/2020,Monthly
s09288,Eva Moore,23,Male,USA,1/25/2020,Monthly
s09289,Meera Clark,20,Female,Canada,2/20/2019,Free
s09290,Vihaan Clark,25,Male,India,7/24/2019,Yearly
s09291,Isabella Hall,23,Female,Germany,9/28/2022,Free
s09292,Lucas Thomas,26,Male,Canada,4/2/2020,Yearly
s09293,Olivia Lee,25,Male,Australia,2/20/2020,Monthly
s09294,Aarav Martin,42,Female,UK,1/19/2021,Free
s09295,Meera Martin,29,Female,Germany,2/22/2020,Monthly
s09296,Zara Thomas,20,Other,Germany,11/25/2020,Free
s09297,Eva Lewis,18,Female,UK,8/20/2020,Free
s09298,Benjamin Taylor,44,Female,UK,1/20/2021,Free
s09299,Mia Anderson,23,Male,USA,9/14/2022,Free
s09300,Isabella Walker,19,Male,USA,6/18/2021,Yearly
s09301,Ethan Thomas,20,Female,UK,6/14/2020,Yearly
s09302,Liam Davis,25,Male,India,1/11/2022,Monthly
s09303,Amelia Taylor,19,Male,India,5/30/2021,Monthly
s09304,Amelia Davis,26,Other,Germany,4/6/2020,Free
s09305,Olivia Davis,24,Other,Australia,11/25/2021,Free
s09306,Aanya Patel,21,Male,USA,9/12/2021,Monthly
s09307,Karan Patel,24,Male,Canada,12/24/2020,Free
s09308,Isabella Johnson,18,Other,UK,1/17/2022,Yearly
s09309,Olivia Thomas,22,Male,Australia,4/10/2019,Free
s09310,Aarav Sharma,23,Other,India,7/19/2020,Monthly
s09311,Vihaan Patel,21,Female,UK,4/11/2020,Monthly
s09312,Noah Wilson,42,Female,Australia,11/25/2022,Yearly
s09313,Zara Lee,27,Female,Canada,2/1/2022,Yearly
s09314,Arjun Wilson,20,Female,Australia,10/30/2020,Monthly
s09315,Mia Clark,38,Male,India,11/21/2020,Yearly
s09316,Benjamin Hall,66,Other,Canada,9/22/2019,Yearly
s09317,Noah Taylor,24,Female,UK,12/11/2021,Yearly
s09318,Noah Sharma,40,Other,Germany,3/7/2019,Yearly
s09319,Riya Clark,41,Female,Australia,6/23/2021,Free
s09320,Karan Patel,27,Female,Canada,1/27/2021,Monthly
s09321,Vihaan Anderson,63,Female,Canada,3/14/2020,Yearly
s09322,Arjun Clark,26,Other,Australia,1/17/2022,Free
s09323,Emma Brown,26,Male,Canada,2/22/2019,Free
s09324,Meera Anderson,58,Male,UK,11/21/2022,Monthly
s09325,Amelia Thomas,21,Other,USA,11/16/2020,Free
s09326,Emma Taylor,35,Other,Germany,11/19/2020,Monthly
s09327,Liam Miller,43,Female,USA,6/14/2020,Free
s09328,Meera Davis,23,Female,India,7/23/2022,Monthly
s09329,Riya Lewis,25,Male,Germany,3/17/2021,Monthly
s09330,Benjamin Verma,34,Female,USA,6/14/2020,Yearly
s09331,Isabella Davis,26,Male,UK,4/24/2022,Yearly
s09332,Olivia Singh,22,Other,Canada,1/21/2022,Yearly
s09333,Karan Davis,27,Female,UK,2/26/2020,Monthly
s09334,Riya Brown,37,Other,Australia,1/15/2022,Monthly
s09335,Vihaan Singh,35,Male,Germany,1/25/2019,Free
s09336,Riya Clark,36,Female,Canada,8/21/2022,Yearly
s09337,Meera Moore,22,Female,Germany,1/4/2021,Yearly
s09338,Arjun Clark,18,Male,Australia,10/31/2022,Monthly
s09339,Noah Verma,24,Female,Australia,6/30/2022,Monthly
s09340,Liam Hall,24,Female,India,12/7/2019,Yearly
s09341,Noah Johnson,66,Other,Germany,8/10/2022,Monthly
s09342,Mia Davis,27,Male,Germany,8/12/2021,Yearly
s09343,Karan Smith,20,Female,USA,4/15/2020,Free
s09344,Mia Singh,27,Male,Germany,4/12/2019,Monthly
s09345,Aanya Miller,25,Other,USA,12/16/2021,Free
s09346,Olivia Clark,22,Other,Germany,7/10/2019,Monthly
s09347,Isabella Lewis,19,Male,Australia,3/28/2022,Yearly
s09348,Aarav Moore,21,Male,India,12/30/2022,Yearly
s09349,Riya Hall,59,Male,Canada,10/24/2019,Free
s09350,Sophia Sharma,21,Female,India,9/20/2019,Free
s09351,Amelia Moore,26,Female,Germany,6/13/2021,Yearly
s09352,Karan Moore,53,Female,Australia,10/26/2020,Yearly
s09353,Vihaan Hall,28,Other,Australia,4/12/2022,Yearly
s09354,Mia Sharma,35,Female,Canada,5/30/2022,Free
s09355,Benjamin Anderson,58,Other,USA,2/11/2022,Monthly
s09356,Olivia Lee,47,Male,UK,1/21/2022,Yearly
s09357,Isabella Taylor,23,Male,UK,1/22/2022,Monthly
s09358,Aarav Johnson,24,Male,India,8/21/2019,Free
s09359,Isabella Walker,26,Female,Germany,6/28/2022,Yearly
s09360,Eva Moore,18,Male,UK,2/22/2021,Yearly
s09361,Noah Taylor,25,Male,UK,6/22/2022,Monthly
s09362,Zara Miller,19,Male,Australia,3/16/2022,Monthly
s09363,Sophia Moore,19,Male,Canada,1/6/2020,Yearly
s09364,Amelia Brown,26,Female,Germany,3/1/2021,Free
s09365,Vihaan Lee,18,Other,Australia,7/30/2022,Yearly
s09366,Lucas Verma,30,Other,Germany,11/13/2019,Yearly
s09367,Ethan Singh,37,Female,India,7/22/2021,Monthly
s09368,Meera Lee,46,Male,Australia,4/27/2020,Monthly
s09369,Amelia Lee,19,Other,USA,12/2/2022,Yearly
s09370,Ethan Thomas,34,Female,Canada,7/9/2019,Yearly
s09371,Amelia Clark,67,Female,Germany,8/19/2020,Free
s09372,Arjun Moore,22,Male,Australia,5/7/2019,Monthly
s09373,Sophia Moore,26,Female,Canada,10/19/2021,Monthly
s09374,Olivia Brown,20,Other,Germany,7/8/2021,Yearly
s09375,Sophia Sharma,62,Other,India,9/1/2021,Yearly
s09376,Karan Martin,43,Male,India,3/1/2019,Free
s09377,Meera Clark,26,Female,UK,4/14/2021,Yearly
s09378,Karan Sharma,59,Other,UK,7/1/2019,Free
s09379,Arjun Sharma,19,Male,India,3/2/2019,Free
s09380,Zara Smith,19,Other,USA,4/30/2022,Monthly
s09381,Olivia Taylor,25,Male,UK,8/19/2019,Monthly
s09382,Olivia Moore,27,Male,USA,12/7/2019,Free
s09383,Mia Lewis,23,Other,USA,1/14/2020,Free
s09384,Aanya Thomas,29,Other,Germany,9/7/2021,Yearly
s09385,Noah Miller,21,Other,USA,12/22/2021,Yearly
s09386,Emma Singh,57,Female,India,8/22/2019,Yearly
s09387,Lucas Thomas,47,Male,India,8/14/2020,Free
s09388,Isabella Thomas,23,Male,Canada,2/17/2022,Free
s09389,Riya Moore,30,Other,Canada,1/25/2021,Free
s09390,Noah Miller,36,Female,Australia,12/22/2021,Yearly
s09391,Zara Patel,28,Male,USA,9/19/2021,Monthly
s09392,Meera Taylor,26,Female,India,7/6/2019,Yearly
s09393,Sophia Moore,41,Female,Australia,11/21/2019,Yearly
s09394,Arjun Thomas,53,Female,Germany,6/6/2022,Free
s09395,Arjun Hall,28,Female,UK,1/16/2020,Monthly
s09396,Riya Wilson,19,Female,Canada,5/17/2022,Monthly
s09397,Emma Lee,21,Male,USA,8/16/2020,Monthly
s09398,Eva Walker,18,Male,Germany,7/23/2020,Free
s09399,Arjun Patel,39,Male,Australia,9/3/2020,Yearly
s09400,Lucas Walker,33,Female,USA,7/16/2019,Free
s09401,Mia Patel,36,Female,UK,2/28/2022,Monthly
s09402,Mia Miller,18,Female,India,3/2/2021,Free
s09403,Zara Lee,22,Male,India,8/22/2021,Monthly
s09404,Olivia Anderson,25,Female,Australia,11/25/2021,Yearly
s09405,Olivia Taylor,21,Female,Germany,3/2/2022,Free
s09406,Benjamin Davis,25,Male,Canada,7/29/2020,Free
s09407,Isabella Patel,34,Other,India,10/13/2021,Monthly
s09408,Sophia Miller,37,Male,UK,2/26/2022,Free
s09409,Karan Verma,50,Male,UK,3/31/2021,Monthly
s09410,Mia Davis,50,Male,Australia,8/18/2019,Free
s09411,Meera Lewis,24,Male,USA,11/10/2021,Yearly
s09412,Vihaan Thomas,27,Female,UK,11/27/2022,Monthly
s09413,Ethan Wilson,33,Other,Australia,12/20/2019,Yearly
s09414,Vihaan Clark,23,Female,Canada,7/20/2020,Monthly
s09415,Lucas Singh,41,Female,India,7/11/2019,Yearly
s09416,Isabella Verma,24,Female,India,3/28/2021,Yearly
s09417,Isabella Davis,39,Male,Germany,3/2/2019,Monthly
s09418,Vihaan Lewis,25,Female,Canada,5/21/2019,Yearly
s09419,Vihaan Davis,30,Other,Australia,12/6/2022,Monthly
s09420,Aanya Wilson,19,Male,India,3/14/2019,Yearly
s09421,Riya Verma,27,Other,India,1/19/2022,Monthly
s09422,Arjun Martin,18,Female,USA,1/10/2019,Yearly
s09423,Karan Clark,26,Female,India,12/29/2020,Free
s09424,Meera Patel,30,Female,India,7/1/2022,Free
s09425,Ethan Clark,19,Male,Canada,6/11/2022,Monthly
s09426,Isabella Smith,18,Other,UK,8/2/2022,Free
s09427,Ethan Hall,37,Female,Germany,5/15/2021,Free
s09428,Karan Miller,26,Male,Canada,12/21/2022,Monthly
s09429,Arjun Hall,58,Male,Germany,5/23/2019,Monthly
s09430,Liam Martin,23,Male,Australia,2/24/2019,Free
s09431,Olivia Lee,55,Other,Canada,7/3/2019,Yearly
s09432,Aarav Singh,28,Other,India,8/29/2022,Yearly
s09433,Benjamin Singh,25,Female,India,6/17/2019,Yearly
s09434,Amelia Lewis,45,Female,India,10/19/2019,Yearly
s09435,Ethan Martin,37,Other,Australia,1/6/2020,Free
s09436,Ethan Wilson,27,Female,UK,5/3/2021,Monthly
s09437,Karan Verma,19,Female,India,1/8/2021,Free
s09438,Riya Davis,34,Male,Germany,10/13/2022,Monthly
s09439,Meera Martin,20,Other,Germany,11/24/2021,Monthly
s09440,Meera Walker,25,Female,UK,12/29/2021,Free
s09441,Emma Thomas,22,Male,India,10/4/2020,Yearly
s09442,Liam Johnson,33,Other,India,7/6/2019,Monthly
s09443,Isabella Smith,18,Male,Germany,3/4/2020,Free
s09444,Liam Walker,20,Other,Germany,12/6/2021,Yearly
s09445,Emma Lee,18,Female,Australia,4/28/2021,Yearly
s09446,Riya Lee,32,Other,USA,2/15/2021,Monthly
s09447,Emma Martin,63,Female,Germany,10/22/2022,Free
s09448,Riya Taylor,22,Female,UK,1/27/2022,Yearly
s09449,Karan Singh,44,Female,USA,12/25/2020,Monthly
s09450,Vihaan Smith,23,Male,UK,9/7/2020,Free
s09451,Lucas Johnson,24,Female,Canada,7/6/2020,Yearly
s09452,Liam Moore,19,Other,UK,1/3/2020,Yearly
s09453,Mia Wilson,18,Male,Germany,12/14/2020,Free
s09454,Benjamin Davis,25,Male,UK,1/16/2020,Monthly
s09455,Sophia Martin,36,Male,Germany,12/20/2019,Yearly
s09456,Vihaan Patel,19,Male,UK,5/22/2021,Monthly
s09457,Karan Johnson,47,Other,Germany,9/1/2019,Free
s09458,Benjamin Walker,25,Female,USA,4/14/2021,Yearly
s09459,Karan Singh,30,Male,USA,11/28/2022,Free
s09460,Mia Taylor,44,Male,UK,12/10/2022,Free
s09461,Liam Thomas,32,Male,India,3/21/2019,Free
s09462,Lucas Anderson,36,Male,India,5/13/2021,Monthly
s09463,Emma Clark,26,Male,Germany,6/4/2022,Yearly
s09464,Sophia Singh,36,Female,Germany,1/9/2019,Free
s09465,Sophia Smith,26,Male,India,8/10/2022,Monthly
s09466,Vihaan Martin,22,Female,Germany,11/13/2021,Yearly
s09467,Eva Miller,53,Female,India,10/8/2022,Yearly
s09468,Aarav Smith,20,Male,India,10/10/2019,Monthly
s09469,Noah Walker,38,Female,USA,12/10/2022,Free
s09470,Sophia Walker,27,Male,Canada,12/30/2019,Free
s09471,Vihaan Hall,24,Other,Germany,10/26/2019,Monthly
s09472,Emma Lewis,45,Female,USA,11/25/2021,Monthly
s09473,Sophia Thomas,45,Male,Canada,7/27/2020,Free
s09474,Emma Miller,43,Other,UK,8/5/2020,Yearly
s09475,Sophia Davis,45,Male,UK,7/25/2019,Yearly
s09476,Liam Wilson,21,Other,Germany,10/5/2020,Free
s09477,Vihaan Moore,19,Male,India,4/2/2020,Yearly
s09478,Emma Sharma,43,Male,USA,11/17/2020,Monthly
s09479,Sophia Brown,46,Other,Germany,3/12/2019,Free
s09480,Vihaan Davis,27,Other,UK,4/21/2019,Yearly
s09481,Sophia Martin,66,Male,Germany,10/26/2020,Yearly
s09482,Mia Verma,23,Other,India,11/19/2020,Yearly
s09483,Aanya Johnson,20,Other,Canada,9/26/2021,Yearly
s09484,Liam Wilson,29,Other,UK,1/10/2022,Monthly
s09485,Isabella Lewis,35,Male,UK,12/12/2021,Monthly
s09486,Arjun Sharma,18,Other,Germany,11/11/2019,Free
s09487,Amelia Smith,50,Female,India,1/9/2019,Monthly
s09488,Emma Clark,23,Male,USA,1/29/2022,Monthly
s09489,Aanya Patel,41,Female,Canada,4/18/2021,Yearly
s09490,Arjun Miller,27,Male,Australia,10/18/2019,Monthly
s09491,Ethan Brown,32,Other,USA,1/16/2020,Free
s09492,Vihaan Moore,40,Female,Canada,11/28/2019,Yearly
s09493,Vihaan Davis,25,Male,USA,4/5/2019,Free
s09494,Meera Clark,27,Male,India,5/9/2022,Monthly
s09495,Noah Miller,26,Female,Germany,11/4/2020,Free
s09496,Isabella Taylor,26,Other,USA,2/26/2022,Monthly
s09497,Meera Smith,45,Male,Australia,12/3/2019,Yearly
s09498,Eva Walker,27,Other,Germany,10/4/2022,Free
s09499,Zara Wilson,42,Male,India,1/11/2022,Free
s09500,Benjamin Lee,45,Male,UK,10/13/2020,Monthly
s09501,Lucas Taylor,27,Male,UK,5/7/2020,Free
s09502,Eva Verma,22,Female,Canada,12/13/2021,Yearly
s09503,Noah Patel,26,Other,USA,8/21/2019,Free
s09504,Mia Thomas,25,Other,Canada,5/2/2019,Yearly
s09505,Amelia Verma,43,Male,Australia,12/21/2021,Yearly
s09506,Sophia Clark,43,Female,Canada,7/15/2022,Monthly
s09507,Arjun Wilson,23,Male,Germany,12/4/2022,Yearly
s09508,Isabella Miller,22,Other,India,6/3/2019,Free
s09509,Liam Verma,25,Other,USA,1/29/2022,Yearly
s09510,Lucas Patel,53,Other,Germany,10/20/2022,Free
s09511,Amelia Walker,50,Other,India,10/16/2022,Monthly
s09512,Isabella Miller,44,Female,UK,2/22/2020,Free
s09513,Vihaan Lee,29,Female,India,6/20/2019,Free
s09514,Arjun Martin,26,Female,Canada,2/6/2022,Free
s09515,Zara Smith,37,Other,Australia,6/21/2019,Free
s09516,Amelia Wilson,25,Male,Germany,1/29/2022,Yearly
s09517,Vihaan Verma,23,Male,UK,5/19/2021,Free
s09518,Zara Moore,31,Male,Canada,8/19/2019,Monthly
s09519,Arjun Anderson,18,Male,Canada,6/16/2021,Yearly
s09520,Aanya Martin,24,Female,UK,3/2/2019,Free
s09521,Zara Anderson,27,Male,India,5/16/2021,Yearly
s09522,Vihaan Hall,27,Female,USA,11/30/2020,Monthly
s09523,Amelia Patel,28,Female,Australia,3/2/2020,Yearly
s09524,Isabella Hall,21,Other,UK,3/24/2022,Monthly
s09525,Liam Smith,26,Male,Germany,10/6/2019,Yearly
s09526,Benjamin Brown,20,Female,USA,2/5/2022,Monthly
s09527,Isabella Thomas,36,Other,UK,1/30/2019,Yearly
s09528,Eva Lewis,23,Female,UK,7/25/2020,Yearly
s09529,Liam Taylor,23,Other,Germany,1/26/2020,Monthly
s09530,Liam Lewis,27,Male,India,9/17/2020,Free
s09531,Amelia Taylor,19,Female,Australia,3/2/2021,Yearly
s09532,Ethan Lewis,23,Other,Germany,9/15/2021,Yearly
s09533,Karan Singh,24,Other,India,10/8/2019,Yearly
s09534,Sophia Davis,37,Male,USA,8/17/2021,Monthly
s09535,Meera Lee,32,Male,UK,6/11/2020,Monthly
s09536,Amelia Patel,19,Male,India,12/6/2020,Yearly
s09537,Aanya Patel,55,Female,Canada,11/15/2022,Free
s09538,Lucas Taylor,27,Male,Canada,11/19/2020,Monthly
s09539,Ethan Singh,45,Other,UK,5/8/2019,Free
s09540,Meera Moore,24,Male,Canada,10/27/2020,Monthly
s09541,Aarav Lewis,23,Male,Canada,7/28/2019,Monthly
s09542,Meera Patel,32,Male,Germany,9/8/2022,Yearly
s09543,Karan Lewis,27,Male,India,3/25/2020,Free
s09544,Amelia Thomas,26,Male,Australia,3/4/2019,Free
s09545,Sophia Lee,21,Female,Germany,10/8/2021,Yearly
s09546,Olivia Singh,30,Male,UK,6/10/2022,Yearly
s09547,Riya Singh,24,Female,Australia,4/30/2020,Yearly
s09548,Arjun Lee,19,Female,USA,4/25/2021,Yearly
s09549,Olivia Moore,27,Male,Canada,11/10/2020,Monthly
s09550,Sophia Clark,22,Other,Germany,7/13/2021,Monthly
s09551,Lucas Wilson,41,Female,Germany,1/19/2021,Free
s09552,Karan Martin,24,Other,UK,9/25/2020,Yearly
s09553,Ethan Singh,45,Other,USA,6/8/2022,Free
s09554,Benjamin Lewis,55,Other,India,8/5/2022,Monthly
s09555,Arjun Martin,55,Male,Australia,6/28/2021,Free
s09556,Mia Verma,26,Other,Canada,9/24/2019,Free
s09557,Vihaan Walker,47,Other,UK,6/10/2021,Monthly
s09558,Noah Thomas,21,Male,Canada,8/31/2021,Free
s09559,Vihaan Hall,23,Female,Canada,1/23/2019,Monthly
s09560,Riya Clark,25,Female,India,11/27/2020,Monthly
s09561,Isabella Martin,18,Female,India,5/28/2022,Monthly
s09562,Liam Wilson,22,Male,UK,10/13/2021,Yearly
s09563,Eva Sharma,22,Female,UK,12/20/2022,Free
s09564,Meera Hall,19,Female,Australia,8/12/2019,Monthly
s09565,Sophia Singh,35,Male,USA,5/10/2020,Yearly
s09566,Amelia Davis,24,Female,India,11/1/2020,Free
s09567,Eva Thomas,20,Other,India,5/17/2020,Free
s09568,Emma Brown,25,Male,USA,9/7/2022,Yearly
s09569,Mia Sharma,27,Female,USA,5/1/2021,Monthly
s09570,Eva Lee,22,Other,UK,8/17/2020,Free
s09571,Aarav Thomas,33,Other,Canada,5/26/2022,Free
s09572,Karan Anderson,25,Male,India,1/11/2022,Yearly
s09573,Isabella Patel,18,Other,Canada,1/8/2019,Free
s09574,Vihaan Moore,22,Female,Australia,4/9/2021,Free
s09575,Ethan Miller,29,Female,UK,7/30/2021,Monthly
s09576,Vihaan Thomas,34,Male,Canada,8/28/2019,Monthly
s09577,Ethan Miller,24,Other,Germany,9/16/2022,Yearly
s09578,Noah Patel,24,Other,Australia,12/21/2020,Free
s09579,Olivia Walker,27,Male,UK,3/14/2020,Free
s09580,Noah Lee,46,Other,Germany,7/11/2019,Free
s09581,Zara Brown,20,Female,India,2/28/2019,Free
s09582,Mia Miller,37,Female,Australia,12/11/2020,Free
s09583,Riya Moore,25,Other,USA,6/20/2022,Monthly
s09584,Arjun Lewis,21,Other,USA,5/12/2020,Yearly
s09585,Emma Anderson,22,Male,India,6/28/2021,Free
s09586,Emma Singh,20,Other,Germany,8/25/2022,Monthly
s09587,Ethan Wilson,57,Male,UK,8/5/2022,Free
s09588,Sophia Moore,44,Other,Canada,6/28/2022,Yearly
s09589,Aarav Thomas,21,Male,Australia,11/9/2022,Free
s09590,Olivia Sharma,22,Male,Australia,8/6/2020,Free
s09591,Zara Walker,26,Other,India,5/4/2022,Free
s09592,Ethan Martin,23,Female,India,3/19/2021,Yearly
s09593,Liam Miller,26,Male,Germany,1/2/2021,Monthly
s09594,Eva Anderson,23,Female,Germany,8/11/2020,Monthly
s09595,Vihaan Brown,26,Other,India,4/4/2019,Free
s09596,Ethan Sharma,53,Other,UK,4/10/2019,Yearly
s09597,Isabella Martin,24,Female,Australia,6/21/2022,Yearly
s09598,Riya Johnson,39,Other,UK,2/6/2020,Monthly
s09599,Karan Patel,43,Female,Australia,1/19/2022,Free
s09600,Mia Hall,23,Male,UK,8/27/2021,Monthly
s09601,Noah Miller,23,Other,Canada,10/28/2022,Monthly
s09602,Olivia Patel,20,Male,UK,10/12/2022,Free
s09603,Aarav Lewis,25,Other,USA,8/9/2019,Monthly
s09604,Eva Anderson,53,Female,Canada,12/7/2019,Free
s09605,Vihaan Wilson,41,Female,UK,3/14/2022,Yearly
s09606,Vihaan Anderson,22,Female,UK,12/24/2019,Free
s09607,Eva Lewis,45,Female,USA,11/23/2019,Yearly
s09608,Ethan Anderson,22,Male,Canada,4/12/2022,Monthly
s09609,Aanya Davis,46,Female,USA,8/31/2022,Monthly
s09610,Mia Patel,38,Male,India,12/17/2019,Yearly
s09611,Emma Patel,34,Female,UK,3/7/2020,Free
s09612,Zara Clark,32,Female,India,11/7/2022,Yearly
s09613,Sophia Lee,27,Other,Australia,1/15/2019,Monthly
s09614,Eva Moore,27,Female,Germany,3/28/2020,Monthly
s09615,Amelia Singh,27,Male,USA,10/10/2019,Free
s09616,Amelia Clark,24,Female,Canada,4/21/2019,Free
s09617,Aarav Clark,21,Female,USA,5/3/2021,Free
s09618,Noah Anderson,27,Male,USA,9/12/2022,Monthly
s09619,Meera Brown,19,Female,UK,8/19/2019,Yearly
s09620,Arjun Patel,24,Other,Canada,9/24/2021,Free
s09621,Sophia Singh,28,Other,Australia,5/16/2019,Free
s09622,Emma Sharma,37,Other,UK,10/25/2020,Yearly
s09623,Vihaan Lewis,38,Male,UK,9/12/2020,Free
s09624,Sophia Davis,25,Female,USA,3/2/2019,Yearly
s09625,Karan Thomas,51,Female,Canada,12/10/2019,Monthly
s09626,Amelia Patel,21,Female,Australia,8/17/2020,Monthly
s09627,Liam Moore,21,Female,Canada,9/15/2021,Free
s09628,Olivia Singh,25,Male,Canada,11/5/2021,Free
s09629,Sophia Moore,47,Female,Canada,9/17/2020,Yearly
s09630,Noah Davis,23,Male,India,12/18/2019,Free
s09631,Isabella Brown,25,Male,UK,11/21/2022,Monthly
s09632,Sophia Clark,25,Male,Canada,5/15/2022,Yearly
s09633,Mia Anderson,26,Female,Germany,11/24/2022,Free
s09634,Sophia Lewis,27,Other,Australia,11/27/2020,Monthly
s09635,Mia Miller,21,Female,Germany,10/3/2021,Free
s09636,Mia Brown,27,Female,USA,7/30/2019,Free
s09637,Meera Singh,23,Female,India,9/26/2020,Free
s09638,Amelia Wilson,18,Other,UK,11/17/2022,Monthly
s09639,Liam Miller,20,Female,Australia,3/23/2019,Monthly
s09640,Olivia Sharma,42,Female,Germany,11/3/2021,Yearly
s09641,Olivia Martin,38,Male,UK,3/15/2022,Monthly
s09642,Benjamin Martin,50,Female,Australia,11/17/2021,Monthly
s09643,Lucas Singh,41,Female,Canada,11/15/2021,Monthly
s09644,Eva Clark,19,Female,Australia,2/18/2020,Yearly
s09645,Sophia Walker,25,Female,Canada,8/10/2021,Monthly
s09646,Sophia Singh,22,Male,Germany,6/23/2020,Monthly
s09647,Liam Hall,25,Male,Germany,9/11/2022,Yearly
s09648,Aanya Clark,26,Male,Australia,10/12/2021,Monthly
s09649,Liam Patel,22,Male,Canada,10/3/2020,Monthly
s09650,Meera Johnson,27,Male,USA,6/23/2020,Free
s09651,Lucas Singh,21,Female,Australia,4/17/2022,Yearly
s09652,Eva Anderson,22,Other,Germany,3/22/2020,Yearly
s09653,Liam Walker,20,Other,Australia,2/6/2022,Yearly
s09654,Noah Patel,19,Male,USA,11/18/2019,Free
s09655,Mia Moore,38,Female,Canada,4/12/2022,Free
s09656,Aanya Davis,32,Male,Australia,12/26/2019,Free
s09657,Aanya Verma,30,Female,UK,5/11/2022,Monthly
s09658,Riya Miller,21,Male,Australia,4/29/2019,Yearly
s09659,Noah Taylor,25,Male,USA,6/17/2022,Monthly
s09660,Liam Miller,32,Other,India,4/12/2020,Monthly
s09661,Sophia Lee,18,Male,India,8/23/2019,Free
s09662,Amelia Thomas,34,Male,Germany,9/9/2019,Free
s09663,Riya Moore,48,Male,Germany,10/29/2019,Free
s09664,Aanya Lewis,19,Male,Australia,9/5/2021,Yearly
s09665,Sophia Singh,19,Other,Australia,1/12/2020,Monthly
s09666,Isabella Singh,21,Male,Germany,4/15/2019,Free
s09667,Benjamin Martin,21,Male,India,7/8/2022,Yearly
s09668,Eva Johnson,19,Male,USA,3/30/2019,Yearly
s09669,Amelia Singh,37,Other,Canada,8/22/2020,Monthly
s09670,Aarav Walker,47,Other,Germany,8/23/2021,Free
s09671,Mia Clark,27,Female,Canada,12/10/2022,Free
s09672,Noah Johnson,36,Female,USA,1/3/2020,Yearly
s09673,Noah Verma,18,Other,Australia,1/9/2020,Monthly
s09674,Aarav Brown,47,Male,Canada,2/7/2019,Monthly
s09675,Karan Anderson,23,Other,USA,11/16/2021,Free
s09676,Ethan Verma,24,Other,Canada,3/28/2022,Monthly
s09677,Isabella Lee,23,Male,India,9/27/2022,Monthly
s09678,Zara Walker,25,Male,Germany,5/4/2019,Free
s09679,Sophia Smith,24,Other,Australia,3/8/2020,Free
s09680,Benjamin Hall,24,Other,Australia,5/27/2019,Free
s09681,Benjamin Anderson,26,Other,USA,5/11/2019,Yearly
s09682,Vihaan Patel,22,Female,Australia,5/2/2021,Yearly
s09683,Noah Clark,27,Male,Germany,8/23/2020,Yearly
s09684,Zara Singh,22,Other,USA,8/26/2021,Free
s09685,Vihaan Patel,26,Female,India,10/2/2022,Monthly
s09686,Vihaan Moore,52,Other,Australia,10/29/2019,Monthly
s09687,Isabella Verma,21,Female,India,7/29/2021,Monthly
s09688,Vihaan Smith,26,Male,USA,12/12/2021,Monthly
s09689,Emma Sharma,23,Male,UK,8/14/2020,Free
s09690,Meera Verma,28,Other,India,8/25/2020,Free
s09691,Eva Johnson,42,Other,USA,8/6/2022,Free
s09692,Aarav Walker,28,Male,Canada,4/25/2021,Yearly
s09693,Zara Verma,22,Female,Canada,6/3/2022,Yearly
s09694,Benjamin Moore,47,Female,UK,2/8/2020,Monthly
s09695,Noah Patel,20,Female,India,12/17/2021,Monthly
s09696,Liam Wilson,50,Female,UK,4/30/2022,Yearly
s09697,Aanya Lee,30,Other,Germany,2/20/2019,Monthly
s09698,Ethan Smith,31,Female,Australia,5/25/2019,Monthly
s09699,Emma Lee,41,Female,Germany,12/13/2020,Yearly
s09700,Lucas Hall,45,Female,Australia,11/7/2021,Free
s09701,Vihaan Thomas,26,Other,USA,2/4/2021,Monthly
s09702,Aarav Clark,26,Female,India,8/25/2019,Yearly
s09703,Sophia Wilson,20,Female,Australia,9/1/2020,Yearly
s09704,Aanya Taylor,44,Female,USA,11/23/2022,Free
s09705,Benjamin Walker,32,Female,USA,6/25/2020,Free
s09706,Emma Verma,26,Other,Germany,9/29/2021,Monthly
s09707,Karan Miller,27,Other,Germany,12/2/2021,Free
s09708,Benjamin Lee,46,Female,Germany,10/20/2019,Free
s09709,Meera Smith,39,Female,UK,2/21/2020,Monthly
s09710,Lucas Walker,39,Male,Canada,6/28/2021,Yearly
s09711,Olivia Taylor,25,Male,Canada,2/6/2022,Monthly
s09712,Riya Verma,44,Male,UK,9/28/2021,Monthly
s09713,Lucas Walker,27,Other,India,4/30/2022,Monthly
s09714,Vihaan Clark,35,Female,UK,6/19/2021,Monthly
s09715,Olivia Davis,18,Other,UK,5/5/2022,Yearly
s09716,Olivia Miller,22,Male,USA,12/20/2022,Free
s09717,Emma Verma,22,Other,USA,5/9/2019,Free
s09718,Olivia Hall,42,Female,India,8/17/2019,Monthly
s09719,Riya Lewis,27,Other,USA,10/5/2021,Monthly
s09720,Aarav Patel,19,Female,India,5/4/2020,Monthly
s09721,Emma Martin,23,Male,Canada,7/26/2020,Yearly
s09722,Meera Verma,44,Female,UK,1/25/2022,Monthly
s09723,Arjun Brown,44,Male,Canada,3/13/2019,Monthly
s09724,Liam Clark,59,Female,Germany,6/28/2019,Free
s09725,Benjamin Taylor,22,Other,Canada,7/15/2019,Free
s09726,Isabella Thomas,36,Male,Canada,3/14/2020,Yearly
s09727,Liam Smith,26,Other,Germany,4/18/2022,Free
s09728,Mia Miller,24,Female,UK,11/29/2022,Free
s09729,Vihaan Sharma,19,Other,India,12/2/2022,Monthly
s09730,Noah Johnson,64,Other,India,8/16/2019,Free
s09731,Arjun Walker,63,Other,Canada,2/5/2019,Monthly
s09732,Liam Patel,63,Female,India,11/7/2021,Yearly
s09733,Liam Martin,22,Female,UK,6/22/2021,Yearly
s09734,Emma Davis,30,Other,Germany,3/2/2021,Free
s09735,Aanya Moore,18,Male,USA,4/29/2022,Free
s09736,Lucas Anderson,23,Male,Germany,5/27/2021,Yearly
s09737,Lucas Hall,43,Male,UK,9/1/2019,Monthly
s09738,Zara Walker,21,Male,USA,5/23/2021,Free
s09739,Ethan Davis,38,Other,Canada,10/4/2020,Yearly
s09740,Mia Walker,44,Female,UK,11/1/2019,Free
s09741,Karan Singh,22,Other,UK,2/16/2022,Free
s09742,Vihaan Walker,51,Other,UK,10/13/2021,Yearly
s09743,Olivia Smith,24,Female,India,3/5/2020,Monthly
s09744,Zara Davis,25,Other,India,2/22/2021,Free
s09745,Mia Brown,38,Female,Germany,5/30/2020,Monthly
s09746,Lucas Wilson,24,Other,USA,8/20/2020,Yearly
s09747,Benjamin Smith,18,Male,India,3/22/2022,Free
s09748,Olivia Moore,26,Male,Germany,9/30/2022,Free
s09749,Riya Anderson,34,Male,Australia,12/8/2022,Yearly
s09750,Liam Martin,50,Male,USA,12/14/2019,Monthly
s09751,Amelia Clark,24,Other,India,12/30/2022,Yearly
s09752,Benjamin Taylor,25,Female,UK,3/28/2020,Yearly
s09753,Amelia Anderson,21,Female,Australia,7/9/2020,Monthly
s09754,Meera Davis,20,Other,India,2/28/2020,Free
s09755,Liam Patel,34,Female,Canada,12/2/2019,Monthly
s09756,Zara Moore,23,Female,USA,9/22/2022,Yearly
s09757,Zara Verma,51,Male,USA,10/19/2022,Monthly
s09758,Olivia Singh,18,Female,Germany,5/22/2020,Free
s09759,Liam Thomas,25,Other,Australia,12/22/2019,Yearly
s09760,Amelia Anderson,19,Male,UK,11/27/2020,Free
s09761,Amelia Singh,21,Female,UK,11/5/2020,Yearly
s09762,Arjun Sharma,23,Male,India,7/31/2020,Free
s09763,Arjun Thomas,24,Male,India,7/31/2022,Monthly
s09764,Amelia Davis,21,Female,UK,8/27/2020,Monthly
s09765,Aarav Patel,19,Other,Australia,2/23/2019,Free
s09766,Aanya Anderson,22,Male,Germany,9/6/2020,Monthly
s09767,Arjun Miller,47,Other,UK,4/19/2019,Monthly
s09768,Vihaan Singh,27,Other,USA,11/17/2022,Yearly
s09769,Arjun Davis,62,Female,Canada,6/24/2019,Monthly
s09770,Noah Lewis,20,Male,UK,8/7/2019,Free
s09771,Liam Johnson,25,Female,UK,9/28/2021,Free
s09772,Aarav Thomas,18,Female,Canada,7/13/2022,Yearly
s09773,Amelia Brown,40,Female,Germany,1/20/2019,Yearly
s09774,Liam Smith,20,Other,USA,3/4/2022,Free
s09775,Emma Taylor,33,Female,Germany,4/26/2021,Free
s09776,Karan Moore,61,Other,USA,11/26/2022,Monthly
s09777,Riya Smith,27,Female,Australia,8/15/2021,Yearly
s09778,Mia Singh,20,Female,Canada,6/28/2020,Yearly
s09779,Eva Brown,19,Other,India,10/4/2022,Yearly
s09780,Noah Lewis,24,Other,USA,7/15/2020,Free
s09781,Arjun Johnson,25,Other,Australia,12/19/2020,Monthly
s09782,Lucas Anderson,27,Female,Canada,2/16/2022,Free
s09783,Emma Clark,63,Male,USA,11/21/2019,Monthly
s09784,Lucas Hall,27,Male,UK,2/21/2020,Free
s09785,Karan Lewis,24,Male,UK,1/28/2019,Yearly
s09786,Ethan Moore,27,Other,Canada,9/24/2020,Free
s09787,Zara Miller,47,Female,Canada,2/14/2019,Monthly
s09788,Noah Verma,21,Other,Canada,6/15/2022,Monthly
s09789,Lucas Moore,47,Male,Australia,10/18/2020,Monthly
s09790,Riya Hall,45,Female,UK,11/21/2019,Free
s09791,Benjamin Thomas,22,Other,India,10/27/2020,Free
s09792,Amelia Walker,20,Other,Germany,3/15/2019,Yearly
s09793,Aarav Moore,24,Female,India,6/7/2022,Free
s09794,Lucas Martin,20,Male,UK,7/12/2020,Free
s09795,Emma Martin,24,Male,India,1/17/2020,Monthly
s09796,Liam Wilson,26,Male,USA,3/17/2020,Monthly
s09797,Benjamin Singh,18,Female,Canada,1/4/2020,Yearly
s09798,Zara Lee,38,Female,India,4/21/2021,Yearly
s09799,Riya Brown,23,Male,Australia,2/24/2022,Monthly
s09800,Vihaan Patel,20,Other,Australia,5/20/2019,Free
s09801,Benjamin Hall,18,Other,Germany,9/22/2021,Yearly
s09802,Amelia Johnson,26,Male,USA,3/18/2019,Free
s09803,Isabella Davis,19,Other,India,5/8/2022,Yearly
s09804,Mia Sharma,42,Female,UK,10/16/2022,Yearly
s09805,Benjamin Verma,55,Male,Canada,6/1/2022,Yearly
s09806,Emma Miller,37,Female,Australia,10/26/2022,Monthly
s09807,Mia Thomas,19,Female,Germany,8/30/2022,Monthly
s09808,Ethan Martin,36,Male,UK,7/7/2019,Yearly
s09809,Lucas Walker,27,Male,India,2/23/2021,Yearly
s09810,Arjun Smith,20,Male,Germany,3/22/2021,Free
s09811,Isabella Clark,21,Male,USA,12/1/2019,Free
s09812,Zara Martin,23,Female,Germany,7/19/2019,Monthly
s09813,Benjamin Sharma,24,Male,UK,12/31/2019,Yearly
s09814,Arjun Verma,27,Male,USA,9/25/2021,Monthly
s09815,Arjun Walker,22,Female,Canada,8/23/2021,Free
s09816,Benjamin Johnson,30,Other,Canada,4/11/2019,Yearly
s09817,Emma Smith,19,Other,Germany,1/22/2021,Free
s09818,Emma Smith,32,Other,Germany,1/12/2022,Monthly
s09819,Isabella Sharma,35,Other,USA,12/4/2019,Yearly
s09820,Emma Smith,54,Other,India,10/1/2020,Free
s09821,Karan Miller,36,Other,Australia,2/15/2020,Yearly
s09822,Amelia Sharma,27,Other,Australia,9/21/2021,Monthly
s09823,Meera Singh,43,Female,India,1/5/2020,Yearly
s09824,Olivia Miller,23,Other,Germany,8/1/2020,Monthly
s09825,Eva Davis,44,Male,Australia,4/1/2022,Yearly
s09826,Riya Patel,39,Male,Canada,12/18/2021,Monthly
s09827,Emma Moore,33,Male,Canada,1/20/2020,Yearly
s09828,Aarav Clark,22,Male,Germany,8/14/2021,Free
s09829,Karan Verma,21,Male,UK,12/15/2019,Yearly
s09830,Isabella Martin,25,Male,Canada,12/22/2019,Monthly
s09831,Sophia Clark,22,Male,Germany,7/5/2022,Yearly
s09832,Olivia Thomas,22,Male,India,12/21/2019,Monthly
s09833,Meera Miller,27,Female,Germany,3/9/2019,Yearly
s09834,Mia Smith,24,Other,Germany,3/10/2019,Yearly
s09835,Sophia Taylor,23,Other,Canada,4/21/2019,Free
s09836,Ethan Sharma,27,Male,UK,9/18/2021,Free
s09837,Aanya Lewis,39,Female,Germany,6/21/2019,Yearly
s09838,Ethan Hall,39,Male,UK,6/30/2019,Monthly
s09839,Emma Wilson,24,Male,Canada,2/20/2019,Free
s09840,Isabella Miller,42,Other,Canada,6/25/2022,Yearly
s09841,Arjun Johnson,55,Other,Germany,10/18/2022,Yearly
s09842,Eva Lewis,23,Male,Germany,7/6/2019,Yearly
s09843,Aarav Brown,19,Female,Australia,10/9/2019,Free
s09844,Isabella Brown,23,Female,Canada,9/14/2020,Free
s09845,Noah Lewis,25,Other,Germany,10/27/2021,Free
s09846,Karan Martin,22,Other,Canada,5/31/2022,Free
s09847,Amelia Johnson,20,Female,India,1/27/2021,Yearly
s09848,Mia Brown,20,Other,Australia,5/3/2021,Free
s09849,Vihaan Lee,33,Female,UK,12/30/2022,Yearly
s09850,Isabella Davis,27,Female,UK,2/20/2022,Free
s09851,Amelia Sharma,19,Other,USA,10/11/2020,Monthly
s09852,Liam Walker,28,Male,Germany,3/10/2021,Monthly
s09853,Aanya Sharma,42,Other,India,10/29/2020,Free
s09854,Aarav Anderson,21,Other,Germany,10/15/2022,Monthly
s09855,Isabella Lewis,29,Other,India,4/30/2022,Free
s09856,Olivia Sharma,45,Other,UK,9/11/2020,Monthly
s09857,Sophia Patel,27,Other,Germany,7/24/2021,Monthly
s09858,Liam Anderson,19,Female,UK,3/24/2022,Monthly
s09859,Emma Patel,67,Male,Australia,2/23/2021,Yearly
s09860,Lucas Walker,26,Female,Germany,7/24/2020,Monthly
s09861,Olivia Singh,27,Male,Australia,8/6/2020,Free
s09862,Riya Patel,20,Male,India,8/20/2019,Monthly
s09863,Noah Johnson,25,Male,India,6/29/2020,Monthly
s09864,Olivia Hall,26,Other,Germany,3/1/2021,Yearly
s09865,Olivia Walker,36,Other,Germany,2/5/2022,Yearly
s09866,Benjamin Verma,21,Female,Canada,10/13/2019,Monthly
s09867,Ethan Lee,51,Other,Australia,7/26/2019,Monthly
s09868,Ethan Thomas,19,Other,Australia,11/20/2020,Free
s09869,Arjun Clark,22,Other,India,8/29/2020,Yearly
s09870,Arjun Johnson,21,Female,UK,8/16/2019,Monthly
s09871,Ethan Martin,27,Male,India,6/28/2019,Free
s09872,Eva Brown,41,Male,Australia,8/5/2021,Free
s09873,Isabella Walker,51,Male,India,11/25/2022,Monthly
s09874,Emma Clark,31,Female,UK,8/31/2021,Monthly
s09875,Mia Martin,36,Female,India,11/6/2019,Yearly
s09876,Aarav Hall,25,Other,Germany,11/25/2020,Monthly
s09877,Aanya Anderson,24,Other,India,2/16/2019,Monthly
s09878,Meera Taylor,25,Other,UK,7/13/2021,Free
s09879,Sophia Singh,31,Other,USA,8/3/2020,Monthly
s09880,Karan Anderson,25,Other,USA,5/24/2020,Monthly
s09881,Aarav Hall,20,Other,USA,7/10/2021,Free
s09882,Olivia Anderson,37,Female,India,7/14/2022,Monthly
s09883,Lucas Wilson,54,Other,USA,8/26/2020,Yearly
s09884,Arjun Sharma,20,Male,India,8/23/2021,Monthly
s09885,Meera Moore,19,Other,UK,2/17/2022,Monthly
s09886,Isabella Wilson,21,Other,UK,3/28/2022,Free
s09887,Emma Miller,47,Female,Germany,10/6/2022,Free
s09888,Liam Verma,24,Male,India,2/2/2020,Monthly
s09889,Lucas Sharma,20,Female,India,6/4/2021,Free
s09890,Benjamin Patel,19,Female,Canada,7/19/2020,Monthly
s09891,Meera Taylor,57,Female,UK,10/13/2020,Yearly
s09892,Ethan Brown,38,Other,Germany,9/16/2019,Yearly
s09893,Zara Lewis,18,Other,Germany,11/13/2020,Yearly
s09894,Benjamin Verma,38,Other,USA,12/18/2019,Monthly
s09895,Ethan Smith,27,Female,Australia,11/7/2019,Free
s09896,Aanya Smith,19,Male,India,2/20/2021,Monthly
s09897,Olivia Martin,25,Other,Canada,3/1/2021,Monthly
s09898,Aarav Lee,19,Male,India,6/7/2021,Monthly
s09899,Sophia Singh,20,Female,UK,10/1/2019,Yearly
s09900,Karan Sharma,37,Female,India,10/7/2019,Yearly
s09901,Amelia Singh,22,Female,India,11/20/2022,Yearly
s09902,Mia Lee,20,Male,UK,4/10/2021,Monthly
s09903,Benjamin Hall,33,Female,USA,8/15/2020,Yearly
s09904,Emma Singh,57,Other,UK,12/19/2020,Monthly
s09905,Mia Walker,20,Other,Australia,2/5/2019,Yearly
s09906,Aarav Martin,41,Female,Australia,2/6/2019,Yearly
s09907,Vihaan Hall,37,Male,India,8/25/2022,Free
s09908,Isabella Miller,26,Other,Canada,3/23/2019,Yearly
s09909,Vihaan Hall,18,Female,Germany,11/13/2019,Monthly
s09910,Eva Johnson,22,Female,Germany,11/6/2019,Yearly
s09911,Meera Davis,27,Male,USA,11/18/2021,Yearly
s09912,Meera Davis,56,Male,Australia,7/19/2020,Free
s09913,Vihaan Patel,60,Female,Germany,6/14/2020,Monthly
s09914,Eva Lewis,36,Other,Canada,12/14/2019,Free
s09915,Isabella Miller,23,Male,Germany,9/20/2019,Yearly
s09916,Meera Davis,18,Other,Germany,12/30/2020,Yearly
s09917,Isabella Brown,23,Male,India,1/3/2021,Yearly
s09918,Olivia Taylor,18,Male,USA,5/17/2022,Free
s09919,Mia Singh,36,Other,USA,3/15/2022,Yearly
s09920,Aarav Smith,37,Male,UK,10/18/2022,Free
s09921,Mia Walker,26,Female,USA,9/19/2021,Yearly
s09922,Arjun Patel,26,Male,USA,7/3/2022,Yearly
s09923,Olivia Lewis,22,Male,India,5/23/2020,Monthly
s09924,Riya Wilson,26,Other,Germany,11/21/2021,Yearly
s09925,Amelia Martin,20,Male,UK,5/16/2021,Yearly
s09926,Noah Patel,27,Other,Germany,7/30/2019,Free
s09927,Emma Davis,38,Other,India,6/29/2020,Yearly
s09928,Isabella Verma,63,Male,Australia,3/25/2019,Monthly
s09929,Ethan Moore,28,Female,Germany,9/27/2020,Yearly
s09930,Sophia Brown,20,Female,India,8/14/2020,Yearly
s09931,Ethan Sharma,35,Other,India,9/20/2019,Monthly
s09932,Emma Moore,43,Male,UK,12/15/2021,Monthly
s09933,Sophia Johnson,48,Female,Germany,5/23/2021,Yearly
s09934,Vihaan Singh,24,Female,Australia,6/22/2019,Monthly
s09935,Meera Verma,41,Other,USA,7/18/2021,Monthly
s09936,Emma Thomas,26,Other,Australia,10/19/2019,Yearly
s09937,Olivia Verma,27,Male,USA,6/7/2019,Yearly
s09938,Aarav Smith,20,Male,UK,7/28/2020,Yearly
s09939,Isabella Moore,52,Male,UK,11/10/2021,Free
s09940,Amelia Miller,38,Male,USA,9/26/2022,Free
s09941,Olivia Thomas,20,Other,Canada,8/22/2021,Free
s09942,Benjamin Thomas,18,Female,USA,6/13/2021,Free
s09943,Noah Lee,23,Female,USA,1/14/2021,Yearly
s09944,Karan Walker,24,Male,USA,8/15/2020,Monthly
s09945,Aarav Lee,29,Female,Australia,9/14/2019,Yearly
s09946,Isabella Brown,33,Other,Australia,1/30/2022,Monthly
s09947,Karan Patel,20,Other,USA,10/9/2020,Free
s09948,Mia Martin,38,Male,Canada,8/15/2019,Free
s09949,Mia Lewis,24,Female,India,7/6/2019,Yearly
s09950,Liam Hall,40,Other,USA,11/9/2021,Yearly
s09951,Liam Davis,19,Female,USA,5/8/2020,Free
s09952,Sophia Wilson,40,Female,Germany,10/17/2020,Yearly
s09953,Lucas Sharma,45,Other,UK,1/19/2019,Monthly
s09954,Amelia Davis,23,Male,Australia,5/9/2019,Free
s09955,Zara Thomas,25,Male,USA,7/25/2021,Free
s09956,Aarav Singh,21,Male,Germany,10/19/2021,Yearly
s09957,Sophia Martin,26,Other,Australia,4/23/2021,Free
s09958,Mia Moore,41,Female,USA,9/14/2019,Monthly
s09959,Karan Lewis,24,Other,Canada,6/24/2019,Yearly
s09960,Noah Walker,45,Female,USA,4/10/2019,Free
s09961,Aarav Davis,20,Male,Canada,12/27/2021,Free
s09962,Arjun Anderson,22,Other,USA,4/8/2021,Monthly
s09963,Sophia Patel,44,Other,Australia,3/26/2019,Free
s09964,Meera Hall,26,Female,USA,3/22/2019,Free
s09965,Liam Clark,24,Female,Germany,1/28/2019,Monthly
s09966,Riya Walker,42,Female,Canada,12/6/2022,Free
s09967,Eva Taylor,25,Other,Canada,7/11/2022,Free
s09968,Benjamin Taylor,46,Other,Germany,1/1/2022,Yearly
s09969,Karan Lewis,26,Male,India,5/24/2021,Monthly
s09970,Aanya Davis,24,Other,Germany,7/6/2022,Free
s09971,Eva Lewis,26,Other,USA,5/14/2021,Yearly
s09972,Olivia Wilson,20,Other,UK,11/11/2021,Free
s09973,Ethan Sharma,33,Male,India,12/30/2019,Free
s09974,Aanya Singh,45,Other,Germany,5/6/2021,Free
s09975,Ethan Patel,26,Other,India,3/29/2021,Free
s09976,Karan Verma,27,Male,Germany,9/28/2022,Free
s09977,Arjun Wilson,22,Male,Canada,9/2/2021,Yearly
s09978,Arjun Martin,46,Female,Australia,12/8/2021,Free
s09979,Karan Walker,20,Female,India,5/20/2022,Free
s09980,Sophia Patel,33,Male,Germany,5/14/2020,Free
s09981,Liam Smith,55,Other,UK,5/23/2022,Free
s09982,Sophia Patel,27,Female,India,9/24/2019,Monthly
s09983,Aanya Patel,20,Male,India,3/4/2022,Free
s09984,Karan Lewis,24,Other,Australia,2/2/2019,Free
s09985,Olivia Walker,22,Male,USA,12/8/2019,Free
s09986,Olivia Smith,35,Other,USA,6/16/2022,Yearly
s09987,Aanya Anderson,23,Female,India,8/25/2020,Yearly
s09988,Isabella Moore,37,Other,USA,9/6/2021,Monthly
s09989,Noah Smith,40,Other,Germany,1/10/2021,Yearly
s09990,Sophia Patel,29,Female,Australia,2/13/2019,Yearly
s09991,Zara Lee,23,Female,Canada,9/27/2021,Monthly
s09992,Aanya Davis,46,Other,Canada,2/14/2021,Free
s09993,Zara Smith,18,Female,Australia,10/4/2021,Monthly
s09994,Emma Walker,18,Female,Canada,6/28/2019,Monthly
s09995,Lucas Walker,24,Male,India,11/7/2021,Monthly
s09996,Aanya Patel,27,Other,India,1/24/2022,Free
s09997,Karan Johnson,20,Other,UK,4/8/2022,Monthly
s09998,Aanya Johnson,23,Female,Australia,8/1/2022,Monthly
s09999,Lucas Patel,45,Female,UK,10/28/2020,Free
s10000,Aanya Lee,21,Other,UK,3/21/2020,Monthly
s10001,Ethan Wilson,48,Other,Australia,5/13/2019,Monthly
s10002,Emma Martin,23,Other,UK,8/26/2021,Yearly
s10003,Zara Miller,26,Other,Canada,9/7/2021,Free
s10004,Meera Singh,19,Male,Australia,8/10/2022,Free
s10005,Karan Lee,18,Other,UK,4/13/2022,Free
s10006,Emma Anderson,32,Other,Australia,10/19/2022,Free
s10007,Aarav Davis,20,Male,USA,10/19/2020,Free
s10008,Lucas Verma,39,Other,Australia,12/8/2019,Free
s10009,Isabella Johnson,20,Female,Germany,2/21/2020,Monthly
s10010,Arjun Johnson,22,Female,Germany,11/1/2021,Free
s10011,Riya Smith,62,Other,Germany,6/30/2020,Free
s10012,Arjun Clark,18,Other,Australia,4/23/2022,Free
s10013,Isabella Thomas,22,Female,Germany,3/8/2019,Monthly
s10014,Olivia Hall,22,Male,Australia,2/1/2020,Yearly
s10015,Eva Walker,18,Male,UK,4/1/2020,Yearly
s10016,Sophia Brown,32,Female,Australia,4/11/2020,Free
s10017,Benjamin Martin,23,Other,UK,12/21/2019,Yearly
s10018,Aarav Sharma,18,Other,India,12/25/2021,Monthly
s10019,Noah Johnson,24,Other,USA,11/8/2021,Yearly
s10020,Emma Wilson,27,Male,Australia,7/18/2021,Yearly
s10021,Isabella Hall,20,Other,Canada,2/22/2021,Monthly
s10022,Noah Miller,29,Male,Canada,3/22/2019,Yearly
s10023,Benjamin Walker,23,Male,USA,1/7/2020,Monthly
s10024,Amelia Lewis,34,Female,India,7/24/2021,Monthly
s10025,Vihaan Singh,25,Female,Germany,3/12/2020,Free
s10026,Amelia Walker,30,Female,Canada,6/24/2022,Free
s10027,Emma Clark,45,Other,India,3/9/2021,Monthly
s10028,Aarav Wilson,50,Male,USA,7/5/2019,Yearly
s10029,Liam Martin,27,Other,USA,4/17/2021,Monthly
s10030,Meera Sharma,23,Female,USA,2/4/2022,Yearly
s10031,Zara Smith,21,Female,Germany,11/7/2020,Yearly
s10032,Meera Walker,21,Other,India,2/3/2021,Yearly
s10033,Isabella Taylor,22,Male,India,9/21/2021,Yearly
s10034,Riya Thomas,60,Female,UK,3/4/2021,Free
s10035,Emma Davis,19,Male,USA,12/26/2021,Yearly
s10036,Noah Walker,19,Male,Germany,12/28/2021,Yearly
s10037,Mia Hall,18,Female,Germany,9/22/2020,Free
s10038,Aarav Taylor,23,Other,Canada,4/6/2020,Free
s10039,Isabella Verma,45,Other,India,8/7/2019,Yearly
s10040,Aarav Hall,26,Male,Australia,9/12/2021,Monthly
s10041,Aarav Clark,29,Male,Germany,6/15/2020,Yearly
s10042,Lucas Thomas,23,Other,USA,8/26/2020,Free
s10043,Benjamin Clark,27,Female,UK,7/22/2019,Yearly
s10044,Isabella Davis,21,Male,India,9/28/2020,Yearly
s10045,Karan Sharma,30,Other,UK,5/7/2019,Free
s10046,Sophia Verma,35,Female,Germany,4/13/2022,Monthly
s10047,Mia Davis,20,Male,UK,12/24/2022,Yearly
s10048,Amelia Lewis,56,Female,USA,8/16/2021,Monthly
s10049,Benjamin Smith,20,Female,Australia,1/13/2022,Free
s10050,Mia Patel,22,Other,Australia,3/5/2019,Free
s10051,Aanya Taylor,21,Other,India,9/30/2020,Monthly
s10052,Arjun Sharma,30,Male,Australia,8/26/2019,Monthly
s10053,Emma Thomas,37,Female,Australia,2/5/2019,Monthly
s10054,Liam Patel,18,Male,UK,7/10/2020,Monthly
s10055,Aarav Martin,41,Other,UK,8/10/2019,Monthly
s10056,Arjun Smith,29,Other,Canada,8/16/2021,Yearly
s10057,Lucas Wilson,25,Other,USA,2/6/2019,Monthly
s10058,Vihaan Wilson,25,Male,Germany,10/22/2022,Yearly
s10059,Aarav Patel,24,Female,USA,6/5/2021,Monthly
s10060,Zara Smith,20,Male,Canada,10/19/2020,Monthly
s10061,Arjun Johnson,35,Other,UK,10/6/2021,Monthly
s10062,Isabella Taylor,25,Other,India,2/19/2020,Monthly
s10063,Benjamin Thomas,21,Other,Canada,10/21/2020,Free
s10064,Ethan Johnson,21,Male,Canada,3/5/2022,Free
s10065,Zara Hall,56,Female,USA,8/15/2019,Monthly
s10066,Amelia Martin,18,Other,Australia,5/20/2021,Monthly
s10067,Aanya Walker,24,Male,Australia,7/2/2022,Yearly
s10068,Riya Hall,56,Other,India,6/29/2022,Free
s10069,Vihaan Taylor,20,Female,India,1/7/2022,Yearly
s10070,Arjun Hall,26,Female,USA,4/18/2019,Monthly
s10071,Ethan Moore,36,Female,USA,5/16/2020,Monthly
s10072,Eva Johnson,66,Female,UK,1/17/2021,Yearly
s10073,Olivia Anderson,33,Male,UK,11/25/2021,Monthly
s10074,Olivia Patel,58,Other,Germany,12/17/2022,Yearly
s10075,Sophia Patel,27,Male,India,12/16/2022,Yearly
s10076,Amelia Smith,30,Other,UK,10/11/2019,Yearly
s10077,Noah Miller,21,Male,USA,3/5/2019,Free
s10078,Arjun Smith,27,Female,USA,11/17/2019,Monthly
s10079,Aarav Johnson,26,Female,Canada,3/22/2020,Yearly
s10080,Sophia Martin,47,Male,Australia,9/26/2019,Yearly
s10081,Mia Taylor,26,Male,India,11/21/2020,Monthly
s10082,Isabella Lee,24,Female,USA,7/2/2021,Monthly
s10083,Riya Anderson,24,Other,Germany,9/29/2021,Yearly
s10084,Riya Smith,27,Female,Germany,4/30/2022,Free
s10085,Noah Thomas,23,Male,USA,4/17/2022,Yearly
s10086,Benjamin Singh,20,Male,India,8/26/2020,Monthly
s10087,Riya Johnson,20,Female,UK,1/31/2020,Yearly
s10088,Mia Davis,22,Other,India,4/14/2022,Free
s10089,Liam Davis,26,Female,Australia,2/15/2019,Yearly
s10090,Amelia Martin,25,Female,Australia,11/29/2019,Yearly
s10091,Meera Walker,41,Other,USA,3/31/2021,Monthly
s10092,Sophia Davis,18,Female,Germany,5/25/2020,Free
s10093,Ethan Wilson,21,Male,USA,6/12/2022,Yearly
s10094,Eva Anderson,22,Male,UK,6/17/2020,Monthly
s10095,Lucas Walker,23,Female,India,3/10/2019,Monthly
s10096,Riya Hall,26,Other,Canada,1/15/2022,Free
s10097,Olivia Sharma,25,Male,Canada,6/23/2019,Monthly
s10098,Amelia Moore,43,Male,Australia,8/25/2020,Monthly
s10099,Amelia Hall,23,Other,USA,10/22/2021,Yearly
s10100,Liam Martin,20,Male,Australia,8/20/2020,Monthly
s10101,Vihaan Hall,38,Other,UK,12/25/2022,Monthly
s10102,Zara Verma,19,Female,Australia,6/23/2022,Free
s10103,Emma Patel,35,Female,India,10/21/2021,Free
s10104,Ethan Lewis,21,Other,UK,11/4/2020,Yearly
s10105,Isabella Davis,27,Other,USA,5/4/2019,Yearly
s10106,Aarav Moore,24,Female,Canada,9/22/2022,Yearly
s10107,Isabella Smith,26,Male,Germany,9/23/2022,Yearly
s10108,Sophia Walker,20,Male,Australia,1/13/2019,Yearly
s10109,Mia Johnson,19,Male,India,8/2/2021,Monthly
s10110,Ethan Hall,31,Male,Australia,8/6/2020,Free
s10111,Isabella Anderson,60,Male,Australia,12/7/2022,Free
s10112,Aanya Singh,18,Other,UK,5/18/2021,Free
s10113,Eva Wilson,18,Female,USA,3/10/2021,Free
s10114,Amelia Patel,26,Other,USA,11/19/2020,Yearly
s10115,Sophia Thomas,28,Male,India,1/31/2021,Free
s10116,Benjamin Moore,33,Male,Germany,5/30/2020,Yearly
s10117,Emma Smith,27,Female,USA,1/25/2022,Monthly
s10118,Benjamin Davis,21,Female,India,7/25/2019,Yearly
s10119,Meera Lee,19,Male,Australia,3/26/2020,Yearly
s10120,Arjun Brown,23,Male,Germany,4/13/2021,Yearly
s10121,Meera Taylor,23,Female,UK,9/24/2021,Yearly
s10122,Eva Sharma,48,Other,Australia,6/5/2022,Monthly
s10123,Olivia Lewis,19,Other,Australia,3/16/2022,Free
s10124,Meera Sharma,26,Female,USA,7/18/2022,Monthly
s10125,Arjun Davis,27,Female,Canada,8/22/2022,Yearly
s10126,Amelia Wilson,22,Female,Germany,8/25/2021,Yearly
s10127,Meera Lee,42,Female,India,10/1/2022,Free
s10128,Ethan Sharma,28,Other,UK,5/27/2022,Free
s10129,Benjamin Verma,23,Other,UK,6/19/2021,Monthly
s10130,Riya Johnson,46,Male,Canada,8/31/2022,Free
s10131,Lucas Taylor,21,Female,Germany,10/13/2021,Monthly
s10132,Aarav Thomas,26,Female,Canada,3/27/2020,Yearly
s10133,Benjamin Wilson,45,Other,Australia,1/17/2020,Yearly
s10134,Sophia Miller,24,Other,Canada,9/29/2019,Yearly
s10135,Zara Davis,66,Other,India,3/8/2022,Monthly
s10136,Riya Walker,50,Male,Canada,3/25/2020,Yearly
s10137,Vihaan Lewis,59,Female,Australia,7/24/2022,Free
s10138,Vihaan Miller,21,Other,Australia,8/18/2020,Yearly
s10139,Isabella Hall,20,Female,Canada,3/27/2019,Free
s10140,Ethan Verma,20,Male,UK,10/15/2019,Free
s10141,Lucas Walker,59,Other,Australia,9/21/2022,Free
s10142,Liam Taylor,22,Other,UK,12/1/2019,Yearly
s10143,Liam Verma,18,Male,Germany,3/7/2020,Free
s10144,Sophia Sharma,20,Male,USA,1/6/2019,Yearly
s10145,Riya Smith,55,Male,Germany,1/30/2019,Monthly
s10146,Vihaan Davis,20,Male,Germany,4/22/2020,Free
s10147,Ethan Singh,40,Male,Australia,11/17/2022,Yearly
s10148,Lucas Brown,33,Male,UK,1/27/2020,Free
s10149,Riya Patel,25,Other,Canada,12/25/2020,Monthly
s10150,Riya Johnson,21,Female,Australia,7/22/2021,Monthly
s10151,Mia Patel,35,Female,Canada,8/31/2022,Monthly
s10152,Mia Anderson,26,Male,USA,10/19/2022,Free
s10153,Emma Verma,21,Male,UK,12/17/2021,Free
s10154,Arjun Brown,30,Male,Canada,8/24/2019,Free
s10155,Eva Patel,19,Male,UK,1/5/2022,Yearly
s10156,Amelia Smith,25,Female,UK,10/9/2022,Monthly
s10157,Aanya Johnson,20,Other,Canada,8/18/2022,Monthly
s10158,Aarav Singh,28,Female,USA,12/6/2022,Monthly
s10159,Lucas Thomas,33,Male,UK,12/6/2019,Monthly
s10160,Karan Johnson,57,Female,India,10/23/2022,Monthly
s10161,Vihaan Moore,38,Other,India,8/18/2019,Yearly
s10162,Aanya Wilson,23,Female,India,4/3/2019,Yearly
s10163,Riya Lee,24,Female,Germany,10/1/2019,Free
s10164,Karan Anderson,23,Female,Canada,1/27/2020,Yearly
s10165,Ethan Lewis,23,Male,Germany,7/17/2021,Yearly
s10166,Aanya Singh,43,Female,Australia,6/10/2021,Monthly
s10167,Mia Davis,20,Other,Australia,10/30/2021,Yearly
s10168,Aarav Taylor,31,Female,India,10/3/2022,Monthly
s10169,Karan Brown,18,Female,Australia,7/19/2021,Free
s10170,Eva Miller,34,Female,India,8/27/2021,Free
s10171,Meera Anderson,18,Male,India,7/17/2020,Free
s10172,Eva Martin,21,Other,Germany,8/9/2020,Monthly
s10173,Noah Johnson,33,Other,Australia,3/10/2020,Free
s10174,Meera Taylor,31,Male,UK,8/25/2021,Monthly
s10175,Meera Davis,19,Female,India,1/14/2021,Yearly
s10176,Ethan Johnson,43,Male,Australia,9/24/2019,Free
s10177,Eva Lewis,26,Female,Germany,8/24/2019,Monthly
s10178,Vihaan Patel,28,Other,India,1/18/2021,Yearly
s10179,Riya Sharma,24,Female,Canada,1/6/2021,Free
s10180,Ethan Singh,38,Male,UK,6/3/2020,Yearly
s10181,Amelia Wilson,18,Male,USA,1/26/2022,Free
s10182,Ethan Hall,35,Male,Australia,10/16/2019,Yearly
s10183,Benjamin Patel,24,Female,Canada,3/24/2019,Free
s10184,Meera Singh,22,Female,UK,6/2/2021,Monthly
s10185,Isabella Wilson,21,Female,Germany,10/26/2020,Monthly
s10186,Riya Miller,19,Male,India,5/20/2020,Yearly
s10187,Mia Wilson,22,Female,India,8/1/2019,Monthly
s10188,Aanya Wilson,39,Male,Germany,6/4/2021,Yearly
s10189,Noah Sharma,40,Male,Australia,11/23/2022,Yearly
s10190,Mia Moore,40,Male,Canada,12/18/2021,Yearly
s10191,Noah Smith,25,Female,Canada,9/23/2019,Yearly
s10192,Karan Moore,58,Female,India,5/23/2022,Free
s10193,Liam Hall,44,Other,Germany,3/4/2022,Monthly
s10194,Ethan Patel,21,Female,USA,6/3/2022,Free
s10195,Emma Sharma,23,Female,Australia,4/3/2022,Free
s10196,Riya Sharma,21,Male,UK,5/27/2022,Free
s10197,Olivia Clark,21,Female,Australia,5/22/2022,Monthly
s10198,Riya Patel,19,Male,USA,10/16/2019,Yearly
s10199,Arjun Hall,22,Male,Germany,4/3/2019,Monthly
s10200,Meera Martin,25,Male,Australia,6/11/2019,Free
s10201,Aarav Singh,22,Male,Germany,5/30/2022,Free
s10202,Meera Johnson,50,Female,UK,1/29/2020,Free
s10203,Noah Smith,19,Female,India,3/15/2021,Free
s10204,Karan Martin,36,Female,Canada,4/29/2019,Monthly
s10205,Meera Moore,28,Male,Australia,6/5/2021,Free
s10206,Aanya Wilson,26,Other,USA,10/22/2019,Free
s10207,Aarav Davis,67,Male,Germany,11/8/2019,Yearly
s10208,Arjun Anderson,21,Female,Canada,2/14/2020,Monthly
s10209,Olivia Walker,26,Female,Canada,8/8/2019,Monthly
s10210,Meera Patel,43,Other,USA,1/22/2019,Yearly
s10211,Karan Clark,20,Other,Australia,7/8/2019,Yearly
s10212,Isabella Sharma,28,Female,USA,7/12/2020,Free
s10213,Sophia Sharma,40,Female,USA,10/23/2021,Monthly
s10214,Olivia Hall,24,Other,Germany,1/13/2019,Yearly
s10215,Emma Sharma,22,Female,Canada,11/24/2021,Free
s10216,Benjamin Taylor,26,Other,UK,6/22/2019,Yearly
s10217,Lucas Lee,42,Male,India,10/12/2021,Free
s10218,Liam Hall,20,Other,Canada,7/3/2019,Monthly
s10219,Karan Miller,57,Male,Canada,7/13/2019,Free
s10220,Zara Sharma,18,Female,USA,5/15/2020,Monthly
s10221,Arjun Lewis,27,Other,UK,5/18/2020,Monthly
s10222,Arjun Verma,39,Male,India,7/31/2019,Yearly
s10223,Emma Lee,27,Female,Germany,7/23/2019,Monthly
s10224,Zara Davis,56,Other,Germany,7/18/2022,Free
s10225,Emma Brown,21,Female,USA,12/11/2022,Monthly
s10226,Meera Singh,19,Female,USA,9/8/2019,Yearly
s10227,Mia Martin,43,Female,Germany,4/26/2019,Yearly
s10228,Amelia Miller,23,Female,UK,8/18/2019,Yearly
s10229,Riya Brown,19,Female,Australia,3/9/2022,Free
s10230,Ethan Martin,20,Other,Canada,11/16/2020,Free
s10231,Noah Verma,38,Female,USA,7/12/2022,Yearly
s10232,Meera Martin,42,Other,India,7/18/2021,Monthly
s10233,Liam Patel,39,Other,Australia,3/1/2022,Yearly
s10234,Aanya Singh,22,Male,UK,10/20/2022,Yearly
s10235,Riya Martin,39,Female,UK,4/29/2020,Free
s10236,Meera Lee,18,Other,UK,12/24/2020,Yearly
s10237,Isabella Wilson,26,Male,UK,9/3/2021,Free
s10238,Liam Thomas,59,Female,Australia,3/11/2020,Yearly
s10239,Amelia Thomas,23,Male,Australia,10/16/2019,Yearly
s10240,Lucas Lewis,24,Female,Canada,8/11/2019,Free
s10241,Lucas Thomas,19,Female,Canada,8/6/2019,Monthly
s10242,Karan Miller,59,Other,Canada,6/6/2021,Yearly
s10243,Zara Clark,22,Other,Canada,7/1/2020,Monthly
s10244,Isabella Lee,20,Female,USA,5/21/2019,Monthly
s10245,Isabella Lee,19,Other,India,9/27/2021,Monthly
s10246,Noah Martin,20,Female,Australia,3/2/2021,Free
s10247,Emma Sharma,27,Female,India,5/20/2022,Free
s10248,Olivia Davis,25,Male,USA,3/21/2021,Monthly
s10249,Zara Miller,22,Male,Germany,3/14/2019,Monthly
s10250,Emma Thomas,23,Other,Germany,7/9/2020,Yearly
s10251,Karan Miller,23,Other,UK,11/18/2021,Free
s10252,Benjamin Singh,24,Male,Australia,7/28/2021,Free
s10253,Karan Patel,25,Female,UK,11/7/2022,Yearly
s10254,Olivia Martin,38,Other,Germany,6/22/2022,Yearly
s10255,Noah Verma,36,Female,USA,11/21/2022,Free
s10256,Aanya Davis,25,Male,India,2/12/2021,Free
s10257,Isabella Smith,25,Female,UK,3/14/2019,Monthly
s10258,Arjun Smith,26,Other,Canada,4/5/2020,Free
s10259,Ethan Lewis,26,Male,India,4/5/2021,Free
s10260,Karan Verma,57,Male,Canada,12/23/2019,Yearly
s10261,Karan Anderson,20,Female,UK,5/14/2021,Monthly
s10262,Isabella Martin,23,Female,USA,8/5/2019,Monthly
s10263,Meera Patel,40,Female,India,3/7/2021,Free
s10264,Aanya Miller,47,Male,Canada,9/15/2019,Monthly
s10265,Ethan Clark,36,Other,Germany,8/28/2019,Yearly
s10266,Noah Davis,35,Male,Australia,1/12/2020,Free
s10267,Liam Clark,45,Female,Germany,10/28/2022,Yearly
s10268,Liam Sharma,26,Other,India,11/22/2022,Yearly
s10269,Amelia Johnson,29,Male,Australia,2/27/2022,Monthly
s10270,Noah Davis,32,Other,USA,4/10/2022,Yearly
s10271,Liam Brown,24,Other,India,4/29/2022,Yearly
s10272,Emma Martin,20,Male,Germany,5/16/2022,Yearly
s10273,Liam Lewis,36,Female,UK,6/24/2019,Yearly
s10274,Eva Wilson,19,Other,Canada,6/24/2022,Free
s10275,Amelia Wilson,21,Female,Germany,9/16/2022,Yearly
s10276,Karan Moore,26,Male,USA,5/31/2022,Free
s10277,Benjamin Davis,20,Male,UK,10/1/2020,Yearly
s10278,Lucas Thomas,61,Female,Germany,9/12/2020,Yearly
s10279,Benjamin Clark,29,Male,USA,11/21/2022,Yearly
s10280,Noah Patel,22,Female,UK,8/18/2021,Monthly
s10281,Riya Hall,41,Other,Australia,8/27/2021,Free
s10282,Zara Patel,24,Male,UK,7/3/2022,Monthly
s10283,Lucas Hall,23,Other,Germany,10/2/2020,Monthly
s10284,Benjamin Anderson,22,Other,UK,11/11/2021,Yearly
s10285,Lucas Singh,51,Female,India,11/13/2021,Yearly
s10286,Olivia Clark,18,Male,USA,11/24/2022,Monthly
s10287,Isabella Clark,23,Male,India,4/23/2022,Yearly
s10288,Mia Johnson,25,Female,Canada,1/9/2022,Monthly
s10289,Liam Wilson,37,Male,Germany,2/12/2020,Monthly
s10290,Zara Lewis,35,Other,UK,11/30/2020,Monthly
s10291,Sophia Miller,24,Male,Australia,7/23/2021,Free
s10292,Karan Wilson,18,Male,UK,9/17/2020,Free
s10293,Amelia Patel,42,Female,USA,11/10/2019,Monthly
s10294,Eva Walker,18,Female,USA,11/17/2022,Free
s10295,Olivia Martin,28,Male,India,12/22/2022,Monthly
s10296,Karan Verma,20,Male,India,3/5/2020,Free
s10297,Noah Johnson,22,Other,Germany,5/15/2019,Free
s10298,Eva Patel,64,Female,Canada,4/29/2019,Yearly
s10299,Liam Lewis,23,Male,India,4/24/2021,Free
s10300,Arjun Brown,22,Male,Canada,12/20/2019,Free
s10301,Mia Clark,33,Other,Canada,1/30/2022,Yearly
s10302,Ethan Miller,45,Other,USA,1/7/2021,Free
s10303,Karan Wilson,19,Male,Canada,4/26/2021,Free
s10304,Vihaan Smith,26,Male,UK,4/12/2019,Yearly
s10305,Karan Patel,19,Female,Canada,6/1/2021,Yearly
s10306,Arjun Anderson,38,Female,USA,5/17/2021,Monthly
s10307,Vihaan Lewis,23,Female,UK,11/13/2020,Monthly
s10308,Noah Taylor,26,Female,USA,3/12/2020,Monthly
s10309,Karan Wilson,20,Male,Australia,8/22/2022,Free
s10310,Riya Taylor,18,Other,Germany,4/13/2019,Monthly
s10311,Emma Martin,19,Female,Germany,8/3/2021,Monthly
s10312,Aarav Sharma,27,Male,Canada,10/10/2021,Free
s10313,Riya Anderson,45,Other,India,5/17/2020,Yearly
s10314,Ethan Lee,24,Female,UK,3/4/2021,Monthly
s10315,Amelia Clark,20,Male,Canada,8/22/2020,Free
s10316,Noah Smith,42,Female,India,11/16/2022,Free
s10317,Zara Anderson,22,Other,Australia,10/28/2020,Yearly
s10318,Emma Thomas,21,Other,India,9/5/2020,Free
s10319,Karan Thomas,22,Other,Canada,11/10/2022,Monthly
s10320,Eva Lee,39,Female,India,7/28/2020,Free
s10321,Riya Martin,20,Other,Germany,9/5/2022,Free
s10322,Eva Martin,21,Female,Australia,7/22/2021,Yearly
s10323,Arjun Anderson,33,Male,Canada,8/29/2022,Free
s10324,Liam Anderson,32,Other,USA,2/8/2019,Monthly
s10325,Lucas Walker,26,Female,USA,8/23/2019,Free
s10326,Aarav Johnson,38,Male,India,8/5/2022,Free
s10327,Zara Moore,28,Female,USA,8/1/2019,Yearly
s10328,Aarav Moore,26,Female,Australia,8/28/2022,Monthly
s10329,Benjamin Hall,21,Female,Germany,6/21/2019,Yearly
s10330,Amelia Smith,52,Other,Germany,1/31/2021,Monthly
s10331,Emma Johnson,64,Male,India,11/7/2019,Free
s10332,Noah Thomas,19,Female,UK,7/25/2019,Monthly
s10333,Emma Patel,24,Other,USA,8/11/2021,Monthly
s10334,Liam Hall,54,Male,India,10/10/2020,Yearly
s10335,Lucas Hall,27,Male,UK,3/31/2020,Free
s10336,Zara Wilson,35,Other,Canada,8/19/2019,Yearly
s10337,Sophia Miller,45,Female,UK,4/19/2019,Yearly
s10338,Sophia Singh,27,Female,UK,3/10/2021,Monthly
s10339,Mia Martin,22,Male,UK,10/14/2022,Monthly
s10340,Meera Brown,26,Male,USA,8/1/2020,Yearly
s10341,Emma Singh,18,Female,Canada,11/30/2020,Free
s10342,Eva Johnson,24,Male,Germany,2/25/2020,Monthly
s10343,Sophia Sharma,23,Other,USA,7/20/2022,Yearly
s10344,Benjamin Martin,20,Other,UK,6/25/2020,Monthly
s10345,Eva Davis,42,Female,Germany,8/25/2021,Monthly
s10346,Benjamin Miller,21,Other,USA,9/23/2020,Yearly
s10347,Isabella Lee,25,Female,Australia,6/30/2020,Yearly
s10348,Amelia Clark,18,Female,Canada,10/4/2022,Monthly
s10349,Ethan Anderson,31,Other,USA,5/1/2019,Monthly
s10350,Ethan Johnson,64,Male,India,4/22/2020,Yearly
s10351,Aanya Davis,19,Other,UK,7/21/2019,Monthly
s10352,Karan Miller,42,Male,Canada,6/12/2021,Monthly
s10353,Karan Lee,24,Other,India,11/15/2019,Yearly
s10354,Zara Lewis,19,Female,Australia,7/2/2022,Yearly
s10355,Aanya Taylor,42,Female,Australia,2/16/2022,Monthly
s10356,Liam Brown,20,Male,India,6/29/2020,Monthly
s10357,Emma Martin,48,Female,India,10/30/2021,Free
s10358,Ethan Clark,54,Other,USA,6/4/2022,Free
s10359,Vihaan Miller,20,Other,USA,3/8/2019,Free
s10360,Liam Lewis,47,Male,India,2/8/2021,Yearly
s10361,Vihaan Lee,23,Female,UK,12/15/2019,Free
s10362,Ethan Clark,25,Male,USA,5/7/2022,Free
s10363,Isabella Davis,29,Other,Germany,4/3/2019,Monthly
s10364,Zara Martin,31,Other,Australia,9/17/2022,Free
s10365,Amelia Singh,31,Male,USA,7/11/2022,Monthly
s10366,Vihaan Thomas,18,Female,Australia,7/20/2019,Yearly
s10367,Noah Wilson,45,Male,India,5/8/2021,Free
s10368,Olivia Miller,20,Male,Canada,5/10/2022,Yearly
s10369,Meera Smith,35,Male,UK,10/27/2020,Yearly
s10370,Zara Lee,27,Other,Germany,10/25/2021,Monthly
s10371,Eva Smith,22,Other,Germany,12/20/2019,Free
s10372,Sophia Clark,24,Other,India,11/29/2021,Monthly
s10373,Lucas Smith,39,Female,USA,4/18/2021,Yearly
s10374,Mia Martin,20,Other,Germany,9/17/2021,Free
s10375,Zara Martin,39,Female,Australia,6/15/2022,Yearly
s10376,Vihaan Wilson,21,Female,Canada,6/5/2022,Free
s10377,Arjun Sharma,20,Other,USA,8/23/2019,Monthly
s10378,Ethan Wilson,22,Male,India,1/23/2020,Monthly
s10379,Emma Lewis,20,Male,Canada,3/18/2019,Free
s10380,Eva Johnson,19,Female,USA,1/4/2020,Free
s10381,Lucas Moore,33,Other,Canada,6/9/2019,Monthly
s10382,Vihaan Brown,66,Other,Australia,8/4/2022,Monthly
s10383,Benjamin Davis,18,Male,Canada,4/7/2022,Yearly
s10384,Vihaan Anderson,19,Other,Australia,1/29/2022,Monthly
s10385,Olivia Sharma,40,Other,Germany,2/2/2020,Monthly
s10386,Riya Thomas,20,Female,Canada,11/10/2022,Yearly
s10387,Emma Thomas,18,Male,Australia,7/25/2021,Monthly
s10388,Karan Singh,26,Other,UK,10/28/2020,Free
s10389,Noah Moore,43,Other,Canada,11/9/2020,Monthly
s10390,Olivia Wilson,24,Female,USA,9/3/2020,Free
s10391,Olivia Brown,27,Other,India,12/31/2021,Yearly
s10392,Lucas Smith,19,Female,Germany,4/9/2021,Monthly
s10393,Amelia Hall,34,Female,India,6/5/2022,Yearly
s10394,Sophia Brown,37,Male,Germany,1/30/2021,Monthly
s10395,Noah Johnson,39,Male,Australia,9/27/2022,Yearly
s10396,Sophia Brown,34,Male,Canada,2/28/2020,Monthly
s10397,Aanya Martin,29,Female,Canada,10/25/2021,Monthly
s10398,Eva Martin,22,Female,USA,11/28/2021,Free
s10399,Olivia Taylor,36,Other,Germany,2/7/2021,Yearly
s10400,Liam Johnson,24,Other,India,10/17/2021,Yearly
s10401,Arjun Davis,42,Female,Australia,9/30/2021,Monthly
s10402,Amelia Walker,25,Female,India,2/13/2021,Monthly
s10403,Riya Smith,23,Other,Australia,4/19/2021,Free
s10404,Mia Martin,27,Other,UK,4/16/2020,Yearly
s10405,Arjun Thomas,27,Other,UK,8/28/2019,Free
s10406,Isabella Lee,46,Other,Australia,10/21/2019,Free
s10407,Sophia Martin,23,Male,Canada,6/17/2019,Free
s10408,Benjamin Brown,43,Male,USA,5/4/2019,Monthly
s10409,Arjun Singh,28,Other,Australia,7/4/2021,Free
s10410,Aanya Clark,26,Female,India,1/29/2019,Yearly
s10411,Aanya Hall,20,Other,UK,5/11/2021,Free
s10412,Mia Patel,45,Other,Germany,8/30/2019,Yearly
s10413,Riya Wilson,22,Male,India,5/21/2019,Yearly
s10414,Benjamin Thomas,24,Female,USA,2/12/2022,Free
s10415,Ethan Miller,54,Male,USA,8/8/2022,Monthly
s10416,Eva Johnson,40,Other,Germany,2/19/2021,Monthly
s10417,Eva Anderson,24,Other,Canada,11/29/2020,Yearly
s10418,Isabella Anderson,58,Other,UK,10/29/2020,Free
s10419,Aarav Clark,47,Male,UK,10/20/2021,Free
s10420,Benjamin Thomas,35,Male,Australia,10/10/2019,Monthly
s10421,Eva Wilson,23,Female,Canada,3/8/2019,Yearly
s10422,Arjun Taylor,24,Other,Australia,3/24/2021,Free
s10423,Aarav Martin,33,Female,Germany,3/14/2022,Free
s10424,Benjamin Lewis,33,Male,India,1/8/2022,Free
s10425,Vihaan Moore,26,Male,Canada,12/15/2020,Free
s10426,Lucas Taylor,22,Female,Germany,6/11/2022,Yearly
s10427,Olivia Moore,22,Other,India,9/19/2019,Monthly
s10428,Aarav Singh,19,Female,UK,8/19/2021,Free
s10429,Benjamin Clark,24,Other,Australia,7/18/2022,Yearly
s10430,Emma Clark,23,Female,Australia,2/5/2020,Free
s10431,Ethan Martin,19,Male,Canada,9/8/2021,Monthly
s10432,Zara Anderson,19,Female,UK,6/2/2019,Yearly
s10433,Noah Clark,35,Other,UK,8/7/2021,Free
s10434,Ethan Brown,33,Male,UK,7/14/2022,Yearly
s10435,Isabella Clark,42,Other,Australia,5/8/2022,Free
s10436,Amelia Hall,25,Female,India,11/19/2021,Free
s10437,Benjamin Taylor,43,Female,India,2/10/2019,Yearly
s10438,Ethan Lewis,39,Other,Canada,3/17/2019,Monthly
s10439,Lucas Lee,39,Female,Germany,7/18/2019,Monthly
s10440,Olivia Singh,26,Male,Australia,5/18/2021,Monthly
s10441,Ethan Anderson,21,Male,Australia,2/21/2020,Yearly
s10442,Mia Smith,21,Other,Germany,4/3/2019,Yearly
s10443,Aarav Brown,25,Male,USA,9/28/2021,Monthly
s10444,Karan Clark,20,Male,UK,12/9/2021,Free
s10445,Vihaan Smith,60,Other,Germany,9/5/2019,Yearly
s10446,Aanya Patel,44,Male,Germany,6/21/2021,Yearly
s10447,Riya Walker,27,Female,India,4/19/2019,Yearly
s10448,Sophia Martin,18,Male,UK,7/19/2019,Free
s10449,Karan Patel,18,Male,India,2/9/2021,Monthly
s10450,Riya Miller,18,Female,USA,10/29/2020,Yearly
s10451,Isabella Johnson,18,Other,Australia,1/25/2021,Monthly
s10452,Mia Patel,25,Male,UK,12/9/2020,Free
s10453,Sophia Clark,19,Male,UK,5/1/2019,Yearly
s10454,Eva Verma,25,Male,UK,4/7/2021,Yearly
s10455,Arjun Patel,20,Male,Germany,5/23/2021,Free
s10456,Ethan Sharma,41,Male,Canada,7/21/2020,Free
s10457,Ethan Taylor,18,Female,India,7/31/2022,Monthly
s10458,Noah Brown,25,Other,Germany,7/2/2019,Monthly
s10459,Aarav Smith,19,Male,UK,10/27/2019,Free
s10460,Riya Lewis,23,Male,India,4/21/2020,Free
s10461,Riya Brown,49,Female,Australia,12/28/2022,Free
s10462,Noah Miller,20,Other,India,7/8/2022,Monthly
s10463,Isabella Taylor,18,Male,Australia,2/24/2022,Monthly
s10464,Emma Hall,45,Other,USA,10/30/2021,Yearly
s10465,Aanya Clark,26,Female,Australia,4/16/2020,Monthly
s10466,Aarav Taylor,26,Other,Canada,7/25/2019,Yearly
s10467,Ethan Verma,24,Other,USA,4/16/2021,Monthly
s10468,Ethan Walker,44,Female,USA,10/15/2022,Yearly
s10469,Karan Davis,27,Other,USA,10/29/2021,Yearly
s10470,Noah Anderson,41,Male,Australia,7/9/2019,Free
s10471,Isabella Verma,39,Male,Canada,1/3/2020,Yearly
s10472,Karan Singh,24,Other,India,12/20/2020,Yearly
s10473,Lucas Wilson,26,Female,UK,1/5/2019,Yearly
s10474,Meera Wilson,44,Male,Canada,6/27/2021,Monthly
s10475,Mia Wilson,22,Other,Germany,6/6/2019,Free
s10476,Aarav Singh,20,Female,UK,9/19/2021,Free
s10477,Vihaan Sharma,19,Female,Germany,1/17/2020,Monthly
s10478,Isabella Lewis,19,Other,Australia,5/17/2022,Free
s10479,Eva Lee,28,Other,UK,3/30/2020,Yearly
s10480,Zara Clark,27,Other,Canada,3/30/2019,Free
s10481,Ethan Hall,64,Other,India,4/10/2020,Yearly
s10482,Liam Walker,34,Male,Australia,5/14/2022,Yearly
s10483,Meera Singh,47,Female,Germany,11/5/2019,Monthly
s10484,Eva Singh,27,Female,UK,8/6/2021,Monthly
s10485,Isabella Davis,24,Male,Canada,6/20/2020,Monthly
s10486,Sophia Lee,32,Female,UK,11/9/2020,Yearly
s10487,Eva Walker,36,Other,Australia,7/24/2019,Yearly
s10488,Olivia Lewis,48,Other,Canada,6/19/2020,Monthly
s10489,Isabella Verma,25,Female,Germany,9/6/2022,Monthly
s10490,Liam Lewis,25,Other,USA,1/23/2022,Yearly
s10491,Isabella Davis,59,Female,USA,7/11/2020,Monthly
s10492,Aanya Moore,24,Other,India,3/5/2021,Free
s10493,Zara Brown,19,Male,USA,8/16/2022,Free
s10494,Arjun Davis,20,Other,USA,1/14/2020,Free
s10495,Sophia Walker,30,Male,USA,4/8/2022,Yearly
s10496,Sophia Hall,22,Female,UK,7/1/2020,Free
s10497,Ethan Sharma,22,Other,USA,1/23/2019,Yearly
s10498,Karan Anderson,23,Male,Germany,4/22/2020,Free
s10499,Karan Hall,26,Female,Canada,3/10/2019,Free
s10500,Olivia Taylor,45,Female,USA,12/23/2022,Monthly
s10501,Sophia Hall,24,Female,India,8/9/2020,Free
s10502,Riya Martin,52,Female,Germany,8/15/2021,Free
s10503,Aanya Davis,26,Male,India,9/9/2022,Free
s10504,Arjun Anderson,21,Male,India,5/22/2021,Free
s10505,Zara Anderson,20,Female,Canada,1/16/2020,Yearly
s10506,Eva Anderson,64,Other,UK,2/4/2020,Yearly
s10507,Zara Brown,20,Male,Canada,11/22/2021,Yearly
s10508,Amelia Miller,55,Female,UK,4/23/2022,Yearly
s10509,Arjun Anderson,19,Other,India,9/20/2022,Free
s10510,Aarav Taylor,46,Female,India,3/19/2022,Yearly
s10511,Emma Singh,42,Female,USA,9/5/2022,Yearly
s10512,Vihaan Johnson,34,Other,India,7/22/2019,Yearly
s10513,Liam Walker,24,Male,UK,4/14/2019,Free
s10514,Aarav Sharma,21,Other,Germany,9/21/2020,Yearly
s10515,Amelia Hall,27,Other,Germany,5/19/2020,Yearly
s10516,Sophia Miller,57,Male,India,11/11/2022,Monthly
s10517,Aarav Lee,37,Other,Australia,7/11/2019,Yearly
s10518,Meera Anderson,39,Male,Australia,6/13/2019,Yearly
s10519,Noah Hall,26,Other,Australia,9/13/2020,Monthly
s10520,Benjamin Martin,26,Male,USA,12/19/2020,Free
s10521,Benjamin Thomas,24,Female,India,9/4/2020,Monthly
s10522,Isabella Walker,30,Male,USA,7/30/2020,Monthly
s10523,Noah Wilson,25,Female,India,7/18/2021,Free
s10524,Amelia Patel,27,Male,Germany,12/27/2022,Yearly
s10525,Isabella Lewis,22,Female,Australia,7/30/2020,Free
s10526,Meera Thomas,21,Female,Australia,1/31/2022,Free
s10527,Vihaan Clark,51,Female,Germany,12/25/2021,Free
s10528,Liam Verma,20,Male,India,5/4/2020,Monthly
s10529,Riya Verma,45,Other,Germany,2/14/2022,Free
s10530,Arjun Lee,21,Other,Canada,11/3/2019,Free
s10531,Amelia Wilson,26,Female,Canada,11/19/2020,Yearly
s10532,Karan Smith,45,Male,UK,4/20/2019,Yearly
s10533,Lucas Hall,38,Male,Germany,12/26/2022,Free
s10534,Benjamin Singh,44,Female,USA,5/28/2021,Free
s10535,Riya Miller,26,Other,Canada,1/12/2019,Monthly
s10536,Riya Wilson,26,Other,Canada,12/22/2021,Monthly
s10537,Riya Sharma,44,Male,Germany,1/14/2022,Yearly
s10538,Zara Lee,49,Other,Germany,8/26/2019,Monthly
s10539,Liam Wilson,47,Other,UK,5/12/2019,Yearly
s10540,Emma Walker,28,Male,Canada,6/19/2022,Monthly
s10541,Aanya Davis,24,Other,India,7/2/2019,Yearly
s10542,Aarav Thomas,45,Other,Germany,9/17/2022,Monthly
s10543,Lucas Moore,21,Female,Australia,9/22/2022,Yearly
s10544,Karan Thomas,18,Male,UK,10/11/2022,Yearly
s10545,Isabella Lewis,22,Female,Canada,7/7/2022,Monthly
s10546,Riya Miller,19,Other,Australia,10/18/2022,Yearly
s10547,Amelia Thomas,22,Other,India,2/28/2020,Free
s10548,Meera Thomas,29,Female,Canada,7/26/2021,Monthly
s10549,Aarav Taylor,38,Female,USA,7/21/2021,Free
s10550,Emma Clark,22,Other,India,7/12/2019,Free
s10551,Meera Moore,23,Female,UK,3/3/2020,Free
s10552,Karan Davis,26,Male,Germany,10/17/2019,Free
s10553,Arjun Davis,33,Other,Germany,4/14/2020,Monthly
s10554,Sophia Clark,25,Female,India,10/3/2020,Yearly
s10555,Meera Verma,29,Female,Germany,10/25/2019,Free
s10556,Vihaan Smith,41,Male,Australia,5/17/2021,Monthly
s10557,Amelia Clark,20,Other,USA,4/3/2019,Monthly
s10558,Vihaan Clark,30,Other,India,9/13/2021,Yearly
s10559,Lucas Hall,27,Male,India,3/2/2022,Yearly
s10560,Lucas Smith,25,Male,UK,1/29/2020,Free
s10561,Amelia Brown,20,Female,India,5/23/2020,Free
s10562,Vihaan Miller,36,Male,Canada,9/3/2020,Yearly
s10563,Meera Hall,37,Male,Australia,1/3/2019,Monthly
s10564,Benjamin Patel,27,Other,India,2/23/2021,Free
s10565,Amelia Clark,23,Female,India,7/8/2019,Monthly
s10566,Benjamin Anderson,43,Female,India,12/12/2019,Yearly
s10567,Mia Moore,21,Other,Canada,1/6/2021,Yearly
s10568,Emma Lee,41,Male,USA,9/10/2022,Monthly
s10569,Liam Smith,23,Female,India,12/10/2021,Monthly
s10570,Liam Brown,49,Female,Canada,9/4/2022,Yearly
s10571,Arjun Hall,47,Other,Australia,9/9/2022,Free
s10572,Emma Verma,22,Male,UK,10/26/2020,Monthly
s10573,Sophia Clark,18,Male,UK,10/19/2022,Monthly
s10574,Arjun Sharma,46,Male,Canada,4/2/2019,Free
s10575,Olivia Thomas,35,Male,UK,10/12/2022,Yearly
s10576,Ethan Verma,18,Other,Australia,12/24/2021,Monthly
s10577,Eva Davis,23,Other,UK,3/30/2019,Free
s10578,Aanya Sharma,21,Other,India,1/29/2019,Monthly
s10579,Aarav Wilson,35,Female,USA,1/20/2022,Monthly
s10580,Emma Brown,19,Female,Canada,4/21/2022,Yearly
s10581,Vihaan Clark,28,Female,Germany,3/6/2022,Free
s10582,Sophia Miller,23,Other,Canada,12/9/2020,Monthly
s10583,Meera Johnson,27,Male,Germany,7/14/2020,Free
s10584,Aarav Wilson,25,Female,India,4/27/2021,Yearly
s10585,Isabella Walker,23,Male,Germany,9/22/2020,Free
s10586,Benjamin Clark,47,Male,USA,3/29/2021,Monthly
s10587,Emma Patel,27,Male,Canada,3/31/2021,Free
s10588,Liam Davis,39,Other,Canada,10/13/2020,Free
s10589,Zara Hall,21,Male,Canada,9/23/2020,Free
s10590,Noah Thomas,26,Male,UK,9/28/2021,Free
s10591,Zara Davis,27,Other,Australia,5/29/2021,Yearly
s10592,Ethan Moore,23,Other,Germany,5/12/2022,Yearly
s10593,Amelia Thomas,27,Male,Australia,9/19/2022,Free
s10594,Aarav Johnson,30,Other,Canada,5/6/2022,Free
s10595,Ethan Sharma,44,Male,India,6/4/2021,Free
s10596,Sophia Wilson,35,Female,Germany,2/14/2020,Monthly
s10597,Olivia Sharma,22,Female,Germany,11/21/2022,Monthly
s10598,Ethan Clark,23,Other,Australia,5/13/2020,Free
s10599,Noah Smith,19,Female,UK,10/18/2019,Yearly
s10600,Aanya Taylor,19,Other,Germany,1/23/2022,Monthly
s10601,Mia Lewis,26,Other,USA,8/28/2021,Free
s10602,Mia Miller,56,Male,India,2/26/2019,Yearly
s10603,Noah Moore,27,Male,Canada,6/15/2019,Free
s10604,Mia Johnson,18,Other,UK,1/20/2022,Yearly
s10605,Ethan Lewis,22,Male,India,7/21/2021,Yearly
s10606,Olivia Davis,26,Female,India,1/30/2020,Yearly
s10607,Aanya Anderson,32,Female,USA,3/8/2021,Free
s10608,Olivia Walker,42,Other,Australia,7/27/2022,Yearly
s10609,Meera Moore,19,Female,UK,6/5/2022,Yearly
s10610,Noah Johnson,52,Male,UK,12/3/2020,Monthly
s10611,Olivia Clark,36,Female,UK,6/29/2022,Yearly
s10612,Ethan Johnson,19,Other,India,10/25/2022,Free
s10613,Sophia Lewis,24,Male,Australia,12/28/2019,Yearly
s10614,Liam Martin,18,Male,Australia,5/5/2019,Yearly
s10615,Karan Martin,19,Female,Australia,12/9/2019,Free
s10616,Zara Miller,18,Male,Canada,10/16/2019,Free
s10617,Isabella Moore,39,Female,India,3/4/2019,Yearly
s10618,Sophia Verma,45,Male,USA,3/21/2021,Free
s10619,Karan Anderson,38,Male,Australia,12/18/2021,Yearly
s10620,Olivia Miller,25,Male,UK,1/10/2020,Free
s10621,Meera Walker,31,Other,India,3/3/2022,Free
s10622,Lucas Sharma,22,Other,India,10/23/2021,Yearly
s10623,Vihaan Miller,19,Female,Australia,3/14/2022,Monthly
s10624,Emma Martin,22,Female,Canada,3/13/2020,Yearly
s10625,Eva Sharma,20,Female,USA,7/7/2020,Yearly
s10626,Sophia Lewis,27,Male,USA,11/5/2020,Monthly
s10627,Riya Lewis,32,Male,Germany,3/19/2020,Free
s10628,Karan Singh,33,Female,Australia,11/25/2019,Monthly
s10629,Vihaan Davis,25,Other,USA,9/11/2022,Yearly
s10630,Arjun Patel,23,Male,Australia,3/25/2022,Free
s10631,Isabella Wilson,36,Male,Australia,10/17/2022,Monthly
s10632,Lucas Taylor,21,Female,USA,8/31/2022,Free
s10633,Benjamin Taylor,23,Male,Canada,2/7/2019,Monthly
s10634,Karan Wilson,27,Female,Canada,9/12/2021,Free
s10635,Ethan Sharma,42,Male,USA,8/21/2021,Monthly
s10636,Lucas Wilson,44,Female,UK,12/29/2019,Free
s10637,Riya Hall,26,Female,USA,6/20/2020,Yearly
s10638,Benjamin Brown,21,Female,Canada,4/27/2020,Monthly
s10639,Isabella Brown,20,Female,Germany,10/28/2020,Free
s10640,Noah Moore,54,Female,Australia,12/9/2020,Free
s10641,Riya Lee,64,Male,Germany,6/2/2021,Free
s10642,Zara Moore,18,Male,Germany,8/25/2020,Free
s10643,Ethan Lee,21,Female,UK,8/19/2022,Monthly
s10644,Karan Johnson,46,Male,Germany,9/19/2019,Free
s10645,Aarav Moore,21,Male,UK,8/2/2019,Free
s10646,Eva Verma,29,Male,UK,10/3/2022,Monthly
s10647,Benjamin Moore,23,Other,India,2/11/2021,Monthly
s10648,Emma Hall,31,Male,UK,3/23/2021,Monthly
s10649,Benjamin Patel,21,Male,USA,8/1/2019,Monthly
s10650,Liam Singh,32,Other,Australia,9/21/2021,Monthly
s10651,Benjamin Hall,19,Female,Canada,3/28/2021,Monthly
s10652,Eva Taylor,24,Other,Germany,7/24/2021,Free
s10653,Sophia Miller,19,Female,Australia,9/4/2019,Yearly
s10654,Ethan Brown,23,Male,Australia,8/9/2021,Free
s10655,Aanya Singh,20,Male,USA,3/31/2021,Free
s10656,Riya Smith,19,Other,India,2/24/2022,Free
s10657,Meera Wilson,18,Other,India,3/4/2020,Monthly
s10658,Ethan Johnson,27,Male,USA,7/14/2019,Yearly
s10659,Lucas Clark,27,Female,Germany,8/31/2021,Yearly
s10660,Meera Hall,23,Other,Germany,10/27/2022,Yearly
s10661,Amelia Sharma,63,Other,India,7/2/2021,Monthly
s10662,Sophia Walker,19,Female,Canada,2/26/2020,Free
s10663,Emma Hall,23,Male,Germany,4/10/2019,Free
s10664,Emma Verma,21,Other,USA,10/13/2022,Free
s10665,Emma Patel,34,Female,Germany,4/17/2019,Yearly
s10666,Isabella Smith,19,Male,USA,7/28/2019,Free
s10667,Isabella Walker,24,Female,India,1/12/2021,Yearly
s10668,Mia Lee,18,Other,UK,4/6/2022,Monthly
s10669,Arjun Miller,28,Male,Germany,5/30/2022,Free
s10670,Olivia Patel,23,Other,UK,4/10/2022,Yearly
s10671,Liam Verma,24,Other,Germany,7/7/2019,Yearly
s10672,Aanya Anderson,21,Male,India,4/27/2022,Monthly
s10673,Eva Smith,24,Female,UK,2/24/2019,Yearly
s10674,Isabella Walker,26,Male,Australia,1/2/2019,Yearly
s10675,Isabella Clark,21,Male,UK,10/19/2019,Monthly
s10676,Zara Walker,25,Male,Germany,7/25/2021,Free
s10677,Isabella Verma,22,Male,UK,11/5/2022,Yearly
s10678,Lucas Walker,32,Female,Australia,10/24/2019,Yearly
s10679,Aarav Sharma,61,Other,India,4/27/2020,Yearly
s10680,Mia Martin,22,Female,Australia,4/12/2019,Yearly
s10681,Mia Clark,27,Male,India,9/22/2021,Yearly
s10682,Vihaan Walker,20,Female,Canada,7/28/2022,Yearly
s10683,Noah Wilson,23,Other,India,4/11/2019,Yearly
s10684,Noah Johnson,22,Other,Australia,8/28/2019,Free
s10685,Zara Patel,34,Other,Australia,1/18/2022,Yearly
s10686,Liam Walker,28,Female,Canada,4/20/2021,Monthly
s10687,Eva Verma,55,Female,Australia,2/27/2022,Free
s10688,Riya Johnson,27,Male,Australia,4/29/2022,Free
s10689,Aanya Verma,23,Male,USA,7/1/2022,Free
s10690,Olivia Thomas,24,Female,UK,6/25/2020,Yearly
s10691,Eva Thomas,25,Male,Canada,12/5/2021,Monthly
s10692,Karan Verma,31,Other,USA,7/9/2019,Yearly
s10693,Arjun Hall,19,Female,Canada,7/17/2020,Free
s10694,Isabella Johnson,43,Female,USA,7/27/2022,Free
s10695,Ethan Anderson,23,Female,Germany,7/19/2020,Free
s10696,Ethan Wilson,63,Male,UK,7/21/2022,Yearly
s10697,Eva Moore,47,Other,India,10/4/2021,Monthly
s10698,Aanya Singh,38,Male,Australia,4/9/2019,Free
s10699,Zara Verma,46,Male,Canada,1/11/2022,Free
s10700,Aarav Smith,19,Other,UK,1/2/2020,Monthly
s10701,Vihaan Verma,19,Male,UK,1/4/2020,Free
s10702,Karan Lewis,22,Other,Germany,4/30/2022,Yearly
s10703,Eva Thomas,25,Other,Germany,10/27/2020,Yearly
s10704,Liam Johnson,22,Other,USA,10/17/2022,Monthly
s10705,Aanya Walker,25,Male,USA,6/5/2022,Free
s10706,Noah Walker,18,Female,Canada,11/22/2020,Monthly
s10707,Aanya Smith,37,Other,India,11/11/2022,Monthly
s10708,Mia Clark,25,Other,UK,6/5/2019,Yearly
s10709,Mia Singh,26,Female,India,3/26/2022,Monthly
s10710,Ethan Miller,35,Male,Germany,3/11/2022,Free
s10711,Sophia Singh,21,Other,Germany,9/29/2021,Monthly
s10712,Olivia Lee,32,Male,Australia,12/30/2020,Monthly
s10713,Isabella Patel,24,Male,UK,4/19/2022,Free
s10714,Amelia Lee,43,Male,Germany,5/27/2020,Yearly
s10715,Karan Moore,57,Other,Germany,3/30/2019,Yearly
s10716,Liam Clark,22,Male,India,8/19/2019,Yearly
s10717,Sophia Walker,38,Other,India,4/12/2021,Yearly
s10718,Amelia Clark,25,Other,Canada,5/29/2021,Monthly
s10719,Benjamin Thomas,29,Female,Canada,8/3/2020,Monthly
s10720,Riya Moore,23,Female,Australia,9/20/2019,Free
s10721,Meera Patel,29,Male,USA,10/30/2022,Monthly
s10722,Noah Singh,20,Female,Germany,12/8/2019,Monthly
s10723,Sophia Anderson,23,Female,Germany,12/5/2020,Free
s10724,Zara Thomas,27,Other,Australia,9/5/2022,Monthly
s10725,Eva Martin,31,Male,USA,6/24/2020,Free
s10726,Amelia Thomas,57,Female,UK,3/25/2019,Yearly
s10727,Riya Martin,20,Other,Australia,2/24/2021,Monthly
s10728,Aarav Hall,23,Female,Australia,4/3/2021,Free
s10729,Eva Miller,34,Male,India,9/24/2019,Free
s10730,Emma Verma,22,Other,Germany,3/12/2019,Monthly
s10731,Benjamin Hall,24,Male,UK,8/15/2019,Free
s10732,Karan Taylor,23,Female,Australia,11/4/2021,Yearly
s10733,Ethan Martin,27,Other,Canada,2/20/2021,Free
s10734,Sophia Davis,23,Female,Australia,3/1/2022,Yearly
s10735,Eva Davis,26,Other,UK,12/8/2020,Yearly
s10736,Vihaan Hall,23,Female,India,7/7/2022,Monthly
s10737,Benjamin Johnson,26,Other,India,9/27/2022,Free
s10738,Eva Anderson,62,Female,UK,1/4/2022,Yearly
s10739,Zara Davis,31,Male,UK,3/18/2019,Monthly
s10740,Benjamin Taylor,60,Other,USA,7/13/2019,Free
s10741,Riya Brown,32,Other,Australia,10/29/2021,Yearly
s10742,Karan Patel,21,Male,UK,10/15/2019,Monthly
s10743,Aanya Martin,19,Female,UK,5/25/2022,Monthly
s10744,Riya Martin,51,Male,Germany,10/15/2020,Free
s10745,Vihaan Martin,43,Other,USA,1/21/2020,Yearly
s10746,Amelia Walker,23,Male,USA,10/14/2020,Monthly
s10747,Eva Patel,19,Female,Canada,12/13/2022,Monthly
s10748,Isabella Singh,24,Female,UK,7/22/2021,Monthly
s10749,Mia Lee,26,Other,Germany,9/3/2020,Free
s10750,Arjun Sharma,61,Male,India,12/27/2019,Free
s10751,Lucas Martin,47,Female,Canada,9/10/2021,Free
s10752,Mia Johnson,20,Female,USA,7/21/2021,Monthly
s10753,Riya Brown,20,Male,Canada,8/25/2021,Free
s10754,Amelia Johnson,24,Other,India,8/24/2019,Monthly
s10755,Meera Singh,47,Other,Australia,11/12/2020,Free
s10756,Arjun Martin,25,Male,Canada,7/14/2020,Free
s10757,Riya Lee,25,Male,USA,2/18/2021,Monthly
s10758,Noah Anderson,25,Female,USA,2/21/2019,Yearly
s10759,Aanya Johnson,24,Other,Germany,4/27/2022,Free
s10760,Aanya Lee,21,Male,Canada,12/3/2022,Free
s10761,Meera Hall,31,Female,UK,7/16/2019,Monthly
s10762,Eva Brown,57,Male,Australia,8/2/2019,Yearly
s10763,Noah Johnson,24,Other,USA,10/25/2022,Free
s10764,Arjun Moore,26,Female,Canada,6/23/2020,Monthly
s10765,Lucas Wilson,19,Male,Australia,11/25/2022,Monthly
s10766,Karan Lewis,19,Male,Germany,7/28/2021,Yearly
s10767,Benjamin Lewis,42,Female,Germany,3/15/2022,Free
s10768,Karan Moore,20,Male,UK,7/31/2021,Yearly
s10769,Benjamin Johnson,53,Other,Germany,3/8/2022,Yearly
s10770,Isabella Davis,22,Female,India,8/6/2019,Free
s10771,Ethan Taylor,30,Female,USA,6/13/2021,Free
s10772,Ethan Taylor,43,Other,Canada,8/11/2021,Yearly
s10773,Arjun Davis,45,Other,UK,3/1/2020,Free
s10774,Olivia Verma,24,Other,India,1/8/2022,Monthly
s10775,Emma Singh,29,Other,India,2/24/2021,Monthly
s10776,Isabella Miller,50,Female,USA,6/9/2022,Yearly
s10777,Noah Miller,25,Other,Australia,12/17/2020,Yearly
s10778,Lucas Verma,19,Other,India,11/6/2021,Monthly
s10779,Noah Patel,23,Other,USA,8/16/2021,Monthly
s10780,Noah Wilson,35,Other,Canada,3/4/2021,Free
s10781,Mia Miller,27,Male,Canada,4/22/2019,Yearly
s10782,Ethan Smith,19,Male,Australia,11/7/2021,Yearly
s10783,Riya Clark,25,Male,USA,1/31/2019,Yearly
s10784,Vihaan Singh,24,Female,India,12/30/2022,Monthly
s10785,Isabella Martin,37,Female,UK,1/31/2022,Monthly
s10786,Zara Smith,41,Other,USA,1/23/2021,Yearly
s10787,Karan Wilson,20,Female,UK,7/7/2022,Monthly
s10788,Meera Martin,24,Other,Canada,2/25/2019,Free
s10789,Sophia Lewis,19,Other,UK,5/20/2022,Monthly
s10790,Arjun Moore,23,Other,Germany,2/8/2020,Monthly
s10791,Liam Thomas,27,Male,USA,10/6/2022,Monthly
s10792,Liam Walker,57,Male,USA,6/3/2020,Monthly
s10793,Aarav Hall,27,Female,UK,12/24/2021,Free
s10794,Benjamin Sharma,19,Male,Canada,4/18/2020,Monthly
s10795,Zara Lewis,24,Male,Australia,7/7/2021,Free
s10796,Aanya Smith,23,Male,India,9/21/2020,Monthly
s10797,Zara Walker,24,Other,Canada,5/8/2019,Free
s10798,Emma Clark,28,Male,Australia,3/23/2022,Free
s10799,Aanya Hall,22,Male,Canada,2/13/2020,Monthly
s10800,Eva Walker,36,Other,Canada,3/1/2022,Monthly
s10801,Noah Martin,19,Male,Australia,10/22/2019,Free
s10802,Olivia Taylor,52,Female,Australia,11/26/2020,Yearly
s10803,Arjun Thomas,19,Male,UK,2/18/2019,Free
s10804,Lucas Anderson,28,Other,India,5/6/2019,Free
s10805,Karan Miller,27,Male,USA,9/21/2021,Monthly
s10806,Ethan Sharma,21,Other,USA,3/14/2021,Monthly
s10807,Aanya Smith,26,Male,Canada,10/28/2022,Yearly
s10808,Meera Singh,27,Other,India,7/3/2020,Monthly
s10809,Isabella Clark,28,Other,USA,12/5/2020,Monthly
s10810,Sophia Walker,38,Female,UK,8/30/2021,Free
s10811,Aarav Moore,20,Male,USA,7/27/2019,Monthly
s10812,Arjun Hall,20,Male,Australia,11/12/2021,Yearly
s10813,Mia Walker,22,Female,Germany,8/14/2021,Free
s10814,Ethan Johnson,21,Male,Germany,2/18/2022,Free
s10815,Zara Sharma,44,Female,Germany,1/13/2020,Free
s10816,Karan Sharma,22,Female,Germany,3/15/2020,Monthly
s10817,Olivia Johnson,18,Other,USA,8/25/2021,Yearly
s10818,Riya Martin,24,Other,Canada,4/22/2020,Free
s10819,Noah Lee,19,Female,UK,11/10/2021,Free
s10820,Olivia Lee,24,Other,UK,11/22/2020,Monthly
s10821,Eva Brown,20,Male,Australia,1/20/2022,Free
s10822,Aarav Wilson,40,Male,Germany,4/20/2022,Monthly
s10823,Riya Lewis,46,Female,USA,12/4/2021,Free
s10824,Lucas Clark,21,Female,USA,10/21/2020,Free
s10825,Noah Patel,20,Other,USA,4/17/2020,Monthly
s10826,Ethan Miller,25,Female,Canada,11/18/2021,Yearly
s10827,Noah Singh,45,Other,India,4/8/2019,Monthly
s10828,Aanya Singh,65,Female,India,12/24/2020,Yearly
s10829,Liam Hall,18,Male,Australia,5/12/2021,Yearly
s10830,Eva Davis,22,Other,UK,8/5/2020,Yearly
s10831,Emma Patel,67,Female,India,12/6/2021,Monthly
s10832,Noah Singh,46,Other,Germany,7/11/2019,Free
s10833,Arjun Verma,25,Female,UK,3/18/2019,Monthly
s10834,Arjun Thomas,30,Male,Canada,11/24/2020,Free
s10835,Ethan Martin,26,Female,Australia,7/19/2021,Free
s10836,Vihaan Singh,50,Female,Canada,2/24/2020,Monthly
s10837,Isabella Patel,34,Male,Germany,6/26/2021,Monthly
s10838,Amelia Martin,27,Female,Germany,2/29/2020,Free
s10839,Emma Smith,44,Male,UK,11/6/2021,Monthly
s10840,Meera Walker,31,Female,Germany,10/24/2021,Yearly
s10841,Lucas Smith,53,Female,Canada,8/11/2021,Monthly
s10842,Eva Wilson,43,Male,UK,5/8/2020,Yearly
s10843,Isabella Clark,20,Female,USA,2/24/2022,Monthly
s10844,Emma Davis,27,Male,USA,7/8/2022,Monthly
s10845,Liam Miller,66,Other,UK,12/3/2021,Free
s10846,Aanya Johnson,43,Other,Canada,6/20/2019,Monthly
s10847,Amelia Miller,25,Male,Canada,4/4/2022,Yearly
s10848,Mia Verma,26,Other,UK,5/9/2020,Monthly
s10849,Mia Lewis,19,Other,USA,10/4/2021,Monthly
s10850,Lucas Davis,26,Female,Australia,12/1/2020,Monthly
s10851,Meera Davis,39,Other,Canada,5/15/2022,Yearly
s10852,Aarav Wilson,37,Male,Australia,7/16/2022,Free
s10853,Ethan Lee,29,Female,USA,6/21/2019,Monthly
s10854,Olivia Wilson,18,Female,Canada,1/5/2022,Yearly
s10855,Benjamin Anderson,38,Male,UK,7/16/2019,Monthly
s10856,Emma Sharma,19,Male,Germany,2/8/2019,Yearly
s10857,Meera Singh,26,Male,Germany,12/14/2022,Free
s10858,Aarav Patel,18,Other,India,10/20/2020,Free
s10859,Karan Wilson,31,Male,Germany,11/16/2021,Free
s10860,Meera Thomas,23,Male,Australia,2/11/2022,Monthly
s10861,Emma Brown,47,Male,India,10/5/2022,Monthly
s10862,Benjamin Davis,62,Other,Germany,6/10/2019,Monthly
s10863,Emma Davis,19,Other,India,7/29/2021,Monthly
s10864,Mia Moore,35,Other,India,3/31/2020,Yearly
s10865,Isabella Anderson,31,Male,Canada,6/23/2022,Free
s10866,Amelia Johnson,46,Female,USA,4/7/2022,Free
s10867,Liam Patel,24,Male,USA,5/22/2020,Free
s10868,Ethan Martin,34,Other,USA,7/25/2020,Yearly
s10869,Emma Sharma,18,Female,USA,2/7/2021,Monthly
s10870,Olivia Davis,22,Male,Canada,9/16/2019,Yearly
s10871,Isabella Smith,60,Male,India,6/24/2021,Free
s10872,Liam Johnson,22,Male,USA,5/1/2019,Free
s10873,Riya Thomas,40,Female,UK,3/14/2020,Free
s10874,Benjamin Thomas,53,Female,Germany,6/15/2021,Monthly
s10875,Liam Brown,24,Female,Canada,8/8/2022,Yearly
s10876,Benjamin Lee,28,Female,UK,10/1/2019,Monthly
s10877,Isabella Taylor,21,Other,Australia,3/21/2021,Monthly
s10878,Vihaan Brown,44,Female,Australia,6/14/2021,Free
s10879,Sophia Wilson,20,Female,India,9/21/2022,Yearly
s10880,Olivia Brown,19,Female,Australia,9/16/2021,Monthly
s10881,Isabella Miller,39,Other,USA,10/7/2020,Yearly
s10882,Vihaan Lewis,25,Male,USA,11/9/2021,Free
s10883,Arjun Anderson,39,Male,Canada,6/4/2022,Free
s10884,Riya Martin,35,Male,India,1/11/2021,Monthly
s10885,Lucas Brown,31,Other,Australia,3/31/2021,Free
s10886,Mia Davis,20,Other,Canada,11/24/2020,Free
s10887,Eva Thomas,33,Other,Canada,12/19/2019,Yearly
s10888,Olivia Walker,41,Female,UK,5/16/2020,Monthly
s10889,Meera Sharma,26,Other,India,8/3/2021,Monthly
s10890,Aanya Davis,24,Male,UK,6/5/2021,Free
s10891,Riya Verma,43,Male,USA,3/6/2021,Monthly
s10892,Meera Wilson,43,Male,Germany,6/15/2022,Free
s10893,Vihaan Sharma,25,Other,UK,10/30/2020,Yearly
s10894,Benjamin Patel,18,Other,Germany,5/29/2020,Monthly
s10895,Karan Patel,62,Other,India,1/13/2020,Yearly
s10896,Aarav Taylor,64,Female,India,3/12/2022,Monthly
s10897,Olivia Singh,39,Female,India,11/4/2022,Monthly
s10898,Mia Walker,24,Male,UK,6/10/2021,Monthly
s10899,Emma Lewis,18,Female,UK,9/27/2020,Yearly
s10900,Aanya Hall,25,Female,Germany,8/23/2021,Free
s10901,Aarav Verma,22,Male,USA,10/18/2021,Monthly
s10902,Aarav Davis,27,Male,USA,11/11/2021,Free
s10903,Riya Brown,22,Other,Canada,7/28/2022,Yearly
s10904,Benjamin Martin,18,Female,UK,4/4/2021,Yearly
s10905,Aanya Wilson,24,Female,Canada,10/15/2020,Monthly
s10906,Isabella Anderson,23,Other,Australia,8/5/2022,Monthly
s10907,Mia Martin,31,Other,Germany,9/16/2019,Free
s10908,Sophia Lewis,41,Other,UK,12/3/2020,Monthly
s10909,Meera Verma,44,Female,UK,9/24/2021,Monthly
s10910,Mia Patel,18,Other,Australia,6/4/2021,Yearly
s10911,Noah Lewis,28,Other,Germany,9/25/2022,Yearly
s10912,Vihaan Moore,36,Female,India,1/16/2022,Monthly
s10913,Mia Smith,26,Female,India,1/14/2021,Monthly
s10914,Ethan Davis,64,Male,Germany,8/27/2022,Monthly
s10915,Vihaan Smith,21,Male,Canada,6/30/2019,Free
s10916,Sophia Singh,30,Male,UK,7/14/2019,Free
s10917,Emma Wilson,21,Other,India,9/21/2022,Monthly
s10918,Meera Martin,25,Male,UK,7/16/2022,Yearly
s10919,Aarav Patel,36,Female,UK,2/25/2021,Yearly
s10920,Olivia Anderson,19,Female,Germany,10/11/2020,Free
s10921,Lucas Anderson,41,Male,India,10/24/2022,Monthly
s10922,Amelia Miller,18,Female,Germany,8/2/2019,Monthly
s10923,Emma Wilson,21,Male,UK,11/23/2020,Free
s10924,Aarav Taylor,19,Male,India,11/12/2022,Yearly
s10925,Ethan Moore,24,Male,Germany,8/19/2021,Free
s10926,Amelia Verma,20,Female,Australia,3/12/2020,Free
s10927,Eva Patel,22,Male,UK,8/23/2021,Free
s10928,Eva Patel,39,Female,Canada,3/9/2019,Free
s10929,Vihaan Anderson,28,Female,Canada,7/15/2021,Yearly
s10930,Arjun Johnson,22,Female,UK,9/19/2020,Monthly
s10931,Isabella Walker,60,Male,UK,2/16/2021,Free
s10932,Karan Taylor,21,Female,Australia,1/10/2021,Monthly
s10933,Ethan Brown,18,Male,Germany,8/23/2020,Yearly
s10934,Riya Martin,66,Other,Germany,7/31/2020,Yearly
s10935,Mia Brown,66,Male,Canada,2/19/2019,Free
s10936,Noah Lewis,46,Male,Australia,12/11/2019,Yearly
s10937,Mia Taylor,19,Female,Canada,10/28/2021,Free
s10938,Emma Lee,41,Female,Germany,6/14/2019,Yearly
s10939,Arjun Hall,44,Male,India,2/26/2021,Monthly
s10940,Lucas Martin,55,Female,Germany,1/27/2019,Yearly
s10941,Eva Smith,22,Male,Australia,3/12/2020,Free
s10942,Aarav Brown,27,Female,Germany,5/19/2020,Monthly
s10943,Eva Johnson,38,Other,India,10/31/2020,Yearly
s10944,Olivia Sharma,23,Male,Australia,8/5/2020,Free
s10945,Lucas Moore,33,Male,Australia,8/22/2021,Yearly
s10946,Aanya Wilson,53,Female,Canada,10/27/2022,Monthly
s10947,Lucas Thomas,20,Female,Canada,9/14/2020,Monthly
s10948,Benjamin Smith,32,Other,Australia,6/4/2022,Free
s10949,Riya Lee,23,Male,India,12/6/2020,Yearly
s10950,Vihaan Singh,18,Female,Canada,1/28/2022,Free
s10951,Benjamin Hall,26,Male,USA,11/4/2021,Yearly
s10952,Mia Martin,27,Female,Canada,1/15/2019,Yearly
s10953,Ethan Sharma,21,Other,UK,1/9/2022,Monthly
s10954,Eva Davis,27,Female,Canada,8/2/2020,Monthly
s10955,Vihaan Taylor,18,Female,Germany,12/7/2020,Monthly
s10956,Aanya Johnson,64,Male,India,4/9/2021,Yearly
s10957,Sophia Moore,38,Female,Australia,12/5/2020,Yearly
s10958,Eva Johnson,54,Female,Australia,12/15/2021,Monthly
s10959,Sophia Singh,24,Other,UK,7/22/2022,Free
s10960,Olivia Lewis,27,Male,Australia,1/26/2022,Monthly
s10961,Aanya Martin,24,Other,USA,11/3/2019,Free
s10962,Lucas Singh,55,Other,Germany,9/1/2022,Monthly
s10963,Lucas Brown,23,Female,Australia,10/14/2022,Monthly
s10964,Olivia Miller,27,Female,USA,3/23/2022,Yearly
s10965,Olivia Martin,55,Male,Germany,3/15/2020,Yearly
s10966,Benjamin Martin,20,Other,USA,9/8/2021,Free
s10967,Noah Brown,24,Other,UK,7/31/2020,Yearly
s10968,Aarav Thomas,26,Other,Australia,11/19/2022,Monthly
s10969,Aanya Martin,40,Female,USA,4/8/2021,Yearly
s10970,Arjun Lee,36,Other,Australia,11/20/2022,Monthly
s10971,Isabella Walker,28,Male,India,1/27/2020,Monthly
s10972,Meera Thomas,29,Female,UK,9/3/2022,Yearly
s10973,Vihaan Sharma,33,Male,UK,9/12/2022,Yearly
s10974,Liam Martin,29,Female,India,6/2/2019,Free
s10975,Olivia Clark,38,Female,India,5/23/2020,Free
s10976,Benjamin Hall,35,Female,UK,2/4/2022,Yearly
s10977,Mia Verma,36,Female,Canada,2/7/2020,Yearly
s10978,Karan Johnson,52,Other,USA,10/20/2021,Free
s10979,Sophia Verma,27,Male,India,2/8/2021,Yearly
s10980,Riya Patel,24,Male,Canada,3/14/2020,Monthly
s10981,Ethan Taylor,26,Female,Canada,5/12/2020,Yearly
s10982,Riya Clark,36,Male,Australia,12/28/2021,Free
s10983,Isabella Brown,23,Female,India,7/6/2019,Yearly
s10984,Arjun Taylor,26,Female,India,2/10/2021,Monthly
s10985,Riya Johnson,39,Male,Australia,7/22/2020,Yearly
s10986,Emma Miller,33,Female,Canada,6/22/2020,Monthly
s10987,Ethan Smith,27,Other,Canada,11/3/2022,Free
s10988,Aarav Patel,24,Other,Australia,4/20/2019,Yearly
s10989,Mia Moore,26,Female,Australia,4/15/2019,Free
s10990,Amelia Walker,38,Female,Canada,2/28/2019,Yearly
s10991,Riya Smith,31,Female,Australia,3/28/2019,Free
s10992,Lucas Sharma,24,Male,India,1/31/2019,Yearly
s10993,Mia Verma,18,Female,Canada,4/24/2020,Free
s10994,Arjun Miller,25,Other,USA,1/26/2020,Monthly
s10995,Arjun Clark,21,Male,Australia,11/16/2019,Monthly
s10996,Sophia Moore,27,Other,USA,5/24/2021,Monthly
s10997,Ethan Verma,39,Female,Germany,9/29/2019,Monthly
s10998,Aarav Clark,40,Other,Canada,8/11/2020,Free
s10999,Aanya Clark,42,Other,Germany,7/13/2022,Monthly
s11000,Benjamin Singh,20,Female,USA,3/26/2020,Free
s11001,Zara Taylor,23,Female,Germany,3/1/2021,Free
s11002,Noah Walker,29,Male,Germany,5/13/2022,Free
s11003,Mia Clark,25,Female,UK,10/30/2022,Yearly
s11004,Ethan Walker,18,Other,Australia,6/15/2020,Monthly
s11005,Amelia Thomas,25,Male,Canada,5/22/2019,Yearly
s11006,Mia Verma,22,Female,Australia,1/13/2020,Monthly
s11007,Zara Johnson,26,Male,Germany,9/2/2020,Yearly
s11008,Mia Smith,30,Female,UK,4/10/2022,Free
s11009,Mia Davis,24,Male,UK,5/31/2022,Yearly
s11010,Sophia Singh,19,Male,USA,5/11/2020,Monthly
s11011,Aanya Verma,26,Other,India,2/11/2022,Yearly
s11012,Aanya Miller,18,Other,Canada,8/22/2022,Free
s11013,Sophia Brown,24,Other,Germany,8/4/2022,Yearly
s11014,Isabella Miller,37,Female,USA,5/24/2021,Yearly
s11015,Lucas Lewis,31,Other,USA,7/6/2019,Monthly
s11016,Karan Martin,26,Female,Germany,1/20/2020,Yearly
s11017,Sophia Miller,25,Other,Australia,9/30/2019,Monthly
s11018,Emma Patel,32,Male,Germany,11/7/2021,Free
s11019,Ethan Thomas,22,Female,UK,10/28/2021,Free
s11020,Aanya Walker,35,Other,Germany,10/30/2021,Monthly
s11021,Amelia Miller,24,Male,Canada,11/19/2021,Monthly
s11022,Sophia Martin,24,Other,Canada,9/10/2021,Monthly
s11023,Amelia Moore,47,Male,Canada,4/5/2019,Free
s11024,Eva Lewis,18,Male,Canada,2/10/2021,Monthly
s11025,Eva Davis,27,Other,USA,7/14/2020,Free
s11026,Sophia Patel,19,Female,USA,5/21/2021,Yearly
s11027,Arjun Lewis,24,Male,India,2/4/2021,Monthly
s11028,Meera Moore,22,Other,India,5/19/2021,Yearly
s11029,Eva Singh,25,Female,USA,6/14/2020,Yearly
s11030,Aarav Sharma,20,Male,Canada,10/21/2021,Yearly
s11031,Benjamin Wilson,61,Female,UK,3/30/2019,Monthly
s11032,Zara Martin,61,Other,India,6/16/2020,Monthly
s11033,Aanya Miller,27,Other,USA,6/28/2021,Free
s11034,Liam Smith,26,Other,India,5/15/2020,Yearly
s11035,Liam Smith,21,Female,USA,3/8/2022,Yearly
s11036,Amelia Miller,50,Male,USA,10/18/2022,Free
s11037,Aanya Johnson,26,Other,Australia,9/23/2019,Monthly
s11038,Sophia Brown,24,Female,UK,11/3/2019,Monthly
s11039,Benjamin Lewis,20,Female,Australia,5/27/2021,Yearly
s11040,Vihaan Wilson,63,Other,India,12/21/2021,Monthly
s11041,Amelia Moore,43,Other,Canada,10/23/2020,Yearly
s11042,Sophia Singh,46,Male,Australia,4/28/2020,Monthly
s11043,Karan Smith,24,Male,Australia,7/28/2019,Monthly
s11044,Isabella Martin,27,Female,Australia,2/19/2019,Free
s11045,Lucas Thomas,48,Other,Canada,5/14/2021,Free
s11046,Karan Brown,58,Other,USA,4/9/2020,Monthly
s11047,Mia Patel,19,Female,India,6/22/2022,Free
s11048,Eva Moore,24,Female,India,6/25/2020,Free
s11049,Emma Brown,26,Male,India,2/8/2019,Monthly
s11050,Amelia Johnson,24,Other,UK,2/29/2020,Free
s11051,Aarav Thomas,47,Male,USA,6/1/2019,Yearly
s11052,Emma Taylor,27,Male,USA,12/11/2019,Yearly
s11053,Olivia Martin,30,Male,India,4/11/2022,Monthly
s11054,Amelia Clark,29,Male,UK,9/30/2020,Monthly
s11055,Noah Brown,22,Other,UK,12/7/2020,Monthly
s11056,Lucas Smith,21,Male,India,11/27/2019,Yearly
s11057,Noah Sharma,35,Other,UK,6/6/2021,Free
s11058,Karan Thomas,21,Female,UK,5/17/2019,Yearly
s11059,Isabella Johnson,19,Female,UK,1/10/2020,Yearly
s11060,Sophia Wilson,23,Male,UK,1/19/2020,Yearly
s11061,Amelia Martin,25,Male,Canada,11/22/2019,Yearly
s11062,Amelia Patel,24,Female,Australia,10/20/2021,Free
s11063,Meera Moore,25,Female,India,5/11/2020,Monthly
s11064,Benjamin Miller,57,Other,UK,9/7/2021,Yearly
s11065,Aarav Clark,67,Female,Germany,7/29/2019,Yearly
s11066,Aarav Walker,54,Other,UK,10/25/2020,Yearly
s11067,Lucas Singh,23,Other,India,7/12/2022,Yearly
s11068,Meera Taylor,26,Female,Australia,3/13/2020,Yearly
s11069,Eva Thomas,24,Female,Australia,5/28/2022,Free
s11070,Meera Anderson,24,Male,Germany,11/1/2019,Free
s11071,Aarav Taylor,45,Female,UK,1/20/2019,Yearly
s11072,Arjun Sharma,24,Female,Australia,12/19/2019,Yearly
s11073,Riya Anderson,20,Other,Germany,3/24/2022,Monthly
s11074,Emma Davis,22,Male,Australia,11/6/2022,Free
s11075,Ethan Davis,36,Female,Australia,11/9/2020,Free
s11076,Aanya Martin,45,Male,USA,9/26/2022,Yearly
s11077,Sophia Thomas,22,Male,UK,7/7/2022,Yearly
s11078,Isabella Wilson,25,Male,Australia,1/24/2022,Free
s11079,Amelia Sharma,23,Male,Canada,11/5/2019,Monthly
s11080,Zara Verma,30,Female,India,5/22/2022,Yearly
s11081,Aarav Lewis,24,Female,Canada,8/11/2019,Monthly
s11082,Lucas Singh,35,Other,Canada,7/14/2022,Yearly
s11083,Vihaan Martin,25,Male,Canada,8/5/2022,Monthly
s11084,Isabella Wilson,21,Male,Australia,2/7/2022,Free
s11085,Eva Smith,21,Other,USA,7/16/2019,Monthly
s11086,Benjamin Martin,55,Male,Australia,11/27/2019,Free
s11087,Isabella Moore,47,Female,Australia,1/11/2022,Yearly
s11088,Amelia Johnson,44,Other,Canada,9/21/2021,Free
s11089,Amelia Thomas,22,Male,USA,11/8/2019,Monthly
s11090,Lucas Patel,24,Male,Canada,4/21/2021,Free
s11091,Riya Martin,27,Male,Canada,2/6/2019,Yearly
s11092,Eva Sharma,30,Male,India,5/25/2022,Monthly
s11093,Riya Wilson,50,Male,USA,12/3/2022,Free
s11094,Olivia Patel,47,Other,USA,4/27/2021,Monthly
s11095,Noah Miller,27,Other,USA,6/11/2019,Free
s11096,Zara Davis,24,Other,Canada,9/1/2022,Free
s11097,Noah Smith,28,Other,UK,6/19/2019,Yearly
s11098,Arjun Patel,34,Other,India,6/30/2021,Yearly
s11099,Amelia Wilson,26,Other,Canada,10/28/2022,Yearly
s11100,Emma Johnson,29,Female,UK,2/2/2021,Monthly
s11101,Karan Smith,35,Male,Australia,7/10/2021,Monthly
s11102,Sophia Clark,47,Female,UK,4/26/2020,Free
s11103,Karan Smith,35,Other,India,5/2/2020,Yearly
s11104,Karan Wilson,21,Female,UK,6/12/2021,Free
s11105,Sophia Taylor,51,Other,Germany,10/29/2022,Free
s11106,Noah Clark,29,Male,India,6/29/2022,Monthly
s11107,Amelia Thomas,38,Female,Germany,6/20/2022,Monthly
s11108,Olivia Smith,25,Other,USA,12/2/2021,Monthly
s11109,Zara Davis,26,Other,Canada,10/31/2020,Yearly
s11110,Eva Singh,37,Female,UK,7/9/2019,Yearly
s11111,Emma Martin,37,Male,USA,5/30/2022,Yearly
s11112,Aanya Walker,44,Other,Germany,7/5/2021,Free
s11113,Isabella Anderson,50,Other,Canada,1/10/2021,Free
s11114,Olivia Lewis,26,Other,USA,12/11/2020,Free
s11115,Vihaan Clark,21,Female,India,12/29/2020,Yearly
s11116,Olivia Singh,21,Male,Australia,9/29/2020,Monthly
s11117,Arjun Thomas,32,Female,Germany,5/3/2021,Free
s11118,Olivia Lewis,21,Other,India,3/30/2020,Yearly
s11119,Noah Moore,27,Male,USA,7/24/2019,Monthly
s11120,Isabella Sharma,25,Female,India,11/4/2020,Free
s11121,Aarav Patel,22,Female,Canada,4/9/2022,Yearly
s11122,Liam Brown,20,Male,UK,8/12/2021,Monthly
s11123,Olivia Singh,27,Male,India,5/31/2021,Monthly
s11124,Isabella Clark,20,Male,USA,6/26/2020,Yearly
s11125,Benjamin Thomas,19,Female,USA,11/8/2021,Yearly
s11126,Isabella Hall,35,Male,USA,3/26/2021,Monthly
s11127,Olivia Sharma,22,Other,USA,11/30/2019,Monthly
s11128,Liam Moore,27,Male,India,11/8/2020,Free
s11129,Ethan Smith,46,Other,UK,9/24/2019,Free
s11130,Noah Taylor,22,Male,USA,4/1/2020,Monthly
s11131,Ethan Patel,21,Male,Australia,12/8/2019,Yearly
s11132,Arjun Johnson,33,Male,India,8/30/2021,Monthly
s11133,Benjamin Clark,27,Male,UK,12/13/2020,Yearly
s11134,Noah Lewis,47,Other,Australia,4/25/2021,Free
s11135,Zara Lee,22,Other,USA,11/30/2022,Free
s11136,Noah Moore,46,Male,Australia,9/19/2019,Free
s11137,Karan Sharma,24,Male,Australia,4/5/2020,Free
s11138,Sophia Brown,55,Male,USA,7/26/2022,Monthly
s11139,Aarav Taylor,25,Female,Germany,4/2/2021,Free
s11140,Sophia Davis,22,Other,Australia,10/16/2019,Monthly
s11141,Eva Hall,23,Male,USA,8/14/2019,Monthly
s11142,Amelia Anderson,25,Female,Germany,6/21/2020,Yearly
s11143,Amelia Martin,26,Female,India,10/9/2021,Free
s11144,Mia Taylor,21,Female,USA,5/17/2019,Yearly
s11145,Noah Lewis,19,Other,Australia,6/23/2019,Free
s11146,Noah Patel,26,Female,USA,3/25/2020,Monthly
s11147,Vihaan Martin,28,Female,UK,7/17/2022,Yearly
s11148,Liam Smith,41,Other,UK,10/30/2021,Yearly
s11149,Arjun Lee,27,Other,Canada,1/28/2021,Monthly
s11150,Aanya Moore,27,Male,Australia,7/1/2020,Free
s11151,Noah Thomas,23,Female,Germany,2/14/2019,Free
s11152,Amelia Johnson,34,Male,USA,3/1/2019,Yearly
s11153,Amelia Martin,22,Other,Australia,5/26/2020,Yearly
s11154,Mia Thomas,44,Female,Australia,12/11/2022,Yearly
s11155,Amelia Moore,41,Male,Australia,11/1/2020,Monthly
s11156,Lucas Walker,47,Male,UK,6/27/2021,Monthly
s11157,Benjamin Singh,27,Male,India,8/7/2020,Free
s11158,Noah Sharma,38,Other,Australia,12/11/2020,Monthly
s11159,Arjun Moore,42,Female,Australia,2/17/2020,Free
s11160,Vihaan Moore,50,Female,Australia,3/1/2022,Monthly
s11161,Mia Moore,22,Other,Canada,5/25/2019,Free
s11162,Olivia Hall,26,Other,Canada,3/4/2020,Free
s11163,Amelia Davis,21,Male,Australia,8/9/2022,Free
s11164,Karan Wilson,20,Female,USA,12/26/2021,Monthly
s11165,Meera Davis,42,Female,Australia,1/5/2020,Monthly
s11166,Zara Verma,21,Female,Australia,9/30/2019,Free
s11167,Aarav Anderson,19,Other,USA,4/8/2020,Monthly
s11168,Olivia Anderson,18,Male,Germany,4/7/2019,Free
s11169,Emma Smith,19,Female,Australia,3/28/2022,Monthly
s11170,Zara Sharma,55,Other,USA,10/23/2020,Free
s11171,Isabella Brown,40,Male,India,3/15/2020,Monthly
s11172,Arjun Thomas,30,Other,USA,5/4/2019,Free
s11173,Noah Miller,45,Male,Canada,4/10/2021,Yearly
s11174,Meera Singh,24,Female,USA,12/5/2020,Yearly
s11175,Amelia Smith,20,Female,Canada,10/27/2021,Monthly
s11176,Olivia Johnson,61,Female,India,12/23/2022,Free
s11177,Noah Martin,62,Female,Canada,8/8/2019,Yearly
s11178,Ethan Smith,26,Male,Canada,8/18/2019,Yearly
s11179,Aanya Patel,24,Other,Canada,7/6/2019,Monthly
s11180,Mia Thomas,21,Male,Canada,8/7/2021,Yearly
s11181,Emma Wilson,28,Female,Germany,8/31/2020,Monthly
s11182,Vihaan Sharma,39,Other,Australia,5/22/2022,Yearly
s11183,Aanya Walker,37,Other,Australia,3/16/2022,Free
s11184,Noah Wilson,51,Male,UK,5/7/2021,Yearly
s11185,Liam Anderson,38,Other,USA,3/5/2020,Free
s11186,Karan Smith,61,Other,Australia,2/3/2022,Monthly
s11187,Amelia Martin,26,Female,Canada,2/14/2021,Yearly
s11188,Eva Walker,23,Female,Australia,7/2/2020,Yearly
s11189,Amelia Singh,24,Female,UK,8/24/2021,Yearly
s11190,Mia Taylor,30,Other,Australia,6/27/2021,Monthly
s11191,Lucas Lee,25,Female,Australia,6/30/2019,Free
s11192,Benjamin Moore,32,Male,Australia,11/21/2022,Yearly
s11193,Zara Taylor,20,Other,Germany,10/22/2021,Monthly
s11194,Lucas Hall,27,Female,UK,7/13/2020,Free
s11195,Isabella Hall,18,Male,India,10/27/2021,Free
s11196,Olivia Brown,26,Male,USA,4/11/2020,Yearly
s11197,Benjamin Patel,23,Male,USA,1/9/2022,Monthly
s11198,Amelia Taylor,20,Other,Australia,3/21/2020,Free
s11199,Liam Smith,39,Male,USA,3/1/2020,Monthly
s11200,Aanya Hall,23,Female,India,8/26/2022,Yearly
s11201,Eva Smith,46,Female,Canada,1/18/2019,Free
s11202,Lucas Thomas,21,Female,India,7/3/2019,Yearly
s11203,Liam Walker,18,Female,Canada,7/26/2020,Free
s11204,Zara Smith,44,Female,Germany,5/18/2021,Monthly
s11205,Vihaan Johnson,29,Other,UK,5/24/2022,Yearly
s11206,Emma Davis,32,Female,UK,4/13/2020,Yearly
s11207,Noah Sharma,29,Female,Germany,7/11/2021,Monthly
s11208,Mia Lee,18,Female,USA,5/31/2019,Free
s11209,Riya Clark,49,Female,USA,8/23/2021,Yearly
s11210,Lucas Taylor,40,Female,Canada,11/19/2019,Monthly
s11211,Aanya Taylor,46,Female,Australia,12/9/2021,Yearly
s11212,Olivia Patel,45,Male,UK,8/26/2019,Free
s11213,Mia Taylor,26,Other,Canada,4/4/2021,Yearly
s11214,Olivia Clark,23,Female,USA,1/25/2020,Yearly
s11215,Olivia Sharma,50,Male,India,9/14/2022,Monthly
s11216,Lucas Martin,24,Other,Germany,11/21/2021,Monthly
s11217,Aarav Sharma,34,Other,UK,6/27/2022,Yearly
s11218,Lucas Anderson,58,Female,India,2/14/2022,Yearly
s11219,Lucas Singh,27,Other,Canada,5/23/2021,Yearly
s11220,Noah Martin,46,Male,Australia,7/28/2021,Yearly
s11221,Noah Miller,36,Female,Canada,7/21/2022,Monthly
s11222,Lucas Anderson,23,Female,Canada,2/28/2019,Free
s11223,Ethan Hall,26,Male,UK,12/1/2019,Free
s11224,Sophia Smith,31,Other,India,4/10/2022,Free
s11225,Ethan Smith,20,Female,USA,5/10/2022,Free
s11226,Isabella Walker,67,Other,Australia,12/4/2022,Yearly
s11227,Meera Brown,20,Male,India,3/26/2019,Monthly
s11228,Riya Brown,24,Other,Australia,10/20/2022,Yearly
s11229,Aarav Miller,36,Male,India,2/8/2021,Yearly
s11230,Vihaan Brown,31,Male,Australia,4/14/2022,Free
s11231,Benjamin Smith,44,Male,USA,11/12/2020,Monthly
s11232,Eva Verma,25,Female,Germany,6/17/2022,Free
s11233,Riya Verma,50,Male,India,11/2/2019,Yearly
s11234,Vihaan Moore,39,Other,Canada,6/14/2019,Yearly
s11235,Sophia Moore,27,Male,USA,2/15/2020,Monthly
s11236,Zara Thomas,35,Female,USA,1/25/2020,Free
s11237,Ethan Martin,39,Female,UK,5/16/2022,Monthly
s11238,Zara Walker,19,Other,Australia,3/13/2020,Yearly
s11239,Aanya Miller,20,Male,USA,6/2/2020,Yearly
s11240,Riya Clark,41,Other,USA,9/1/2022,Monthly
s11241,Sophia Sharma,20,Other,UK,1/6/2020,Monthly
s11242,Aanya Moore,26,Other,Germany,5/3/2022,Free
s11243,Olivia Sharma,58,Other,Canada,10/12/2019,Yearly
s11244,Eva Verma,47,Female,Germany,11/4/2021,Monthly
s11245,Meera Lewis,37,Male,USA,2/4/2022,Yearly
s11246,Noah Singh,21,Other,Canada,7/23/2019,Free
s11247,Zara Clark,21,Other,USA,6/20/2021,Free
s11248,Olivia Walker,20,Female,Australia,5/12/2021,Monthly
s11249,Mia Taylor,22,Male,Australia,8/22/2021,Monthly
s11250,Meera Patel,43,Other,USA,2/27/2021,Monthly
s11251,Zara Thomas,31,Male,Australia,1/9/2021,Yearly
s11252,Ethan Miller,24,Other,Germany,2/19/2019,Monthly
s11253,Olivia Smith,39,Male,USA,5/2/2020,Free
s11254,Isabella Smith,27,Other,Australia,4/29/2019,Free
s11255,Ethan Moore,27,Male,UK,9/15/2022,Free
s11256,Ethan Taylor,20,Other,Germany,1/30/2021,Monthly
s11257,Vihaan Verma,26,Male,India,4/17/2022,Yearly
s11258,Sophia Lewis,64,Other,Canada,5/5/2021,Monthly
s11259,Aanya Miller,51,Male,Germany,9/10/2020,Free
s11260,Mia Anderson,35,Female,USA,5/20/2019,Free
s11261,Aanya Hall,21,Female,Germany,5/29/2022,Yearly
s11262,Lucas Verma,27,Other,Germany,6/1/2020,Yearly
s11263,Arjun Sharma,61,Male,Germany,5/14/2019,Free
s11264,Aanya Walker,23,Female,Australia,5/26/2021,Free
s11265,Olivia Miller,22,Other,UK,2/1/2021,Monthly
s11266,Isabella Anderson,22,Other,India,6/7/2022,Free
s11267,Amelia Hall,24,Other,Germany,11/15/2021,Free
s11268,Vihaan Patel,51,Male,India,11/15/2020,Monthly
s11269,Riya Lewis,24,Female,UK,4/2/2019,Free
s11270,Eva Hall,34,Male,UK,10/18/2019,Free
s11271,Noah Johnson,27,Female,Australia,3/30/2019,Monthly
s11272,Meera Taylor,28,Female,Canada,7/11/2022,Monthly
s11273,Aarav Singh,21,Other,Australia,8/23/2022,Free
s11274,Aanya Smith,43,Male,India,9/4/2019,Free
s11275,Olivia Moore,19,Other,Germany,8/19/2020,Yearly
s11276,Amelia Miller,19,Other,Germany,6/8/2019,Yearly
s11277,Karan Wilson,19,Male,Australia,9/19/2020,Free
s11278,Aarav Patel,31,Female,Australia,3/4/2020,Free
s11279,Mia Johnson,18,Male,USA,7/25/2020,Free
s11280,Noah Brown,19,Female,UK,4/5/2022,Free
s11281,Aanya Brown,18,Other,Germany,5/23/2019,Free
s11282,Noah Sharma,25,Female,India,6/29/2020,Yearly
s11283,Liam Thomas,32,Male,Germany,6/19/2020,Free
s11284,Isabella Verma,42,Male,India,7/12/2019,Monthly
s11285,Liam Brown,18,Other,USA,12/8/2020,Monthly
s11286,Vihaan Brown,38,Male,USA,7/5/2021,Free
s11287,Riya Walker,26,Female,Canada,5/9/2020,Free
s11288,Eva Anderson,30,Other,Canada,9/1/2020,Monthly
s11289,Vihaan Anderson,23,Male,India,5/11/2021,Monthly
s11290,Olivia Patel,40,Other,USA,6/4/2022,Yearly
s11291,Zara Davis,43,Other,USA,10/8/2022,Monthly
s11292,Noah Taylor,26,Male,USA,11/11/2021,Free
s11293,Ethan Lewis,36,Other,Germany,1/31/2021,Yearly
s11294,Sophia Wilson,32,Male,Canada,12/11/2022,Yearly
s11295,Lucas Miller,28,Female,USA,10/12/2020,Yearly
s11296,Riya Moore,39,Other,India,12/20/2020,Monthly
s11297,Zara Anderson,49,Male,Australia,7/28/2021,Free
s11298,Benjamin Davis,18,Male,India,4/21/2021,Free
s11299,Olivia Hall,43,Female,India,8/16/2019,Monthly
s11300,Sophia Taylor,47,Other,Germany,4/24/2021,Yearly
s11301,Isabella Johnson,43,Other,Germany,3/5/2019,Yearly
s11302,Vihaan Wilson,25,Male,India,9/13/2022,Yearly
s11303,Arjun Thomas,26,Female,India,9/20/2019,Monthly
s11304,Olivia Taylor,23,Female,Australia,7/31/2021,Yearly
s11305,Ethan Singh,18,Female,Germany,10/17/2019,Yearly
s11306,Emma Walker,40,Female,Canada,10/18/2020,Monthly
s11307,Aarav Moore,21,Male,India,12/16/2021,Free
s11308,Mia Thomas,20,Male,UK,12/5/2019,Free
s11309,Karan Sharma,21,Male,India,1/6/2022,Monthly
s11310,Meera Sharma,21,Female,USA,10/12/2020,Free
s11311,Eva Walker,20,Female,India,11/27/2020,Yearly
s11312,Benjamin Lee,26,Female,UK,5/5/2022,Monthly
s11313,Karan Thomas,24,Male,Canada,11/6/2022,Yearly
s11314,Aarav Johnson,34,Female,UK,1/5/2021,Yearly
s11315,Eva Anderson,55,Male,Canada,7/27/2019,Free
s11316,Sophia Hall,34,Other,Germany,1/24/2021,Yearly
s11317,Ethan Singh,22,Male,UK,6/5/2019,Free
s11318,Liam Martin,23,Other,Australia,5/13/2020,Monthly
s11319,Arjun Moore,23,Other,Germany,6/29/2020,Monthly
s11320,Olivia Davis,27,Male,USA,8/29/2022,Monthly
s11321,Vihaan Hall,38,Female,Australia,3/16/2022,Free
s11322,Liam Lee,60,Other,Australia,10/19/2022,Free
s11323,Mia Thomas,25,Female,Germany,6/7/2022,Yearly
s11324,Karan Sharma,41,Female,Australia,6/27/2019,Monthly
s11325,Eva Hall,18,Male,UK,8/9/2020,Free
s11326,Vihaan Lewis,38,Female,Germany,2/23/2019,Free
s11327,Aarav Lewis,32,Other,India,4/11/2022,Free
s11328,Aanya Lee,26,Male,Australia,4/10/2021,Yearly
s11329,Vihaan Wilson,36,Female,Germany,4/27/2022,Free
s11330,Zara Verma,27,Other,Canada,8/6/2019,Monthly
s11331,Riya Taylor,20,Female,India,8/14/2020,Monthly
s11332,Amelia Davis,64,Other,Canada,11/13/2021,Free
s11333,Karan Moore,22,Male,Australia,1/31/2020,Yearly
s11334,Vihaan Smith,27,Female,Canada,5/20/2020,Monthly
s11335,Sophia Thomas,18,Male,UK,8/4/2021,Yearly
s11336,Isabella Lee,59,Male,Canada,6/25/2021,Yearly
s11337,Lucas Walker,28,Female,Canada,1/31/2020,Yearly
s11338,Noah Walker,49,Other,Australia,7/27/2021,Free
s11339,Arjun Taylor,41,Female,India,9/27/2019,Monthly
s11340,Riya Hall,48,Female,India,9/7/2020,Free
s11341,Sophia Clark,18,Other,Canada,6/5/2021,Free
s11342,Emma Walker,27,Female,UK,4/14/2022,Free
s11343,Riya Hall,36,Female,USA,6/29/2019,Yearly
s11344,Olivia Martin,22,Female,Germany,4/20/2020,Free
s11345,Aarav Singh,18,Male,Australia,6/30/2019,Free
s11346,Lucas Verma,38,Other,Germany,2/11/2019,Monthly
s11347,Noah Singh,43,Male,India,3/15/2020,Monthly
s11348,Eva Wilson,64,Female,India,5/24/2021,Yearly
s11349,Arjun Martin,43,Male,UK,12/1/2022,Monthly
s11350,Vihaan Anderson,47,Female,Germany,1/8/2020,Free
s11351,Mia Johnson,50,Female,Germany,9/21/2022,Monthly
s11352,Isabella Martin,18,Female,Australia,7/29/2019,Yearly
s11353,Liam Sharma,52,Female,India,7/17/2022,Free
s11354,Riya Singh,30,Other,UK,6/7/2021,Free
s11355,Amelia Smith,20,Other,USA,7/26/2021,Yearly
s11356,Eva Verma,44,Male,USA,1/28/2019,Free
s11357,Karan Thomas,66,Female,Canada,6/28/2019,Yearly
s11358,Aarav Smith,23,Other,UK,2/18/2019,Monthly
s11359,Riya Patel,18,Male,India,6/24/2019,Yearly
s11360,Mia Lewis,22,Other,Germany,1/1/2020,Yearly
s11361,Zara Miller,19,Female,Germany,10/3/2021,Monthly
s11362,Eva Smith,22,Other,USA,4/7/2021,Yearly
s11363,Olivia Miller,21,Female,Australia,10/6/2019,Yearly
s11364,Liam Lee,54,Other,USA,12/26/2021,Yearly
s11365,Olivia Singh,59,Other,Australia,1/1/2021,Monthly
s11366,Olivia Verma,21,Male,Germany,9/5/2022,Yearly
s11367,Karan Wilson,25,Female,Canada,7/24/2022,Yearly
s11368,Riya Patel,45,Male,Australia,4/19/2020,Free
s11369,Aarav Verma,39,Male,UK,1/13/2020,Monthly
s11370,Noah Davis,25,Female,USA,4/15/2021,Monthly
s11371,Meera Davis,21,Female,USA,12/14/2020,Monthly
s11372,Liam Lee,25,Male,Germany,9/8/2021,Free
s11373,Vihaan Verma,29,Other,UK,12/29/2021,Monthly
s11374,Lucas Taylor,28,Male,Canada,10/16/2022,Yearly
s11375,Vihaan Lewis,50,Other,India,11/20/2022,Free
s11376,Isabella Verma,22,Other,UK,4/18/2020,Free
s11377,Riya Wilson,18,Other,Australia,6/3/2020,Yearly
s11378,Ethan Singh,24,Female,Canada,2/11/2021,Yearly
s11379,Vihaan Lewis,22,Male,Australia,4/1/2019,Monthly
s11380,Noah Brown,22,Other,UK,2/6/2019,Monthly
s11381,Zara Singh,33,Other,USA,10/12/2019,Free
s11382,Emma Singh,21,Other,Germany,7/11/2021,Free
s11383,Noah Lewis,18,Female,Australia,1/18/2020,Monthly
s11384,Emma Taylor,29,Female,Canada,8/13/2020,Monthly
s11385,Benjamin Patel,46,Female,Canada,11/6/2021,Monthly
s11386,Mia Moore,18,Female,India,8/28/2019,Free
s11387,Karan Taylor,33,Other,Germany,9/19/2019,Free
s11388,Aanya Anderson,19,Male,Germany,3/6/2020,Yearly
s11389,Zara Johnson,23,Other,Australia,6/14/2022,Monthly
s11390,Eva Taylor,21,Other,USA,4/3/2019,Monthly
s11391,Olivia Moore,35,Female,UK,11/9/2022,Yearly
s11392,Amelia Lewis,31,Other,India,7/31/2020,Free
s11393,Ethan Moore,66,Other,UK,1/9/2019,Monthly
s11394,Liam Verma,24,Female,Canada,7/7/2019,Yearly
s11395,Isabella Clark,23,Female,India,11/8/2020,Yearly
s11396,Ethan Thomas,19,Male,Canada,6/15/2019,Free
s11397,Lucas Anderson,59,Female,USA,2/6/2021,Free
s11398,Arjun Walker,25,Male,UK,5/24/2021,Yearly
s11399,Meera Johnson,27,Other,India,4/26/2022,Free
s11400,Sophia Smith,19,Female,USA,1/10/2022,Monthly
s11401,Isabella Smith,32,Male,USA,5/11/2022,Yearly
s11402,Eva Sharma,25,Female,Australia,5/26/2021,Monthly
s11403,Amelia Verma,21,Other,UK,9/2/2021,Monthly
s11404,Sophia Verma,40,Other,Germany,4/12/2020,Yearly
s11405,Noah Anderson,20,Male,Germany,8/15/2020,Monthly
s11406,Arjun Smith,44,Female,UK,7/10/2019,Monthly
s11407,Ethan Lewis,23,Male,Germany,4/26/2022,Monthly
s11408,Vihaan Lewis,33,Male,Canada,4/3/2019,Free
s11409,Olivia Anderson,20,Female,USA,2/1/2019,Yearly
s11410,Olivia Anderson,18,Male,Canada,11/22/2022,Free
s11411,Mia Patel,51,Other,USA,8/20/2021,Yearly
s11412,Eva Sharma,55,Other,Canada,12/19/2020,Monthly
s11413,Karan Sharma,22,Male,USA,9/26/2021,Free
s11414,Mia Sharma,20,Female,USA,10/31/2020,Free
s11415,Noah Johnson,51,Female,USA,12/2/2021,Yearly
s11416,Zara Lee,20,Other,Canada,10/11/2019,Free
s11417,Sophia Singh,35,Other,Germany,12/15/2022,Free
s11418,Arjun Martin,22,Male,India,9/30/2020,Free
s11419,Olivia Brown,26,Female,Australia,3/11/2021,Monthly
s11420,Zara Lee,32,Female,UK,1/10/2019,Yearly
s11421,Meera Wilson,26,Female,Australia,10/1/2020,Yearly
s11422,Benjamin Hall,25,Male,Canada,10/16/2019,Free
s11423,Eva Taylor,20,Male,Germany,7/30/2020,Free
s11424,Aanya Singh,19,Other,India,7/10/2019,Monthly
s11425,Sophia Taylor,67,Other,USA,8/18/2021,Yearly
s11426,Olivia Singh,19,Female,USA,9/18/2019,Yearly
s11427,Emma Taylor,26,Male,Canada,8/16/2022,Monthly
s11428,Amelia Miller,28,Female,India,4/15/2021,Free
s11429,Noah Davis,18,Other,Australia,10/3/2021,Monthly
s11430,Karan Lee,35,Other,UK,4/21/2021,Yearly
s11431,Noah Anderson,23,Other,India,11/24/2021,Monthly
s11432,Arjun Sharma,27,Female,Germany,7/28/2020,Monthly
s11433,Isabella Walker,27,Male,Germany,6/2/2020,Free
s11434,Lucas Sharma,24,Other,USA,12/18/2021,Free
s11435,Aarav Wilson,24,Other,Australia,8/11/2019,Yearly
s11436,Karan Lewis,40,Other,USA,11/5/2021,Free
s11437,Amelia Brown,30,Other,UK,4/15/2022,Free
s11438,Emma Singh,27,Male,Germany,5/25/2021,Free
s11439,Emma Brown,27,Female,USA,6/29/2019,Free
s11440,Noah Johnson,45,Other,Canada,2/10/2019,Monthly
s11441,Mia Walker,38,Female,Canada,10/16/2020,Free
s11442,Emma Patel,39,Female,Australia,8/8/2021,Monthly
s11443,Vihaan Johnson,18,Other,UK,11/24/2019,Yearly
s11444,Zara Thomas,26,Other,Australia,1/30/2020,Yearly
s11445,Emma Clark,35,Other,UK,6/5/2021,Monthly
s11446,Arjun Patel,56,Other,UK,1/31/2022,Yearly
s11447,Meera Thomas,44,Female,USA,3/15/2019,Yearly
s11448,Vihaan Hall,31,Female,Germany,7/22/2020,Monthly
s11449,Benjamin Lewis,24,Other,Canada,2/23/2020,Free
s11450,Eva Martin,34,Male,USA,5/28/2019,Free
s11451,Riya Moore,58,Other,USA,10/30/2020,Yearly
s11452,Aarav Clark,24,Male,India,10/30/2021,Yearly
s11453,Liam Johnson,37,Female,Germany,8/27/2020,Yearly
s11454,Liam Lewis,26,Female,USA,10/2/2019,Free
s11455,Arjun Anderson,20,Other,Germany,2/10/2019,Free
s11456,Mia Miller,19,Male,Australia,8/5/2022,Yearly
s11457,Isabella Singh,19,Female,India,1/15/2021,Monthly
s11458,Liam Miller,26,Male,Canada,12/26/2021,Monthly
s11459,Mia Verma,23,Other,India,11/7/2021,Monthly
s11460,Olivia Smith,50,Other,Germany,10/20/2019,Free
s11461,Emma Verma,26,Female,Canada,4/12/2022,Yearly
s11462,Vihaan Smith,37,Other,India,4/1/2019,Yearly
s11463,Sophia Clark,27,Other,UK,9/3/2019,Free
s11464,Emma Patel,26,Male,UK,11/26/2022,Yearly
s11465,Aarav Johnson,22,Female,USA,11/19/2019,Yearly
s11466,Isabella Brown,59,Other,Germany,7/11/2022,Monthly
s11467,Meera Moore,19,Other,Canada,5/3/2022,Free
s11468,Sophia Brown,18,Female,Australia,1/4/2022,Monthly
s11469,Olivia Lee,24,Other,USA,4/8/2019,Free
s11470,Zara Verma,21,Other,UK,2/24/2020,Yearly
s11471,Amelia Walker,23,Female,Germany,9/1/2021,Yearly
s11472,Ethan Lewis,43,Other,USA,8/8/2019,Free
s11473,Ethan Johnson,63,Female,USA,4/28/2022,Free
s11474,Zara Wilson,22,Other,USA,10/31/2022,Monthly
s11475,Arjun Lewis,27,Other,USA,3/24/2022,Free
s11476,Olivia Martin,20,Female,Germany,6/20/2019,Free
s11477,Riya Walker,27,Female,India,3/19/2019,Monthly
s11478,Karan Clark,21,Female,Canada,8/21/2019,Free
s11479,Eva Taylor,26,Other,India,7/19/2022,Free
s11480,Eva Verma,25,Female,Germany,11/9/2019,Free
s11481,Benjamin Walker,27,Male,USA,5/17/2019,Monthly
s11482,Riya Clark,66,Male,Australia,10/7/2022,Monthly
s11483,Aanya Miller,29,Male,Germany,5/10/2020,Monthly
s11484,Lucas Lewis,23,Female,USA,12/31/2020,Monthly
s11485,Isabella Taylor,23,Male,India,5/5/2021,Monthly
s11486,Noah Patel,23,Female,USA,11/11/2020,Free
s11487,Vihaan Lee,21,Male,UK,12/30/2021,Yearly
s11488,Isabella Martin,36,Male,UK,12/16/2019,Yearly
s11489,Vihaan Clark,39,Male,India,1/17/2022,Monthly
s11490,Eva Patel,27,Female,USA,9/10/2019,Monthly
s11491,Amelia Smith,22,Other,India,1/9/2021,Free
s11492,Emma Lee,60,Other,Germany,1/10/2020,Yearly
s11493,Aanya Singh,34,Female,India,5/19/2019,Free
s11494,Arjun Patel,22,Other,India,3/20/2021,Yearly
s11495,Aanya Wilson,18,Female,Canada,8/11/2022,Free
s11496,Vihaan Moore,36,Other,Canada,5/23/2021,Free
s11497,Mia Lewis,27,Male,USA,4/13/2019,Yearly
s11498,Isabella Clark,25,Other,Canada,4/13/2019,Free
s11499,Sophia Lewis,19,Female,USA,12/6/2021,Monthly
s11500,Meera Lee,27,Other,India,5/14/2019,Free
s11501,Lucas Sharma,28,Female,Australia,11/25/2022,Yearly
s11502,Meera Clark,23,Male,Australia,11/1/2022,Monthly
s11503,Lucas Taylor,18,Female,UK,9/4/2022,Monthly
s11504,Vihaan Anderson,46,Male,Canada,10/28/2020,Monthly
s11505,Riya Patel,26,Male,Canada,4/30/2022,Yearly
s11506,Sophia Davis,18,Female,Canada,2/15/2021,Free
s11507,Aarav Martin,66,Female,India,11/25/2021,Yearly
s11508,Sophia Sharma,27,Male,Canada,7/25/2022,Monthly
s11509,Olivia Hall,36,Male,Australia,9/3/2019,Free
s11510,Aarav Wilson,24,Male,Canada,1/5/2021,Yearly
s11511,Ethan Brown,25,Female,Canada,2/13/2022,Yearly
s11512,Aanya Patel,26,Female,India,5/24/2022,Monthly
s11513,Arjun Verma,27,Male,Australia,7/25/2019,Yearly
s11514,Isabella Taylor,22,Female,UK,4/1/2022,Yearly
s11515,Riya Sharma,34,Female,Australia,3/24/2021,Yearly
s11516,Meera Lewis,27,Male,USA,7/1/2020,Yearly
s11517,Meera Martin,25,Other,Canada,2/13/2022,Free
s11518,Arjun Wilson,66,Male,USA,3/28/2019,Yearly
s11519,Vihaan Walker,18,Female,India,4/16/2019,Yearly
s11520,Olivia Moore,40,Female,Australia,1/26/2021,Monthly
s11521,Liam Davis,64,Other,India,2/15/2021,Monthly
s11522,Riya Patel,18,Female,UK,1/31/2021,Monthly
s11523,Emma Hall,59,Male,UK,2/10/2020,Monthly
s11524,Aanya Verma,38,Male,Australia,1/5/2021,Free
s11525,Arjun Davis,38,Female,India,3/27/2019,Monthly
s11526,Aanya Taylor,35,Female,USA,2/3/2019,Free
s11527,Sophia Smith,20,Female,India,5/23/2019,Free
s11528,Aarav Johnson,25,Female,India,11/25/2022,Monthly
s11529,Sophia Thomas,26,Female,India,12/18/2021,Yearly
s11530,Ethan Lee,18,Other,UK,12/27/2022,Free
s11531,Liam Taylor,39,Female,India,5/21/2020,Yearly
s11532,Meera Hall,42,Other,UK,4/11/2021,Yearly
s11533,Zara Anderson,28,Female,Germany,10/28/2022,Monthly
s11534,Amelia Walker,64,Male,UK,2/3/2020,Monthly
s11535,Vihaan Moore,44,Other,Germany,8/4/2019,Free
s11536,Ethan Taylor,39,Female,USA,12/12/2022,Free
s11537,Ethan Johnson,37,Female,Canada,5/20/2020,Free
s11538,Riya Moore,21,Female,USA,8/24/2022,Monthly
s11539,Meera Taylor,65,Female,UK,3/22/2021,Monthly
s11540,Meera Patel,21,Female,Germany,6/27/2021,Yearly
s11541,Mia Martin,22,Male,India,7/28/2021,Free
s11542,Zara Davis,30,Female,USA,4/10/2020,Yearly
s11543,Amelia Lee,42,Female,UK,3/19/2021,Yearly
s11544,Eva Patel,66,Other,India,1/3/2022,Monthly
s11545,Amelia Lewis,39,Male,Australia,7/10/2021,Free
s11546,Vihaan Brown,46,Female,Germany,1/17/2022,Monthly
s11547,Benjamin Brown,46,Other,USA,1/20/2021,Yearly
s11548,Liam Moore,43,Male,USA,10/3/2022,Monthly
s11549,Benjamin Lewis,47,Other,India,3/29/2022,Monthly
s11550,Liam Martin,35,Male,Australia,9/10/2019,Monthly
s11551,Liam Wilson,23,Other,Australia,5/21/2019,Yearly
s11552,Karan Thomas,23,Other,Australia,10/5/2020,Monthly
s11553,Aanya Taylor,46,Other,Australia,11/29/2021,Yearly
s11554,Amelia Anderson,45,Other,Canada,12/16/2019,Monthly
s11555,Vihaan Hall,33,Female,USA,10/31/2022,Free
s11556,Eva Davis,27,Other,India,6/29/2019,Free
s11557,Mia Wilson,47,Male,Australia,10/20/2020,Free
s11558,Riya Anderson,26,Male,USA,4/11/2022,Free
s11559,Mia Clark,25,Male,UK,6/21/2022,Free
s11560,Emma Martin,20,Female,UK,1/22/2021,Monthly
s11561,Benjamin Brown,31,Female,India,1/14/2021,Yearly
s11562,Eva Thomas,19,Male,Germany,12/5/2021,Free
s11563,Eva Walker,41,Male,Canada,2/20/2019,Monthly
s11564,Eva Clark,45,Female,Canada,6/23/2022,Free
s11565,Mia Verma,24,Male,India,12/22/2020,Monthly
s11566,Vihaan Lewis,19,Female,Australia,6/7/2022,Free
s11567,Emma Anderson,26,Other,India,9/29/2020,Free
s11568,Riya Martin,37,Other,India,11/11/2019,Yearly
s11569,Eva Martin,55,Other,UK,9/30/2020,Yearly
s11570,Arjun Taylor,55,Female,India,6/21/2021,Free
s11571,Liam Davis,20,Female,USA,1/30/2020,Yearly
s11572,Isabella Sharma,44,Female,Australia,1/14/2019,Yearly
s11573,Arjun Singh,21,Female,Germany,9/28/2020,Free
s11574,Aarav Moore,51,Male,Germany,4/19/2022,Yearly
s11575,Aarav Hall,26,Male,Australia,10/19/2019,Free
s11576,Riya Anderson,33,Male,Australia,12/1/2022,Free
s11577,Aanya Anderson,56,Male,India,4/28/2019,Monthly
s11578,Arjun Thomas,41,Female,Germany,4/22/2021,Monthly
s11579,Liam Wilson,25,Male,Australia,5/28/2019,Monthly
s11580,Amelia Singh,29,Male,Australia,7/26/2022,Monthly
s11581,Eva Smith,21,Male,Canada,4/20/2020,Free
s11582,Olivia Thomas,46,Other,Australia,3/14/2019,Yearly
s11583,Emma Taylor,24,Other,Australia,3/11/2020,Free
s11584,Aarav Taylor,18,Male,India,9/24/2021,Monthly
s11585,Meera Moore,26,Male,Germany,3/9/2020,Free
s11586,Emma Wilson,47,Male,UK,4/23/2020,Monthly
s11587,Lucas Miller,18,Male,Australia,9/25/2021,Monthly
s11588,Liam Sharma,52,Female,Australia,5/6/2022,Free
s11589,Zara Lee,52,Male,Australia,7/4/2022,Free
s11590,Ethan Walker,18,Female,USA,11/22/2021,Monthly
s11591,Sophia Clark,19,Female,Canada,11/23/2021,Free
s11592,Isabella Thomas,43,Male,Canada,2/8/2021,Yearly
s11593,Aanya Clark,20,Other,Canada,9/14/2021,Free
s11594,Aanya Brown,31,Male,Canada,2/5/2022,Free
s11595,Ethan Davis,25,Other,Canada,3/14/2021,Yearly
s11596,Ethan Singh,20,Male,UK,2/4/2020,Free
s11597,Mia Smith,55,Other,UK,2/16/2020,Monthly
s11598,Meera Moore,22,Male,UK,11/16/2022,Monthly
s11599,Ethan Thomas,21,Other,Canada,5/10/2019,Monthly
s11600,Olivia Anderson,44,Other,USA,5/4/2019,Monthly
s11601,Liam Taylor,24,Other,Germany,9/1/2020,Free
s11602,Sophia Lewis,38,Male,Germany,8/19/2021,Yearly
s11603,Noah Singh,33,Male,India,6/16/2021,Yearly
s11604,Emma Davis,38,Female,UK,1/25/2021,Free
s11605,Olivia Walker,23,Other,Canada,5/17/2020,Monthly
s11606,Karan Lee,65,Female,Australia,3/14/2019,Free
s11607,Meera Lee,63,Female,India,10/19/2020,Yearly
s11608,Olivia Wilson,42,Female,UK,5/16/2022,Yearly
s11609,Amelia Sharma,43,Other,Canada,6/16/2020,Yearly
s11610,Eva Patel,21,Other,USA,8/30/2022,Yearly
s11611,Vihaan Singh,28,Other,UK,7/6/2019,Yearly
s11612,Meera Anderson,21,Female,Australia,8/13/2022,Yearly
s11613,Aarav Anderson,22,Female,Germany,11/23/2020,Monthly
s11614,Arjun Singh,43,Male,Canada,7/27/2020,Free
s11615,Arjun Patel,42,Other,UK,11/5/2020,Free
s11616,Lucas Singh,21,Male,India,8/23/2020,Yearly
s11617,Aanya Brown,25,Male,Germany,5/30/2019,Free
s11618,Mia Wilson,24,Male,Australia,4/28/2020,Monthly
s11619,Arjun Miller,45,Male,USA,11/21/2020,Free
s11620,Emma Smith,33,Female,Australia,4/3/2020,Yearly
s11621,Vihaan Clark,19,Male,UK,8/27/2021,Monthly
s11622,Lucas Johnson,22,Female,Canada,11/20/2021,Yearly
s11623,Arjun Martin,28,Female,Germany,8/11/2021,Free
s11624,Olivia Taylor,46,Female,USA,1/16/2021,Yearly
s11625,Karan Wilson,31,Female,Germany,2/23/2019,Free
s11626,Riya Brown,46,Other,UK,3/3/2021,Free
s11627,Karan Martin,23,Female,USA,9/4/2021,Free
s11628,Aanya Johnson,23,Female,USA,7/9/2020,Yearly
s11629,Aanya Hall,38,Other,UK,6/4/2020,Monthly
s11630,Mia Smith,20,Female,India,2/24/2021,Monthly
s11631,Liam Patel,22,Male,UK,6/4/2019,Yearly
s11632,Olivia Smith,26,Male,Canada,4/30/2022,Yearly
s11633,Arjun Smith,28,Male,India,2/8/2021,Yearly
s11634,Karan Hall,18,Male,India,1/26/2019,Yearly
s11635,Meera Thomas,26,Female,UK,9/24/2020,Yearly
s11636,Isabella Verma,20,Male,India,5/5/2020,Free
s11637,Noah Smith,32,Female,Germany,12/8/2020,Monthly
s11638,Sophia Sharma,20,Male,USA,2/20/2019,Yearly
s11639,Benjamin Lewis,24,Female,UK,11/28/2020,Free
s11640,Vihaan Johnson,28,Female,UK,1/26/2019,Yearly
s11641,Aarav Miller,18,Female,Australia,1/1/2019,Monthly
s11642,Benjamin Patel,38,Other,UK,8/12/2019,Yearly
s11643,Karan Martin,43,Other,Germany,9/21/2021,Monthly
s11644,Benjamin Miller,46,Other,India,12/23/2021,Monthly
s11645,Sophia Patel,20,Female,Canada,1/24/2022,Monthly
s11646,Sophia Martin,27,Female,India,8/18/2022,Yearly
s11647,Aanya Walker,42,Other,Germany,12/9/2021,Monthly
s11648,Karan Anderson,19,Female,USA,6/19/2022,Free
s11649,Olivia Wilson,36,Other,India,9/7/2022,Monthly
s11650,Olivia Anderson,18,Female,Canada,5/14/2019,Free
s11651,Zara Martin,39,Female,Australia,3/28/2020,Free
s11652,Noah Hall,29,Other,Australia,7/23/2022,Free
s11653,Liam Lewis,18,Male,Canada,11/3/2019,Monthly
s11654,Olivia Brown,29,Male,India,7/7/2019,Yearly
s11655,Noah Smith,47,Female,India,6/18/2019,Free
s11656,Karan Sharma,24,Female,UK,1/21/2020,Yearly
s11657,Meera Walker,18,Other,Germany,10/6/2020,Yearly
s11658,Vihaan Miller,25,Female,India,11/26/2021,Free
s11659,Meera Martin,30,Female,Germany,6/1/2022,Free
s11660,Ethan Davis,21,Other,Australia,10/27/2019,Yearly
s11661,Karan Verma,24,Male,Australia,12/19/2020,Yearly
s11662,Mia Clark,23,Female,Germany,11/25/2021,Free
s11663,Zara Smith,64,Male,Canada,3/17/2020,Yearly
s11664,Olivia Patel,24,Male,Germany,4/21/2019,Yearly
s11665,Sophia Verma,18,Male,Australia,9/3/2022,Free
s11666,Emma Brown,24,Other,UK,6/8/2019,Yearly
s11667,Olivia Miller,24,Other,Germany,9/26/2020,Monthly
s11668,Karan Hall,40,Other,India,8/26/2021,Free
s11669,Noah Davis,26,Other,India,8/18/2021,Free
s11670,Karan Miller,49,Female,UK,8/31/2021,Monthly
s11671,Zara Singh,19,Male,Germany,1/8/2022,Free
s11672,Olivia Taylor,22,Female,UK,9/30/2020,Monthly
s11673,Arjun Singh,27,Male,Canada,12/15/2019,Free
s11674,Aanya Moore,44,Female,India,5/8/2020,Yearly
s11675,Meera Moore,24,Female,Canada,8/6/2019,Free
s11676,Ethan Patel,20,Other,Canada,10/2/2020,Yearly
s11677,Benjamin Moore,24,Male,Australia,1/7/2022,Free
s11678,Arjun Smith,22,Male,Australia,11/1/2019,Monthly
s11679,Riya Walker,37,Other,India,5/6/2019,Monthly
s11680,Eva Lee,32,Other,India,2/23/2019,Monthly
s11681,Lucas Lee,43,Other,Germany,4/19/2021,Free
s11682,Ethan Taylor,22,Male,UK,12/18/2021,Free
s11683,Aarav Johnson,20,Other,India,6/29/2020,Yearly
s11684,Aarav Moore,20,Male,UK,10/19/2019,Monthly
s11685,Mia Verma,27,Other,USA,3/19/2019,Free
s11686,Meera Lewis,27,Male,UK,6/2/2022,Free
s11687,Benjamin Hall,23,Other,Australia,5/26/2021,Monthly
s11688,Amelia Martin,27,Male,Australia,1/25/2022,Free
s11689,Sophia Brown,42,Male,USA,4/15/2020,Yearly
s11690,Vihaan Lee,21,Female,UK,10/11/2022,Free
s11691,Arjun Lee,53,Female,Australia,11/8/2021,Free
s11692,Amelia Lewis,27,Other,India,9/21/2020,Free
s11693,Amelia Martin,36,Male,Australia,3/28/2022,Free
s11694,Emma Moore,46,Other,Germany,1/23/2022,Yearly
s11695,Karan Clark,27,Female,UK,8/5/2021,Yearly
s11696,Zara Wilson,23,Other,Germany,8/23/2020,Free
s11697,Aarav Verma,26,Male,Germany,4/29/2021,Monthly
s11698,Emma Smith,22,Female,Canada,4/30/2021,Free
s11699,Eva Brown,28,Female,Australia,6/9/2020,Monthly
s11700,Amelia Johnson,29,Female,Canada,8/16/2022,Free
s11701,Benjamin Brown,42,Female,USA,4/2/2019,Free
s11702,Emma Moore,25,Female,UK,5/11/2020,Monthly
s11703,Ethan Thomas,42,Female,USA,8/18/2021,Monthly
s11704,Emma Thomas,47,Male,Canada,8/29/2021,Monthly
s11705,Vihaan Walker,37,Male,Canada,12/29/2020,Monthly
s11706,Noah Johnson,23,Female,Australia,6/2/2019,Monthly
s11707,Benjamin Wilson,20,Other,Germany,8/8/2019,Free
s11708,Zara Hall,20,Male,USA,10/24/2019,Free
s11709,Arjun Singh,44,Male,Canada,3/2/2020,Free
s11710,Liam Martin,44,Other,Australia,3/17/2019,Yearly
s11711,Lucas Clark,61,Other,Canada,5/31/2019,Monthly
s11712,Sophia Davis,36,Other,Canada,11/28/2019,Yearly
s11713,Noah Davis,38,Female,Australia,9/13/2020,Monthly
s11714,Olivia Lee,25,Male,Australia,6/6/2019,Free
s11715,Aanya Davis,24,Female,UK,5/20/2022,Monthly
s11716,Zara Johnson,18,Other,USA,6/14/2019,Monthly
s11717,Ethan Lee,27,Male,Germany,12/12/2020,Free
s11718,Olivia Hall,37,Male,USA,10/5/2022,Free
s11719,Karan Verma,24,Male,India,7/12/2019,Monthly
s11720,Aanya Johnson,28,Female,Germany,2/21/2020,Monthly
s11721,Aanya Brown,47,Male,Germany,12/26/2020,Free
s11722,Zara Johnson,45,Female,USA,8/3/2021,Monthly
s11723,Noah Smith,24,Male,Australia,5/10/2019,Monthly
s11724,Olivia Sharma,20,Female,Canada,11/28/2020,Yearly
s11725,Aanya Hall,26,Other,Canada,2/25/2020,Monthly
s11726,Eva Patel,24,Male,Australia,2/19/2022,Monthly
s11727,Isabella Miller,44,Other,UK,2/18/2021,Free
s11728,Eva Davis,55,Male,UK,5/23/2022,Yearly
s11729,Vihaan Patel,24,Female,Canada,12/30/2021,Monthly
s11730,Benjamin Thomas,46,Other,Canada,12/28/2022,Free
s11731,Benjamin Clark,26,Other,Australia,7/11/2022,Free
s11732,Zara Hall,27,Other,Canada,3/16/2022,Yearly
s11733,Noah Taylor,20,Male,Canada,10/28/2022,Yearly
s11734,Lucas Lee,48,Female,Germany,9/16/2020,Yearly
s11735,Emma Johnson,23,Male,India,7/7/2020,Monthly
s11736,Amelia Anderson,27,Female,Germany,7/5/2020,Yearly
s11737,Noah Lewis,64,Other,Australia,12/25/2019,Free
s11738,Liam Patel,29,Female,UK,7/23/2021,Free
s11739,Benjamin Thomas,26,Female,USA,2/14/2021,Free
s11740,Karan Brown,34,Female,USA,3/22/2022,Monthly
s11741,Aanya Miller,47,Other,Australia,11/24/2022,Monthly
s11742,Ethan Walker,40,Other,Canada,2/20/2019,Monthly
s11743,Aanya Patel,21,Other,Canada,4/2/2022,Monthly
s11744,Lucas Smith,37,Male,Canada,10/13/2021,Yearly
s11745,Emma Lewis,24,Other,India,7/4/2020,Yearly
s11746,Zara Verma,24,Other,UK,4/28/2019,Monthly
s11747,Ethan Johnson,20,Female,India,6/26/2021,Free
s11748,Riya Taylor,28,Other,USA,11/26/2020,Monthly
s11749,Amelia Moore,51,Other,Australia,8/18/2021,Free
s11750,Meera Hall,26,Other,UK,6/3/2022,Yearly
s11751,Aanya Miller,22,Female,India,11/6/2022,Yearly
s11752,Benjamin Miller,18,Female,India,6/28/2019,Free
s11753,Arjun Smith,22,Female,Germany,3/21/2019,Monthly
s11754,Meera Hall,39,Female,UK,12/13/2019,Monthly
s11755,Vihaan Singh,18,Female,USA,1/19/2020,Free
s11756,Emma Lee,50,Other,UK,6/6/2022,Yearly
s11757,Vihaan Clark,33,Female,Australia,8/29/2021,Free
s11758,Meera Verma,30,Other,USA,1/23/2020,Free
s11759,Benjamin Walker,19,Male,India,2/29/2020,Free
s11760,Liam Walker,21,Male,Germany,2/11/2019,Monthly
s11761,Mia Verma,23,Other,Germany,3/27/2020,Yearly
s11762,Ethan Verma,34,Other,USA,4/18/2019,Yearly
s11763,Benjamin Martin,26,Female,Australia,6/10/2020,Free
s11764,Eva Smith,26,Female,USA,12/10/2019,Free
s11765,Amelia Johnson,47,Male,Canada,4/1/2021,Monthly
s11766,Riya Anderson,24,Male,Canada,10/22/2022,Yearly
s11767,Riya Singh,26,Male,Canada,12/21/2022,Monthly
s11768,Karan Davis,34,Female,Germany,7/31/2022,Yearly
s11769,Arjun Verma,23,Female,UK,5/2/2021,Free
s11770,Emma Patel,24,Other,UK,11/2/2020,Free
s11771,Vihaan Clark,18,Male,UK,2/3/2020,Monthly
s11772,Liam Miller,30,Male,India,10/25/2019,Yearly
s11773,Olivia Anderson,48,Male,USA,7/2/2022,Monthly
s11774,Liam Anderson,22,Female,Canada,11/22/2020,Yearly
s11775,Isabella Sharma,33,Male,UK,3/17/2019,Free
s11776,Isabella Johnson,51,Female,Australia,4/30/2019,Free
s11777,Karan Thomas,33,Other,Canada,5/10/2021,Yearly
s11778,Ethan Sharma,21,Other,India,2/28/2021,Monthly
s11779,Isabella Verma,41,Other,Australia,7/24/2019,Monthly
s11780,Arjun Johnson,24,Female,India,9/14/2019,Yearly
s11781,Ethan Taylor,30,Female,India,11/6/2021,Yearly
s11782,Amelia Sharma,37,Male,Canada,6/7/2019,Free
s11783,Olivia Walker,24,Male,India,9/4/2021,Yearly
s11784,Benjamin Hall,26,Other,India,10/28/2020,Yearly
s11785,Amelia Smith,20,Other,Canada,12/6/2022,Free
s11786,Meera Taylor,49,Female,India,5/6/2020,Free
s11787,Lucas Hall,31,Other,Australia,1/31/2022,Monthly
s11788,Meera Miller,21,Other,Australia,3/15/2021,Yearly
s11789,Benjamin Johnson,57,Female,USA,10/18/2019,Monthly
s11790,Eva Anderson,18,Other,India,11/28/2022,Yearly
s11791,Zara Martin,22,Male,UK,5/30/2022,Yearly
s11792,Amelia Johnson,18,Male,Australia,6/4/2022,Free
s11793,Zara Brown,64,Female,India,8/13/2020,Free
s11794,Karan Thomas,24,Other,Australia,10/22/2022,Yearly
s11795,Riya Moore,22,Male,Germany,5/2/2021,Yearly
s11796,Noah Sharma,26,Male,Canada,8/12/2021,Yearly
s11797,Isabella Verma,45,Male,Canada,4/10/2020,Monthly
s11798,Vihaan Verma,30,Other,India,3/19/2020,Free
s11799,Zara Moore,27,Male,Canada,7/7/2021,Free
s11800,Isabella Davis,47,Female,Germany,6/17/2022,Monthly
s11801,Benjamin Brown,20,Female,USA,10/3/2021,Monthly
s11802,Benjamin Smith,39,Female,Canada,5/9/2021,Monthly
s11803,Vihaan Johnson,25,Other,Germany,10/11/2019,Monthly
s11804,Mia Miller,22,Other,India,8/10/2020,Free
s11805,Olivia Smith,21,Female,Canada,9/18/2022,Monthly
s11806,Emma Sharma,63,Other,Germany,7/8/2021,Free
s11807,Liam Johnson,33,Female,Australia,10/4/2019,Free
s11808,Olivia Thomas,27,Female,India,2/19/2020,Monthly
s11809,Lucas Lewis,57,Male,Germany,6/22/2019,Yearly
s11810,Arjun Lewis,21,Female,USA,4/20/2020,Free
s11811,Liam Brown,62,Female,Germany,12/31/2020,Free
s11812,Mia Walker,18,Female,India,7/5/2020,Yearly
s11813,Sophia Clark,19,Female,Germany,1/7/2022,Monthly
s11814,Sophia Patel,21,Other,UK,7/31/2019,Monthly
s11815,Noah Hall,25,Other,India,4/18/2019,Monthly
s11816,Liam Sharma,46,Male,India,6/25/2021,Free
s11817,Emma Johnson,19,Male,India,4/11/2021,Monthly
s11818,Eva Johnson,21,Male,Germany,4/14/2021,Yearly
s11819,Amelia Patel,23,Male,Australia,4/15/2021,Monthly
s11820,Meera Verma,37,Other,India,6/2/2019,Free
s11821,Aanya Singh,39,Other,Canada,7/1/2021,Yearly
s11822,Amelia Clark,22,Male,UK,8/15/2019,Monthly
s11823,Lucas Moore,47,Other,Australia,8/2/2019,Yearly
s11824,Emma Patel,36,Male,Germany,3/13/2020,Free
s11825,Aarav Anderson,20,Other,USA,4/13/2022,Free
s11826,Emma Miller,26,Female,UK,1/16/2022,Free
s11827,Emma Martin,59,Male,Canada,11/9/2020,Yearly
s11828,Meera Lewis,22,Other,India,7/17/2020,Monthly
s11829,Sophia Davis,23,Female,Australia,5/4/2019,Free
s11830,Karan Wilson,23,Male,USA,5/21/2021,Free
s11831,Zara Patel,20,Female,India,10/6/2021,Monthly
s11832,Vihaan Thomas,34,Male,Canada,1/27/2022,Yearly
s11833,Emma Moore,62,Other,UK,4/17/2019,Monthly
s11834,Zara Clark,42,Female,Germany,6/28/2019,Yearly
s11835,Aanya Smith,33,Male,Australia,7/29/2020,Free
s11836,Aarav Anderson,19,Male,UK,11/9/2021,Free
s11837,Ethan Smith,18,Male,Germany,3/15/2022,Monthly
s11838,Amelia Wilson,40,Female,India,7/1/2022,Monthly
s11839,Emma Patel,33,Male,Australia,6/21/2022,Monthly
s11840,Zara Anderson,27,Male,Canada,10/27/2020,Monthly
s11841,Ethan Lee,53,Male,Australia,7/16/2022,Free
s11842,Noah Lewis,23,Male,India,5/21/2020,Monthly
s11843,Noah Singh,32,Male,UK,6/12/2019,Yearly
s11844,Mia Lewis,22,Male,UK,9/14/2021,Monthly
s11845,Emma Taylor,27,Male,Canada,1/10/2020,Yearly
s11846,Meera Thomas,59,Other,Canada,10/22/2019,Monthly
s11847,Arjun Thomas,26,Male,Canada,5/23/2021,Free
s11848,Amelia Taylor,25,Female,USA,12/18/2020,Free
s11849,Benjamin Taylor,20,Other,Canada,5/8/2019,Yearly
s11850,Lucas Johnson,21,Male,UK,9/24/2021,Yearly
s11851,Eva Johnson,22,Female,India,5/10/2021,Yearly
s11852,Aanya Singh,26,Male,Canada,1/1/2022,Monthly
s11853,Zara Moore,30,Other,Canada,9/14/2020,Yearly
s11854,Lucas Moore,19,Female,Australia,1/10/2019,Free
s11855,Mia Smith,20,Male,Australia,7/21/2022,Free
s11856,Sophia Johnson,20,Female,USA,11/5/2022,Yearly
s11857,Eva Anderson,26,Female,Australia,4/12/2021,Yearly
s11858,Benjamin Hall,32,Female,Germany,12/25/2019,Yearly
s11859,Ethan Sharma,22,Other,UK,2/10/2022,Monthly
s11860,Karan Johnson,24,Other,Germany,11/12/2020,Yearly
s11861,Lucas Johnson,18,Female,Germany,8/3/2020,Yearly
s11862,Noah Hall,42,Male,USA,5/23/2019,Monthly
s11863,Isabella Johnson,19,Male,Germany,2/24/2022,Yearly
s11864,Riya Martin,23,Female,USA,1/1/2022,Yearly
s11865,Ethan Anderson,46,Female,Germany,7/28/2021,Free
s11866,Mia Thomas,23,Female,USA,8/9/2022,Free
s11867,Sophia Verma,55,Female,Canada,6/20/2019,Yearly
s11868,Sophia Walker,30,Other,Germany,8/10/2022,Monthly
s11869,Meera Lewis,24,Other,Australia,7/7/2020,Monthly
s11870,Isabella Martin,24,Male,Canada,8/17/2019,Monthly
s11871,Ethan Thomas,45,Female,Canada,7/31/2021,Free
s11872,Liam Moore,24,Female,India,1/2/2020,Yearly
s11873,Eva Lee,35,Female,UK,7/27/2021,Free
s11874,Sophia Lee,33,Other,USA,6/5/2020,Monthly
s11875,Olivia Clark,27,Male,Germany,4/21/2020,Yearly
s11876,Aanya Taylor,21,Female,USA,11/23/2021,Yearly
s11877,Olivia Moore,18,Other,USA,11/22/2020,Monthly
s11878,Lucas Martin,28,Male,USA,8/24/2021,Free
s11879,Ethan Smith,23,Female,India,3/17/2020,Monthly
s11880,Karan Verma,25,Other,Australia,1/18/2021,Free
s11881,Sophia Johnson,37,Female,USA,6/25/2020,Yearly
s11882,Lucas Miller,54,Other,UK,1/9/2021,Monthly
s11883,Mia Thomas,18,Other,Australia,9/25/2020,Yearly
s11884,Emma Wilson,32,Other,USA,12/20/2022,Monthly
s11885,Sophia Johnson,23,Other,Canada,2/2/2020,Monthly
s11886,Aarav Patel,28,Other,India,4/30/2021,Free
s11887,Sophia Miller,24,Other,USA,5/30/2019,Yearly
s11888,Eva Lewis,22,Male,USA,6/14/2021,Free
s11889,Karan Davis,27,Female,UK,11/9/2021,Free
s11890,Arjun Taylor,22,Female,Australia,4/21/2019,Yearly
s11891,Karan Anderson,41,Other,UK,10/17/2020,Yearly
s11892,Isabella Walker,60,Male,Germany,4/5/2019,Yearly
s11893,Liam Wilson,19,Male,Canada,8/5/2022,Yearly
s11894,Meera Clark,25,Female,India,9/28/2021,Monthly
s11895,Emma Sharma,23,Female,USA,1/5/2019,Yearly
s11896,Eva Hall,24,Other,USA,5/29/2019,Monthly
s11897,Benjamin Thomas,57,Male,India,8/17/2021,Free
s11898,Noah Anderson,25,Male,India,8/8/2019,Monthly
s11899,Olivia Moore,24,Male,India,7/11/2020,Yearly
s11900,Zara Smith,24,Male,UK,7/27/2021,Free
s11901,Emma Patel,24,Male,India,7/12/2019,Monthly
s11902,Riya Thomas,45,Other,India,3/25/2022,Yearly
s11903,Aarav Verma,22,Male,USA,5/6/2019,Free
s11904,Zara Sharma,28,Male,UK,5/1/2019,Yearly
s11905,Aarav Davis,30,Male,Australia,4/6/2020,Yearly
s11906,Eva Verma,22,Other,UK,9/11/2021,Yearly
s11907,Isabella Thomas,18,Female,USA,8/10/2021,Yearly
s11908,Emma Walker,36,Male,UK,7/20/2021,Monthly
s11909,Liam Thomas,39,Male,Canada,2/23/2021,Monthly
s11910,Mia Moore,44,Other,USA,12/20/2022,Free
s11911,Meera Hall,18,Other,UK,12/5/2019,Free
s11912,Vihaan Miller,21,Male,Australia,10/4/2022,Monthly
s11913,Noah Hall,23,Male,Australia,6/5/2021,Free
s11914,Riya Lee,37,Female,India,4/14/2020,Monthly
s11915,Meera Sharma,22,Other,Germany,12/2/2020,Monthly
s11916,Arjun Wilson,25,Female,Australia,8/22/2020,Monthly
s11917,Liam Walker,26,Other,Canada,1/6/2020,Monthly
s11918,Zara Miller,28,Male,USA,3/20/2021,Free
s11919,Zara Miller,18,Female,USA,1/20/2019,Free
s11920,Aanya Sharma,27,Female,Germany,3/7/2022,Yearly
s11921,Benjamin Anderson,28,Other,India,1/11/2022,Monthly
s11922,Olivia Taylor,30,Female,Australia,7/27/2022,Yearly
s11923,Aanya Lewis,24,Other,Australia,3/31/2019,Monthly
s11924,Zara Walker,21,Male,UK,5/4/2021,Monthly
s11925,Karan Wilson,25,Female,India,9/13/2020,Yearly
s11926,Aarav Patel,23,Male,Australia,12/7/2020,Monthly
s11927,Vihaan Miller,19,Other,Australia,3/14/2022,Yearly
s11928,Karan Davis,33,Other,USA,12/26/2022,Yearly
s11929,Aarav Walker,26,Female,USA,9/10/2020,Yearly
s11930,Liam Johnson,45,Other,UK,12/14/2020,Monthly
s11931,Benjamin Walker,29,Other,Germany,4/26/2019,Monthly
s11932,Aanya Clark,25,Male,UK,5/28/2019,Free
s11933,Meera Patel,62,Male,USA,9/22/2021,Free
s11934,Vihaan Lee,19,Female,USA,8/11/2020,Free
s11935,Vihaan Brown,52,Male,Australia,2/3/2022,Free
s11936,Mia Singh,44,Male,USA,10/26/2022,Free
s11937,Mia Brown,19,Male,India,8/27/2020,Yearly
s11938,Benjamin Wilson,27,Other,India,11/6/2021,Yearly
s11939,Isabella Lee,46,Female,UK,9/24/2019,Free
s11940,Karan Miller,26,Other,USA,6/15/2020,Free
s11941,Eva Johnson,50,Male,USA,6/26/2019,Yearly
s11942,Liam Miller,26,Male,UK,4/26/2021,Monthly
s11943,Benjamin Walker,22,Other,USA,7/31/2020,Free
s11944,Eva Hall,21,Male,USA,9/19/2020,Yearly
s11945,Benjamin Lewis,18,Male,Australia,8/17/2019,Monthly
s11946,Amelia Johnson,22,Other,India,8/8/2020,Monthly
s11947,Arjun Sharma,22,Male,UK,9/18/2021,Yearly
s11948,Lucas Patel,36,Male,India,9/5/2021,Monthly
s11949,Ethan Anderson,39,Female,UK,1/19/2022,Monthly
s11950,Mia Thomas,33,Other,India,6/11/2022,Free
s11951,Aarav Moore,32,Female,Australia,8/17/2019,Free
s11952,Lucas Johnson,25,Male,India,7/1/2020,Monthly
s11953,Emma Wilson,18,Male,Australia,6/21/2022,Free
s11954,Ethan Walker,20,Other,Germany,7/31/2022,Yearly
s11955,Aanya Anderson,38,Male,Canada,1/23/2022,Free
s11956,Liam Walker,50,Male,USA,12/3/2020,Free
s11957,Karan Clark,50,Female,Germany,2/2/2022,Monthly
s11958,Aarav Taylor,25,Male,UK,11/11/2021,Free
s11959,Liam Taylor,35,Male,Germany,3/26/2020,Free
s11960,Karan Brown,46,Other,UK,4/10/2019,Monthly
s11961,Amelia Johnson,20,Male,USA,7/22/2020,Yearly
s11962,Eva Walker,20,Male,India,11/9/2020,Yearly
s11963,Emma Brown,35,Other,India,3/23/2019,Free
s11964,Liam Smith,31,Male,UK,4/10/2022,Monthly
s11965,Isabella Anderson,25,Other,India,7/7/2020,Yearly
s11966,Aanya Sharma,55,Other,Australia,9/22/2022,Free
s11967,Aanya Hall,24,Female,Germany,2/6/2020,Yearly
s11968,Olivia Moore,25,Male,Australia,12/13/2020,Monthly
s11969,Vihaan Wilson,21,Male,Canada,12/1/2019,Monthly
s11970,Isabella Miller,23,Female,Germany,7/19/2021,Monthly
s11971,Zara Johnson,40,Other,UK,11/6/2022,Yearly
s11972,Riya Sharma,21,Other,Canada,6/8/2020,Yearly
s11973,Vihaan Wilson,27,Other,India,12/23/2019,Yearly
s11974,Olivia Smith,18,Male,Australia,6/18/2021,Yearly
s11975,Zara Davis,62,Female,Canada,5/24/2021,Monthly
s11976,Zara Lee,25,Female,USA,11/9/2020,Free
s11977,Zara Lewis,21,Other,UK,5/9/2022,Yearly
s11978,Ethan Smith,39,Male,Germany,1/26/2021,Monthly
s11979,Eva Johnson,25,Female,Australia,10/6/2020,Monthly
s11980,Emma Singh,28,Female,USA,3/3/2022,Yearly
s11981,Amelia Hall,25,Female,USA,8/29/2019,Yearly
s11982,Noah Anderson,22,Female,Australia,9/15/2020,Free
s11983,Amelia Patel,18,Other,Germany,1/12/2020,Monthly
s11984,Karan Hall,18,Other,Germany,2/17/2020,Monthly
s11985,Zara Martin,21,Other,Canada,12/15/2019,Monthly
s11986,Aanya Johnson,60,Female,USA,5/31/2021,Monthly
s11987,Emma Moore,46,Other,Australia,10/26/2022,Monthly
s11988,Riya Clark,20,Other,UK,1/7/2021,Free
s11989,Riya Moore,25,Female,Germany,4/20/2021,Yearly
s11990,Emma Thomas,21,Male,Germany,8/26/2019,Free
s11991,Benjamin Lee,20,Male,USA,1/15/2022,Free
s11992,Sophia Thomas,23,Other,Canada,7/6/2019,Monthly
s11993,Lucas Lee,29,Male,UK,6/29/2022,Yearly
s11994,Aarav Verma,26,Male,UK,3/8/2020,Monthly
s11995,Benjamin Taylor,19,Other,Australia,7/27/2022,Monthly
s11996,Zara Johnson,23,Female,Australia,5/31/2021,Free
s11997,Arjun Anderson,43,Other,India,5/26/2019,Free
s11998,Arjun Sharma,25,Other,UK,5/6/2021,Monthly
s11999,Noah Sharma,26,Other,UK,8/18/2021,Monthly
s12000,Karan Wilson,21,Male,Germany,1/17/2020,Free
s12001,Arjun Patel,65,Female,Germany,7/9/2019,Free
s12002,Zara Thomas,20,Other,Australia,5/7/2022,Monthly
s12003,Amelia Walker,20,Male,Germany,1/26/2019,Yearly
s12004,Aanya Miller,46,Other,Australia,8/24/2020,Monthly
s12005,Benjamin Davis,39,Male,UK,5/27/2019,Free
s12006,Aanya Taylor,24,Female,Germany,1/27/2022,Yearly
s12007,Amelia Patel,22,Female,UK,10/26/2021,Free
s12008,Riya Lewis,26,Female,UK,9/23/2019,Monthly
s12009,Aanya Lee,26,Female,India,6/10/2021,Yearly
s12010,Amelia Moore,25,Other,India,1/24/2020,Free
s12011,Aanya Smith,23,Other,Canada,9/25/2022,Monthly
s12012,Riya Walker,46,Other,Canada,11/18/2021,Yearly
s12013,Liam Martin,24,Female,Germany,2/25/2021,Yearly
s12014,Noah Patel,62,Male,Canada,9/23/2020,Monthly
s12015,Emma Walker,22,Female,Canada,5/27/2019,Yearly
s12016,Aarav Johnson,23,Other,Germany,1/1/2020,Free
s12017,Aarav Singh,25,Female,India,9/10/2021,Yearly
s12018,Ethan Hall,25,Male,USA,8/8/2021,Monthly
s12019,Noah Anderson,19,Female,UK,4/29/2019,Monthly
s12020,Noah Brown,23,Female,Australia,11/19/2022,Free
s12021,Eva Wilson,19,Male,Canada,10/30/2022,Yearly
s12022,Zara Johnson,55,Other,USA,4/11/2019,Monthly
s12023,Vihaan Lee,38,Other,India,8/27/2022,Free
s12024,Eva Verma,28,Female,Canada,3/20/2019,Yearly
s12025,Aarav Anderson,24,Female,Canada,3/26/2021,Free
s12026,Riya Sharma,20,Male,India,1/6/2020,Free
s12027,Eva Wilson,24,Female,Germany,10/12/2022,Monthly
s12028,Noah Smith,23,Other,USA,12/10/2022,Monthly
s12029,Zara Miller,45,Male,Canada,12/22/2022,Free
s12030,Zara Taylor,48,Male,Germany,1/8/2021,Free
s12031,Karan Miller,21,Male,Australia,8/11/2022,Yearly
s12032,Karan Miller,35,Male,USA,1/13/2022,Monthly
s12033,Riya Davis,56,Other,India,10/24/2021,Free
s12034,Amelia Hall,29,Female,Canada,7/26/2019,Yearly
s12035,Lucas Brown,22,Male,Australia,10/11/2022,Yearly
s12036,Lucas Brown,21,Female,USA,12/22/2022,Free
s12037,Ethan Miller,26,Other,Australia,10/19/2019,Monthly
s12038,Isabella Clark,36,Other,Germany,11/10/2019,Monthly
s12039,Aanya Miller,27,Male,USA,1/3/2021,Free
s12040,Vihaan Wilson,55,Male,India,4/29/2019,Yearly
s12041,Aanya Lewis,21,Other,USA,4/27/2022,Yearly
s12042,Vihaan Anderson,47,Female,Canada,5/20/2021,Monthly
s12043,Karan Johnson,26,Other,UK,9/29/2021,Monthly
s12044,Sophia Singh,29,Female,India,2/29/2020,Monthly
s12045,Karan Thomas,20,Male,USA,11/28/2021,Yearly
s12046,Aanya Walker,37,Other,Australia,4/22/2022,Monthly
s12047,Zara Thomas,26,Male,Germany,10/12/2020,Yearly
s12048,Lucas Miller,50,Other,Germany,5/5/2022,Monthly
s12049,Arjun Anderson,22,Male,Australia,12/24/2019,Monthly
s12050,Meera Wilson,37,Male,Germany,11/29/2020,Monthly
s12051,Lucas Singh,33,Other,India,2/20/2021,Monthly
s12052,Benjamin Lee,23,Other,USA,5/6/2021,Free
s12053,Eva Singh,26,Other,India,9/3/2021,Yearly
s12054,Mia Sharma,26,Other,India,10/21/2021,Yearly
s12055,Meera Lee,23,Female,India,12/31/2020,Monthly
s12056,Benjamin Johnson,20,Male,Canada,10/22/2022,Free
s12057,Zara Sharma,47,Other,Germany,4/6/2021,Monthly
s12058,Eva Davis,45,Male,USA,3/25/2021,Yearly
s12059,Ethan Lewis,21,Female,Canada,8/6/2019,Yearly
s12060,Benjamin Wilson,57,Other,UK,6/26/2021,Monthly
s12061,Riya Anderson,27,Female,Germany,1/8/2019,Yearly
s12062,Isabella Brown,22,Male,Australia,7/14/2020,Monthly
s12063,Isabella Miller,20,Female,Germany,1/5/2021,Monthly
s12064,Aarav Wilson,20,Female,UK,9/25/2019,Monthly
s12065,Aanya Verma,24,Male,Germany,10/11/2020,Yearly
s12066,Aarav Anderson,33,Male,Australia,3/15/2021,Free
s12067,Arjun Hall,24,Other,Canada,10/1/2021,Yearly
s12068,Liam Brown,29,Female,Germany,2/19/2019,Yearly
s12069,Benjamin Wilson,25,Female,Germany,10/31/2022,Free
s12070,Benjamin Lewis,21,Female,Germany,11/15/2021,Yearly
s12071,Liam Taylor,28,Female,USA,10/16/2020,Free
s12072,Eva Thomas,25,Male,Australia,5/4/2020,Monthly
s12073,Noah Walker,24,Male,India,8/30/2019,Monthly
s12074,Liam Clark,19,Other,Germany,1/15/2022,Yearly
s12075,Noah Anderson,25,Female,India,11/6/2021,Free
s12076,Emma Johnson,46,Female,USA,4/16/2021,Monthly
s12077,Lucas Singh,51,Other,Australia,11/3/2021,Monthly
s12078,Noah Verma,36,Female,India,3/18/2021,Yearly
s12079,Sophia Verma,24,Male,USA,4/20/2021,Monthly
s12080,Amelia Lee,20,Other,Germany,2/25/2019,Free
s12081,Aanya Patel,27,Male,Canada,6/22/2022,Monthly
s12082,Vihaan Singh,26,Female,UK,8/30/2022,Free
s12083,Noah Verma,60,Male,UK,9/2/2019,Monthly
s12084,Noah Johnson,19,Male,India,9/25/2021,Free
s12085,Aanya Brown,26,Other,Canada,12/23/2021,Monthly
s12086,Eva Martin,26,Female,UK,12/4/2020,Free
s12087,Sophia Singh,19,Male,Australia,1/9/2020,Monthly
s12088,Aarav Thomas,45,Other,USA,5/25/2020,Free
s12089,Isabella Taylor,57,Female,India,4/8/2022,Monthly
s12090,Liam Patel,24,Other,Australia,1/24/2019,Yearly
s12091,Noah Thomas,19,Other,Australia,3/27/2021,Monthly
s12092,Meera Martin,18,Male,Australia,8/10/2020,Monthly
s12093,Aarav Anderson,41,Other,UK,1/9/2022,Yearly
s12094,Mia Johnson,22,Female,USA,9/18/2022,Free
s12095,Aarav Singh,24,Male,India,5/18/2021,Free
s12096,Benjamin Smith,24,Female,Germany,2/21/2022,Monthly
s12097,Lucas Walker,26,Male,Australia,8/30/2021,Monthly
s12098,Benjamin Lee,22,Female,Germany,1/8/2022,Monthly
s12099,Arjun Lewis,26,Female,India,10/15/2022,Monthly
s12100,Amelia Johnson,25,Other,India,9/13/2022,Free
s12101,Lucas Lee,46,Other,India,9/26/2021,Monthly
s12102,Noah Davis,26,Female,India,11/18/2021,Yearly
s12103,Ethan Clark,35,Other,UK,3/18/2020,Yearly
s12104,Ethan Miller,21,Female,Australia,1/20/2020,Yearly
s12105,Ethan Miller,53,Other,Canada,1/25/2019,Yearly
s12106,Mia Johnson,23,Male,India,2/23/2019,Monthly
s12107,Isabella Miller,41,Male,USA,10/5/2022,Yearly
s12108,Noah Singh,20,Male,Australia,2/16/2022,Free
s12109,Mia Davis,41,Female,USA,3/31/2022,Free
s12110,Lucas Johnson,36,Male,UK,6/1/2020,Yearly
s12111,Mia Patel,19,Male,India,1/12/2022,Monthly
s12112,Olivia Smith,18,Male,UK,4/23/2020,Monthly
s12113,Ethan Wilson,40,Female,UK,10/29/2020,Free
s12114,Ethan Martin,24,Other,Germany,8/21/2020,Free
s12115,Aanya Anderson,27,Female,Australia,10/5/2019,Monthly
s12116,Arjun Singh,22,Male,Canada,1/1/2019,Yearly
s12117,Aarav Anderson,24,Female,Canada,4/19/2020,Monthly
s12118,Vihaan Singh,45,Male,Canada,10/24/2021,Monthly
s12119,Ethan Clark,21,Other,Canada,4/7/2022,Free
s12120,Liam Verma,27,Other,UK,6/14/2021,Monthly
s12121,Amelia Lewis,19,Other,Germany,9/6/2022,Monthly
s12122,Liam Smith,20,Male,USA,6/14/2021,Free
s12123,Aarav Johnson,46,Female,UK,11/2/2022,Monthly
s12124,Aanya Davis,35,Female,India,10/30/2021,Yearly
s12125,Amelia Lee,30,Other,UK,7/19/2022,Free
s12126,Karan Johnson,47,Male,USA,6/30/2019,Free
s12127,Aanya Verma,22,Female,UK,6/3/2019,Monthly
s12128,Meera Singh,22,Female,USA,10/4/2021,Free
s12129,Emma Verma,20,Other,USA,7/7/2019,Monthly
s12130,Meera Lee,19,Male,Germany,6/11/2022,Monthly
s12131,Sophia Walker,25,Other,UK,11/28/2022,Monthly
s12132,Liam Walker,30,Female,India,5/11/2019,Yearly
s12133,Eva Moore,20,Male,Germany,10/28/2019,Free
s12134,Meera Wilson,22,Other,Australia,11/23/2019,Monthly
s12135,Amelia Smith,18,Male,Germany,9/27/2022,Free
s12136,Aanya Walker,67,Female,USA,7/11/2019,Monthly
s12137,Karan Singh,46,Male,USA,4/22/2021,Free
s12138,Isabella Anderson,33,Female,Australia,9/22/2022,Free
s12139,Ethan Patel,30,Female,UK,1/12/2020,Monthly
s12140,Karan Sharma,46,Female,Germany,5/4/2022,Free
s12141,Olivia Clark,37,Other,India,1/17/2019,Monthly
s12142,Zara Anderson,40,Male,USA,8/23/2019,Free
s12143,Arjun Thomas,32,Female,UK,11/24/2019,Yearly
s12144,Isabella Lewis,33,Male,Canada,2/8/2020,Monthly
s12145,Sophia Wilson,24,Male,Australia,2/26/2019,Yearly
s12146,Olivia Lee,22,Male,Australia,12/16/2021,Free
s12147,Karan Smith,24,Male,Australia,2/8/2020,Free
s12148,Ethan Walker,18,Male,Australia,11/12/2019,Yearly
s12149,Amelia Wilson,43,Female,UK,3/12/2020,Yearly
s12150,Lucas Anderson,20,Other,UK,7/31/2022,Monthly
s12151,Ethan Verma,24,Female,USA,8/29/2022,Monthly
s12152,Ethan Patel,19,Male,Australia,3/8/2020,Free
s12153,Riya Brown,45,Female,Germany,10/16/2019,Free
s12154,Ethan Moore,41,Other,India,5/25/2021,Free
s12155,Emma Verma,26,Female,Canada,5/25/2020,Yearly
s12156,Ethan Verma,22,Other,Germany,7/24/2019,Free
s12157,Noah Wilson,39,Male,USA,9/20/2020,Monthly
s12158,Ethan Patel,25,Male,USA,10/24/2019,Free
s12159,Lucas Walker,25,Female,Germany,7/25/2021,Free
s12160,Zara Lee,19,Male,USA,4/20/2019,Monthly
s12161,Riya Clark,32,Other,Canada,12/18/2022,Yearly
s12162,Meera Davis,36,Female,Australia,2/1/2020,Yearly
s12163,Aarav Hall,27,Female,UK,10/11/2022,Free
s12164,Sophia Singh,40,Male,USA,12/22/2022,Free
s12165,Mia Clark,18,Female,Canada,8/10/2020,Free
s12166,Vihaan Wilson,20,Other,UK,3/29/2019,Yearly
s12167,Aanya Thomas,24,Female,Canada,11/20/2022,Free
s12168,Lucas Patel,21,Female,Canada,4/30/2021,Yearly
s12169,Vihaan Smith,18,Male,Germany,10/17/2022,Yearly
s12170,Vihaan Smith,18,Other,UK,3/1/2022,Monthly
s12171,Riya Brown,21,Other,Canada,5/10/2022,Free
s12172,Lucas Sharma,24,Other,UK,4/18/2021,Free
s12173,Vihaan Verma,27,Other,Australia,7/21/2022,Free
s12174,Ethan Sharma,39,Female,Germany,12/19/2020,Free
s12175,Karan Anderson,21,Male,Australia,11/13/2020,Free
s12176,Ethan Singh,21,Other,Germany,2/27/2022,Monthly
s12177,Aanya Moore,26,Other,Canada,1/8/2020,Monthly
s12178,Isabella Smith,56,Female,Canada,9/21/2020,Monthly
s12179,Amelia Lewis,21,Male,Australia,9/22/2021,Free
s12180,Eva Patel,32,Female,USA,5/7/2022,Free
s12181,Isabella Hall,37,Male,India,12/10/2022,Yearly
s12182,Lucas Miller,27,Female,UK,4/3/2019,Free
s12183,Riya Lee,64,Male,UK,6/23/2022,Yearly
s12184,Zara Hall,58,Female,Canada,2/3/2022,Yearly
s12185,Lucas Anderson,23,Other,UK,1/7/2020,Yearly
s12186,Isabella Taylor,19,Female,India,7/16/2020,Free
s12187,Zara Patel,25,Male,Australia,4/9/2021,Free
s12188,Emma Smith,20,Female,Australia,2/27/2022,Yearly
s12189,Olivia Miller,41,Other,Canada,4/14/2019,Monthly
s12190,Ethan Patel,23,Male,UK,8/5/2019,Yearly
s12191,Riya Sharma,22,Other,USA,9/29/2020,Free
s12192,Meera Taylor,59,Male,India,5/13/2022,Monthly
s12193,Karan Moore,45,Male,Australia,2/4/2022,Monthly
s12194,Riya Hall,26,Other,Germany,8/2/2021,Yearly
s12195,Noah Sharma,26,Other,UK,11/15/2019,Yearly
s12196,Lucas Hall,26,Other,Canada,1/10/2019,Free
s12197,Aanya Wilson,27,Other,Canada,6/15/2021,Yearly
s12198,Isabella Patel,23,Female,UK,4/19/2022,Yearly
s12199,Benjamin Sharma,63,Male,Canada,9/30/2022,Monthly
s12200,Aarav Davis,20,Other,USA,10/30/2022,Yearly
s12201,Lucas Miller,61,Male,Canada,7/27/2020,Free
s12202,Benjamin Johnson,46,Other,Germany,12/19/2019,Free
s12203,Lucas Singh,27,Female,USA,11/21/2020,Monthly
s12204,Noah Walker,31,Male,India,8/23/2020,Yearly
s12205,Lucas Miller,27,Female,India,10/11/2021,Free
s12206,Lucas Moore,42,Female,USA,11/12/2020,Monthly
s12207,Arjun Smith,26,Male,UK,4/1/2019,Free
s12208,Emma Sharma,19,Other,Germany,3/3/2020,Yearly
s12209,Sophia Patel,19,Male,USA,10/28/2021,Free
s12210,Benjamin Brown,37,Other,USA,4/19/2021,Free
s12211,Mia Verma,22,Male,India,4/15/2020,Free
s12212,Zara Davis,29,Female,India,3/26/2019,Free
s12213,Isabella Martin,19,Female,USA,5/23/2022,Yearly
s12214,Ethan Singh,22,Female,UK,8/14/2022,Monthly
s12215,Meera Lee,21,Female,Germany,12/29/2022,Yearly
s12216,Noah Taylor,20,Female,USA,12/7/2019,Free
s12217,Sophia Taylor,26,Other,UK,11/14/2019,Free
s12218,Riya Smith,23,Male,Germany,10/8/2021,Monthly
s12219,Aarav Martin,18,Female,Australia,5/8/2020,Yearly
s12220,Zara Johnson,18,Female,Canada,1/19/2019,Free
s12221,Ethan Thomas,44,Male,Germany,9/27/2020,Free
s12222,Mia Brown,38,Other,USA,6/30/2021,Monthly
s12223,Meera Lewis,26,Male,Canada,9/1/2019,Monthly
s12224,Aanya Lee,21,Female,Australia,3/24/2022,Yearly
s12225,Sophia Patel,24,Other,Canada,6/15/2020,Free
s12226,Sophia Lewis,36,Female,UK,7/14/2020,Monthly
s12227,Ethan Lewis,26,Male,USA,8/7/2019,Yearly
s12228,Liam Walker,50,Other,Germany,4/17/2019,Yearly
s12229,Lucas Martin,22,Male,UK,3/26/2022,Free
s12230,Meera Singh,21,Female,Germany,1/13/2022,Yearly
s12231,Benjamin Moore,26,Male,USA,6/1/2022,Yearly
s12232,Vihaan Patel,22,Male,Germany,5/17/2019,Monthly
s12233,Mia Johnson,38,Male,Australia,8/6/2019,Monthly
s12234,Benjamin Davis,47,Other,UK,6/6/2022,Free
s12235,Riya Martin,37,Other,USA,11/16/2020,Yearly
s12236,Eva Clark,18,Female,India,1/14/2022,Monthly
s12237,Eva Moore,23,Male,India,1/4/2022,Free
s12238,Meera Martin,38,Other,Germany,7/14/2020,Monthly
s12239,Riya Singh,24,Other,USA,9/13/2020,Yearly
s12240,Eva Sharma,23,Male,USA,10/19/2019,Free
s12241,Benjamin Miller,39,Female,USA,6/28/2022,Monthly
s12242,Arjun Taylor,27,Female,USA,2/24/2019,Yearly
s12243,Meera Davis,26,Other,India,8/21/2020,Yearly
s12244,Vihaan Sharma,23,Other,Germany,8/21/2020,Yearly
s12245,Vihaan Patel,19,Other,India,10/25/2020,Free
s12246,Aarav Anderson,27,Other,Australia,4/25/2022,Free
s12247,Karan Lewis,22,Male,UK,12/23/2019,Monthly
s12248,Eva Sharma,24,Other,USA,8/18/2020,Free
s12249,Vihaan Thomas,32,Other,UK,7/27/2021,Yearly
s12250,Mia Davis,34,Female,Canada,2/20/2020,Free
s12251,Aanya Verma,44,Female,Canada,3/27/2019,Monthly
s12252,Lucas Anderson,41,Male,USA,5/13/2022,Monthly
s12253,Zara Smith,25,Female,USA,9/7/2022,Yearly
s12254,Zara Smith,18,Other,Australia,2/28/2022,Yearly
s12255,Olivia Smith,46,Other,Canada,6/29/2022,Yearly
s12256,Liam Thomas,19,Female,Canada,4/27/2020,Monthly
s12257,Arjun Thomas,24,Male,India,11/18/2020,Yearly
s12258,Riya Hall,26,Other,Australia,5/26/2020,Free
s12259,Aanya Patel,26,Male,USA,4/8/2022,Yearly
s12260,Lucas Walker,18,Female,Australia,4/1/2020,Monthly
s12261,Eva Miller,21,Male,Australia,1/21/2019,Free
s12262,Arjun Singh,23,Male,USA,3/8/2020,Monthly
s12263,Liam Singh,29,Female,USA,2/1/2022,Free
s12264,Noah Clark,37,Male,India,5/11/2020,Monthly
s12265,Riya Thomas,35,Other,India,10/28/2021,Free
s12266,Ethan Verma,25,Other,Australia,2/22/2022,Monthly
s12267,Vihaan Thomas,52,Other,UK,8/20/2020,Monthly
s12268,Arjun Miller,43,Female,Germany,9/24/2021,Monthly
s12269,Mia Clark,19,Female,USA,1/31/2022,Yearly
s12270,Riya Johnson,26,Other,Germany,2/24/2022,Monthly
s12271,Benjamin Sharma,18,Male,UK,1/19/2021,Yearly
s12272,Liam Miller,20,Male,Canada,9/11/2022,Monthly
s12273,Aanya Hall,23,Other,UK,9/28/2019,Monthly
s12274,Arjun Anderson,42,Other,Australia,3/9/2022,Monthly
s12275,Olivia Lewis,46,Male,USA,8/24/2019,Yearly
s12276,Vihaan Johnson,51,Male,Australia,5/24/2020,Yearly
s12277,Liam Smith,31,Female,Germany,11/12/2019,Yearly
s12278,Isabella Lewis,27,Female,Germany,6/26/2021,Monthly
s12279,Liam Walker,25,Male,Germany,1/31/2020,Monthly
s12280,Zara Davis,21,Male,Canada,12/5/2020,Free
s12281,Meera Walker,47,Male,Germany,10/1/2019,Free
s12282,Meera Singh,19,Female,USA,4/17/2019,Monthly
s12283,Aarav Patel,20,Other,Australia,7/17/2022,Monthly
s12284,Benjamin Brown,25,Male,Canada,12/21/2020,Free
s12285,Liam Lee,21,Other,USA,7/22/2020,Free
s12286,Sophia Davis,27,Female,UK,1/2/2022,Monthly
s12287,Riya Davis,42,Female,UK,2/20/2022,Monthly
s12288,Meera Singh,20,Male,UK,5/7/2022,Yearly
s12289,Riya Clark,21,Male,Germany,2/3/2021,Yearly
s12290,Meera Lewis,23,Female,India,8/24/2022,Yearly
s12291,Zara Thomas,30,Male,Canada,8/17/2022,Monthly
s12292,Aanya Patel,20,Male,USA,12/15/2021,Monthly
s12293,Amelia Miller,20,Male,USA,7/2/2021,Free
s12294,Zara Moore,20,Female,Canada,5/14/2019,Yearly
s12295,Liam Walker,19,Male,UK,5/11/2022,Yearly
s12296,Noah Anderson,22,Female,India,1/19/2021,Free
s12297,Arjun Walker,23,Other,Australia,6/6/2022,Yearly
s12298,Vihaan Miller,38,Female,India,1/24/2019,Monthly
s12299,Liam Clark,24,Other,Canada,7/8/2021,Monthly
s12300,Karan Martin,27,Other,India,6/6/2022,Free
s12301,Liam Davis,25,Other,Germany,10/30/2022,Monthly
s12302,Ethan Brown,37,Male,USA,1/2/2020,Monthly
s12303,Mia Patel,47,Other,Germany,3/9/2022,Free
s12304,Amelia Smith,19,Male,UK,4/17/2021,Monthly
s12305,Emma Verma,27,Male,USA,9/13/2020,Yearly
s12306,Lucas Thomas,57,Female,India,12/18/2019,Free
s12307,Arjun Singh,36,Other,Canada,2/25/2021,Free
s12308,Aanya Moore,47,Male,USA,7/14/2022,Free
s12309,Emma Verma,35,Other,Canada,4/22/2020,Yearly
s12310,Arjun Anderson,26,Other,UK,12/23/2019,Yearly
s12311,Liam Brown,65,Male,Canada,4/2/2020,Monthly
s12312,Liam Clark,47,Male,Germany,5/3/2021,Monthly
s12313,Eva Singh,19,Male,India,11/30/2021,Free
s12314,Riya Patel,24,Female,Canada,4/6/2021,Monthly
s12315,Aarav Miller,27,Male,Germany,5/27/2019,Monthly
s12316,Aanya Clark,23,Male,UK,8/1/2019,Yearly
s12317,Arjun Walker,54,Other,Canada,12/23/2020,Yearly
s12318,Karan Walker,56,Male,Canada,3/8/2019,Free
s12319,Aarav Patel,27,Male,Canada,5/17/2020,Monthly
s12320,Lucas Taylor,25,Female,Australia,3/28/2022,Yearly
s12321,Mia Walker,18,Other,UK,4/19/2021,Free
s12322,Amelia Singh,20,Other,Germany,11/7/2019,Monthly
s12323,Meera Hall,61,Other,Australia,8/24/2020,Yearly
s12324,Aarav Hall,19,Female,UK,4/6/2019,Yearly
s12325,Amelia Anderson,25,Female,Australia,8/26/2022,Monthly
s12326,Liam Brown,27,Male,Australia,9/21/2021,Yearly
s12327,Vihaan Clark,46,Female,Canada,7/21/2021,Yearly
s12328,Meera Verma,26,Female,Canada,8/23/2021,Free
s12329,Mia Smith,18,Male,USA,3/19/2021,Monthly
s12330,Arjun Lee,19,Female,Australia,9/20/2022,Free
s12331,Ethan Miller,46,Male,Germany,8/7/2019,Free
s12332,Aanya Brown,46,Female,Australia,6/12/2019,Monthly
s12333,Amelia Miller,25,Other,Canada,3/31/2021,Yearly
s12334,Mia Miller,26,Other,Canada,12/19/2019,Free
s12335,Emma Davis,47,Male,UK,5/9/2020,Free
s12336,Riya Hall,43,Male,UK,4/18/2022,Yearly
s12337,Meera Brown,65,Female,Germany,2/28/2020,Yearly
s12338,Meera Walker,36,Other,USA,4/26/2022,Yearly
s12339,Meera Smith,24,Male,Australia,11/14/2020,Monthly
s12340,Mia Brown,18,Other,India,9/27/2020,Free
s12341,Riya Thomas,34,Other,Germany,1/14/2022,Free
s12342,Lucas Hall,33,Female,USA,1/14/2022,Yearly
s12343,Meera Thomas,21,Female,Germany,8/14/2022,Free
s12344,Benjamin Walker,46,Other,Australia,8/14/2022,Monthly
s12345,Ethan Taylor,45,Male,Canada,11/9/2019,Yearly
s12346,Karan Patel,23,Female,Germany,8/20/2021,Free
s12347,Aarav Verma,42,Female,Germany,5/30/2019,Yearly
s12348,Olivia Verma,26,Other,India,4/24/2019,Free
s12349,Meera Verma,35,Other,India,5/13/2021,Yearly
s12350,Meera Smith,21,Male,India,3/3/2020,Yearly
s12351,Liam Walker,20,Other,Germany,8/27/2019,Yearly
s12352,Arjun Patel,36,Female,Germany,11/4/2021,Monthly
s12353,Isabella Taylor,26,Male,Germany,6/30/2019,Free
s12354,Arjun Wilson,24,Other,India,1/21/2021,Monthly
s12355,Vihaan Verma,46,Other,Canada,5/23/2021,Yearly
s12356,Vihaan Brown,20,Other,Canada,5/20/2022,Monthly
s12357,Arjun Lewis,47,Female,India,12/25/2022,Yearly
s12358,Noah Patel,26,Female,Germany,5/15/2020,Free
s12359,Sophia Walker,22,Male,USA,7/5/2019,Monthly
s12360,Noah Taylor,21,Other,USA,11/20/2021,Monthly
s12361,Isabella Miller,30,Other,India,3/10/2019,Yearly
s12362,Ethan Davis,18,Male,Australia,12/5/2019,Free
s12363,Vihaan Miller,54,Female,Canada,5/24/2019,Free
s12364,Riya Martin,30,Male,Australia,6/1/2021,Monthly
s12365,Lucas Patel,19,Female,Canada,6/22/2020,Free
s12366,Isabella Davis,21,Male,Canada,1/25/2021,Yearly
s12367,Lucas Hall,35,Male,Germany,9/24/2022,Yearly
s12368,Lucas Johnson,26,Female,UK,3/10/2020,Free
s12369,Sophia Brown,19,Female,Germany,10/15/2022,Yearly
s12370,Aanya Lewis,22,Female,UK,9/16/2022,Free
s12371,Meera Clark,22,Female,USA,3/16/2022,Free
s12372,Sophia Hall,20,Female,Canada,7/21/2020,Monthly
s12373,Mia Johnson,23,Female,India,6/5/2021,Yearly
s12374,Emma Wilson,42,Female,UK,12/14/2021,Free
s12375,Isabella Brown,22,Other,India,11/6/2019,Monthly
s12376,Sophia Patel,25,Other,Australia,8/27/2021,Yearly
s12377,Amelia Patel,25,Other,Australia,8/19/2022,Monthly
s12378,Arjun Martin,32,Male,India,10/14/2021,Yearly
s12379,Meera Walker,62,Female,Australia,5/1/2020,Free
s12380,Vihaan Brown,67,Male,Australia,1/10/2019,Monthly
s12381,Amelia Davis,23,Other,Australia,4/23/2021,Yearly
s12382,Aarav Verma,33,Female,Australia,3/19/2020,Free
s12383,Liam Davis,40,Female,India,3/13/2021,Yearly
s12384,Liam Sharma,35,Other,India,5/27/2022,Monthly
s12385,Benjamin Miller,25,Male,UK,10/17/2020,Free
s12386,Lucas Singh,64,Female,USA,10/18/2021,Monthly
s12387,Mia Sharma,27,Male,Canada,9/2/2020,Yearly
s12388,Meera Sharma,23,Female,USA,2/1/2019,Yearly
s12389,Karan Wilson,45,Female,Germany,3/30/2019,Free
s12390,Vihaan Lewis,28,Male,India,9/15/2019,Free
s12391,Benjamin Verma,26,Female,Germany,12/9/2021,Free
s12392,Arjun Moore,19,Other,India,3/2/2021,Yearly
s12393,Amelia Walker,25,Other,India,6/18/2022,Yearly
s12394,Emma Hall,32,Female,UK,8/24/2020,Yearly
s12395,Noah Taylor,18,Other,Australia,1/17/2020,Monthly
s12396,Aanya Thomas,47,Female,UK,9/1/2021,Yearly
s12397,Aarav Walker,59,Female,UK,8/25/2021,Yearly
s12398,Arjun Brown,67,Male,USA,2/14/2022,Yearly
s12399,Riya Wilson,61,Female,USA,4/23/2019,Free
s12400,Mia Walker,27,Other,Canada,1/25/2019,Monthly
s12401,Arjun Brown,25,Other,Australia,9/28/2020,Monthly
s12402,Aanya Moore,47,Male,USA,6/22/2022,Free
s12403,Aanya Hall,25,Male,UK,2/14/2022,Free
s12404,Eva Thomas,25,Other,UK,9/2/2020,Yearly
s12405,Sophia Hall,37,Female,Australia,4/2/2021,Monthly
s12406,Emma Clark,22,Female,Germany,11/5/2020,Monthly
s12407,Aanya Sharma,60,Other,Canada,6/28/2020,Monthly
s12408,Liam Hall,18,Other,USA,6/23/2020,Monthly
s12409,Olivia Walker,20,Female,USA,9/17/2020,Yearly
s12410,Sophia Hall,27,Male,UK,4/18/2019,Yearly
s12411,Eva Miller,23,Male,India,3/16/2020,Yearly
s12412,Aanya Walker,19,Other,Canada,8/9/2019,Monthly
s12413,Noah Thomas,26,Female,UK,4/21/2020,Monthly
s12414,Meera Verma,18,Male,USA,4/25/2022,Monthly
s12415,Mia Moore,24,Other,India,3/17/2021,Monthly
s12416,Noah Taylor,27,Other,USA,9/17/2022,Monthly
s12417,Emma Clark,23,Male,Australia,6/2/2019,Monthly
s12418,Aarav Moore,35,Female,Germany,4/20/2020,Free
s12419,Lucas Johnson,21,Female,Germany,11/18/2019,Monthly
s12420,Eva Verma,20,Male,Canada,4/22/2022,Yearly
s12421,Lucas Hall,23,Other,Germany,3/13/2019,Free
s12422,Aanya Verma,22,Other,Germany,1/9/2021,Monthly
s12423,Noah Hall,26,Male,Australia,3/2/2022,Free
s12424,Isabella Anderson,44,Female,UK,12/4/2019,Yearly
s12425,Isabella Miller,18,Male,USA,4/3/2022,Monthly
s12426,Riya Martin,22,Male,UK,5/19/2021,Free
s12427,Emma Verma,21,Male,Germany,12/21/2020,Yearly
s12428,Aanya Verma,32,Female,India,8/8/2022,Free
s12429,Benjamin Sharma,47,Female,Canada,7/2/2020,Monthly
s12430,Liam Clark,43,Other,Germany,8/11/2020,Yearly
s12431,Riya Taylor,26,Male,USA,3/4/2021,Monthly
s12432,Aanya Lee,44,Male,Canada,9/3/2022,Free
s12433,Isabella Hall,25,Other,Germany,1/13/2019,Monthly
s12434,Vihaan Hall,31,Male,Canada,8/6/2021,Monthly
s12435,Emma Clark,56,Male,Australia,10/13/2022,Yearly
s12436,Riya Singh,22,Male,Canada,12/17/2020,Yearly
s12437,Eva Johnson,22,Male,Canada,6/7/2020,Yearly
s12438,Aanya Martin,18,Female,Australia,6/26/2021,Yearly
s12439,Zara Patel,23,Female,Australia,5/13/2021,Monthly
s12440,Mia Taylor,20,Female,UK,6/10/2022,Free
s12441,Aanya Walker,37,Male,India,2/9/2019,Yearly
s12442,Meera Patel,24,Male,Australia,8/22/2020,Yearly
s12443,Aanya Smith,35,Male,USA,8/24/2021,Free
s12444,Karan Sharma,23,Male,Germany,11/17/2019,Monthly
s12445,Aarav Patel,60,Other,India,2/13/2022,Monthly
s12446,Olivia Martin,44,Other,Canada,4/9/2022,Monthly
s12447,Riya Patel,29,Female,Canada,10/19/2022,Yearly
s12448,Liam Brown,35,Other,UK,11/7/2020,Free
s12449,Emma Moore,22,Male,Canada,11/7/2020,Yearly
s12450,Isabella Taylor,43,Other,India,8/31/2019,Free
s12451,Eva Martin,26,Other,India,1/10/2019,Free
s12452,Amelia Clark,26,Other,India,10/7/2020,Free
s12453,Lucas Walker,24,Other,Canada,12/3/2021,Monthly
s12454,Isabella Clark,60,Other,USA,3/11/2022,Monthly
s12455,Emma Wilson,29,Male,Canada,6/27/2020,Yearly
s12456,Liam Miller,18,Female,USA,6/29/2021,Free
s12457,Riya Singh,23,Other,Australia,6/7/2021,Monthly
s12458,Aanya Hall,52,Male,Australia,2/4/2022,Monthly
s12459,Karan Clark,38,Other,India,2/18/2020,Free
s12460,Noah Lewis,21,Male,India,12/10/2022,Free
s12461,Liam Verma,26,Male,India,5/30/2022,Yearly
s12462,Benjamin Thomas,21,Female,India,9/17/2020,Yearly
s12463,Olivia Verma,27,Other,Australia,6/5/2020,Monthly
s12464,Riya Johnson,36,Female,Australia,3/1/2019,Free
s12465,Mia Johnson,38,Male,Germany,3/30/2022,Free
s12466,Lucas Martin,34,Male,UK,9/4/2022,Yearly
s12467,Lucas Martin,19,Female,Germany,12/23/2021,Yearly
s12468,Riya Moore,26,Male,UK,12/5/2021,Free
s12469,Aanya Moore,19,Female,USA,1/21/2021,Monthly
s12470,Benjamin Thomas,41,Male,Germany,4/29/2020,Yearly
s12471,Amelia Smith,26,Female,USA,10/24/2019,Yearly
s12472,Ethan Johnson,42,Male,India,12/14/2021,Yearly
s12473,Meera Smith,24,Female,USA,7/5/2019,Yearly
s12474,Ethan Davis,19,Female,Canada,11/17/2022,Yearly
s12475,Arjun Singh,37,Female,Canada,3/6/2019,Monthly
s12476,Eva Thomas,20,Male,Australia,3/3/2022,Yearly
s12477,Eva Miller,21,Other,Canada,1/18/2020,Yearly
s12478,Aarav Johnson,20,Male,India,1/7/2019,Yearly
s12479,Noah Singh,26,Other,Australia,12/14/2020,Monthly
s12480,Riya Miller,22,Male,Australia,11/2/2022,Monthly
s12481,Zara Sharma,42,Male,UK,5/25/2019,Yearly
s12482,Olivia Walker,30,Female,Germany,1/18/2021,Monthly
s12483,Riya Anderson,32,Male,Canada,10/17/2022,Yearly
s12484,Vihaan Martin,18,Male,Australia,2/29/2020,Yearly
s12485,Aarav Lee,43,Female,UK,5/29/2022,Monthly
s12486,Arjun Verma,24,Other,USA,9/20/2021,Free
s12487,Benjamin Anderson,23,Male,Australia,6/7/2019,Free
s12488,Aarav Smith,23,Other,India,7/12/2022,Free
s12489,Olivia Sharma,21,Other,Australia,2/7/2021,Monthly
s12490,Mia Thomas,54,Other,Australia,12/21/2020,Free
s12491,Olivia Lewis,44,Other,Australia,7/29/2022,Free
s12492,Riya Clark,33,Female,India,5/3/2020,Free
s12493,Vihaan Johnson,43,Male,UK,3/2/2020,Monthly
s12494,Liam Hall,35,Female,USA,8/31/2022,Free
s12495,Lucas Brown,36,Other,USA,8/1/2021,Yearly
s12496,Isabella Martin,25,Other,India,3/28/2020,Monthly
s12497,Arjun Hall,30,Other,UK,2/6/2021,Monthly
s12498,Benjamin Moore,40,Other,USA,8/18/2021,Monthly
s12499,Sophia Davis,28,Female,Germany,9/6/2019,Monthly
s12500,Ethan Lewis,44,Female,India,9/3/2021,Yearly
s12501,Isabella Smith,61,Male,UK,12/20/2022,Monthly
s12502,Aanya Miller,26,Male,UK,3/13/2019,Yearly
s12503,Aanya Wilson,19,Female,Germany,6/25/2020,Yearly
s12504,Lucas Wilson,20,Male,Canada,8/6/2020,Yearly
s12505,Arjun Sharma,27,Female,Canada,9/20/2022,Free
s12506,Amelia Brown,22,Other,Australia,2/25/2020,Free
s12507,Sophia Sharma,27,Other,India,7/23/2021,Monthly
s12508,Ethan Moore,33,Female,Australia,5/4/2021,Free
s12509,Riya Verma,54,Other,India,12/14/2021,Monthly
s12510,Liam Clark,18,Female,Canada,5/24/2021,Yearly
s12511,Ethan Lewis,19,Male,India,6/23/2022,Yearly
s12512,Aarav Lewis,46,Male,Australia,9/8/2019,Yearly
s12513,Karan Moore,57,Female,India,9/29/2020,Free
s12514,Liam Hall,26,Other,USA,10/30/2021,Monthly
s12515,Mia Thomas,26,Other,Australia,11/2/2019,Yearly
s12516,Eva Taylor,24,Other,UK,8/12/2020,Free
s12517,Liam Lee,61,Other,Canada,1/26/2020,Monthly
s12518,Karan Brown,27,Other,Germany,9/16/2022,Monthly
s12519,Emma Brown,32,Male,Canada,5/8/2019,Free
s12520,Vihaan Smith,40,Male,Australia,3/20/2021,Yearly
s12521,Olivia Davis,25,Female,USA,9/23/2020,Free
s12522,Ethan Davis,38,Other,UK,8/15/2020,Yearly
s12523,Arjun Hall,22,Female,India,5/4/2020,Monthly
s12524,Meera Taylor,34,Female,UK,10/8/2020,Monthly
s12525,Isabella Miller,23,Female,India,3/20/2020,Free
s12526,Emma Brown,44,Other,USA,3/27/2022,Free
s12527,Zara Hall,33,Female,India,10/12/2019,Free
s12528,Arjun Miller,36,Male,Germany,4/7/2019,Yearly
s12529,Ethan Clark,27,Male,UK,3/3/2022,Monthly
s12530,Aarav Patel,22,Other,Canada,10/2/2019,Free
s12531,Arjun Walker,22,Female,Canada,2/19/2020,Free
s12532,Eva Anderson,35,Other,Canada,3/11/2020,Monthly
s12533,Riya Sharma,46,Other,India,8/27/2021,Monthly
s12534,Amelia Brown,24,Other,Australia,7/5/2021,Free
s12535,Riya Moore,33,Female,Canada,10/11/2021,Free
s12536,Olivia Lewis,22,Other,India,12/13/2022,Yearly
s12537,Sophia Martin,21,Male,UK,9/21/2022,Monthly
s12538,Mia Lewis,30,Female,UK,6/1/2019,Free
s12539,Isabella Brown,27,Male,USA,3/29/2021,Yearly
s12540,Olivia Lewis,21,Female,Canada,5/12/2021,Yearly
s12541,Ethan Davis,20,Other,Germany,8/10/2022,Monthly
s12542,Vihaan Lewis,45,Female,UK,12/17/2021,Yearly
s12543,Emma Singh,60,Male,Canada,11/29/2020,Yearly
s12544,Sophia Martin,40,Other,Canada,7/14/2021,Yearly
s12545,Sophia Anderson,38,Female,India,12/29/2021,Free
s12546,Vihaan Smith,39,Male,Canada,3/17/2019,Yearly
s12547,Isabella Martin,23,Male,Germany,9/11/2019,Free
s12548,Zara Smith,32,Male,Canada,1/6/2021,Monthly
s12549,Eva Lee,26,Other,Canada,1/5/2021,Free
s12550,Eva Miller,19,Female,USA,8/12/2022,Monthly
s12551,Arjun Brown,18,Other,Canada,12/22/2022,Yearly
s12552,Aanya Patel,46,Female,USA,10/6/2019,Yearly
s12553,Benjamin Taylor,26,Female,USA,3/13/2021,Yearly
s12554,Lucas Taylor,53,Male,UK,4/3/2020,Free
s12555,Mia Walker,27,Male,Canada,6/5/2022,Yearly
s12556,Amelia Walker,18,Female,Canada,1/14/2020,Monthly
s12557,Isabella Smith,29,Female,Germany,10/23/2021,Monthly
s12558,Emma Thomas,28,Female,Canada,9/3/2019,Yearly
s12559,Riya Johnson,24,Female,India,9/30/2021,Yearly
s12560,Arjun Wilson,25,Female,USA,9/3/2021,Yearly
s12561,Ethan Clark,19,Other,Canada,6/22/2019,Free
s12562,Eva Clark,25,Female,Germany,1/10/2022,Yearly
s12563,Isabella Anderson,27,Female,Canada,11/27/2020,Free
s12564,Aanya Patel,18,Male,USA,1/19/2020,Free
s12565,Noah Johnson,19,Male,Germany,11/15/2022,Yearly
s12566,Emma Singh,19,Female,Canada,9/5/2021,Monthly
s12567,Mia Lewis,25,Other,Australia,8/5/2021,Yearly
s12568,Amelia Clark,22,Male,Australia,5/2/2021,Monthly
s12569,Lucas Davis,18,Female,USA,9/25/2021,Free
s12570,Emma Walker,24,Female,Canada,6/28/2022,Monthly
s12571,Emma Brown,23,Male,Germany,3/23/2019,Free
s12572,Meera Miller,27,Female,USA,10/18/2020,Yearly
s12573,Zara Taylor,27,Male,UK,11/1/2020,Free
s12574,Riya Sharma,40,Male,Canada,8/17/2021,Monthly
s12575,Olivia Martin,23,Male,India,11/5/2020,Yearly
s12576,Zara Singh,23,Male,India,11/19/2022,Monthly
s12577,Karan Smith,41,Other,Canada,3/5/2021,Yearly
s12578,Mia Verma,58,Female,Canada,1/1/2019,Free
s12579,Arjun Smith,22,Female,Australia,12/3/2022,Yearly
s12580,Lucas Taylor,62,Other,USA,1/8/2022,Yearly
s12581,Riya Clark,25,Female,UK,2/20/2022,Monthly
s12582,Ethan Smith,20,Other,Australia,9/18/2021,Free
s12583,Emma Clark,29,Male,Australia,3/7/2019,Monthly
s12584,Lucas Lee,18,Male,Australia,12/8/2022,Monthly
s12585,Benjamin Smith,21,Female,USA,8/13/2019,Yearly
s12586,Emma Wilson,27,Other,UK,9/10/2019,Monthly
s12587,Benjamin Sharma,67,Other,USA,1/23/2022,Free
s12588,Sophia Lewis,38,Female,UK,2/17/2022,Monthly
s12589,Olivia Moore,21,Female,Australia,12/12/2022,Yearly
s12590,Aanya Hall,24,Female,USA,11/19/2021,Free
s12591,Zara Taylor,29,Female,Germany,5/26/2020,Yearly
s12592,Aanya Singh,33,Other,Australia,10/26/2022,Free
s12593,Emma Lewis,62,Other,Canada,2/10/2022,Free
s12594,Liam Clark,20,Other,Canada,5/13/2020,Monthly
s12595,Mia Moore,19,Male,UK,12/16/2019,Yearly
s12596,Zara Hall,20,Other,Germany,11/17/2019,Yearly
s12597,Zara Walker,23,Other,Canada,4/4/2022,Free
s12598,Emma Smith,43,Other,Canada,4/1/2019,Free
s12599,Sophia Singh,23,Male,India,11/6/2022,Free
s12600,Mia Lee,29,Female,USA,11/15/2020,Monthly
s12601,Aanya Singh,20,Female,India,6/4/2020,Monthly
s12602,Ethan Patel,26,Other,Australia,12/4/2019,Monthly
s12603,Isabella Sharma,21,Other,USA,8/26/2020,Free
s12604,Olivia Anderson,25,Male,Canada,3/4/2021,Monthly
s12605,Arjun Hall,47,Male,USA,10/13/2020,Monthly
s12606,Riya Patel,20,Female,UK,3/8/2019,Yearly
s12607,Riya Davis,25,Other,Australia,3/29/2021,Monthly
s12608,Arjun Sharma,41,Female,India,12/18/2019,Free
s12609,Karan Miller,27,Other,USA,5/18/2019,Yearly
s12610,Isabella Johnson,22,Other,Germany,9/17/2019,Monthly
s12611,Aarav Wilson,66,Female,Australia,9/22/2022,Yearly
s12612,Lucas Lewis,19,Male,UK,2/9/2022,Free
s12613,Sophia Sharma,18,Male,Australia,10/20/2022,Yearly
s12614,Karan Johnson,38,Male,India,7/5/2021,Free
s12615,Emma Lee,41,Female,UK,6/3/2021,Yearly
s12616,Benjamin Lee,22,Male,USA,3/30/2019,Yearly
s12617,Aarav Moore,26,Male,UK,3/5/2021,Free
s12618,Karan Lewis,26,Female,India,2/23/2020,Free
s12619,Meera Hall,44,Female,UK,7/2/2021,Yearly
s12620,Karan Taylor,18,Male,UK,1/17/2022,Free
s12621,Aanya Johnson,18,Other,India,2/3/2019,Yearly
s12622,Arjun Davis,26,Other,Germany,7/29/2021,Yearly
s12623,Lucas Miller,66,Male,Australia,11/26/2019,Free
s12624,Lucas Wilson,18,Other,Canada,5/5/2020,Monthly
s12625,Vihaan Davis,29,Other,USA,9/24/2021,Monthly
s12626,Aarav Miller,18,Other,Australia,4/26/2020,Monthly
s12627,Riya Hall,44,Female,UK,8/30/2021,Free
s12628,Benjamin Patel,19,Other,India,7/30/2020,Monthly
s12629,Aanya Thomas,45,Male,Australia,5/6/2020,Monthly
s12630,Liam Lewis,25,Male,Australia,11/26/2019,Free
s12631,Noah Lee,21,Male,USA,7/8/2022,Monthly
s12632,Meera Walker,23,Male,Canada,4/14/2020,Yearly
s12633,Liam Brown,25,Male,Australia,4/28/2019,Free
s12634,Sophia Patel,22,Female,UK,11/18/2021,Yearly
s12635,Lucas Wilson,26,Female,USA,2/22/2020,Free
s12636,Emma Clark,23,Other,Australia,11/5/2022,Free
s12637,Aanya Davis,41,Female,UK,5/7/2022,Free
s12638,Lucas Lee,32,Female,Germany,8/2/2020,Free
s12639,Riya Thomas,23,Other,UK,3/2/2022,Free
s12640,Amelia Taylor,27,Other,India,8/19/2022,Monthly
s12641,Olivia Walker,20,Female,Canada,7/22/2020,Free
s12642,Eva Taylor,18,Female,Canada,12/4/2019,Free
s12643,Aanya Thomas,25,Other,Germany,10/17/2022,Monthly
s12644,Mia Lewis,32,Male,India,1/6/2020,Yearly
s12645,Zara Clark,45,Other,India,8/2/2020,Free
s12646,Aarav Miller,46,Female,Canada,10/8/2020,Yearly
s12647,Zara Brown,18,Male,Canada,4/22/2020,Yearly
s12648,Eva Clark,27,Male,Germany,1/9/2020,Monthly
s12649,Karan Smith,36,Other,Canada,8/1/2019,Monthly
s12650,Sophia Thomas,24,Male,India,11/16/2019,Free
s12651,Aanya Thomas,22,Female,USA,4/26/2019,Yearly
s12652,Mia Singh,32,Male,UK,2/9/2022,Monthly
s12653,Eva Miller,39,Male,Australia,12/9/2020,Monthly
s12654,Zara Sharma,19,Female,UK,12/14/2020,Free
s12655,Olivia Taylor,20,Female,Germany,2/15/2020,Monthly
s12656,Ethan Johnson,22,Other,Australia,10/27/2019,Monthly
s12657,Eva Miller,34,Other,Germany,8/6/2019,Monthly
s12658,Ethan Moore,37,Female,India,12/13/2021,Yearly
s12659,Lucas Johnson,60,Male,India,9/11/2019,Free
s12660,Ethan Verma,27,Female,Australia,12/25/2022,Monthly
s12661,Isabella Patel,20,Female,India,12/12/2019,Free
s12662,Emma Lee,24,Other,Canada,1/28/2021,Yearly
s12663,Noah Singh,51,Male,Australia,11/14/2019,Monthly
s12664,Karan Walker,46,Male,Canada,4/7/2022,Monthly
s12665,Eva Brown,22,Other,USA,8/18/2022,Monthly
s12666,Emma Verma,27,Male,India,8/15/2021,Yearly
s12667,Aanya Lee,19,Female,Canada,11/26/2021,Monthly
s12668,Amelia Lewis,20,Male,USA,7/4/2022,Yearly
s12669,Zara Patel,34,Other,Canada,10/6/2019,Monthly
s12670,Eva Martin,19,Other,UK,3/3/2022,Yearly
s12671,Mia Verma,25,Female,Australia,9/17/2020,Free
s12672,Amelia Wilson,62,Female,Australia,1/10/2019,Free
s12673,Riya Clark,18,Male,India,5/4/2022,Monthly
s12674,Aarav Taylor,33,Female,USA,2/22/2021,Yearly
s12675,Zara Hall,18,Other,UK,11/23/2019,Monthly
s12676,Vihaan Anderson,23,Male,Australia,12/28/2019,Monthly
s12677,Zara Wilson,47,Other,Canada,11/12/2021,Yearly
s12678,Sophia Taylor,20,Male,Canada,8/18/2022,Monthly
s12679,Lucas Hall,32,Other,Canada,6/26/2022,Free
s12680,Arjun Miller,62,Male,Germany,8/15/2019,Free
s12681,Olivia Walker,47,Female,UK,7/22/2021,Monthly
s12682,Benjamin Singh,27,Male,Australia,1/14/2021,Yearly
s12683,Lucas Martin,23,Other,Australia,5/17/2022,Free
s12684,Lucas Lewis,20,Female,UK,1/28/2021,Free
s12685,Eva Taylor,18,Female,India,3/14/2021,Yearly
s12686,Aarav Hall,24,Male,Canada,3/14/2020,Monthly
s12687,Vihaan Singh,33,Female,Canada,10/3/2022,Monthly
s12688,Sophia Miller,43,Female,Germany,8/2/2020,Monthly
s12689,Olivia Sharma,24,Male,Canada,5/28/2022,Monthly
s12690,Zara Martin,24,Female,Australia,2/13/2019,Yearly
s12691,Mia Moore,19,Male,USA,1/9/2020,Yearly
s12692,Eva Taylor,21,Other,USA,10/21/2019,Yearly
s12693,Riya Brown,40,Female,Canada,6/6/2019,Yearly
s12694,Liam Wilson,22,Female,Germany,12/28/2021,Yearly
s12695,Meera Lewis,24,Other,Germany,1/30/2021,Monthly
s12696,Riya Lewis,18,Male,Germany,8/14/2019,Free
s12697,Sophia Smith,26,Female,Australia,8/8/2021,Monthly
s12698,Riya Johnson,20,Other,India,12/2/2019,Yearly
s12699,Karan Davis,22,Male,USA,3/8/2019,Free
s12700,Noah Miller,22,Male,India,1/27/2021,Yearly
s12701,Benjamin Johnson,20,Male,USA,2/4/2022,Free
s12702,Liam Thomas,33,Female,USA,5/10/2022,Free
s12703,Amelia Singh,45,Female,UK,9/12/2022,Monthly
s12704,Liam Davis,22,Male,Canada,10/27/2019,Yearly
s12705,Zara Lewis,58,Other,Germany,8/19/2019,Free
s12706,Meera Smith,19,Male,Germany,6/27/2022,Monthly
s12707,Amelia Hall,28,Other,Australia,9/17/2022,Yearly
s12708,Mia Taylor,54,Other,Germany,10/21/2022,Free
s12709,Emma Smith,27,Other,India,5/29/2022,Free
s12710,Emma Anderson,47,Other,India,3/3/2021,Yearly
s12711,Aarav Sharma,26,Male,USA,5/17/2019,Free
s12712,Benjamin Miller,18,Female,UK,4/17/2020,Monthly
s12713,Arjun Martin,30,Other,Germany,7/13/2021,Monthly
s12714,Eva Lewis,28,Male,Germany,1/12/2021,Monthly
s12715,Vihaan Davis,21,Female,USA,7/9/2022,Free
s12716,Aanya Moore,44,Other,USA,11/16/2019,Free
s12717,Ethan Thomas,60,Other,Canada,11/19/2020,Yearly
s12718,Noah Clark,23,Male,UK,3/2/2019,Yearly
s12719,Arjun Moore,18,Other,USA,6/27/2019,Free
s12720,Meera Smith,32,Other,India,1/23/2021,Yearly
s12721,Mia Verma,27,Female,UK,3/28/2021,Free
s12722,Sophia Hall,28,Female,UK,12/15/2022,Yearly
s12723,Aarav Singh,32,Female,Germany,1/31/2022,Monthly
s12724,Sophia Sharma,47,Male,UK,10/14/2019,Free
s12725,Amelia Sharma,20,Other,UK,5/24/2020,Free
s12726,Mia Sharma,24,Other,Australia,8/21/2022,Monthly
s12727,Arjun Miller,29,Other,Australia,9/2/2019,Free
s12728,Eva Wilson,45,Female,India,12/26/2021,Yearly
s12729,Aarav Taylor,22,Female,Australia,5/14/2021,Free
s12730,Karan Singh,25,Male,USA,9/21/2022,Yearly
s12731,Sophia Davis,22,Female,India,12/14/2019,Free
s12732,Liam Singh,47,Other,Canada,9/29/2022,Yearly
s12733,Karan Wilson,50,Other,Australia,8/7/2022,Monthly
s12734,Noah Moore,24,Male,USA,5/18/2022,Monthly
s12735,Zara Hall,21,Female,India,11/26/2020,Yearly
s12736,Olivia Lee,24,Male,Australia,3/15/2021,Free
s12737,Olivia Brown,44,Male,Australia,4/17/2022,Monthly
s12738,Mia Miller,33,Male,UK,8/11/2020,Monthly
s12739,Karan Taylor,38,Female,Australia,12/18/2022,Yearly
s12740,Vihaan Johnson,23,Male,India,3/24/2020,Free
s12741,Sophia Taylor,18,Male,Germany,12/7/2022,Yearly
s12742,Aarav Miller,24,Male,Canada,3/17/2019,Monthly
s12743,Noah Miller,64,Male,Australia,1/4/2019,Free
s12744,Amelia Anderson,25,Female,USA,11/9/2020,Monthly
s12745,Liam Verma,23,Other,India,2/28/2019,Yearly
s12746,Eva Hall,33,Female,Germany,2/20/2020,Free
s12747,Karan Moore,19,Female,Germany,4/17/2019,Monthly
s12748,Karan Singh,37,Other,Canada,11/22/2019,Free
s12749,Olivia Thomas,21,Male,Australia,1/5/2019,Free
s12750,Arjun Walker,45,Male,Germany,1/28/2019,Yearly
s12751,Meera Hall,27,Other,USA,3/16/2019,Yearly
s12752,Emma Brown,18,Female,UK,5/27/2019,Free
s12753,Vihaan Lewis,22,Other,India,4/15/2022,Monthly
s12754,Liam Taylor,61,Male,Canada,8/13/2020,Yearly
s12755,Lucas Smith,27,Other,UK,8/17/2022,Monthly
s12756,Liam Anderson,47,Male,Australia,1/19/2019,Yearly
s12757,Aanya Lewis,37,Female,Canada,4/26/2019,Yearly
s12758,Zara Wilson,24,Other,USA,10/29/2021,Yearly
s12759,Olivia Smith,20,Male,Canada,11/7/2022,Yearly
s12760,Amelia Anderson,35,Female,Australia,10/3/2019,Monthly
s12761,Benjamin Patel,20,Other,Australia,6/24/2019,Yearly
s12762,Lucas Thomas,34,Other,Canada,8/29/2020,Yearly
s12763,Meera Anderson,38,Male,UK,2/11/2021,Free
s12764,Ethan Brown,18,Male,Canada,3/10/2020,Yearly
s12765,Sophia Wilson,41,Female,USA,2/16/2019,Yearly
s12766,Sophia Verma,20,Male,UK,2/28/2021,Monthly
s12767,Aanya Anderson,37,Other,USA,7/8/2019,Free
s12768,Amelia Smith,52,Male,Canada,12/31/2020,Yearly
s12769,Riya Clark,56,Male,Australia,4/4/2019,Monthly
s12770,Arjun Miller,19,Male,India,4/17/2021,Monthly
s12771,Ethan Wilson,19,Female,India,1/25/2019,Yearly
s12772,Liam Thomas,45,Male,Australia,8/24/2019,Monthly
s12773,Riya Walker,22,Male,Canada,7/17/2021,Monthly
s12774,Karan Johnson,65,Male,Australia,8/16/2020,Yearly
s12775,Aarav Miller,25,Other,India,7/23/2020,Free
s12776,Riya Smith,38,Female,USA,4/5/2019,Yearly
s12777,Noah Martin,19,Female,Germany,8/10/2019,Yearly
s12778,Amelia Walker,19,Female,Germany,1/22/2020,Free
s12779,Meera Lee,27,Other,Australia,12/25/2019,Yearly
s12780,Amelia Lee,27,Male,UK,2/2/2020,Yearly
s12781,Zara Martin,46,Male,Canada,3/3/2019,Monthly
s12782,Arjun Singh,25,Male,Canada,12/5/2020,Monthly
s12783,Emma Miller,26,Female,UK,2/3/2022,Free
s12784,Aarav Sharma,19,Other,Canada,7/20/2019,Free
s12785,Benjamin Martin,44,Female,Canada,8/21/2019,Free
s12786,Liam Patel,41,Female,USA,9/24/2020,Yearly
s12787,Riya Miller,23,Female,UK,6/27/2021,Monthly
s12788,Emma Wilson,43,Other,Germany,5/16/2021,Free
s12789,Lucas Brown,20,Female,USA,2/24/2020,Monthly
s12790,Eva Martin,25,Female,Germany,11/26/2022,Monthly
s12791,Arjun Lee,47,Female,USA,8/22/2020,Yearly
s12792,Lucas Davis,26,Other,USA,6/10/2019,Free
s12793,Amelia Sharma,27,Other,USA,7/12/2019,Monthly
s12794,Ethan Sharma,43,Male,India,5/5/2019,Yearly
s12795,Amelia Lee,24,Female,UK,11/22/2019,Free
s12796,Amelia Brown,46,Male,India,7/5/2022,Yearly
s12797,Zara Moore,21,Other,Canada,11/30/2020,Free
s12798,Lucas Verma,19,Other,Canada,3/25/2021,Monthly
s12799,Olivia Smith,19,Other,India,8/24/2019,Yearly
s12800,Vihaan Verma,30,Male,UK,8/30/2021,Monthly
s12801,Aarav Wilson,55,Female,Canada,6/5/2019,Yearly
s12802,Emma Clark,52,Male,Canada,10/17/2021,Yearly
s12803,Riya Sharma,18,Other,USA,3/8/2020,Free
s12804,Liam Smith,26,Female,Germany,10/15/2022,Monthly
s12805,Zara Lee,26,Other,UK,1/19/2019,Yearly
s12806,Liam Wilson,59,Other,India,1/8/2019,Yearly
s12807,Emma Singh,27,Female,India,6/26/2021,Monthly
s12808,Sophia Brown,24,Male,India,7/24/2021,Free
s12809,Riya Johnson,23,Male,Australia,7/19/2022,Yearly
s12810,Mia Hall,27,Male,Canada,4/24/2020,Yearly
s12811,Lucas Walker,46,Male,Germany,9/25/2019,Monthly
s12812,Mia Taylor,18,Other,UK,1/26/2021,Yearly
s12813,Riya Brown,61,Male,UK,2/4/2019,Yearly
s12814,Amelia Walker,30,Female,Germany,3/30/2021,Free
s12815,Vihaan Clark,26,Female,UK,2/14/2019,Yearly
s12816,Benjamin Lee,18,Other,India,8/5/2022,Free
s12817,Noah Taylor,18,Male,India,10/26/2022,Monthly
s12818,Sophia Davis,20,Other,Australia,6/17/2021,Yearly
s12819,Mia Sharma,26,Female,India,10/18/2020,Monthly
s12820,Noah Singh,21,Female,USA,11/20/2020,Yearly
s12821,Zara Miller,23,Other,UK,1/23/2020,Free
s12822,Karan Miller,41,Female,Australia,5/20/2020,Monthly
s12823,Aanya Hall,19,Other,India,3/13/2022,Monthly
s12824,Meera Smith,62,Male,Canada,9/13/2019,Free
s12825,Meera Smith,24,Female,Germany,5/17/2020,Yearly
s12826,Aanya Verma,19,Other,India,7/26/2020,Yearly
s12827,Ethan Sharma,40,Other,India,2/8/2020,Free
s12828,Amelia Anderson,24,Other,India,2/10/2020,Monthly
s12829,Lucas Smith,20,Female,Canada,9/23/2020,Monthly
s12830,Aarav Brown,56,Female,Australia,12/12/2021,Free
s12831,Zara Clark,23,Other,Germany,11/4/2021,Monthly
s12832,Liam Sharma,26,Other,UK,2/7/2021,Free
s12833,Zara Sharma,62,Male,Germany,10/22/2021,Free
s12834,Amelia Brown,65,Female,India,1/31/2020,Yearly
s12835,Mia Walker,45,Female,India,11/14/2022,Monthly
s12836,Liam Davis,24,Other,Germany,3/26/2021,Yearly
s12837,Mia Patel,47,Male,Germany,12/19/2021,Free
s12838,Eva Singh,30,Other,UK,7/16/2019,Yearly
s12839,Aarav Lee,21,Male,India,3/7/2022,Free
s12840,Mia Singh,40,Female,USA,4/27/2020,Monthly
s12841,Noah Anderson,25,Male,Germany,6/23/2019,Free
s12842,Eva Johnson,47,Female,UK,9/21/2019,Monthly
s12843,Vihaan Miller,18,Male,USA,1/23/2022,Free
s12844,Lucas Martin,20,Female,USA,1/25/2020,Monthly
s12845,Noah Smith,39,Other,Australia,10/25/2022,Monthly
s12846,Olivia Moore,18,Female,UK,9/19/2022,Monthly
s12847,Mia Brown,39,Male,UK,2/28/2022,Free
s12848,Sophia Verma,47,Male,UK,10/26/2019,Yearly
s12849,Lucas Hall,28,Male,Canada,8/28/2020,Free
s12850,Aanya Singh,22,Male,USA,11/9/2022,Monthly
s12851,Meera Singh,25,Other,UK,11/7/2020,Free
s12852,Aarav Davis,24,Other,Canada,11/2/2020,Monthly
s12853,Lucas Davis,18,Male,UK,10/19/2022,Yearly
s12854,Karan Miller,43,Male,UK,6/12/2019,Free
s12855,Benjamin Martin,23,Female,Germany,4/25/2021,Free
s12856,Zara Martin,37,Male,UK,2/28/2021,Monthly
s12857,Sophia Moore,36,Male,India,11/14/2021,Free
s12858,Meera Walker,31,Male,Canada,7/19/2019,Yearly
s12859,Meera Patel,18,Male,Australia,8/6/2020,Monthly
s12860,Eva Davis,27,Other,USA,5/20/2021,Yearly
s12861,Aarav Patel,27,Male,India,8/22/2019,Yearly
s12862,Meera Singh,51,Other,Canada,9/20/2020,Free
s12863,Aanya Clark,21,Female,USA,9/4/2020,Yearly
s12864,Eva Taylor,18,Other,Australia,1/31/2019,Yearly
s12865,Isabella Singh,45,Male,Canada,5/29/2020,Monthly
s12866,Sophia Singh,28,Female,Germany,7/10/2020,Free
s12867,Noah Martin,24,Female,USA,7/27/2020,Free
s12868,Aanya Patel,21,Male,USA,6/9/2021,Free
s12869,Liam Anderson,47,Male,USA,6/19/2020,Monthly
s12870,Aarav Lee,27,Female,Germany,4/26/2020,Free
s12871,Meera Wilson,42,Female,UK,10/23/2020,Monthly
s12872,Meera Davis,28,Other,UK,7/7/2020,Monthly
s12873,Emma Moore,23,Male,India,3/1/2021,Free
s12874,Mia Johnson,39,Other,Canada,6/26/2019,Monthly
s12875,Ethan Clark,42,Male,Germany,4/9/2022,Monthly
s12876,Amelia Miller,24,Male,UK,7/14/2019,Monthly
s12877,Isabella Taylor,65,Other,Germany,8/16/2022,Monthly
s12878,Isabella Taylor,29,Male,India,2/16/2021,Free
s12879,Zara Singh,19,Male,Australia,12/28/2019,Monthly
s12880,Karan Taylor,24,Other,Canada,2/7/2022,Monthly
s12881,Mia Johnson,22,Other,Germany,2/26/2022,Free
s12882,Eva Singh,18,Other,Germany,11/12/2020,Yearly
s12883,Lucas Lewis,22,Other,India,9/9/2019,Free
s12884,Ethan Wilson,67,Other,India,1/15/2020,Monthly
s12885,Amelia Patel,18,Male,Canada,5/19/2020,Free
s12886,Meera Brown,19,Other,Australia,7/12/2021,Monthly
s12887,Ethan Singh,22,Other,UK,7/20/2022,Yearly
s12888,Eva Johnson,22,Female,Canada,2/21/2020,Free
s12889,Emma Johnson,40,Male,Canada,5/26/2021,Yearly
s12890,Aanya Clark,26,Female,Germany,4/17/2019,Monthly
s12891,Sophia Moore,26,Other,USA,2/8/2019,Monthly
s12892,Zara Taylor,23,Male,USA,6/3/2021,Free
s12893,Liam Clark,18,Female,UK,6/3/2021,Yearly
s12894,Aanya Hall,32,Male,Australia,5/14/2021,Free
s12895,Mia Sharma,54,Female,UK,2/8/2022,Monthly
s12896,Aarav Singh,26,Female,Australia,11/3/2022,Free
s12897,Zara Thomas,18,Female,Australia,7/18/2022,Monthly
s12898,Lucas Sharma,26,Other,Germany,10/26/2022,Monthly
s12899,Benjamin Singh,32,Male,Canada,7/9/2020,Free
s12900,Mia Brown,22,Male,Australia,3/4/2019,Yearly
s12901,Ethan Miller,23,Female,Germany,1/16/2020,Yearly
s12902,Vihaan Walker,42,Female,India,6/24/2021,Monthly
s12903,Ethan Anderson,23,Other,UK,7/26/2020,Yearly
s12904,Ethan Singh,26,Female,India,2/25/2020,Monthly
s12905,Liam Davis,47,Female,USA,4/26/2021,Yearly
s12906,Benjamin Patel,30,Female,UK,6/18/2022,Free
s12907,Liam Walker,49,Female,USA,6/8/2020,Monthly
s12908,Noah Patel,26,Male,Germany,7/30/2019,Monthly
s12909,Aanya Moore,35,Male,Australia,7/15/2022,Free
s12910,Meera Anderson,24,Female,Australia,7/16/2022,Monthly
s12911,Aanya Anderson,57,Other,India,11/13/2021,Monthly
s12912,Zara Martin,18,Male,UK,2/10/2022,Monthly
s12913,Riya Smith,20,Other,Australia,11/28/2019,Free
s12914,Benjamin Smith,43,Other,Canada,6/26/2019,Monthly
s12915,Aanya Johnson,37,Other,India,2/7/2020,Free
s12916,Riya Martin,18,Other,USA,8/1/2022,Yearly
s12917,Emma Johnson,32,Female,Australia,1/19/2022,Free
s12918,Isabella Brown,21,Female,USA,12/6/2022,Free
s12919,Benjamin Smith,21,Male,USA,11/11/2019,Monthly
s12920,Ethan Verma,21,Male,Canada,3/12/2020,Free
s12921,Aarav Sharma,19,Other,Australia,7/11/2022,Free
s12922,Mia Clark,36,Female,Germany,5/2/2019,Monthly
s12923,Sophia Walker,42,Male,UK,11/16/2022,Monthly
s12924,Lucas Sharma,19,Male,Germany,6/26/2021,Yearly
s12925,Riya Moore,20,Female,Germany,4/27/2021,Free
s12926,Isabella Walker,43,Female,Germany,1/14/2019,Monthly
s12927,Eva Walker,44,Male,USA,3/29/2022,Free
s12928,Meera Patel,37,Female,UK,3/19/2020,Monthly
s12929,Arjun Miller,24,Female,India,6/11/2022,Monthly
s12930,Lucas Hall,25,Female,India,9/9/2020,Monthly
s12931,Mia Miller,62,Other,Canada,5/3/2019,Yearly
s12932,Lucas Brown,35,Male,Germany,3/10/2021,Monthly
s12933,Eva Lewis,44,Female,India,8/8/2019,Monthly
s12934,Liam Taylor,25,Male,USA,7/10/2019,Monthly
s12935,Zara Brown,18,Female,Australia,2/19/2022,Yearly
s12936,Olivia Singh,24,Female,Germany,9/17/2022,Yearly
s12937,Eva Miller,29,Other,UK,12/1/2022,Free
s12938,Isabella Clark,18,Male,Canada,11/19/2021,Free
s12939,Eva Johnson,53,Female,USA,6/28/2020,Monthly
s12940,Sophia Moore,18,Other,Germany,5/24/2020,Free
s12941,Liam Patel,48,Male,Australia,6/19/2022,Monthly
s12942,Zara Patel,27,Male,Canada,5/6/2019,Monthly
s12943,Zara Verma,67,Male,USA,10/16/2020,Monthly
s12944,Lucas Miller,26,Other,Australia,10/17/2022,Monthly
s12945,Noah Lee,19,Male,Australia,1/8/2019,Yearly
s12946,Mia Taylor,27,Male,India,1/7/2022,Monthly
s12947,Aanya Moore,19,Other,USA,8/26/2019,Yearly
s12948,Amelia Hall,34,Other,Canada,6/15/2020,Yearly
s12949,Karan Verma,45,Male,USA,10/26/2020,Free
s12950,Emma Lee,21,Female,UK,6/8/2020,Free
s12951,Lucas Miller,24,Male,India,7/9/2021,Monthly
s12952,Meera Martin,47,Female,India,7/25/2022,Free
s12953,Aarav Lee,47,Other,UK,1/11/2022,Monthly
s12954,Karan Hall,41,Male,USA,4/30/2020,Yearly
s12955,Aarav Moore,23,Other,India,2/26/2019,Yearly
s12956,Arjun Miller,19,Male,India,10/2/2019,Monthly
s12957,Arjun Martin,46,Other,India,5/2/2019,Yearly
s12958,Noah Lee,31,Other,Australia,2/4/2019,Monthly
s12959,Sophia Johnson,49,Female,Canada,8/14/2020,Free
s12960,Olivia Moore,26,Female,Canada,5/5/2022,Yearly
s12961,Amelia Johnson,46,Other,India,5/9/2021,Yearly
s12962,Sophia Hall,24,Male,USA,5/18/2020,Yearly
s12963,Sophia Anderson,27,Male,USA,8/15/2019,Free
s12964,Olivia Johnson,18,Other,Germany,7/5/2022,Free
s12965,Emma Clark,27,Other,Germany,7/16/2021,Monthly
s12966,Karan Taylor,41,Other,USA,7/20/2021,Monthly
s12967,Meera Lee,18,Male,USA,8/1/2019,Monthly
s12968,Aanya Brown,42,Other,UK,5/13/2021,Free
s12969,Ethan Taylor,21,Male,Canada,1/26/2020,Free
s12970,Sophia Verma,25,Female,Germany,1/27/2022,Yearly
s12971,Amelia Miller,31,Female,Canada,12/15/2020,Free
s12972,Ethan Wilson,39,Female,Australia,10/23/2021,Monthly
s12973,Emma Singh,27,Male,Germany,1/31/2020,Free
s12974,Eva Moore,22,Male,India,12/22/2019,Yearly
s12975,Riya Thomas,27,Female,UK,6/25/2020,Free
s12976,Sophia Smith,19,Male,UK,5/24/2021,Yearly
s12977,Arjun Davis,27,Female,India,2/10/2020,Monthly
s12978,Aarav Verma,23,Male,India,6/23/2019,Yearly
s12979,Mia Moore,22,Other,Australia,1/30/2022,Monthly
s12980,Meera Clark,18,Female,Australia,3/16/2019,Monthly
s12981,Emma Sharma,20,Other,Germany,10/16/2020,Monthly
s12982,Sophia Singh,43,Male,India,3/11/2022,Free
s12983,Lucas Brown,35,Other,Canada,12/13/2019,Monthly
s12984,Zara Lewis,44,Female,Canada,10/30/2021,Monthly
s12985,Ethan Sharma,25,Other,Australia,2/19/2021,Yearly
s12986,Amelia Clark,21,Male,Australia,7/20/2022,Yearly
s12987,Aanya Davis,20,Other,USA,4/7/2021,Monthly
s12988,Aanya Anderson,24,Female,USA,6/8/2022,Free
s12989,Benjamin Martin,23,Other,Australia,12/12/2021,Yearly
s12990,Liam Singh,27,Male,Australia,9/18/2020,Yearly
s12991,Lucas Clark,46,Female,India,10/11/2022,Monthly
s12992,Lucas Brown,33,Female,Germany,3/14/2022,Monthly
s12993,Zara Thomas,43,Other,Germany,10/28/2020,Free
s12994,Lucas Verma,25,Other,India,3/30/2020,Monthly
s12995,Riya Singh,18,Female,Germany,3/2/2022,Yearly
s12996,Olivia Singh,18,Male,Germany,5/29/2019,Yearly
s12997,Riya Verma,30,Female,UK,8/18/2019,Monthly
s12998,Ethan Walker,25,Female,UK,7/9/2021,Monthly
s12999,Amelia Johnson,26,Female,Canada,11/22/2020,Free
s13000,Amelia Thomas,28,Male,Australia,5/25/2020,Yearly
s13001,Eva Lee,30,Other,India,7/8/2021,Free
s13002,Isabella Clark,26,Female,Germany,3/23/2022,Yearly
s13003,Eva Verma,24,Other,India,2/14/2021,Monthly
s13004,Noah Sharma,63,Male,UK,8/19/2020,Monthly
s13005,Aarav Clark,21,Other,India,4/15/2021,Yearly
s13006,Amelia Anderson,56,Male,UK,2/10/2022,Yearly
s13007,Karan Verma,21,Male,Germany,4/16/2022,Yearly
s13008,Liam Thomas,47,Male,USA,8/18/2019,Free
s13009,Vihaan Miller,18,Other,Canada,8/6/2020,Yearly
s13010,Liam Thomas,21,Female,Germany,12/13/2022,Free
s13011,Isabella Brown,24,Other,India,5/19/2020,Yearly
s13012,Emma Anderson,21,Female,Germany,12/11/2019,Monthly
s13013,Eva Lee,26,Male,Canada,11/12/2022,Free
s13014,Amelia Walker,26,Female,UK,11/20/2020,Monthly
s13015,Emma Lee,27,Other,Germany,6/16/2021,Monthly
s13016,Lucas Johnson,21,Male,India,10/27/2020,Free
s13017,Lucas Moore,18,Female,USA,11/17/2022,Monthly
s13018,Riya Singh,64,Male,Australia,4/9/2021,Free
s13019,Aarav Martin,41,Other,UK,6/30/2019,Free
s13020,Riya Miller,23,Female,USA,7/21/2019,Monthly
s13021,Emma Taylor,40,Other,USA,8/28/2021,Yearly
s13022,Meera Johnson,18,Male,India,12/2/2021,Free
s13023,Vihaan Thomas,44,Male,Australia,12/4/2019,Free
s13024,Mia Anderson,24,Male,UK,1/24/2020,Free
s13025,Eva Verma,26,Male,UK,6/7/2020,Monthly
s13026,Aanya Patel,18,Female,Germany,3/6/2021,Monthly
s13027,Benjamin Lee,25,Male,UK,2/11/2021,Monthly
s13028,Ethan Singh,24,Other,Germany,4/20/2022,Yearly
s13029,Riya Anderson,21,Female,USA,4/3/2022,Free
s13030,Ethan Lewis,20,Male,Germany,4/11/2019,Monthly
s13031,Emma Johnson,26,Other,Canada,12/28/2020,Monthly
s13032,Meera Anderson,27,Other,UK,7/5/2020,Free
s13033,Aanya Martin,41,Other,UK,5/31/2022,Monthly
s13034,Olivia Clark,18,Other,Australia,4/21/2019,Monthly
s13035,Olivia Hall,24,Male,USA,3/5/2020,Monthly
s13036,Benjamin Lewis,26,Other,USA,10/4/2019,Monthly
s13037,Emma Miller,18,Other,India,9/19/2022,Yearly
s13038,Amelia Lewis,46,Female,Germany,10/7/2019,Free
s13039,Liam Wilson,24,Male,UK,8/21/2019,Free
s13040,Olivia Brown,25,Other,India,9/30/2022,Yearly
s13041,Mia Sharma,19,Female,USA,6/9/2021,Yearly
s13042,Riya Wilson,34,Female,USA,3/30/2021,Monthly
s13043,Lucas Hall,66,Other,India,12/19/2022,Monthly
s13044,Arjun Lewis,20,Other,USA,11/24/2022,Free
s13045,Aanya Lee,27,Female,UK,12/21/2020,Monthly
s13046,Noah Brown,44,Other,Australia,2/25/2021,Yearly
s13047,Meera Sharma,18,Male,USA,11/29/2020,Free
s13048,Benjamin Sharma,23,Other,UK,2/14/2020,Free
s13049,Noah Clark,47,Other,UK,12/12/2021,Monthly
s13050,Lucas Martin,19,Other,Canada,9/30/2021,Monthly
s13051,Arjun Verma,27,Male,Germany,6/27/2019,Monthly
s13052,Benjamin Martin,51,Other,Australia,10/3/2022,Free
s13053,Arjun Miller,23,Other,USA,11/7/2022,Monthly
s13054,Aarav Brown,46,Male,UK,2/9/2021,Monthly
s13055,Arjun Lee,21,Other,Australia,8/5/2020,Yearly
s13056,Lucas Taylor,37,Other,Canada,1/15/2020,Monthly
s13057,Mia Lee,62,Female,Canada,3/1/2021,Monthly
s13058,Eva Smith,21,Other,India,11/11/2021,Monthly
s13059,Isabella Brown,19,Female,UK,2/5/2021,Monthly
s13060,Liam Johnson,20,Other,UK,10/11/2021,Free
s13061,Amelia Taylor,24,Female,Canada,7/10/2019,Yearly
s13062,Riya Johnson,51,Male,USA,9/11/2020,Free
s13063,Aanya Wilson,36,Male,Germany,10/15/2020,Free
s13064,Amelia Martin,22,Male,Australia,8/21/2021,Free
s13065,Zara Smith,26,Female,Germany,8/27/2020,Yearly
s13066,Aarav Johnson,27,Other,UK,9/10/2021,Free
s13067,Lucas Moore,18,Female,Canada,4/15/2022,Yearly
s13068,Amelia Moore,18,Other,Australia,4/9/2019,Free
s13069,Vihaan Anderson,23,Female,Germany,6/9/2021,Monthly
s13070,Noah Martin,46,Female,Germany,5/25/2022,Yearly
s13071,Benjamin Clark,22,Male,USA,7/8/2022,Free
s13072,Vihaan Smith,22,Female,India,10/27/2022,Monthly
s13073,Benjamin Brown,25,Other,India,3/5/2019,Free
s13074,Aanya Patel,25,Female,Canada,10/2/2022,Yearly
s13075,Liam Taylor,44,Other,Canada,5/6/2020,Monthly
s13076,Isabella Singh,24,Other,UK,5/14/2020,Monthly
s13077,Eva Johnson,32,Male,Canada,7/17/2021,Free
s13078,Vihaan Walker,24,Female,UK,3/21/2022,Monthly
s13079,Arjun Verma,18,Female,Australia,10/31/2022,Monthly
s13080,Isabella Clark,24,Other,Germany,6/7/2019,Free
s13081,Riya Miller,26,Female,Germany,11/4/2021,Monthly
s13082,Aarav Sharma,47,Other,Canada,5/6/2022,Free
s13083,Lucas Taylor,21,Male,Germany,6/30/2019,Free
s13084,Emma Brown,19,Female,UK,7/30/2022,Yearly
s13085,Karan Moore,31,Male,USA,2/3/2019,Monthly
s13086,Meera Thomas,26,Female,Germany,11/15/2022,Monthly
s13087,Vihaan Thomas,22,Other,Canada,5/1/2020,Free
s13088,Olivia Taylor,66,Other,UK,7/7/2019,Yearly
s13089,Karan Johnson,60,Female,UK,7/25/2021,Yearly
s13090,Sophia Patel,23,Female,Germany,1/11/2020,Yearly
s13091,Meera Anderson,36,Male,Australia,10/1/2022,Yearly
s13092,Zara Smith,25,Male,USA,6/17/2022,Free
s13093,Meera Hall,22,Female,USA,8/29/2019,Monthly
s13094,Aanya Smith,21,Female,Australia,12/6/2022,Monthly
s13095,Amelia Verma,25,Male,USA,12/25/2022,Free
s13096,Eva Sharma,23,Female,Australia,7/10/2019,Yearly
s13097,Noah Anderson,24,Male,Germany,12/27/2021,Monthly
s13098,Arjun Anderson,29,Male,USA,5/8/2019,Yearly
s13099,Olivia Davis,25,Male,India,12/13/2022,Monthly
s13100,Aarav Clark,19,Male,USA,10/19/2019,Yearly
s13101,Amelia Brown,43,Other,Canada,12/16/2021,Monthly
s13102,Olivia Wilson,27,Female,UK,2/7/2019,Monthly
s13103,Arjun Hall,47,Other,Australia,12/31/2019,Monthly
s13104,Amelia Walker,20,Female,India,9/15/2020,Yearly
s13105,Lucas Miller,43,Male,India,12/13/2019,Yearly
s13106,Isabella Hall,20,Other,Canada,6/20/2021,Yearly
s13107,Amelia Patel,26,Female,Australia,6/28/2020,Free
s13108,Liam Hall,67,Female,Canada,5/21/2021,Monthly
s13109,Riya Smith,54,Male,Germany,5/15/2021,Free
s13110,Olivia Patel,19,Female,Australia,10/21/2019,Yearly
s13111,Riya Verma,36,Other,India,9/15/2020,Monthly
s13112,Benjamin Lewis,25,Female,India,2/20/2022,Monthly
s13113,Olivia Lee,19,Female,UK,7/31/2019,Monthly
s13114,Sophia Thomas,25,Female,UK,11/12/2019,Monthly
s13115,Arjun Taylor,25,Other,India,12/31/2021,Free
s13116,Riya Lewis,26,Female,Germany,3/6/2021,Monthly
s13117,Isabella Moore,43,Other,Germany,1/2/2019,Yearly
s13118,Mia Moore,21,Female,India,2/9/2022,Monthly
s13119,Benjamin Taylor,18,Female,UK,4/18/2021,Free
s13120,Sophia Lee,20,Female,Germany,2/24/2019,Yearly
s13121,Vihaan Patel,25,Male,Australia,6/10/2020,Free
s13122,Emma Singh,25,Male,India,7/15/2020,Yearly
s13123,Mia Clark,32,Male,India,6/10/2019,Free
s13124,Eva Miller,23,Other,USA,2/13/2020,Monthly
s13125,Lucas Verma,21,Male,Canada,3/19/2022,Monthly
s13126,Karan Sharma,34,Male,Australia,11/27/2020,Monthly
s13127,Emma Davis,60,Male,UK,2/9/2020,Yearly
s13128,Arjun Sharma,19,Male,USA,3/7/2020,Monthly
s13129,Olivia Walker,19,Female,USA,11/10/2020,Yearly
s13130,Aanya Walker,25,Female,India,10/29/2019,Monthly
s13131,Zara Taylor,46,Female,India,5/29/2020,Monthly
s13132,Zara Verma,31,Other,UK,8/6/2022,Yearly
s13133,Sophia Hall,32,Male,UK,5/1/2022,Free
s13134,Mia Johnson,35,Other,Canada,8/16/2022,Yearly
s13135,Lucas Martin,35,Male,USA,3/9/2019,Free
s13136,Isabella Singh,34,Other,Germany,10/9/2019,Free
s13137,Vihaan Smith,25,Female,India,9/1/2021,Monthly
s13138,Karan Lewis,21,Other,Australia,8/7/2021,Monthly
s13139,Eva Sharma,19,Male,Australia,10/18/2022,Yearly
s13140,Liam Davis,25,Other,Germany,3/13/2019,Free
s13141,Karan Walker,48,Other,Australia,1/18/2022,Yearly
s13142,Amelia Thomas,66,Male,Canada,9/22/2021,Monthly
s13143,Olivia Brown,22,Male,Canada,2/12/2022,Monthly
s13144,Arjun Singh,24,Female,Germany,8/4/2020,Monthly
s13145,Aanya Sharma,27,Female,Canada,10/21/2020,Yearly
s13146,Arjun Brown,21,Male,Australia,6/15/2021,Yearly
s13147,Emma Brown,26,Other,India,10/4/2019,Monthly
s13148,Amelia Moore,33,Female,Canada,6/24/2022,Yearly
s13149,Ethan Anderson,28,Female,Canada,1/6/2020,Monthly
s13150,Isabella Clark,19,Other,Germany,10/20/2020,Free
s13151,Liam Lee,31,Male,USA,3/18/2021,Free
s13152,Sophia Johnson,22,Female,Canada,10/19/2020,Yearly
s13153,Isabella Lee,25,Other,Canada,11/15/2019,Free
s13154,Olivia Hall,34,Other,USA,7/11/2021,Free
s13155,Riya Walker,33,Other,UK,7/18/2022,Yearly
s13156,Vihaan Singh,58,Other,Australia,7/2/2022,Monthly
s13157,Isabella Taylor,53,Male,Australia,12/21/2019,Yearly
s13158,Isabella Brown,21,Female,USA,2/8/2022,Yearly
s13159,Zara Taylor,55,Male,India,1/16/2020,Monthly
s13160,Lucas Hall,20,Other,India,12/15/2020,Free
s13161,Olivia Lee,24,Female,UK,7/23/2021,Free
s13162,Emma Martin,37,Female,Australia,10/3/2020,Yearly
s13163,Lucas Lewis,18,Other,USA,7/11/2020,Monthly
s13164,Mia Patel,33,Female,USA,12/25/2022,Yearly
s13165,Mia Lewis,18,Female,Canada,1/6/2022,Yearly
s13166,Noah Clark,35,Female,UK,8/12/2021,Free
s13167,Sophia Lewis,61,Female,USA,4/7/2021,Yearly
s13168,Olivia Sharma,21,Female,Australia,4/28/2020,Monthly
s13169,Olivia Brown,21,Other,UK,8/27/2022,Yearly
s13170,Meera Lee,18,Male,Australia,7/18/2022,Free
s13171,Riya Davis,21,Male,USA,11/22/2019,Yearly
s13172,Aarav Smith,23,Male,Germany,2/6/2020,Yearly
s13173,Liam Moore,37,Female,Germany,7/31/2022,Monthly
s13174,Karan Taylor,26,Female,Germany,9/27/2019,Free
s13175,Riya Thomas,35,Male,India,8/13/2022,Yearly
s13176,Meera Wilson,43,Male,India,2/6/2021,Free
s13177,Olivia Martin,33,Other,India,2/5/2019,Free
s13178,Sophia Clark,27,Male,UK,1/18/2020,Yearly
s13179,Arjun Clark,29,Other,USA,11/16/2020,Yearly
s13180,Emma Singh,18,Other,Canada,5/12/2020,Yearly
s13181,Noah Johnson,21,Other,Germany,5/16/2022,Free
s13182,Arjun Clark,59,Other,Germany,6/24/2019,Monthly
s13183,Vihaan Wilson,19,Male,UK,5/21/2020,Monthly
s13184,Sophia Patel,25,Other,Canada,11/10/2021,Free
s13185,Mia Taylor,34,Male,Germany,11/25/2021,Monthly
s13186,Liam Clark,23,Other,India,12/18/2019,Monthly
s13187,Benjamin Anderson,29,Other,Germany,10/17/2021,Monthly
s13188,Ethan Martin,22,Male,USA,2/16/2022,Monthly
s13189,Ethan Hall,25,Other,Australia,11/23/2021,Yearly
s13190,Meera Martin,46,Female,Australia,10/17/2021,Free
s13191,Noah Taylor,18,Other,Canada,7/6/2022,Free
s13192,Arjun Sharma,19,Male,USA,3/1/2022,Monthly
s13193,Eva Thomas,36,Female,Australia,8/19/2022,Yearly
s13194,Mia Anderson,21,Other,Australia,7/11/2020,Monthly
s13195,Arjun Miller,23,Other,India,9/13/2022,Free
s13196,Riya Johnson,42,Female,USA,2/1/2021,Yearly
s13197,Zara Moore,45,Other,USA,1/27/2021,Yearly
s13198,Isabella Clark,18,Male,Australia,4/6/2019,Yearly
s13199,Karan Wilson,29,Female,Canada,10/30/2021,Yearly
s13200,Sophia Hall,22,Other,India,6/8/2020,Free
s13201,Lucas Lewis,18,Female,USA,6/24/2021,Free
s13202,Amelia Wilson,31,Male,USA,4/26/2020,Yearly
s13203,Ethan Lee,23,Other,India,10/3/2022,Free
s13204,Lucas Moore,21,Female,Canada,12/7/2019,Yearly
s13205,Emma Thomas,42,Other,UK,12/5/2021,Yearly
s13206,Mia Hall,29,Female,Australia,8/30/2019,Free
s13207,Noah Smith,31,Female,Germany,3/25/2020,Free
s13208,Vihaan Moore,45,Other,UK,7/28/2019,Yearly
s13209,Aanya Moore,21,Female,Australia,7/15/2022,Monthly
s13210,Liam Sharma,26,Other,Australia,8/5/2020,Monthly
s13211,Eva Taylor,26,Male,Canada,12/28/2021,Free
s13212,Karan Miller,26,Male,Germany,6/9/2019,Monthly
s13213,Riya Sharma,20,Female,Australia,11/20/2019,Monthly
s13214,Meera Singh,47,Female,Canada,10/5/2022,Monthly
s13215,Zara Thomas,23,Female,Canada,5/11/2020,Free
s13216,Liam Hall,27,Other,USA,2/2/2020,Monthly
s13217,Benjamin Verma,18,Female,Canada,12/26/2022,Free
s13218,Meera Lee,30,Male,Canada,10/20/2021,Yearly
s13219,Emma Anderson,24,Female,UK,10/31/2022,Free
s13220,Riya Smith,20,Other,India,12/24/2022,Yearly
s13221,Ethan Clark,25,Male,Germany,6/1/2019,Monthly
s13222,Meera Hall,26,Female,UK,7/15/2021,Monthly
s13223,Meera Wilson,22,Other,India,8/19/2021,Monthly
s13224,Vihaan Johnson,60,Female,Canada,11/24/2020,Yearly
s13225,Amelia Taylor,34,Other,UK,12/8/2021,Monthly
s13226,Zara Verma,29,Female,Canada,3/11/2021,Monthly
s13227,Arjun Davis,46,Male,India,7/26/2021,Free
s13228,Isabella Clark,26,Female,USA,7/5/2021,Yearly
s13229,Lucas Anderson,43,Female,USA,4/10/2019,Yearly
s13230,Eva Lee,31,Male,Germany,12/1/2020,Yearly
s13231,Zara Hall,30,Male,Canada,12/3/2021,Free
s13232,Meera Anderson,24,Male,Canada,8/4/2022,Yearly
s13233,Olivia Hall,35,Male,UK,5/26/2022,Yearly
s13234,Sophia Verma,34,Female,India,12/6/2022,Yearly
s13235,Amelia Sharma,18,Male,Canada,2/19/2022,Free
s13236,Noah Moore,22,Female,Canada,10/19/2021,Yearly
s13237,Eva Miller,31,Other,UK,11/29/2019,Yearly
s13238,Benjamin Moore,26,Male,Canada,8/12/2021,Free
s13239,Amelia Davis,22,Female,Canada,3/1/2022,Free
s13240,Meera Moore,28,Female,India,3/29/2019,Yearly
s13241,Arjun Brown,25,Male,Germany,10/11/2019,Free
s13242,Isabella Sharma,62,Male,Canada,10/31/2019,Yearly
s13243,Eva Wilson,20,Male,Australia,5/27/2022,Yearly
s13244,Ethan Clark,59,Other,India,1/14/2020,Yearly
s13245,Olivia Wilson,18,Male,Australia,5/9/2021,Monthly
s13246,Aarav Brown,31,Female,USA,4/4/2022,Free
s13247,Olivia Patel,20,Female,Australia,8/28/2020,Monthly
s13248,Karan Hall,22,Female,Australia,11/19/2021,Free
s13249,Arjun Moore,23,Male,India,9/23/2021,Yearly
s13250,Noah Moore,50,Male,Canada,1/25/2019,Yearly
s13251,Vihaan Martin,28,Male,UK,12/13/2022,Monthly
s13252,Karan Walker,21,Female,India,12/10/2019,Monthly
s13253,Emma Lee,38,Male,India,12/7/2019,Free
s13254,Isabella Anderson,18,Male,USA,4/20/2021,Free
s13255,Arjun Clark,35,Male,USA,8/2/2020,Monthly
s13256,Emma Martin,23,Other,USA,10/18/2020,Monthly
s13257,Meera Taylor,27,Female,Australia,2/23/2019,Yearly
s13258,Lucas Singh,27,Male,Canada,3/29/2019,Monthly
s13259,Mia Brown,24,Other,UK,8/25/2021,Yearly
s13260,Ethan Patel,36,Other,Australia,4/25/2019,Monthly
s13261,Zara Moore,23,Other,Germany,2/2/2019,Yearly
s13262,Sophia Singh,58,Other,USA,5/26/2022,Free
s13263,Aanya Thomas,67,Other,UK,6/12/2020,Free
s13264,Vihaan Wilson,26,Male,Australia,6/10/2021,Free
s13265,Isabella Moore,19,Female,Australia,8/13/2019,Free
s13266,Ethan Moore,35,Male,USA,3/31/2021,Monthly
s13267,Ethan Singh,26,Male,Germany,5/19/2022,Monthly
s13268,Karan Verma,23,Male,Germany,12/7/2022,Yearly
s13269,Noah Anderson,27,Female,UK,1/31/2020,Free
s13270,Ethan Clark,27,Male,Canada,6/11/2022,Yearly
s13271,Benjamin Verma,27,Other,UK,4/30/2020,Monthly
s13272,Olivia Lewis,18,Female,Australia,7/16/2019,Monthly
s13273,Amelia Smith,18,Female,India,12/3/2021,Yearly
s13274,Lucas Sharma,21,Other,USA,1/15/2021,Free
s13275,Zara Brown,41,Male,UK,3/28/2020,Free
s13276,Olivia Johnson,22,Female,Canada,4/1/2020,Free
s13277,Isabella Lewis,65,Other,Australia,6/12/2021,Monthly
s13278,Meera Wilson,57,Male,Germany,9/5/2019,Free
s13279,Zara Lee,18,Male,India,11/7/2022,Yearly
s13280,Zara Clark,18,Female,India,12/24/2022,Monthly
s13281,Lucas Wilson,26,Male,UK,11/2/2019,Yearly
s13282,Isabella Smith,27,Other,USA,10/7/2020,Free
s13283,Karan Moore,66,Male,Germany,1/24/2020,Monthly
s13284,Liam Hall,25,Female,Canada,1/23/2019,Monthly
s13285,Amelia Taylor,32,Other,UK,3/18/2019,Yearly
s13286,Olivia Walker,34,Male,Australia,7/2/2020,Free
s13287,Riya Anderson,24,Male,Germany,1/29/2022,Yearly
s13288,Aanya Moore,25,Other,Australia,6/25/2020,Yearly
s13289,Olivia Miller,20,Male,Germany,5/5/2022,Free
s13290,Mia Brown,26,Male,Australia,11/9/2022,Free
s13291,Sophia Brown,27,Female,UK,2/7/2021,Yearly
s13292,Zara Anderson,19,Female,Australia,6/29/2022,Free
s13293,Zara Hall,19,Other,Australia,5/27/2020,Free
s13294,Riya Taylor,33,Other,Canada,10/3/2022,Yearly
s13295,Lucas Davis,19,Other,UK,3/1/2021,Monthly
s13296,Eva Smith,22,Male,USA,1/26/2022,Monthly
s13297,Riya Patel,20,Other,Germany,7/13/2021,Yearly
s13298,Amelia Martin,28,Female,Germany,11/30/2020,Free
s13299,Aanya Patel,30,Female,UK,11/13/2019,Monthly
s13300,Aanya Clark,26,Other,UK,7/6/2020,Monthly
s13301,Aanya Martin,20,Male,Germany,5/12/2022,Yearly
s13302,Benjamin Brown,48,Other,Canada,1/12/2020,Monthly
s13303,Aarav Clark,18,Male,Germany,9/20/2021,Yearly
s13304,Riya Verma,21,Female,UK,6/29/2020,Monthly
s13305,Liam Wilson,34,Female,Germany,10/15/2019,Monthly
s13306,Meera Verma,19,Female,Germany,6/2/2020,Yearly
s13307,Aanya Martin,22,Female,Germany,5/29/2022,Monthly
s13308,Riya Davis,42,Female,Canada,12/2/2021,Free
s13309,Olivia Johnson,67,Male,Australia,4/5/2020,Yearly
s13310,Noah Sharma,21,Female,Australia,12/18/2022,Free
s13311,Lucas Anderson,19,Female,Canada,10/28/2020,Yearly
s13312,Liam Clark,19,Female,India,10/31/2021,Free
s13313,Ethan Clark,19,Other,Germany,10/16/2019,Monthly
s13314,Karan Verma,21,Female,Canada,7/31/2021,Free
s13315,Meera Anderson,37,Other,Canada,12/10/2019,Monthly
s13316,Emma Patel,25,Other,Canada,9/10/2020,Free
s13317,Ethan Smith,35,Male,UK,6/2/2022,Free
s13318,Noah Davis,24,Other,USA,4/16/2019,Yearly
s13319,Mia Smith,47,Male,Canada,9/2/2022,Free
s13320,Emma Anderson,18,Male,Australia,5/24/2020,Free
s13321,Mia Verma,27,Male,Germany,2/14/2020,Free
s13322,Benjamin Hall,62,Female,Australia,9/12/2020,Free
s13323,Meera Sharma,25,Other,UK,9/9/2022,Yearly
s13324,Eva Brown,43,Male,UK,2/18/2020,Monthly
s13325,Liam Davis,18,Other,Germany,4/21/2022,Yearly
s13326,Vihaan Johnson,20,Other,USA,12/12/2022,Free
s13327,Ethan Lewis,44,Other,UK,4/4/2019,Free
s13328,Isabella Patel,32,Other,Australia,12/3/2022,Yearly
s13329,Riya Lee,24,Female,USA,3/23/2019,Free
s13330,Liam Moore,25,Female,Canada,12/2/2019,Yearly
s13331,Ethan Davis,19,Other,India,2/5/2019,Yearly
s13332,Olivia Lewis,25,Female,India,6/29/2020,Free
s13333,Isabella Lee,19,Male,Australia,2/25/2019,Free
s13334,Emma Hall,33,Male,Germany,3/25/2021,Free
s13335,Zara Moore,26,Male,Canada,12/27/2021,Yearly
s13336,Mia Anderson,40,Other,Canada,4/8/2021,Monthly
s13337,Emma Moore,26,Male,UK,5/2/2022,Monthly
s13338,Karan Taylor,23,Female,UK,12/14/2021,Yearly
s13339,Karan Singh,52,Other,Germany,2/26/2021,Free
s13340,Aanya Miller,18,Male,Germany,10/31/2021,Free
s13341,Benjamin Hall,18,Male,Germany,5/24/2019,Monthly
s13342,Zara Patel,22,Male,India,6/1/2020,Free
s13343,Olivia Thomas,23,Other,UK,6/30/2019,Yearly
s13344,Emma Lee,27,Female,Germany,4/23/2022,Yearly
s13345,Aanya Brown,45,Other,Canada,6/25/2020,Yearly
s13346,Liam Thomas,47,Other,Germany,6/15/2021,Monthly
s13347,Benjamin Hall,25,Female,India,9/11/2022,Monthly
s13348,Lucas Walker,20,Other,Germany,9/4/2022,Yearly
s13349,Riya Clark,64,Female,India,7/28/2019,Free
s13350,Benjamin Sharma,23,Male,UK,11/18/2019,Monthly
s13351,Aanya Anderson,47,Other,Canada,6/10/2020,Monthly
s13352,Aanya Lee,37,Female,Australia,3/26/2021,Free
s13353,Sophia Martin,43,Female,Canada,2/6/2021,Free
s13354,Sophia Moore,24,Male,USA,6/23/2019,Yearly
s13355,Lucas Anderson,64,Male,India,2/1/2020,Yearly
s13356,Liam Clark,39,Female,Germany,3/19/2022,Free
s13357,Amelia Davis,34,Other,USA,3/5/2022,Free
s13358,Riya Clark,46,Male,USA,5/18/2021,Free
s13359,Karan Walker,58,Male,Germany,3/18/2021,Monthly
s13360,Mia Hall,22,Female,Canada,9/28/2020,Yearly
s13361,Zara Clark,36,Male,USA,12/20/2021,Free
s13362,Liam Walker,18,Female,Canada,10/12/2019,Free
s13363,Ethan Hall,42,Male,Australia,10/8/2020,Free
s13364,Amelia Anderson,26,Female,USA,3/13/2022,Free
s13365,Isabella Verma,19,Male,Australia,3/25/2021,Free
s13366,Noah Martin,52,Male,USA,9/2/2022,Free
s13367,Karan Thomas,18,Female,Germany,10/28/2022,Free
s13368,Lucas Lee,44,Male,Australia,10/8/2022,Monthly
s13369,Ethan Anderson,27,Male,USA,4/6/2020,Monthly
s13370,Mia Miller,25,Female,Canada,10/17/2020,Yearly
s13371,Lucas Singh,44,Other,India,9/16/2019,Yearly
s13372,Vihaan Sharma,19,Female,UK,4/9/2019,Monthly
s13373,Zara Sharma,43,Male,Australia,10/1/2021,Monthly
s13374,Emma Davis,18,Other,Australia,1/9/2022,Monthly
s13375,Olivia Thomas,34,Male,India,4/25/2020,Free
s13376,Riya Clark,25,Other,Germany,11/7/2020,Monthly
s13377,Isabella Martin,47,Other,USA,4/3/2019,Yearly
s13378,Amelia Wilson,24,Other,USA,2/15/2022,Monthly
s13379,Mia Martin,23,Other,Germany,10/22/2020,Monthly
s13380,Lucas Verma,47,Female,Canada,3/12/2021,Yearly
s13381,Ethan Davis,46,Male,UK,9/21/2019,Monthly
s13382,Amelia Johnson,29,Male,Australia,8/29/2020,Monthly
s13383,Aanya Wilson,26,Male,Australia,7/10/2022,Monthly
s13384,Arjun Davis,25,Female,Australia,6/7/2019,Monthly
s13385,Riya Brown,30,Female,India,2/24/2020,Monthly
s13386,Emma Taylor,27,Female,India,3/7/2021,Yearly
s13387,Aarav Lewis,27,Male,Canada,8/7/2022,Free
s13388,Benjamin Lee,46,Male,Australia,3/23/2019,Monthly
s13389,Ethan Singh,18,Female,Canada,1/5/2021,Monthly
s13390,Meera Thomas,25,Male,India,4/8/2021,Yearly
s13391,Liam Sharma,34,Female,UK,6/23/2022,Monthly
s13392,Sophia Clark,36,Female,Canada,1/8/2022,Yearly
s13393,Riya Martin,22,Female,Australia,8/20/2021,Free
s13394,Riya Lewis,28,Male,Germany,3/29/2020,Free
s13395,Ethan Davis,29,Male,Germany,1/1/2020,Monthly
s13396,Isabella Sharma,26,Other,Canada,5/15/2019,Free
s13397,Liam Singh,25,Male,India,10/6/2020,Free
s13398,Riya Hall,20,Male,Australia,7/28/2021,Yearly
s13399,Vihaan Lee,18,Other,Germany,5/15/2022,Yearly
s13400,Riya Walker,23,Other,UK,10/21/2021,Free
s13401,Noah Davis,36,Other,USA,9/29/2020,Free
s13402,Aanya Wilson,27,Female,USA,5/16/2019,Monthly
s13403,Arjun Smith,51,Male,USA,6/15/2020,Free
s13404,Aarav Sharma,26,Female,Canada,7/28/2021,Monthly
s13405,Liam Smith,32,Other,Australia,7/20/2022,Monthly
s13406,Arjun Smith,61,Female,UK,6/29/2021,Free
s13407,Liam Brown,50,Male,USA,7/4/2022,Yearly
s13408,Vihaan Hall,23,Female,Germany,5/13/2020,Free
s13409,Olivia Lewis,39,Female,UK,3/15/2022,Monthly
s13410,Eva Davis,67,Male,USA,5/3/2019,Yearly
s13411,Benjamin Verma,26,Other,Germany,12/29/2022,Yearly
s13412,Benjamin Hall,19,Other,India,11/8/2019,Monthly
s13413,Karan Singh,21,Other,Germany,5/14/2020,Yearly
s13414,Eva Singh,49,Male,India,6/14/2021,Yearly
s13415,Amelia Anderson,31,Other,Germany,9/18/2020,Free
s13416,Noah Wilson,27,Other,India,10/27/2020,Monthly
s13417,Emma Walker,24,Female,USA,2/12/2021,Free
s13418,Mia Patel,38,Other,Australia,4/9/2019,Monthly
s13419,Zara Walker,23,Female,India,3/13/2019,Free
s13420,Zara Taylor,37,Female,USA,11/3/2021,Yearly
s13421,Eva Brown,26,Female,Germany,4/21/2021,Yearly
s13422,Mia Johnson,27,Female,USA,10/19/2019,Yearly
s13423,Noah Wilson,48,Other,UK,9/17/2020,Free
s13424,Karan Singh,58,Other,UK,12/30/2022,Monthly
s13425,Noah Johnson,45,Male,Germany,12/7/2021,Free
s13426,Lucas Sharma,28,Female,Australia,7/12/2021,Yearly
s13427,Arjun Davis,36,Other,Australia,12/21/2022,Yearly
s13428,Sophia Lee,27,Female,Canada,10/21/2021,Monthly
s13429,Olivia Davis,59,Other,Germany,7/25/2019,Free
s13430,Arjun Miller,24,Male,USA,5/26/2020,Monthly
s13431,Sophia Moore,30,Other,India,12/28/2021,Yearly
s13432,Arjun Lewis,45,Female,Australia,6/13/2020,Free
s13433,Amelia Miller,25,Female,Germany,5/30/2019,Monthly
s13434,Arjun Wilson,43,Male,UK,4/11/2020,Free
s13435,Benjamin Verma,40,Male,UK,3/29/2019,Monthly
s13436,Benjamin Walker,23,Male,UK,12/31/2019,Monthly
s13437,Karan Davis,19,Male,UK,1/7/2022,Yearly
s13438,Emma Verma,44,Other,UK,9/28/2022,Free
s13439,Karan Walker,27,Other,USA,3/15/2019,Monthly
s13440,Lucas Patel,27,Male,Canada,7/4/2020,Free
s13441,Aanya Verma,30,Female,Australia,2/15/2022,Monthly
s13442,Olivia Patel,26,Male,India,10/8/2021,Monthly
s13443,Liam Miller,50,Male,Australia,6/20/2021,Monthly
s13444,Arjun Miller,35,Male,Australia,8/8/2020,Free
s13445,Arjun Clark,59,Other,India,9/9/2019,Free
s13446,Amelia Smith,21,Other,UK,7/2/2021,Yearly
s13447,Aarav Patel,45,Other,India,4/15/2021,Monthly
s13448,Zara Patel,27,Other,Australia,10/3/2020,Yearly
s13449,Eva Lewis,21,Female,Germany,9/25/2020,Yearly
s13450,Benjamin Verma,37,Other,Australia,4/20/2020,Free
s13451,Ethan Miller,24,Female,India,3/19/2021,Free
s13452,Aanya Brown,36,Male,Germany,11/14/2021,Yearly
s13453,Riya Singh,41,Female,Germany,9/2/2021,Yearly
s13454,Aanya Taylor,45,Male,UK,6/2/2022,Yearly
s13455,Mia Miller,18,Male,UK,7/14/2020,Free
s13456,Aarav Brown,19,Female,Germany,5/2/2020,Monthly
s13457,Vihaan Singh,46,Male,UK,7/29/2020,Monthly
s13458,Amelia Taylor,27,Other,USA,11/9/2019,Free
s13459,Vihaan Sharma,39,Male,UK,2/12/2020,Monthly
s13460,Mia Wilson,43,Male,Australia,4/28/2022,Yearly
s13461,Benjamin Johnson,39,Female,UK,7/27/2021,Yearly
s13462,Meera Walker,21,Male,Canada,2/25/2022,Monthly
s13463,Olivia Miller,39,Male,India,8/28/2021,Monthly
s13464,Amelia Martin,27,Other,Australia,1/4/2022,Yearly
s13465,Aarav Anderson,43,Male,Canada,5/26/2022,Free
s13466,Amelia Johnson,20,Female,India,5/2/2021,Free
s13467,Noah Sharma,26,Other,USA,9/27/2019,Monthly
s13468,Mia Anderson,36,Female,UK,6/4/2020,Yearly
s13469,Arjun Moore,38,Female,India,11/2/2019,Free
s13470,Riya Hall,19,Male,India,4/9/2021,Monthly
s13471,Mia Davis,38,Male,Germany,2/19/2020,Free
s13472,Sophia Lewis,21,Female,Australia,3/2/2022,Monthly
s13473,Aanya Taylor,18,Male,USA,9/5/2022,Yearly
s13474,Aanya Taylor,33,Other,Australia,9/1/2021,Yearly
s13475,Karan Wilson,23,Male,Australia,11/30/2020,Yearly
s13476,Mia Patel,46,Female,UK,12/1/2019,Free
s13477,Sophia Hall,40,Other,UK,2/18/2020,Yearly
s13478,Sophia Moore,25,Male,Germany,8/2/2021,Yearly
s13479,Ethan Hall,26,Other,Germany,10/28/2022,Free
s13480,Zara Lee,18,Other,Canada,2/26/2022,Monthly
s13481,Zara Wilson,23,Male,Australia,3/18/2019,Yearly
s13482,Aanya Singh,45,Female,USA,3/14/2019,Yearly
s13483,Isabella Hall,27,Male,UK,7/11/2021,Yearly
s13484,Amelia Anderson,25,Male,Germany,11/30/2022,Free
s13485,Olivia Martin,61,Male,USA,7/2/2019,Free
s13486,Aanya Verma,21,Female,Australia,5/23/2020,Monthly
s13487,Isabella Hall,23,Male,UK,12/18/2022,Yearly
s13488,Ethan Miller,27,Male,Australia,7/22/2019,Yearly
s13489,Emma Thomas,20,Male,India,11/5/2020,Monthly
s13490,Benjamin Anderson,20,Male,India,1/21/2021,Yearly
s13491,Zara Miller,27,Male,Germany,4/28/2022,Yearly
s13492,Vihaan Moore,18,Male,Germany,1/7/2022,Yearly
s13493,Olivia Brown,43,Female,USA,2/1/2022,Free
s13494,Ethan Johnson,41,Male,India,10/17/2020,Free
s13495,Olivia Walker,24,Male,Germany,3/1/2020,Yearly
s13496,Isabella Singh,39,Male,Canada,9/29/2022,Yearly
s13497,Aarav Anderson,47,Male,UK,11/9/2021,Monthly
s13498,Olivia Sharma,25,Male,USA,3/16/2022,Monthly
s13499,Amelia Taylor,28,Female,India,11/23/2020,Yearly
s13500,Aarav Miller,26,Male,Canada,4/10/2020,Monthly
s13501,Karan Johnson,34,Male,Germany,3/20/2021,Monthly
s13502,Lucas Verma,21,Female,UK,7/19/2021,Yearly
s13503,Mia Miller,26,Male,Canada,7/26/2019,Free
s13504,Zara Lee,21,Other,USA,9/3/2022,Free
s13505,Olivia Miller,23,Other,USA,11/1/2020,Free
s13506,Aarav Brown,27,Male,USA,8/19/2019,Yearly
s13507,Isabella Wilson,20,Other,Germany,8/3/2019,Free
s13508,Olivia Lee,32,Other,USA,2/24/2022,Free
s13509,Mia Patel,25,Other,Australia,8/10/2019,Free
s13510,Liam Brown,42,Male,Australia,3/17/2021,Free
s13511,Aanya Lewis,23,Other,USA,1/2/2019,Monthly
s13512,Riya Anderson,18,Male,India,9/10/2021,Free
s13513,Mia Patel,21,Female,UK,12/26/2019,Free
s13514,Emma Davis,22,Other,Canada,12/14/2022,Monthly
s13515,Benjamin Anderson,21,Other,UK,8/15/2020,Monthly
s13516,Riya Wilson,50,Other,India,2/12/2022,Free
s13517,Benjamin Sharma,46,Female,Australia,9/15/2022,Yearly
s13518,Emma Hall,30,Female,Canada,10/10/2021,Free
s13519,Meera Martin,61,Female,India,5/5/2019,Yearly
s13520,Arjun Patel,21,Other,Germany,1/1/2022,Monthly
s13521,Arjun Moore,42,Male,India,8/12/2022,Yearly
s13522,Mia Lee,49,Other,Australia,5/1/2019,Free
s13523,Aanya Hall,20,Female,India,4/29/2019,Monthly
s13524,Riya Lewis,47,Female,Germany,3/9/2020,Monthly
s13525,Noah Sharma,21,Other,Canada,10/19/2022,Free
s13526,Benjamin Miller,26,Male,UK,7/8/2019,Monthly
s13527,Arjun Thomas,42,Female,India,6/26/2019,Yearly
s13528,Lucas Johnson,45,Other,Germany,6/5/2019,Yearly
s13529,Mia Anderson,34,Other,Canada,5/2/2021,Free
s13530,Sophia Moore,38,Female,USA,8/4/2022,Free
s13531,Ethan Singh,18,Male,Germany,12/20/2021,Yearly
s13532,Benjamin Smith,46,Other,USA,11/7/2020,Yearly
s13533,Vihaan Hall,22,Male,Canada,7/6/2022,Free
s13534,Mia Martin,37,Female,Canada,8/15/2020,Monthly
s13535,Olivia Brown,29,Female,USA,12/9/2022,Yearly
s13536,Isabella Taylor,19,Other,Canada,3/29/2019,Free
s13537,Riya Davis,20,Male,Canada,9/18/2019,Monthly
s13538,Amelia Miller,18,Male,Australia,11/11/2021,Monthly
s13539,Amelia Taylor,18,Male,Canada,1/30/2019,Free
s13540,Zara Clark,25,Male,India,1/23/2022,Monthly
s13541,Benjamin Thomas,54,Female,UK,5/21/2020,Monthly
s13542,Isabella Lewis,41,Other,UK,12/26/2020,Monthly
s13543,Noah Clark,33,Female,UK,4/16/2020,Free
s13544,Zara Sharma,21,Male,USA,1/22/2022,Monthly
s13545,Benjamin Patel,48,Male,UK,2/23/2020,Yearly
s13546,Mia Taylor,22,Female,USA,4/9/2019,Monthly
s13547,Liam Clark,50,Male,USA,10/11/2020,Free
s13548,Isabella Verma,41,Female,USA,12/15/2019,Yearly
s13549,Amelia Hall,55,Male,USA,4/5/2019,Free
s13550,Isabella Walker,46,Male,Germany,1/16/2019,Monthly
s13551,Riya Sharma,24,Female,UK,4/2/2021,Yearly
s13552,Meera Singh,63,Female,UK,11/17/2019,Free
s13553,Mia Brown,23,Male,Australia,10/23/2020,Monthly
s13554,Eva Johnson,20,Female,USA,12/3/2021,Yearly
s13555,Isabella Patel,24,Male,Germany,6/1/2019,Free
s13556,Vihaan Patel,22,Male,India,5/24/2021,Yearly
s13557,Sophia Lee,47,Female,Canada,9/20/2020,Monthly
s13558,Zara Patel,41,Male,USA,8/8/2019,Monthly
s13559,Arjun Walker,34,Female,India,4/14/2019,Yearly
s13560,Isabella Smith,48,Other,India,12/29/2020,Yearly
s13561,Aarav Brown,22,Female,Australia,7/12/2022,Free
s13562,Vihaan Singh,21,Other,UK,2/8/2019,Monthly
s13563,Meera Johnson,22,Female,UK,1/30/2019,Yearly
s13564,Meera Moore,24,Other,Canada,6/29/2022,Free
s13565,Eva Sharma,19,Other,USA,4/2/2021,Monthly
s13566,Ethan Clark,25,Other,Germany,12/10/2022,Monthly
s13567,Emma Johnson,32,Other,Australia,7/30/2020,Monthly
s13568,Eva Lee,44,Female,USA,6/5/2020,Free
s13569,Noah Singh,41,Other,UK,4/26/2020,Free
s13570,Liam Miller,22,Female,Canada,12/27/2019,Monthly
s13571,Amelia Sharma,27,Male,India,5/31/2019,Free
s13572,Isabella Anderson,21,Male,Australia,3/16/2019,Yearly
s13573,Sophia Miller,43,Other,Canada,8/15/2022,Monthly
s13574,Ethan Hall,35,Male,UK,9/1/2021,Monthly
s13575,Vihaan Clark,22,Other,Canada,9/3/2022,Monthly
s13576,Aanya Anderson,26,Male,USA,6/15/2019,Free
s13577,Amelia Smith,34,Female,Germany,7/19/2020,Monthly
s13578,Lucas Walker,19,Male,Australia,7/14/2021,Yearly
s13579,Liam Smith,37,Male,USA,9/11/2022,Free
s13580,Emma Brown,22,Female,India,7/17/2020,Monthly
s13581,Karan Thomas,20,Other,Australia,2/12/2019,Monthly
s13582,Karan Singh,56,Male,USA,4/16/2022,Monthly
s13583,Eva Martin,20,Other,Australia,7/16/2021,Free
s13584,Meera Lewis,37,Male,Canada,2/2/2019,Monthly
s13585,Eva Moore,26,Other,UK,9/3/2021,Monthly
s13586,Emma Miller,38,Male,Australia,1/28/2019,Free
s13587,Amelia Miller,45,Other,USA,10/20/2020,Monthly
s13588,Meera Lee,21,Female,USA,2/28/2019,Yearly
s13589,Aanya Clark,24,Other,USA,6/29/2022,Monthly
s13590,Sophia Thomas,43,Female,USA,12/2/2020,Monthly
s13591,Aarav Sharma,39,Female,India,12/19/2019,Monthly
s13592,Emma Singh,27,Other,Germany,1/18/2021,Yearly
s13593,Meera Smith,25,Female,Canada,11/8/2019,Free
s13594,Arjun Johnson,64,Male,USA,11/11/2019,Yearly
s13595,Aarav Martin,42,Female,India,12/2/2019,Free
s13596,Noah Miller,21,Male,Australia,1/6/2022,Free
s13597,Liam Lewis,41,Other,UK,10/23/2021,Free
s13598,Lucas Moore,20,Male,Australia,8/8/2019,Monthly
s13599,Aanya Thomas,66,Female,Australia,7/29/2022,Free
s13600,Eva Wilson,24,Male,UK,10/5/2021,Monthly
s13601,Sophia Thomas,19,Female,Australia,12/3/2020,Monthly
s13602,Benjamin Lewis,26,Other,Australia,7/5/2019,Monthly
s13603,Meera Sharma,21,Other,Germany,10/31/2020,Yearly
s13604,Emma Martin,26,Male,India,2/24/2019,Free
s13605,Ethan Verma,45,Male,UK,11/20/2022,Yearly
s13606,Olivia Davis,26,Other,USA,11/23/2022,Yearly
s13607,Noah Thomas,28,Male,USA,10/19/2019,Free
s13608,Meera Verma,26,Male,Germany,10/1/2019,Yearly
s13609,Ethan Martin,19,Female,USA,11/22/2022,Free
s13610,Olivia Moore,21,Female,India,9/3/2019,Yearly
s13611,Meera Verma,26,Female,Australia,12/31/2020,Yearly
s13612,Amelia Smith,27,Male,UK,11/22/2021,Monthly
s13613,Vihaan Moore,26,Female,USA,1/25/2020,Yearly
s13614,Lucas Wilson,24,Female,Australia,1/2/2019,Free
s13615,Riya Johnson,22,Female,USA,7/4/2020,Free
s13616,Riya Walker,25,Other,Germany,6/28/2020,Yearly
s13617,Ethan Lee,55,Male,Australia,11/25/2019,Monthly
s13618,Vihaan Moore,21,Male,UK,8/4/2019,Free
s13619,Olivia Clark,39,Other,India,7/9/2020,Free
s13620,Arjun Johnson,31,Female,Canada,7/6/2022,Free
s13621,Isabella Johnson,27,Other,India,1/27/2020,Yearly
s13622,Meera Wilson,25,Other,Canada,6/23/2019,Free
s13623,Meera Patel,29,Male,India,3/17/2022,Free
s13624,Emma Brown,23,Male,India,11/14/2019,Yearly
s13625,Emma Anderson,37,Male,UK,2/12/2019,Monthly
s13626,Olivia Patel,35,Other,Canada,7/8/2022,Free
s13627,Liam Lee,34,Male,Canada,10/5/2020,Free
s13628,Isabella Walker,42,Female,USA,8/5/2021,Yearly
s13629,Lucas Verma,23,Female,India,5/18/2020,Yearly
s13630,Karan Anderson,23,Other,USA,1/20/2019,Free
s13631,Arjun Brown,22,Female,Australia,4/7/2019,Monthly
s13632,Amelia Johnson,20,Male,USA,4/11/2022,Free
s13633,Mia Clark,26,Male,India,8/31/2019,Yearly
s13634,Isabella Sharma,38,Female,USA,12/15/2022,Yearly
s13635,Isabella Verma,22,Male,Canada,5/12/2022,Free
s13636,Aarav Singh,40,Female,UK,9/21/2020,Free
s13637,Sophia Miller,41,Other,UK,8/20/2019,Monthly
s13638,Lucas Sharma,26,Other,UK,10/9/2022,Yearly
s13639,Vihaan Davis,48,Female,USA,11/26/2020,Yearly
s13640,Sophia Sharma,30,Male,India,3/26/2019,Monthly
s13641,Ethan Verma,29,Male,Germany,12/21/2022,Yearly
s13642,Zara Lewis,20,Other,India,5/18/2019,Yearly
s13643,Karan Thomas,20,Male,India,7/18/2021,Monthly
s13644,Arjun Clark,25,Other,Germany,5/28/2019,Yearly
s13645,Riya Miller,45,Other,India,5/9/2022,Yearly
s13646,Lucas Miller,19,Other,Germany,2/9/2022,Monthly
s13647,Zara Thomas,19,Male,Canada,10/27/2020,Monthly
s13648,Vihaan Anderson,34,Male,Germany,4/30/2021,Monthly
s13649,Karan Miller,39,Other,USA,10/13/2020,Yearly
s13650,Aanya Sharma,18,Other,Canada,1/15/2020,Free
s13651,Noah Patel,18,Female,Australia,12/6/2022,Monthly
s13652,Riya Verma,19,Other,Canada,4/25/2021,Monthly
s13653,Olivia Taylor,21,Other,India,5/2/2019,Yearly
s13654,Lucas Singh,25,Male,Australia,10/18/2019,Free
s13655,Olivia Lee,26,Other,Canada,8/31/2022,Free
s13656,Riya Sharma,27,Other,USA,6/3/2022,Monthly
s13657,Vihaan Johnson,45,Other,UK,11/9/2021,Yearly
s13658,Aanya Brown,54,Other,UK,12/24/2019,Yearly
s13659,Liam Verma,23,Female,Australia,9/12/2019,Yearly
s13660,Lucas Moore,21,Female,India,9/5/2022,Monthly
s13661,Amelia Lee,43,Male,USA,2/14/2022,Monthly
s13662,Emma Martin,23,Other,Australia,12/1/2022,Yearly
s13663,Amelia Lee,34,Other,USA,2/24/2021,Free
s13664,Riya Singh,30,Female,USA,8/3/2020,Yearly
s13665,Lucas Johnson,40,Female,Australia,10/10/2021,Yearly
s13666,Riya Moore,41,Female,Australia,9/11/2020,Yearly
s13667,Lucas Hall,26,Female,Germany,4/9/2021,Yearly
s13668,Isabella Davis,21,Female,Australia,2/18/2019,Yearly
s13669,Vihaan Wilson,31,Other,UK,10/12/2020,Monthly
s13670,Sophia Wilson,20,Male,Australia,9/11/2022,Free
s13671,Noah Thomas,27,Female,UK,11/3/2019,Free
s13672,Olivia Walker,23,Female,India,2/28/2020,Monthly
s13673,Aanya Patel,52,Other,Australia,3/17/2020,Yearly
s13674,Amelia Sharma,29,Other,Canada,3/5/2021,Yearly
s13675,Eva Clark,22,Other,Canada,4/9/2021,Free
s13676,Meera Miller,21,Other,India,6/12/2021,Monthly
s13677,Olivia Sharma,18,Male,India,8/5/2020,Monthly
s13678,Sophia Davis,45,Other,Germany,10/14/2022,Yearly
s13679,Noah Davis,18,Other,Germany,1/20/2022,Monthly
s13680,Noah Taylor,18,Male,Germany,2/2/2020,Yearly
s13681,Mia Johnson,20,Other,India,11/1/2021,Monthly
s13682,Emma Johnson,28,Female,Germany,4/20/2022,Free
s13683,Riya Walker,18,Other,Australia,9/5/2021,Free
s13684,Liam Johnson,19,Other,Germany,6/1/2020,Monthly
s13685,Noah Smith,33,Female,Australia,12/10/2021,Yearly
s13686,Noah Lee,20,Female,Germany,4/6/2020,Free
s13687,Eva Moore,48,Female,UK,1/19/2019,Monthly
s13688,Emma Lewis,41,Female,Australia,5/6/2019,Monthly
s13689,Ethan Singh,22,Other,Germany,3/9/2020,Free
s13690,Riya Lewis,39,Male,India,6/25/2022,Free
s13691,Aanya Johnson,37,Other,Australia,4/25/2022,Free
s13692,Vihaan Lee,23,Other,USA,4/27/2019,Free
s13693,Olivia Martin,46,Other,Canada,3/19/2022,Monthly
s13694,Amelia Johnson,21,Other,India,9/30/2020,Yearly
s13695,Noah Brown,23,Male,Germany,2/23/2020,Yearly
s13696,Lucas Walker,23,Female,Australia,3/22/2020,Yearly
s13697,Aarav Brown,24,Female,USA,5/3/2022,Monthly
s13698,Olivia Sharma,24,Other,Australia,5/6/2020,Free
s13699,Olivia Johnson,18,Female,USA,1/19/2021,Free
s13700,Aanya Anderson,56,Male,UK,2/21/2021,Monthly
s13701,Zara Taylor,24,Female,Australia,5/22/2019,Yearly
s13702,Noah Moore,24,Female,USA,9/26/2019,Yearly
s13703,Liam Singh,20,Female,India,11/23/2020,Yearly
s13704,Amelia Walker,41,Other,USA,8/8/2022,Yearly
s13705,Mia Sharma,21,Female,Germany,7/5/2020,Free
s13706,Emma Moore,67,Male,UK,10/3/2022,Yearly
s13707,Ethan Patel,23,Other,UK,10/9/2019,Free
s13708,Arjun Patel,27,Male,Canada,5/15/2021,Yearly
s13709,Aarav Martin,51,Male,Germany,7/21/2021,Free
s13710,Liam Patel,27,Female,Canada,8/29/2020,Yearly
s13711,Amelia Miller,54,Other,Canada,1/20/2022,Yearly
s13712,Aanya Brown,64,Other,Canada,2/1/2022,Free
s13713,Arjun Walker,22,Other,USA,1/23/2020,Yearly
s13714,Noah Walker,25,Other,India,5/11/2021,Monthly
s13715,Meera Moore,23,Other,Germany,11/13/2019,Free
s13716,Karan Anderson,42,Other,Canada,3/3/2021,Monthly
s13717,Eva Davis,19,Female,India,6/25/2022,Free
s13718,Vihaan Davis,26,Other,India,5/28/2021,Yearly
s13719,Riya Wilson,32,Other,USA,5/27/2022,Monthly
s13720,Benjamin Walker,25,Female,Canada,12/2/2020,Yearly
s13721,Riya Thomas,23,Female,UK,9/4/2020,Free
s13722,Zara Walker,35,Male,India,3/16/2020,Monthly
s13723,Ethan Walker,19,Female,India,1/3/2021,Yearly
s13724,Sophia Wilson,26,Other,Australia,1/3/2020,Monthly
s13725,Lucas Miller,45,Other,Germany,12/17/2022,Yearly
s13726,Emma Davis,18,Male,Germany,4/30/2022,Free
s13727,Olivia Taylor,23,Female,USA,6/28/2022,Monthly
s13728,Eva Verma,20,Male,UK,12/8/2022,Yearly
s13729,Ethan Sharma,25,Male,India,1/20/2020,Yearly
s13730,Noah Lee,23,Other,India,3/26/2020,Free
s13731,Mia Sharma,67,Other,India,8/18/2022,Free
s13732,Emma Smith,18,Male,Australia,12/9/2020,Monthly
s13733,Aarav Sharma,20,Female,Australia,5/18/2022,Free
s13734,Sophia Hall,18,Other,USA,12/3/2020,Yearly
s13735,Ethan Brown,18,Male,UK,1/17/2020,Monthly
s13736,Riya Verma,19,Other,Canada,1/30/2020,Monthly
s13737,Lucas Taylor,19,Female,Australia,4/6/2019,Free
s13738,Meera Johnson,20,Other,USA,4/9/2020,Monthly
s13739,Sophia Wilson,34,Female,USA,2/29/2020,Yearly
s13740,Zara Verma,25,Other,Canada,9/1/2021,Yearly
s13741,Vihaan Sharma,27,Female,India,12/25/2020,Yearly
s13742,Arjun Walker,43,Female,India,9/14/2021,Yearly
s13743,Meera Smith,37,Other,USA,2/21/2020,Monthly
s13744,Benjamin Davis,21,Other,Canada,9/14/2020,Free
s13745,Olivia Taylor,47,Other,India,9/4/2021,Yearly
s13746,Olivia Sharma,18,Male,Canada,7/19/2020,Monthly
s13747,Aanya Anderson,18,Female,Germany,6/28/2019,Free
s13748,Mia Taylor,21,Male,UK,8/11/2021,Monthly
s13749,Ethan Martin,23,Female,UK,11/29/2022,Monthly
s13750,Sophia Singh,29,Male,Australia,6/17/2020,Monthly
s13751,Karan Brown,22,Other,Canada,11/20/2022,Monthly
s13752,Amelia Johnson,39,Other,Australia,2/18/2020,Yearly
s13753,Liam Moore,41,Female,Canada,12/13/2022,Monthly
s13754,Lucas Brown,23,Male,India,4/6/2019,Monthly
s13755,Riya Patel,55,Male,India,8/8/2020,Yearly
s13756,Emma Miller,18,Other,Australia,4/9/2022,Yearly
s13757,Liam Patel,18,Female,Canada,12/2/2019,Free
s13758,Isabella Johnson,47,Other,India,1/29/2020,Free
s13759,Arjun Martin,23,Other,USA,10/12/2020,Free
s13760,Vihaan Clark,27,Male,USA,9/28/2021,Monthly
s13761,Riya Verma,27,Other,Canada,6/3/2020,Yearly
s13762,Liam Davis,61,Female,UK,10/24/2020,Yearly
s13763,Karan Walker,21,Male,Australia,3/27/2019,Yearly
s13764,Karan Thomas,25,Female,India,6/21/2022,Monthly
s13765,Vihaan Verma,20,Male,USA,10/22/2021,Yearly
s13766,Emma Wilson,34,Other,USA,5/25/2021,Free
s13767,Aanya Martin,49,Other,India,3/20/2019,Monthly
s13768,Mia Brown,59,Male,USA,9/8/2020,Yearly
s13769,Zara Brown,33,Female,UK,3/17/2021,Free
s13770,Eva Davis,19,Female,USA,7/7/2019,Monthly
s13771,Amelia Singh,35,Other,UK,1/9/2022,Free
s13772,Aarav Moore,23,Other,Canada,7/2/2019,Monthly
s13773,Ethan Brown,24,Other,UK,10/22/2021,Free
s13774,Riya Martin,62,Female,Canada,8/23/2020,Free
s13775,Zara Hall,18,Other,USA,11/17/2021,Free
s13776,Karan Verma,23,Other,India,9/7/2021,Free
s13777,Sophia Hall,60,Female,Canada,9/25/2021,Yearly
s13778,Lucas Singh,25,Female,Germany,3/22/2022,Free
s13779,Amelia Wilson,21,Other,Canada,3/12/2022,Monthly
s13780,Liam Moore,18,Other,UK,1/10/2021,Free
s13781,Karan Thomas,27,Female,USA,11/15/2021,Monthly
s13782,Olivia Singh,18,Male,USA,7/10/2020,Monthly
s13783,Emma Verma,57,Male,Canada,6/26/2021,Yearly
s13784,Ethan Martin,30,Male,Australia,5/18/2019,Yearly
s13785,Arjun Verma,28,Male,UK,5/13/2019,Free
s13786,Noah Lee,23,Male,Canada,3/28/2020,Yearly
s13787,Vihaan Smith,21,Male,Australia,4/10/2020,Free
s13788,Benjamin Clark,23,Female,Canada,4/16/2019,Free
s13789,Aanya Johnson,27,Female,Germany,6/29/2019,Free
s13790,Aarav Martin,32,Female,India,10/4/2019,Monthly
s13791,Emma Moore,60,Other,Canada,5/9/2022,Monthly
s13792,Mia Smith,46,Male,UK,12/1/2019,Monthly
s13793,Benjamin Verma,39,Female,USA,9/1/2022,Free
s13794,Riya Anderson,23,Male,UK,3/4/2021,Free
s13795,Mia Verma,24,Female,USA,5/24/2019,Free
s13796,Riya Taylor,19,Female,Germany,11/20/2019,Monthly
s13797,Meera Thomas,39,Female,India,1/2/2020,Monthly
s13798,Olivia Sharma,44,Other,India,1/10/2019,Monthly
s13799,Zara Singh,22,Male,Germany,8/29/2022,Yearly
s13800,Liam Singh,22,Female,UK,7/29/2021,Monthly
s13801,Riya Smith,25,Other,India,12/4/2021,Monthly
s13802,Eva Hall,52,Other,USA,5/27/2022,Monthly
s13803,Aanya Johnson,25,Female,UK,3/10/2019,Monthly
s13804,Ethan Brown,20,Female,Germany,2/9/2020,Yearly
s13805,Arjun Sharma,21,Male,Australia,1/2/2019,Monthly
s13806,Isabella Sharma,19,Other,UK,1/2/2020,Monthly
s13807,Karan Miller,22,Male,Germany,2/25/2019,Yearly
s13808,Eva Taylor,20,Female,Australia,2/28/2022,Yearly
s13809,Eva Brown,45,Other,Canada,11/25/2020,Free
s13810,Eva Patel,19,Female,USA,2/1/2022,Monthly
s13811,Noah Walker,18,Other,Australia,11/18/2021,Free
s13812,Emma Patel,21,Female,Canada,2/28/2022,Yearly
s13813,Sophia Brown,31,Female,Australia,11/16/2020,Monthly
s13814,Zara Smith,23,Female,Germany,8/22/2021,Yearly
s13815,Zara Miller,47,Other,Canada,11/9/2022,Yearly
s13816,Emma Smith,23,Female,USA,4/16/2019,Yearly
s13817,Mia Brown,54,Other,USA,3/26/2022,Monthly
s13818,Vihaan Clark,40,Other,Canada,3/2/2022,Free
s13819,Eva Sharma,25,Female,India,7/1/2019,Free
s13820,Mia Miller,43,Female,Australia,5/9/2021,Free
s13821,Ethan Verma,23,Other,India,10/28/2020,Yearly
s13822,Mia Brown,30,Other,USA,4/14/2019,Free
s13823,Vihaan Anderson,25,Other,UK,2/24/2022,Monthly
s13824,Vihaan Davis,22,Male,Canada,6/25/2020,Monthly
s13825,Lucas Lee,64,Other,USA,4/21/2020,Monthly
s13826,Karan Johnson,22,Female,USA,12/5/2021,Yearly
s13827,Eva Lewis,61,Female,Canada,10/4/2021,Yearly
s13828,Mia Miller,41,Other,Germany,3/31/2021,Monthly
s13829,Emma Johnson,30,Male,USA,2/4/2019,Free
s13830,Amelia Singh,41,Other,Canada,6/28/2019,Yearly
s13831,Mia Smith,18,Female,Canada,9/2/2020,Monthly
s13832,Ethan Anderson,57,Female,USA,1/2/2019,Yearly
s13833,Benjamin Patel,22,Male,UK,10/31/2020,Yearly
s13834,Benjamin Clark,35,Male,India,5/21/2021,Free
s13835,Sophia Anderson,33,Female,Australia,9/8/2019,Monthly
s13836,Olivia Johnson,38,Female,Canada,8/31/2020,Yearly
s13837,Liam Miller,30,Other,UK,5/29/2022,Free
s13838,Emma Singh,46,Female,UK,1/8/2022,Yearly
s13839,Noah Lewis,43,Female,Germany,5/22/2021,Monthly
s13840,Lucas Clark,18,Other,India,9/17/2020,Yearly
s13841,Karan Singh,27,Other,Germany,7/22/2022,Yearly
s13842,Mia Wilson,24,Other,Australia,8/5/2020,Free
s13843,Karan Hall,25,Male,UK,1/6/2021,Free
s13844,Vihaan Singh,31,Female,Germany,12/26/2021,Free
s13845,Mia Anderson,44,Other,Germany,2/2/2020,Free
s13846,Meera Martin,27,Female,USA,9/17/2019,Yearly
s13847,Olivia Lewis,26,Other,USA,4/20/2022,Yearly
s13848,Noah Hall,27,Other,India,4/1/2021,Free
s13849,Karan Thomas,22,Other,India,1/23/2022,Yearly
s13850,Lucas Lee,18,Male,USA,1/29/2020,Yearly
s13851,Eva Lee,27,Other,India,1/20/2022,Free
s13852,Sophia Verma,22,Male,India,4/28/2020,Free
s13853,Lucas Lee,19,Female,USA,5/4/2020,Monthly
s13854,Zara Moore,36,Other,India,12/22/2021,Monthly
s13855,Emma Walker,33,Other,USA,12/31/2021,Yearly
s13856,Aanya Patel,18,Other,Canada,6/2/2019,Free
s13857,Isabella Johnson,19,Male,USA,10/11/2022,Yearly
s13858,Mia Taylor,34,Male,Canada,8/7/2022,Yearly
s13859,Zara Smith,20,Other,UK,6/6/2020,Yearly
s13860,Eva Lee,23,Other,India,6/22/2022,Free
s13861,Olivia Davis,18,Other,Germany,2/15/2019,Yearly
s13862,Liam Lee,22,Male,USA,7/12/2021,Monthly
s13863,Aarav Martin,25,Male,UK,1/6/2019,Yearly
s13864,Eva Thomas,43,Male,India,8/20/2022,Yearly
s13865,Eva Clark,59,Male,Germany,11/21/2021,Monthly
s13866,Vihaan Brown,46,Female,USA,4/27/2022,Monthly
s13867,Aarav Sharma,40,Male,UK,1/22/2021,Free
s13868,Isabella Smith,18,Other,Canada,10/7/2020,Free
s13869,Sophia Smith,23,Female,USA,1/8/2019,Free
s13870,Benjamin Martin,41,Male,Australia,2/9/2022,Free
s13871,Aarav Thomas,45,Male,India,6/12/2021,Yearly
s13872,Karan Brown,22,Female,Canada,2/11/2021,Free
s13873,Aanya Hall,42,Male,UK,5/19/2022,Free
s13874,Ethan Moore,33,Male,USA,4/30/2021,Free
s13875,Eva Lee,44,Other,USA,1/16/2020,Yearly
s13876,Olivia Thomas,24,Male,Canada,7/26/2021,Yearly
s13877,Isabella Brown,52,Female,India,5/3/2019,Free
s13878,Aarav Patel,27,Other,USA,5/30/2021,Yearly
s13879,Isabella Singh,19,Female,UK,1/27/2020,Free
s13880,Ethan Thomas,23,Other,Canada,4/14/2020,Yearly
s13881,Karan Verma,38,Other,Germany,2/28/2022,Free
s13882,Amelia Sharma,23,Female,Canada,9/3/2021,Free
s13883,Olivia Moore,66,Other,Canada,6/16/2019,Yearly
s13884,Isabella Johnson,43,Other,India,9/28/2020,Yearly
s13885,Benjamin Wilson,26,Other,Canada,5/14/2022,Free
s13886,Arjun Sharma,21,Male,Canada,7/9/2019,Monthly
s13887,Mia Thomas,19,Other,Australia,1/28/2021,Free
s13888,Vihaan Hall,21,Male,USA,12/30/2019,Monthly
s13889,Noah Brown,25,Female,UK,9/26/2021,Yearly
s13890,Emma Lewis,27,Male,UK,8/12/2022,Monthly
s13891,Amelia Wilson,39,Other,Canada,7/22/2020,Yearly
s13892,Aanya Singh,20,Female,UK,10/7/2019,Free
s13893,Olivia Miller,24,Other,Australia,1/17/2019,Monthly
s13894,Isabella Hall,19,Female,Germany,8/15/2019,Free
s13895,Aanya Thomas,24,Female,UK,9/13/2021,Free
s13896,Liam Walker,21,Male,Canada,6/11/2019,Monthly
s13897,Ethan Hall,26,Female,Australia,11/12/2021,Monthly
s13898,Isabella Smith,20,Male,India,11/14/2019,Free
s13899,Eva Walker,51,Female,Germany,4/25/2019,Free
s13900,Isabella Brown,38,Male,USA,1/14/2019,Free
s13901,Benjamin Johnson,45,Other,USA,4/5/2019,Yearly
s13902,Isabella Sharma,32,Female,USA,5/12/2020,Free
s13903,Vihaan Johnson,36,Male,India,5/6/2019,Monthly
s13904,Benjamin Moore,26,Other,USA,11/28/2022,Monthly
s13905,Benjamin Taylor,48,Female,Germany,2/26/2022,Free
s13906,Benjamin Verma,25,Female,India,7/13/2021,Monthly
s13907,Benjamin Davis,25,Male,USA,9/6/2019,Yearly
s13908,Aarav Miller,27,Other,Australia,1/26/2020,Free
s13909,Meera Anderson,36,Male,Canada,8/6/2019,Yearly
s13910,Mia Anderson,26,Other,UK,11/29/2021,Yearly
s13911,Olivia Miller,24,Male,Australia,10/25/2019,Yearly
s13912,Benjamin Clark,50,Female,UK,11/10/2021,Free
s13913,Aanya Thomas,20,Male,Canada,10/12/2019,Free
s13914,Zara Sharma,24,Male,India,5/11/2022,Monthly
s13915,Noah Johnson,26,Male,Germany,7/10/2022,Free
s13916,Karan Patel,25,Other,Australia,5/17/2019,Free
s13917,Emma Davis,21,Male,UK,10/18/2021,Free
s13918,Lucas Clark,25,Male,Germany,4/26/2022,Free
s13919,Zara Patel,51,Other,Australia,10/25/2019,Monthly
s13920,Meera Martin,19,Male,Germany,4/5/2021,Yearly
s13921,Aarav Hall,27,Male,Germany,1/28/2019,Monthly
s13922,Vihaan Lewis,41,Other,Canada,8/26/2019,Monthly
s13923,Emma Davis,27,Other,India,1/31/2020,Yearly
s13924,Zara Johnson,27,Other,India,4/1/2021,Yearly
s13925,Riya Walker,36,Male,Canada,10/12/2022,Free
s13926,Lucas Patel,23,Female,UK,11/12/2021,Free
s13927,Aanya Verma,24,Other,Australia,4/3/2022,Free
s13928,Aanya Lewis,27,Female,Germany,11/27/2022,Free
s13929,Liam Johnson,32,Male,Germany,4/2/2021,Yearly
s13930,Meera Clark,46,Other,USA,9/6/2022,Yearly
s13931,Olivia Thomas,23,Male,Germany,10/27/2021,Monthly
s13932,Karan Hall,26,Other,UK,12/2/2019,Monthly
s13933,Liam Smith,19,Male,Germany,11/15/2021,Yearly
s13934,Aarav Miller,47,Other,UK,11/2/2019,Monthly
s13935,Aanya Lewis,26,Other,Canada,2/7/2019,Monthly
s13936,Aarav Moore,26,Female,India,7/15/2021,Free
s13937,Zara Davis,23,Male,USA,2/12/2022,Free
s13938,Noah Anderson,26,Male,Canada,5/6/2020,Yearly
s13939,Mia Smith,39,Male,Germany,4/10/2019,Free
s13940,Emma Thomas,21,Female,Canada,5/23/2020,Free
s13941,Liam Singh,30,Female,Canada,8/25/2022,Free
s13942,Lucas Singh,24,Female,India,12/22/2021,Monthly
s13943,Sophia Taylor,25,Male,Australia,8/24/2022,Yearly
s13944,Meera Smith,21,Male,Canada,10/18/2021,Monthly
s13945,Karan Thomas,58,Female,USA,4/15/2022,Monthly
s13946,Eva Wilson,29,Other,USA,4/28/2022,Monthly
s13947,Ethan Lewis,27,Female,Australia,5/19/2020,Yearly
s13948,Sophia Anderson,19,Male,USA,4/1/2022,Monthly
s13949,Liam Singh,18,Other,Germany,8/16/2019,Free
s13950,Emma Davis,38,Female,Australia,5/25/2021,Free
s13951,Noah Hall,25,Other,Canada,9/3/2022,Monthly
s13952,Vihaan Thomas,62,Male,Australia,2/23/2021,Yearly
s13953,Noah Smith,53,Male,UK,10/11/2021,Yearly
s13954,Riya Wilson,24,Female,USA,7/30/2022,Free
s13955,Riya Sharma,63,Female,Australia,5/23/2021,Free
s13956,Vihaan Walker,26,Male,Australia,6/21/2021,Yearly
s13957,Sophia Verma,24,Male,UK,7/1/2021,Monthly
s13958,Liam Singh,19,Male,USA,1/16/2019,Free
s13959,Arjun Johnson,38,Female,Canada,4/3/2022,Free
s13960,Mia Patel,32,Other,Canada,7/25/2019,Free
s13961,Arjun Hall,40,Female,Germany,12/5/2019,Yearly
s13962,Lucas Martin,27,Female,Germany,6/15/2019,Yearly
s13963,Liam Thomas,20,Male,Germany,1/7/2021,Free
s13964,Mia Singh,22,Female,Canada,3/23/2019,Monthly
s13965,Aarav Singh,20,Other,UK,11/3/2021,Free
s13966,Zara Sharma,29,Female,India,9/19/2021,Free
s13967,Emma Patel,20,Other,USA,6/25/2019,Monthly
s13968,Karan Wilson,33,Male,India,12/3/2019,Monthly
s13969,Emma Moore,40,Other,UK,2/22/2019,Yearly
s13970,Amelia Walker,40,Other,Canada,12/15/2021,Free
s13971,Emma Verma,39,Other,UK,6/26/2021,Yearly
s13972,Ethan Singh,24,Female,UK,5/23/2021,Yearly
s13973,Noah Brown,23,Female,India,3/23/2021,Yearly
s13974,Karan Thomas,21,Other,USA,12/6/2021,Monthly
s13975,Amelia Brown,53,Other,Canada,9/15/2020,Yearly
s13976,Amelia Sharma,38,Female,USA,10/21/2019,Free
s13977,Emma Singh,19,Other,UK,3/30/2020,Yearly
s13978,Benjamin Martin,52,Other,Canada,3/11/2021,Yearly
s13979,Mia Lewis,34,Female,Germany,12/18/2022,Monthly
s13980,Meera Davis,47,Female,UK,2/12/2020,Free
s13981,Arjun Davis,22,Female,UK,8/2/2019,Yearly
s13982,Noah Lewis,26,Male,USA,1/16/2022,Free
s13983,Emma Moore,24,Female,Germany,3/12/2022,Yearly
s13984,Amelia Sharma,18,Male,Canada,1/27/2020,Monthly
s13985,Aanya Hall,29,Other,USA,12/5/2021,Monthly
s13986,Isabella Lewis,26,Female,UK,7/17/2021,Monthly
s13987,Vihaan Wilson,24,Male,Canada,2/4/2021,Monthly
s13988,Karan Hall,27,Male,USA,3/16/2022,Monthly
s13989,Benjamin Johnson,24,Other,USA,12/4/2020,Free
s13990,Mia Clark,45,Male,Canada,8/16/2021,Free
s13991,Olivia Hall,25,Male,Australia,11/3/2021,Free
s13992,Sophia Smith,48,Male,USA,1/17/2019,Free
s13993,Meera Thomas,27,Female,USA,9/25/2022,Free
s13994,Lucas Wilson,23,Male,UK,7/19/2019,Free
s13995,Meera Anderson,18,Other,UK,8/31/2020,Free
s13996,Sophia Walker,29,Female,Australia,9/4/2020,Monthly
s13997,Olivia Martin,31,Male,UK,7/20/2022,Free
s13998,Emma Taylor,25,Female,USA,3/24/2020,Yearly
s13999,Lucas Lee,21,Other,Australia,7/9/2022,Free
s14000,Karan Thomas,37,Female,USA,8/26/2020,Yearly
s14001,Liam Miller,23,Male,UK,2/5/2020,Monthly
s14002,Lucas Anderson,49,Other,India,11/18/2019,Free
s14003,Meera Martin,39,Other,UK,1/19/2022,Yearly
s14004,Sophia Walker,28,Other,Australia,3/12/2022,Monthly
s14005,Noah Taylor,41,Other,Australia,3/4/2021,Free
s14006,Isabella Moore,27,Female,India,10/13/2022,Yearly
s14007,Benjamin Moore,35,Other,India,12/21/2020,Yearly
s14008,Amelia Anderson,20,Female,Germany,8/31/2021,Free
s14009,Sophia Lee,32,Other,India,10/29/2021,Monthly
s14010,Amelia Clark,26,Other,India,1/28/2020,Yearly
s14011,Emma Smith,21,Other,India,2/27/2020,Free
s14012,Vihaan Clark,19,Male,Germany,12/8/2021,Yearly
s14013,Emma Singh,26,Other,Canada,6/13/2020,Free
s14014,Lucas Lee,46,Female,Australia,3/21/2020,Yearly
s14015,Ethan Singh,47,Female,India,7/5/2019,Free
s14016,Amelia Lewis,20,Male,Australia,11/3/2020,Free
s14017,Sophia Anderson,64,Male,UK,8/8/2019,Free
s14018,Aarav Hall,21,Other,Germany,2/2/2021,Yearly
s14019,Zara Smith,22,Male,Canada,9/27/2019,Free
s14020,Emma Clark,18,Male,Australia,5/26/2019,Monthly
s14021,Riya Wilson,24,Other,Canada,11/1/2019,Monthly
s14022,Olivia Singh,19,Other,Germany,1/26/2021,Monthly
s14023,Riya Anderson,27,Male,Germany,12/4/2022,Yearly
s14024,Sophia Verma,19,Female,Australia,9/13/2021,Monthly
s14025,Benjamin Thomas,25,Female,Australia,8/17/2021,Free
s14026,Riya Smith,22,Female,UK,1/1/2021,Monthly
s14027,Lucas Anderson,25,Male,Canada,12/9/2022,Free
s14028,Karan Brown,21,Female,India,6/14/2021,Monthly
s14029,Lucas Clark,59,Male,Canada,6/9/2019,Monthly
s14030,Vihaan Wilson,27,Male,India,12/7/2020,Free
s14031,Benjamin Martin,21,Other,India,10/25/2022,Monthly
s14032,Sophia Hall,19,Female,UK,11/17/2022,Monthly
s14033,Liam Hall,19,Female,Australia,12/21/2019,Monthly
s14034,Amelia Anderson,47,Other,India,5/23/2019,Monthly
s14035,Sophia Patel,43,Male,USA,9/7/2019,Free
s14036,Olivia Patel,47,Female,Canada,5/17/2020,Monthly
s14037,Benjamin Brown,28,Other,UK,10/23/2019,Yearly
s14038,Vihaan Walker,33,Female,Australia,7/7/2020,Monthly
s14039,Vihaan Smith,27,Other,USA,12/28/2021,Monthly
s14040,Sophia Miller,23,Other,India,1/20/2020,Monthly
s14041,Vihaan Clark,18,Male,India,9/9/2019,Monthly
s14042,Eva Smith,34,Female,Canada,11/8/2022,Free
s14043,Zara Miller,28,Female,India,2/24/2019,Monthly
s14044,Aanya Singh,22,Female,Canada,7/18/2021,Free
s14045,Karan Wilson,38,Female,UK,9/18/2022,Yearly
s14046,Ethan Anderson,62,Male,India,9/18/2020,Free
s14047,Zara Walker,20,Other,India,3/24/2021,Monthly
s14048,Mia Brown,26,Male,Germany,12/4/2019,Monthly
s14049,Meera Taylor,19,Other,UK,9/10/2021,Yearly
s14050,Arjun Singh,19,Male,Australia,2/28/2019,Yearly
s14051,Eva Johnson,27,Male,Germany,4/14/2020,Free
s14052,Liam Brown,25,Other,Australia,9/28/2022,Free
s14053,Amelia Martin,19,Female,India,11/3/2021,Monthly
s14054,Riya Brown,18,Male,UK,6/17/2019,Monthly
s14055,Eva Walker,36,Other,Canada,1/12/2021,Yearly
s14056,Meera Brown,30,Female,USA,7/26/2022,Free
s14057,Eva Martin,22,Female,Germany,1/8/2021,Yearly
s14058,Amelia Taylor,26,Female,Canada,8/16/2019,Monthly
s14059,Amelia Singh,18,Other,Australia,2/27/2020,Monthly
s14060,Vihaan Lewis,23,Other,UK,7/18/2022,Monthly
s14061,Liam Walker,20,Other,UK,3/29/2020,Free
s14062,Vihaan Sharma,58,Male,Canada,3/1/2021,Free
s14063,Karan Patel,27,Male,Canada,12/28/2020,Yearly
s14064,Aanya Clark,38,Other,Australia,10/25/2020,Monthly
s14065,Sophia Singh,27,Male,USA,10/13/2019,Monthly
s14066,Olivia Brown,26,Male,USA,10/9/2022,Monthly
s14067,Aanya Martin,18,Male,Canada,6/2/2021,Free
s14068,Amelia Miller,20,Other,India,11/7/2019,Yearly
s14069,Liam Verma,34,Other,USA,3/9/2019,Monthly
s14070,Sophia Thomas,18,Female,Canada,6/28/2022,Free
s14071,Ethan Martin,27,Male,Germany,10/13/2021,Yearly
s14072,Vihaan Singh,28,Other,USA,8/22/2019,Monthly
s14073,Riya Clark,19,Female,Canada,1/29/2022,Free
s14074,Aarav Brown,35,Other,Canada,12/14/2019,Monthly
s14075,Arjun Patel,52,Female,Australia,6/5/2020,Free
s14076,Olivia Singh,23,Other,UK,9/16/2019,Monthly
s14077,Eva Sharma,27,Male,Germany,3/8/2022,Yearly
s14078,Sophia Hall,40,Other,USA,4/15/2022,Yearly
s14079,Arjun Smith,45,Female,USA,10/6/2020,Monthly
s14080,Emma Smith,43,Male,USA,5/1/2021,Yearly
s14081,Meera Lee,52,Other,India,9/17/2022,Yearly
s14082,Aanya Thomas,21,Other,USA,2/21/2019,Monthly
s14083,Vihaan Johnson,22,Male,USA,2/4/2019,Monthly
s14084,Ethan Clark,43,Male,Australia,8/17/2020,Yearly
s14085,Emma Davis,49,Male,USA,11/25/2021,Yearly
s14086,Aanya Walker,34,Male,USA,10/26/2022,Yearly
s14087,Mia Lee,27,Female,USA,6/29/2019,Free
s14088,Noah Hall,46,Male,USA,10/17/2019,Free
s14089,Emma Walker,27,Female,Germany,5/3/2019,Free
s14090,Ethan Moore,19,Female,Canada,4/10/2019,Yearly
s14091,Aarav Walker,40,Other,UK,9/5/2022,Yearly
s14092,Arjun Brown,18,Male,India,3/25/2020,Yearly
s14093,Zara Sharma,26,Other,USA,2/24/2019,Free
s14094,Lucas Thomas,31,Female,Canada,4/23/2019,Monthly
s14095,Aarav Verma,18,Female,UK,4/21/2022,Yearly
s14096,Noah Hall,46,Other,UK,11/24/2019,Free
s14097,Arjun Lee,65,Male,UK,6/22/2021,Yearly
s14098,Isabella Martin,19,Female,USA,6/11/2020,Yearly
s14099,Amelia Lewis,19,Male,UK,2/8/2020,Free
s14100,Karan Brown,62,Other,USA,1/6/2021,Monthly
s14101,Benjamin Sharma,56,Male,Germany,9/4/2020,Monthly
s14102,Riya Taylor,46,Other,Canada,8/3/2022,Yearly
s14103,Liam Taylor,38,Male,Germany,9/14/2021,Monthly
s14104,Aanya Miller,38,Female,Canada,11/24/2021,Free
s14105,Mia Davis,37,Male,India,11/1/2019,Yearly
s14106,Eva Lewis,19,Male,Australia,12/16/2019,Free
s14107,Zara Moore,35,Female,Germany,5/18/2019,Free
s14108,Lucas Thomas,34,Other,Germany,10/30/2020,Yearly
s14109,Emma Clark,19,Female,UK,4/27/2020,Yearly
s14110,Meera Singh,22,Female,Germany,8/1/2021,Free
s14111,Eva Hall,27,Other,Australia,8/25/2021,Monthly
s14112,Isabella Sharma,34,Female,Australia,6/26/2022,Monthly
s14113,Riya Johnson,25,Female,Australia,1/10/2021,Free
s14114,Benjamin Verma,18,Male,Australia,7/29/2022,Monthly
s14115,Ethan Lewis,24,Male,UK,7/10/2019,Yearly
s14116,Meera Singh,20,Male,India,4/4/2019,Monthly
s14117,Zara Thomas,24,Male,Australia,7/31/2022,Free
s14118,Meera Singh,47,Female,India,11/2/2022,Monthly
s14119,Noah Lee,22,Female,UK,2/3/2022,Monthly
s14120,Vihaan Taylor,27,Other,USA,2/21/2020,Yearly
s14121,Isabella Miller,51,Male,Germany,3/1/2020,Monthly
s14122,Isabella Thomas,27,Other,Australia,1/6/2019,Monthly
s14123,Lucas Sharma,39,Other,India,6/3/2019,Free
s14124,Amelia Miller,24,Male,India,6/14/2019,Free
s14125,Riya Thomas,22,Male,Germany,7/16/2020,Yearly
s14126,Amelia Lewis,26,Other,UK,2/20/2019,Monthly
s14127,Olivia Smith,27,Female,Australia,10/17/2019,Free
s14128,Vihaan Anderson,23,Male,Canada,8/11/2022,Monthly
s14129,Karan Miller,18,Female,Australia,11/15/2022,Free
s14130,Noah Lewis,43,Female,India,7/1/2020,Yearly
s14131,Sophia Martin,58,Male,Canada,8/15/2022,Yearly
s14132,Emma Sharma,55,Male,India,2/9/2020,Yearly
s14133,Sophia Patel,21,Other,Germany,7/6/2020,Monthly
s14134,Eva Martin,18,Other,Germany,7/12/2022,Free
s14135,Aanya Sharma,56,Other,USA,8/28/2022,Monthly
s14136,Vihaan Taylor,33,Other,UK,4/11/2022,Yearly
s14137,Karan Lee,27,Female,India,4/17/2020,Monthly
s14138,Zara Singh,24,Male,Canada,4/7/2020,Yearly
s14139,Karan Hall,53,Female,USA,1/21/2020,Free
s14140,Zara Thomas,21,Female,Germany,9/11/2021,Monthly
s14141,Riya Moore,20,Male,Germany,9/24/2019,Free
s14142,Eva Verma,30,Male,Canada,4/29/2019,Monthly
s14143,Olivia Hall,18,Other,USA,12/22/2022,Free
s14144,Lucas Sharma,19,Female,Canada,5/18/2020,Monthly
s14145,Liam Sharma,27,Other,UK,3/31/2020,Monthly
s14146,Vihaan Moore,25,Other,Australia,1/22/2021,Yearly
s14147,Emma Patel,41,Other,Germany,1/15/2022,Monthly
s14148,Isabella Anderson,23,Other,USA,2/6/2021,Free
s14149,Benjamin Wilson,32,Male,India,4/29/2019,Monthly
s14150,Amelia Miller,27,Male,India,2/21/2020,Yearly
s14151,Isabella Davis,20,Female,Australia,6/16/2022,Monthly
s14152,Isabella Thomas,21,Other,Canada,4/11/2021,Yearly
s14153,Sophia Hall,56,Other,UK,12/21/2020,Free
s14154,Meera Smith,19,Other,Australia,8/30/2020,Monthly
s14155,Isabella Sharma,24,Other,USA,3/29/2022,Yearly
s14156,Aarav Patel,53,Male,USA,11/6/2019,Yearly
s14157,Riya Martin,19,Other,India,2/23/2022,Yearly
s14158,Zara Miller,37,Male,Canada,9/22/2022,Yearly
s14159,Sophia Lee,25,Female,Canada,1/3/2021,Yearly
s14160,Isabella Miller,20,Male,USA,4/4/2020,Yearly
s14161,Riya Verma,25,Other,India,12/20/2019,Free
s14162,Arjun Miller,60,Other,Australia,8/10/2022,Monthly
s14163,Emma Martin,56,Female,USA,1/30/2019,Yearly
s14164,Lucas Johnson,55,Female,India,12/27/2021,Free
s14165,Riya Smith,27,Male,Canada,8/7/2019,Yearly
s14166,Noah Clark,29,Male,Germany,6/24/2021,Monthly
s14167,Olivia Sharma,23,Other,Canada,1/6/2021,Free
s14168,Riya Hall,32,Other,Canada,7/17/2019,Free
s14169,Emma Wilson,18,Other,Canada,8/2/2020,Monthly
s14170,Ethan Verma,20,Female,India,6/25/2021,Free
s14171,Aanya Moore,19,Female,UK,8/29/2021,Monthly
s14172,Meera Singh,34,Male,UK,2/3/2020,Free
s14173,Sophia Martin,60,Other,India,8/28/2021,Free
s14174,Olivia Hall,46,Male,Germany,4/21/2021,Free
s14175,Eva Wilson,19,Female,Germany,3/12/2021,Monthly
s14176,Eva Brown,23,Male,USA,1/20/2019,Yearly
s14177,Mia Smith,58,Female,Australia,5/14/2022,Yearly
s14178,Eva Verma,24,Female,UK,9/3/2020,Yearly
s14179,Mia Anderson,23,Other,India,3/5/2020,Free
s14180,Ethan Taylor,50,Female,India,9/19/2021,Monthly
s14181,Ethan Miller,20,Female,India,4/9/2020,Yearly
s14182,Benjamin Walker,30,Male,Australia,12/16/2022,Free
s14183,Zara Miller,20,Other,USA,6/11/2022,Monthly
s14184,Olivia Smith,47,Female,Australia,1/29/2019,Free
s14185,Isabella Hall,23,Male,Germany,4/1/2020,Monthly
s14186,Emma Lee,44,Female,Australia,12/30/2020,Free
s14187,Eva Thomas,43,Other,Australia,4/3/2022,Yearly
s14188,Zara Brown,30,Other,UK,5/14/2022,Free
s14189,Aarav Verma,20,Male,India,2/28/2019,Monthly
s14190,Olivia Lee,24,Other,Germany,3/5/2021,Yearly
s14191,Amelia Miller,24,Other,India,10/26/2022,Monthly
s14192,Lucas Sharma,40,Male,UK,11/23/2019,Yearly
s14193,Mia Walker,25,Female,UK,12/24/2020,Yearly
s14194,Emma Lee,35,Other,India,3/2/2021,Free
s14195,Eva Johnson,19,Other,India,5/1/2020,Free
s14196,Aanya Moore,40,Male,Australia,8/28/2020,Free
s14197,Aanya Taylor,33,Other,Canada,10/19/2019,Monthly
s14198,Vihaan Thomas,41,Other,India,6/13/2019,Monthly
s14199,Lucas Thomas,63,Female,Australia,11/9/2022,Yearly
s14200,Amelia Sharma,20,Other,USA,3/26/2020,Free
s14201,Aanya Clark,18,Male,Germany,4/15/2021,Yearly
s14202,Mia Singh,20,Female,India,4/7/2021,Monthly
s14203,Ethan Wilson,19,Other,Australia,2/14/2020,Yearly
s14204,Lucas Smith,27,Other,Germany,2/27/2019,Yearly
s14205,Vihaan Walker,27,Female,Germany,9/13/2020,Monthly
s14206,Benjamin Walker,27,Other,Germany,9/9/2020,Monthly
s14207,Arjun Wilson,29,Male,UK,12/3/2021,Monthly
s14208,Eva Martin,36,Female,Germany,9/1/2021,Yearly
s14209,Eva Lee,27,Other,Australia,4/10/2019,Monthly
s14210,Arjun Wilson,23,Female,UK,7/13/2022,Free
s14211,Ethan Thomas,27,Male,Germany,2/5/2022,Yearly
s14212,Emma Verma,26,Female,Germany,2/16/2019,Yearly
s14213,Mia Brown,35,Male,Germany,6/18/2019,Yearly
s14214,Aanya Wilson,39,Other,Australia,10/21/2019,Yearly
s14215,Zara Taylor,39,Female,USA,4/16/2020,Monthly
s14216,Zara Thomas,24,Male,India,10/31/2019,Free
s14217,Benjamin Smith,21,Female,Canada,2/5/2022,Yearly
s14218,Olivia Patel,23,Other,Australia,8/1/2021,Monthly
s14219,Aarav Lee,45,Other,Australia,4/10/2020,Monthly
s14220,Meera Martin,29,Female,Canada,5/29/2022,Yearly
s14221,Aarav Lewis,19,Female,India,6/3/2022,Free
s14222,Zara Clark,22,Other,India,6/10/2020,Monthly
s14223,Aarav Brown,20,Male,UK,5/13/2022,Yearly
s14224,Lucas Thomas,20,Other,USA,9/22/2019,Free
s14225,Ethan Davis,37,Female,Germany,11/15/2019,Yearly
s14226,Liam Taylor,25,Male,UK,4/5/2020,Yearly
s14227,Zara Wilson,29,Other,UK,8/16/2020,Yearly
s14228,Isabella Moore,18,Other,India,10/24/2021,Monthly
s14229,Aarav Thomas,23,Other,Australia,10/29/2020,Monthly
s14230,Lucas Verma,29,Other,Canada,7/13/2021,Monthly
s14231,Emma Smith,62,Other,Australia,11/16/2022,Free
s14232,Zara Verma,35,Other,Germany,8/2/2020,Free
s14233,Noah Lee,22,Male,UK,1/27/2022,Yearly
s14234,Mia Lee,26,Male,India,9/28/2022,Free
s14235,Olivia Taylor,48,Other,USA,1/28/2019,Monthly
s14236,Mia Taylor,28,Other,UK,4/25/2020,Monthly
s14237,Mia Clark,25,Male,Australia,1/11/2020,Free
s14238,Sophia Wilson,21,Female,India,12/3/2020,Free
s14239,Karan Clark,21,Female,UK,6/25/2022,Yearly
s14240,Benjamin Martin,52,Male,Australia,8/17/2020,Free
s14241,Aarav Taylor,35,Female,Australia,7/20/2020,Yearly
s14242,Arjun Brown,19,Female,India,7/12/2020,Free
s14243,Aarav Johnson,46,Other,Australia,2/27/2019,Free
s14244,Vihaan Verma,34,Other,India,5/14/2020,Free
s14245,Liam Miller,27,Female,Canada,11/19/2022,Free
s14246,Amelia Lee,26,Female,USA,1/28/2020,Yearly
s14247,Zara Hall,27,Other,Canada,5/12/2020,Monthly
s14248,Aanya Taylor,21,Other,USA,9/17/2022,Monthly
s14249,Mia Smith,52,Female,Germany,11/24/2021,Yearly
s14250,Olivia Singh,19,Male,Australia,10/11/2020,Free
s14251,Vihaan Clark,60,Male,UK,12/4/2021,Free
s14252,Lucas Lee,27,Male,Canada,11/2/2019,Monthly
s14253,Eva Walker,20,Female,India,4/4/2019,Monthly
s14254,Ethan Singh,24,Male,Australia,8/24/2021,Yearly
s14255,Lucas Thomas,45,Male,USA,4/26/2022,Yearly
s14256,Aarav Johnson,35,Female,Germany,10/31/2022,Free
s14257,Meera Davis,25,Other,Australia,2/6/2020,Monthly
s14258,Eva Verma,23,Other,Canada,2/26/2019,Free
s14259,Noah Anderson,45,Other,USA,11/13/2019,Monthly
s14260,Olivia Patel,31,Other,Germany,3/26/2022,Yearly
s14261,Amelia Wilson,26,Female,Germany,9/11/2022,Free
s14262,Karan Verma,21,Male,Australia,11/30/2021,Yearly
s14263,Aanya Johnson,27,Male,Australia,1/27/2021,Monthly
s14264,Arjun Martin,21,Male,Canada,7/4/2021,Yearly
s14265,Riya Sharma,40,Other,Germany,3/3/2021,Monthly
s14266,Vihaan Sharma,24,Other,UK,10/27/2022,Yearly
s14267,Emma Brown,50,Other,Germany,3/2/2022,Free
s14268,Zara Singh,37,Female,Germany,11/20/2022,Free
s14269,Liam Johnson,66,Female,Australia,8/8/2020,Monthly
s14270,Meera Taylor,42,Female,India,3/31/2020,Free
s14271,Meera Patel,26,Male,USA,9/7/2020,Yearly
s14272,Noah Wilson,18,Male,Germany,11/15/2020,Free
s14273,Liam Clark,38,Female,UK,10/19/2022,Monthly
s14274,Vihaan Thomas,28,Male,India,7/8/2022,Yearly
s14275,Aarav Clark,26,Male,UK,2/27/2021,Free
s14276,Liam Johnson,52,Other,Canada,6/17/2021,Monthly
s14277,Mia Lewis,44,Male,Germany,10/11/2022,Yearly
s14278,Arjun Martin,25,Male,Germany,5/11/2020,Yearly
s14279,Olivia Patel,20,Female,USA,10/26/2020,Free
s14280,Mia Smith,19,Female,USA,3/19/2022,Free
s14281,Riya Moore,38,Male,UK,7/10/2020,Monthly
s14282,Meera Verma,23,Other,USA,3/16/2019,Monthly
s14283,Meera Martin,28,Female,Canada,2/1/2022,Monthly
s14284,Riya Smith,22,Female,USA,8/23/2019,Free
s14285,Isabella Smith,22,Female,Australia,7/4/2019,Free
s14286,Aanya Patel,47,Male,UK,11/5/2019,Yearly
s14287,Sophia Walker,38,Male,Germany,10/29/2022,Monthly
s14288,Isabella Moore,45,Female,USA,3/7/2022,Monthly
s14289,Emma Singh,31,Male,UK,1/9/2020,Monthly
s14290,Emma Anderson,21,Male,Germany,2/6/2021,Yearly
s14291,Riya Sharma,28,Male,USA,1/30/2020,Free
s14292,Ethan Smith,53,Male,Canada,12/22/2021,Free
s14293,Isabella Walker,52,Female,Canada,1/15/2021,Monthly
s14294,Eva Brown,26,Male,Australia,12/2/2021,Monthly
s14295,Meera Walker,28,Female,UK,4/24/2021,Yearly
s14296,Isabella Wilson,20,Male,UK,3/29/2021,Free
s14297,Eva Johnson,36,Other,Germany,2/5/2021,Free
s14298,Mia Sharma,29,Male,Germany,6/17/2020,Free
s14299,Lucas Sharma,19,Male,Canada,2/12/2022,Yearly
s14300,Benjamin Smith,22,Other,UK,3/31/2019,Monthly
s14301,Liam Brown,26,Female,Germany,5/8/2019,Yearly
s14302,Eva Patel,48,Male,Germany,5/18/2019,Free
s14303,Zara Taylor,24,Male,Germany,6/4/2022,Free
s14304,Isabella Taylor,28,Female,USA,9/20/2021,Monthly
s14305,Isabella Sharma,67,Other,Australia,9/9/2021,Monthly
s14306,Vihaan Clark,27,Male,Australia,9/23/2021,Yearly
s14307,Isabella Martin,19,Male,Australia,9/29/2021,Monthly
s14308,Amelia Singh,26,Female,USA,6/21/2019,Free
s14309,Sophia Patel,34,Female,UK,9/10/2021,Free
s14310,Emma Brown,39,Female,USA,7/10/2020,Yearly
s14311,Amelia Walker,43,Female,USA,1/26/2022,Monthly
s14312,Amelia Lewis,18,Other,Canada,12/28/2019,Yearly
s14313,Aarav Verma,38,Male,India,7/28/2021,Yearly
s14314,Karan Thomas,23,Male,Germany,4/25/2019,Free
s14315,Zara Sharma,40,Male,USA,9/22/2019,Yearly
s14316,Isabella Johnson,44,Male,Canada,1/2/2020,Free
s14317,Isabella Moore,46,Other,UK,7/19/2020,Yearly
s14318,Benjamin Brown,47,Other,India,10/21/2021,Free
s14319,Eva Brown,20,Other,UK,2/10/2019,Free
s14320,Meera Lee,30,Male,USA,11/19/2022,Monthly
s14321,Arjun Davis,26,Other,USA,3/29/2022,Monthly
s14322,Arjun Clark,18,Female,Germany,9/9/2021,Monthly
s14323,Liam Smith,21,Female,India,5/15/2019,Free
s14324,Aarav Hall,19,Female,India,7/25/2021,Monthly
s14325,Vihaan Verma,37,Female,India,8/16/2019,Yearly
s14326,Zara Walker,21,Male,Australia,12/25/2019,Yearly
s14327,Vihaan Sharma,47,Female,Canada,7/23/2019,Free
s14328,Riya Patel,30,Male,Australia,11/26/2021,Free
s14329,Meera Walker,25,Male,Germany,5/31/2019,Free
s14330,Karan Lee,21,Female,UK,2/6/2022,Free
s14331,Noah Smith,21,Female,USA,2/21/2022,Monthly
s14332,Lucas Lewis,23,Male,Germany,3/4/2021,Free
s14333,Vihaan Verma,19,Female,Germany,1/18/2021,Yearly
s14334,Benjamin Taylor,22,Female,USA,3/6/2020,Monthly
s14335,Arjun Patel,26,Other,Germany,7/12/2019,Yearly
s14336,Eva Hall,20,Male,UK,7/24/2022,Monthly
s14337,Aarav Clark,20,Male,Canada,9/14/2020,Yearly
s14338,Meera Sharma,24,Male,India,3/14/2019,Yearly
s14339,Lucas Wilson,67,Female,Australia,5/4/2019,Yearly
s14340,Olivia Walker,18,Female,UK,9/30/2019,Yearly
s14341,Eva Johnson,26,Other,Germany,2/2/2019,Free
s14342,Amelia Hall,55,Female,UK,8/30/2022,Free
s14343,Meera Miller,38,Female,UK,4/12/2020,Monthly
s14344,Liam Sharma,19,Male,Germany,5/14/2021,Free
s14345,Meera Clark,37,Female,USA,4/19/2021,Yearly
s14346,Arjun Lee,41,Male,USA,5/28/2019,Free
s14347,Lucas Verma,26,Other,UK,12/1/2021,Yearly
s14348,Sophia Walker,46,Other,USA,12/31/2021,Free
s14349,Eva Moore,26,Male,USA,6/19/2019,Free
s14350,Arjun Anderson,18,Other,Australia,3/28/2022,Free
s14351,Aanya Hall,40,Male,UK,1/1/2019,Free
s14352,Mia Wilson,62,Male,UK,7/16/2021,Free
s14353,Lucas Miller,22,Other,Canada,1/4/2020,Free
s14354,Aanya Taylor,18,Male,Australia,1/21/2021,Yearly
s14355,Aanya Patel,20,Male,USA,2/13/2019,Monthly
s14356,Liam Lewis,47,Male,Germany,5/24/2019,Yearly
s14357,Arjun Thomas,33,Female,Canada,4/5/2022,Monthly
s14358,Karan Miller,39,Female,Canada,7/9/2022,Yearly
s14359,Noah Taylor,24,Other,UK,8/11/2021,Yearly
s14360,Vihaan Moore,58,Female,UK,11/30/2020,Yearly
s14361,Isabella Thomas,58,Other,Australia,5/14/2021,Monthly
s14362,Arjun Smith,25,Female,India,10/14/2019,Yearly
s14363,Zara Anderson,28,Male,UK,9/8/2019,Yearly
s14364,Noah Lee,33,Male,Canada,8/4/2022,Yearly
s14365,Aarav Lewis,25,Other,Australia,9/14/2021,Monthly
s14366,Isabella Johnson,27,Male,Germany,6/27/2022,Yearly
s14367,Vihaan Lewis,42,Female,Canada,11/6/2022,Free
s14368,Riya Davis,23,Female,Germany,7/19/2022,Yearly
s14369,Eva Thomas,22,Male,Canada,10/22/2020,Yearly
s14370,Liam Anderson,65,Other,UK,8/27/2021,Free
s14371,Olivia Clark,28,Male,Canada,2/2/2019,Monthly
s14372,Olivia Sharma,23,Male,Germany,1/11/2019,Free
s14373,Eva Thomas,18,Female,Germany,8/16/2019,Yearly
s14374,Meera Patel,21,Other,India,7/12/2019,Monthly
s14375,Karan Walker,31,Male,Germany,12/9/2021,Monthly
s14376,Sophia Wilson,27,Other,Canada,4/14/2022,Yearly
s14377,Lucas Patel,19,Female,Australia,10/22/2022,Yearly
s14378,Ethan Brown,26,Female,USA,6/2/2021,Free
s14379,Riya Moore,38,Other,Germany,2/14/2021,Monthly
s14380,Aanya Verma,34,Female,India,1/31/2021,Yearly
s14381,Liam Anderson,27,Male,Canada,2/22/2019,Free
s14382,Aarav Patel,39,Other,UK,1/5/2022,Yearly
s14383,Meera Miller,18,Other,Canada,6/8/2021,Monthly
s14384,Karan Johnson,18,Male,Germany,6/8/2022,Yearly
s14385,Aanya Lee,24,Female,USA,1/11/2019,Free
s14386,Isabella Singh,21,Male,Canada,7/20/2021,Monthly
s14387,Aarav Patel,19,Female,USA,1/23/2020,Free
s14388,Riya Miller,56,Other,Australia,8/14/2021,Free
s14389,Isabella Lewis,24,Female,USA,11/24/2019,Free
s14390,Amelia Singh,33,Female,USA,3/22/2022,Monthly
s14391,Riya Singh,18,Male,UK,3/9/2019,Free
s14392,Sophia Sharma,35,Female,USA,11/1/2021,Monthly
s14393,Eva Walker,51,Male,UK,5/11/2022,Free
s14394,Aarav Sharma,62,Other,USA,4/4/2021,Yearly
s14395,Amelia Moore,32,Female,Germany,1/28/2021,Free
s14396,Aanya Patel,26,Other,Australia,12/12/2020,Yearly
s14397,Aarav Miller,26,Female,USA,9/20/2020,Monthly
s14398,Zara Walker,23,Female,UK,10/5/2020,Yearly
s14399,Amelia Hall,37,Other,Australia,10/1/2020,Free
s14400,Emma Anderson,23,Male,UK,6/17/2021,Yearly
s14401,Riya Wilson,23,Male,Canada,11/21/2020,Free
s14402,Aanya Martin,22,Female,Australia,9/15/2019,Yearly
s14403,Isabella Davis,36,Female,Germany,3/28/2019,Monthly
s14404,Aanya Martin,27,Female,Australia,2/27/2022,Free
s14405,Olivia Taylor,33,Other,India,3/27/2022,Yearly
s14406,Riya Brown,27,Male,Germany,6/30/2019,Yearly
s14407,Lucas Patel,23,Male,USA,2/7/2021,Free
s14408,Lucas Anderson,37,Female,UK,7/11/2020,Free
s14409,Meera Singh,23,Male,Germany,8/19/2019,Monthly
s14410,Riya Miller,29,Female,Germany,3/3/2019,Monthly
s14411,Sophia Anderson,18,Other,India,11/2/2022,Monthly
s14412,Lucas Clark,24,Other,UK,12/6/2021,Yearly
s14413,Amelia Singh,23,Female,Germany,3/3/2020,Yearly
s14414,Isabella Anderson,24,Other,Germany,6/16/2020,Free
s14415,Arjun Anderson,25,Male,Germany,5/4/2022,Free
s14416,Benjamin Thomas,23,Male,UK,4/28/2020,Monthly
s14417,Noah Martin,20,Male,India,12/1/2019,Yearly
s14418,Sophia Wilson,27,Other,Australia,5/25/2019,Monthly
s14419,Meera Hall,18,Male,Canada,1/3/2022,Free
s14420,Benjamin Lee,20,Male,Australia,3/24/2019,Monthly
s14421,Aarav Anderson,27,Male,Australia,7/6/2019,Yearly
s14422,Isabella Brown,21,Female,Canada,6/17/2020,Yearly
s14423,Meera Moore,30,Female,India,9/28/2021,Free
s14424,Sophia Patel,35,Other,Germany,8/4/2022,Free
s14425,Isabella Moore,44,Female,UK,12/3/2022,Free
s14426,Eva Sharma,18,Female,Canada,11/6/2020,Monthly
s14427,Lucas Smith,19,Female,UK,7/17/2022,Yearly
s14428,Olivia Johnson,23,Female,USA,6/6/2020,Free
s14429,Karan Brown,40,Female,Canada,10/13/2021,Yearly
s14430,Zara Patel,42,Male,Germany,4/10/2022,Free
s14431,Isabella Johnson,23,Male,Canada,6/20/2019,Free
s14432,Riya Miller,18,Other,USA,10/28/2020,Monthly
s14433,Aarav Smith,21,Other,Germany,8/14/2020,Yearly
s14434,Vihaan Thomas,37,Male,Germany,9/18/2021,Monthly
s14435,Isabella Clark,37,Male,Germany,3/31/2021,Free
s14436,Aanya Thomas,24,Female,Australia,2/24/2020,Free
s14437,Mia Miller,50,Other,Australia,10/30/2022,Yearly
s14438,Benjamin Smith,25,Male,UK,2/10/2020,Monthly
s14439,Lucas Martin,20,Female,USA,10/31/2022,Yearly
s14440,Liam Martin,45,Male,UK,4/1/2019,Monthly
s14441,Aarav Clark,37,Female,Canada,5/31/2019,Free
s14442,Arjun Martin,24,Male,India,5/6/2021,Yearly
s14443,Emma Lee,44,Other,Australia,11/13/2019,Monthly
s14444,Liam Taylor,20,Male,Germany,3/7/2020,Monthly
s14445,Karan Lee,23,Female,UK,2/1/2021,Yearly
s14446,Riya Johnson,31,Male,UK,1/22/2021,Monthly
s14447,Noah Miller,46,Male,Australia,10/20/2019,Free
s14448,Meera Singh,51,Female,Australia,7/24/2022,Yearly
s14449,Mia Davis,46,Female,Australia,12/20/2021,Monthly
s14450,Noah Singh,44,Other,Australia,4/16/2019,Monthly
s14451,Ethan Lee,56,Other,Australia,5/5/2020,Free
s14452,Amelia Clark,47,Female,USA,3/1/2019,Monthly
s14453,Noah Clark,50,Male,Canada,12/5/2022,Yearly
s14454,Aarav Anderson,23,Male,UK,9/28/2020,Monthly
s14455,Arjun Martin,21,Male,Australia,3/1/2022,Free
s14456,Emma Miller,66,Other,Canada,1/28/2020,Free
s14457,Olivia Lewis,23,Other,Germany,12/7/2022,Free
s14458,Liam Singh,26,Other,Canada,8/19/2022,Monthly
s14459,Lucas Wilson,35,Male,Germany,1/12/2019,Yearly
s14460,Olivia Lee,46,Other,UK,7/20/2020,Yearly
s14461,Emma Thomas,42,Other,Germany,6/22/2021,Yearly
s14462,Meera Lee,43,Other,India,7/8/2019,Free
s14463,Mia Lee,31,Male,Australia,11/9/2019,Free
s14464,Aarav Taylor,25,Other,India,10/5/2022,Monthly
s14465,Noah Hall,18,Male,Canada,6/5/2022,Monthly
s14466,Amelia Verma,41,Female,USA,12/20/2019,Monthly
s14467,Amelia Singh,47,Female,Canada,12/1/2019,Free
s14468,Vihaan Smith,28,Male,India,3/4/2019,Yearly
s14469,Karan Verma,19,Male,India,4/23/2019,Free
s14470,Karan Lewis,62,Other,Australia,6/11/2021,Free
s14471,Emma Thomas,25,Female,India,9/24/2021,Yearly
s14472,Aanya Davis,21,Other,UK,6/13/2020,Yearly
s14473,Benjamin Davis,37,Other,Germany,11/1/2021,Free
s14474,Benjamin Taylor,25,Other,Germany,9/22/2021,Monthly
s14475,Sophia Lee,20,Other,Australia,10/1/2019,Free
s14476,Zara Anderson,47,Male,USA,4/5/2019,Free
s14477,Aarav Lewis,25,Other,Canada,6/11/2019,Yearly
s14478,Meera Johnson,24,Female,Australia,6/13/2019,Free
s14479,Ethan Moore,49,Other,Australia,10/23/2022,Monthly
s14480,Aanya Walker,45,Other,India,12/23/2020,Yearly
s14481,Noah Wilson,24,Female,UK,5/27/2021,Free
s14482,Sophia Thomas,22,Other,USA,6/20/2020,Yearly
s14483,Aanya Hall,21,Female,USA,9/12/2021,Monthly
s14484,Arjun Johnson,20,Female,Canada,1/19/2022,Monthly
s14485,Olivia Miller,20,Other,Canada,2/7/2020,Yearly
s14486,Vihaan Lewis,27,Male,USA,3/27/2021,Monthly
s14487,Karan Smith,29,Female,India,9/16/2022,Yearly
s14488,Zara Thomas,40,Other,Australia,11/2/2022,Yearly
s14489,Eva Thomas,33,Female,Germany,10/7/2021,Monthly
s14490,Eva Wilson,20,Female,Germany,2/13/2019,Monthly
s14491,Ethan Miller,32,Male,UK,4/16/2022,Free
s14492,Arjun Johnson,40,Male,Australia,2/29/2020,Monthly
s14493,Aanya Taylor,34,Male,Canada,9/29/2022,Free
s14494,Olivia Taylor,44,Male,Canada,10/17/2019,Free
s14495,Noah Thomas,34,Other,India,12/10/2021,Monthly
s14496,Eva Smith,20,Other,Australia,10/12/2019,Free
s14497,Zara Brown,25,Male,UK,6/21/2022,Yearly
s14498,Meera Singh,64,Male,India,8/22/2019,Free
s14499,Arjun Davis,25,Male,USA,5/29/2020,Monthly
s14500,Karan Moore,23,Male,Canada,10/23/2022,Yearly
s14501,Ethan Walker,24,Female,India,6/9/2019,Monthly
s14502,Olivia Singh,18,Other,USA,9/20/2021,Free
s14503,Olivia Clark,60,Male,USA,2/9/2020,Free
s14504,Karan Martin,25,Female,Germany,9/18/2019,Monthly
s14505,Arjun Walker,26,Other,India,10/25/2020,Monthly
s14506,Liam Smith,57,Other,USA,4/13/2022,Monthly
s14507,Liam Lewis,26,Female,India,6/7/2020,Free
s14508,Aanya Verma,25,Other,UK,3/20/2021,Monthly
s14509,Amelia Anderson,42,Female,Germany,5/9/2021,Monthly
s14510,Aanya Walker,40,Male,Canada,9/3/2022,Yearly
s14511,Lucas Taylor,31,Other,Germany,7/11/2019,Yearly
s14512,Riya Hall,24,Other,Germany,7/26/2019,Yearly
s14513,Aarav Johnson,23,Female,UK,11/3/2022,Monthly
s14514,Noah Smith,23,Other,Australia,10/10/2020,Monthly
s14515,Ethan Anderson,24,Female,Canada,10/31/2020,Monthly
s14516,Amelia Walker,27,Female,USA,12/3/2021,Free
s14517,Liam Anderson,24,Female,Germany,6/4/2019,Free
s14518,Noah Verma,19,Male,UK,4/5/2019,Yearly
s14519,Vihaan Martin,27,Female,USA,1/7/2022,Free
s14520,Sophia Singh,23,Other,Australia,2/10/2019,Yearly
s14521,Emma Brown,35,Other,India,7/1/2020,Free
s14522,Liam Smith,39,Male,Australia,11/4/2019,Free
s14523,Eva Brown,42,Other,Australia,8/4/2019,Yearly
s14524,Aarav Smith,22,Male,USA,3/2/2020,Monthly
s14525,Vihaan Patel,24,Female,Canada,12/24/2022,Free
s14526,Lucas Taylor,19,Female,Germany,10/12/2020,Monthly
s14527,Mia Miller,47,Female,Australia,10/16/2020,Monthly
s14528,Meera Lewis,27,Other,Australia,10/9/2022,Free
s14529,Aarav Clark,23,Other,UK,9/18/2020,Monthly
s14530,Vihaan Hall,37,Male,Canada,3/3/2022,Monthly
s14531,Lucas Lewis,27,Other,Canada,11/24/2021,Monthly
s14532,Riya Johnson,47,Other,USA,9/13/2019,Yearly
s14533,Aanya Smith,27,Other,India,4/28/2019,Monthly
s14534,Eva Brown,25,Male,Australia,2/5/2019,Yearly
s14535,Arjun Walker,33,Other,Australia,11/20/2020,Free
s14536,Eva Hall,31,Female,Australia,1/10/2021,Monthly
s14537,Olivia Sharma,22,Other,India,10/21/2020,Yearly
s14538,Zara Wilson,19,Female,Australia,12/10/2021,Yearly
s14539,Lucas Verma,21,Other,Germany,9/18/2021,Yearly
s14540,Vihaan Clark,31,Male,Germany,9/22/2020,Monthly
s14541,Isabella Sharma,33,Male,USA,10/2/2019,Monthly
s14542,Meera Anderson,39,Female,USA,5/11/2022,Free
s14543,Arjun Taylor,26,Female,UK,6/24/2019,Free
s14544,Ethan Miller,24,Other,India,9/14/2020,Yearly
s14545,Riya Smith,23,Female,India,5/23/2020,Monthly
s14546,Eva Smith,19,Female,USA,8/18/2019,Monthly
s14547,Zara Verma,27,Male,Germany,1/25/2019,Yearly
s14548,Aanya Miller,20,Male,UK,2/13/2021,Yearly
s14549,Olivia Lee,30,Male,Germany,6/3/2019,Yearly
s14550,Lucas Taylor,24,Other,Canada,7/25/2019,Yearly
s14551,Karan Verma,42,Other,Canada,10/27/2020,Yearly
s14552,Aanya Lewis,18,Female,Germany,7/23/2019,Monthly
s14553,Meera Lee,64,Female,Germany,4/1/2020,Monthly
s14554,Zara Patel,46,Female,Australia,11/22/2019,Free
s14555,Benjamin Smith,21,Female,Germany,5/5/2020,Monthly
s14556,Aarav Patel,18,Female,Germany,2/1/2022,Monthly
s14557,Amelia Brown,21,Male,USA,1/28/2020,Free
s14558,Aanya Taylor,20,Female,India,8/26/2020,Free
s14559,Lucas Brown,20,Female,Germany,7/13/2022,Free
s14560,Sophia Clark,18,Male,USA,10/11/2021,Monthly
s14561,Sophia Lewis,57,Male,India,3/1/2021,Free
s14562,Liam Miller,24,Female,USA,10/28/2020,Monthly
s14563,Aarav Johnson,35,Male,Germany,10/10/2022,Yearly
s14564,Aarav Hall,25,Other,Canada,4/30/2019,Free
s14565,Karan Lee,42,Male,UK,1/23/2021,Yearly
s14566,Riya Clark,25,Female,USA,4/2/2022,Yearly
s14567,Olivia Miller,47,Male,UK,8/29/2020,Yearly
s14568,Sophia Moore,46,Other,USA,4/24/2019,Yearly
s14569,Noah Lee,22,Male,Canada,7/10/2020,Free
s14570,Karan Johnson,31,Male,India,4/4/2022,Yearly
s14571,Vihaan Verma,43,Other,Australia,5/30/2021,Yearly
s14572,Eva Wilson,43,Female,USA,2/27/2021,Monthly
s14573,Isabella Lee,22,Female,Germany,3/13/2019,Yearly
s14574,Amelia Martin,44,Other,Germany,12/21/2020,Free
s14575,Mia Smith,46,Female,USA,10/3/2019,Yearly
s14576,Eva Martin,27,Male,Australia,2/18/2021,Monthly
s14577,Liam Lewis,27,Male,Canada,3/21/2019,Monthly
s14578,Benjamin Wilson,19,Other,Germany,6/15/2020,Free
s14579,Benjamin Miller,19,Other,Canada,9/16/2022,Free
s14580,Olivia Clark,19,Male,Australia,12/23/2022,Yearly
s14581,Benjamin Miller,22,Male,Canada,6/23/2019,Yearly
s14582,Amelia Johnson,27,Male,India,11/22/2022,Yearly
s14583,Karan Verma,30,Male,USA,6/13/2022,Monthly
s14584,Eva Anderson,25,Female,Germany,8/18/2019,Monthly
s14585,Arjun Smith,21,Female,India,2/25/2019,Yearly
s14586,Noah Singh,21,Other,Australia,3/8/2022,Yearly
s14587,Aarav Patel,59,Male,USA,11/16/2022,Yearly
s14588,Benjamin Brown,39,Other,Australia,9/30/2020,Free
s14589,Lucas Davis,18,Female,Germany,12/12/2022,Free
s14590,Mia Patel,23,Male,USA,10/16/2022,Yearly
s14591,Isabella Johnson,59,Male,Australia,6/5/2022,Free
s14592,Arjun Taylor,28,Female,India,3/2/2021,Monthly
s14593,Aarav Thomas,24,Other,Australia,1/12/2021,Free
s14594,Sophia Wilson,39,Female,USA,11/21/2020,Free
s14595,Sophia Martin,22,Female,India,3/28/2021,Yearly
s14596,Vihaan Davis,27,Male,Germany,7/10/2021,Yearly
s14597,Vihaan Thomas,25,Male,Germany,4/29/2020,Free
s14598,Aarav Smith,47,Female,USA,4/17/2022,Monthly
s14599,Liam Hall,39,Male,USA,1/25/2022,Yearly
s14600,Riya Smith,22,Other,UK,7/15/2020,Monthly
s14601,Aanya Davis,26,Male,UK,11/13/2022,Monthly
s14602,Emma Hall,45,Male,USA,12/13/2020,Free
s14603,Aarav Thomas,29,Male,Germany,12/21/2019,Free
s14604,Sophia Martin,22,Female,India,10/30/2020,Free
s14605,Vihaan Smith,23,Female,India,1/20/2020,Monthly
s14606,Lucas Patel,18,Male,India,11/28/2021,Monthly
s14607,Benjamin Smith,18,Other,UK,8/14/2021,Free
s14608,Lucas Brown,44,Other,USA,6/30/2022,Free
s14609,Isabella Miller,22,Other,Germany,5/9/2019,Monthly
s14610,Lucas Taylor,20,Female,USA,1/31/2019,Free
s14611,Noah Clark,19,Other,USA,5/24/2020,Free
s14612,Liam Clark,26,Male,UK,1/1/2019,Free
s14613,Mia Taylor,19,Other,India,8/2/2019,Monthly
s14614,Olivia Moore,28,Female,Australia,7/12/2021,Monthly
s14615,Benjamin Davis,20,Female,Canada,10/6/2022,Free
s14616,Aanya Verma,18,Other,India,7/19/2021,Monthly
s14617,Vihaan Miller,27,Male,Canada,7/15/2020,Free
s14618,Eva Lewis,18,Other,Canada,3/12/2022,Free
s14619,Vihaan Smith,27,Other,USA,2/10/2020,Yearly
s14620,Emma Miller,27,Other,India,8/30/2021,Yearly
s14621,Ethan Patel,22,Other,USA,11/28/2020,Free
s14622,Amelia Brown,47,Male,Australia,7/4/2022,Free
s14623,Aanya Clark,21,Male,Canada,4/9/2020,Yearly
s14624,Isabella Sharma,22,Female,Canada,9/17/2022,Free
s14625,Mia Verma,24,Female,Australia,11/19/2020,Yearly
s14626,Eva Moore,34,Female,Canada,1/6/2022,Free
s14627,Emma Thomas,26,Other,Canada,5/24/2021,Free
s14628,Riya Taylor,26,Other,Australia,3/31/2020,Yearly
s14629,Emma Lewis,21,Other,Germany,4/26/2021,Monthly
s14630,Emma Wilson,23,Female,Australia,3/24/2019,Free
s14631,Meera Miller,42,Other,UK,5/4/2021,Yearly
s14632,Liam Brown,25,Female,India,3/19/2021,Free
s14633,Eva Brown,23,Other,UK,2/8/2019,Monthly
s14634,Aanya Taylor,41,Other,USA,9/11/2022,Free
s14635,Mia Johnson,54,Other,USA,12/19/2020,Monthly
s14636,Eva Smith,42,Male,Australia,6/11/2020,Free
s14637,Isabella Miller,18,Other,UK,3/31/2019,Yearly
s14638,Emma Johnson,19,Other,Canada,12/30/2020,Monthly
s14639,Ethan Hall,27,Other,UK,6/26/2021,Free
s14640,Noah Lewis,22,Male,UK,12/4/2020,Yearly
s14641,Vihaan Lee,19,Female,USA,3/8/2022,Free
s14642,Benjamin Lee,22,Male,Canada,9/7/2021,Yearly
s14643,Benjamin Smith,59,Female,Australia,12/10/2022,Monthly
s14644,Vihaan Sharma,19,Male,Germany,8/21/2019,Monthly
s14645,Aarav Anderson,22,Other,UK,9/9/2021,Yearly
s14646,Zara Patel,30,Other,UK,8/26/2019,Free
s14647,Vihaan Taylor,23,Female,India,1/11/2019,Free
s14648,Liam Sharma,60,Female,Canada,11/17/2019,Free
s14649,Noah Verma,27,Male,Australia,2/4/2019,Yearly
s14650,Karan Miller,27,Other,India,3/1/2019,Monthly
s14651,Noah Johnson,34,Other,Australia,6/5/2021,Monthly
s14652,Sophia Walker,36,Other,UK,3/14/2021,Yearly
s14653,Sophia Davis,62,Female,Australia,5/25/2020,Yearly
s14654,Aanya Anderson,58,Female,UK,2/10/2019,Monthly
s14655,Noah Patel,25,Female,Australia,5/10/2019,Free
s14656,Zara Wilson,20,Female,USA,10/10/2019,Monthly
s14657,Arjun Brown,24,Male,Australia,1/29/2019,Yearly
s14658,Sophia Sharma,36,Other,India,9/6/2022,Monthly
s14659,Noah Lewis,47,Female,USA,10/3/2020,Yearly
s14660,Olivia Wilson,23,Other,Germany,12/28/2020,Free
s14661,Isabella Sharma,26,Female,Australia,12/22/2020,Yearly
s14662,Ethan Hall,24,Female,Canada,2/19/2020,Free
s14663,Arjun Smith,38,Male,USA,6/8/2022,Free
s14664,Aarav Brown,45,Other,Canada,12/13/2022,Monthly
s14665,Arjun Patel,25,Male,USA,7/2/2022,Monthly
s14666,Zara Davis,24,Other,Australia,10/17/2021,Yearly
s14667,Isabella Hall,62,Female,USA,1/10/2022,Monthly
s14668,Liam Brown,27,Male,India,9/9/2019,Free
s14669,Vihaan Patel,18,Female,India,4/25/2021,Yearly
s14670,Karan Moore,44,Male,Canada,6/21/2021,Yearly
s14671,Meera Thomas,43,Female,India,9/28/2022,Monthly
s14672,Lucas Taylor,26,Male,Australia,2/21/2019,Free
s14673,Aanya Taylor,18,Female,UK,10/6/2021,Yearly
s14674,Aanya Johnson,25,Other,India,10/31/2019,Yearly
s14675,Meera Johnson,21,Male,India,1/18/2019,Yearly
s14676,Olivia Walker,20,Other,Germany,2/24/2021,Yearly
s14677,Riya Moore,23,Male,UK,8/25/2019,Free
s14678,Riya Anderson,25,Other,USA,1/6/2019,Monthly
s14679,Amelia Hall,48,Other,Australia,9/2/2019,Monthly
s14680,Isabella Taylor,40,Other,UK,9/24/2022,Monthly
s14681,Liam Lewis,20,Female,USA,9/14/2022,Free
s14682,Emma Johnson,47,Male,Canada,12/4/2020,Free
s14683,Riya Brown,26,Female,USA,12/27/2019,Yearly
s14684,Aanya Patel,25,Male,USA,8/25/2020,Yearly
s14685,Emma Johnson,26,Other,India,11/25/2019,Free
s14686,Karan Brown,23,Female,Canada,5/14/2020,Free
s14687,Olivia Thomas,24,Male,USA,7/16/2019,Free
s14688,Sophia Patel,19,Male,India,5/4/2020,Yearly
s14689,Aarav Martin,36,Female,USA,12/26/2019,Yearly
s14690,Benjamin Walker,33,Male,Australia,12/9/2019,Yearly
s14691,Liam Wilson,59,Male,Germany,8/12/2022,Yearly
s14692,Isabella Smith,34,Female,Australia,5/27/2021,Yearly
s14693,Noah Clark,18,Female,Germany,8/8/2019,Monthly
s14694,Zara Taylor,22,Other,Canada,10/13/2021,Monthly
s14695,Meera Lewis,51,Male,Germany,7/14/2020,Yearly
s14696,Benjamin Miller,29,Other,Australia,12/23/2019,Monthly
s14697,Karan Hall,62,Female,Germany,10/13/2022,Monthly
s14698,Ethan Clark,25,Other,USA,6/23/2022,Free
s14699,Emma Clark,22,Other,Australia,4/14/2021,Monthly
s14700,Aarav Sharma,18,Other,UK,11/7/2021,Monthly
s14701,Emma Singh,22,Other,USA,2/9/2019,Yearly
s14702,Lucas Miller,26,Other,USA,6/5/2021,Monthly
s14703,Aarav Singh,26,Female,Canada,6/16/2021,Free
s14704,Riya Hall,34,Other,Germany,11/30/2022,Monthly
s14705,Riya Johnson,27,Male,India,4/4/2021,Monthly
s14706,Amelia Sharma,23,Male,Germany,4/26/2020,Yearly
s14707,Meera Thomas,18,Male,USA,12/30/2020,Yearly
s14708,Mia Johnson,32,Male,UK,7/21/2019,Free
s14709,Aanya Martin,25,Female,UK,5/30/2020,Monthly
s14710,Meera Verma,25,Female,UK,11/23/2021,Free
s14711,Karan Taylor,26,Female,USA,4/3/2020,Monthly
s14712,Emma Lewis,63,Male,Canada,4/23/2020,Free
s14713,Emma Lewis,20,Other,India,11/25/2022,Monthly
s14714,Liam Lee,20,Other,UK,6/3/2019,Yearly
s14715,Eva Taylor,59,Male,UK,4/17/2019,Monthly
s14716,Sophia Anderson,28,Female,UK,12/6/2022,Monthly
s14717,Liam Verma,38,Male,UK,9/10/2022,Monthly
s14718,Eva Lewis,22,Female,Germany,10/30/2022,Yearly
s14719,Benjamin Sharma,37,Other,UK,6/26/2020,Yearly
s14720,Sophia Brown,44,Male,USA,6/14/2021,Free
s14721,Meera Smith,22,Male,Germany,9/22/2020,Free
s14722,Aarav Hall,18,Other,UK,5/6/2021,Yearly
s14723,Amelia Anderson,19,Male,Canada,11/1/2019,Free
s14724,Eva Davis,27,Female,Australia,6/21/2020,Monthly
s14725,Ethan Singh,18,Female,UK,6/4/2020,Monthly
s14726,Olivia Walker,21,Female,Canada,3/6/2021,Monthly
s14727,Aarav Singh,37,Female,India,11/16/2021,Yearly
s14728,Isabella Moore,26,Other,Australia,1/5/2020,Free
s14729,Eva Martin,23,Female,Germany,8/24/2021,Monthly
s14730,Amelia Lewis,34,Female,Germany,10/1/2022,Monthly
s14731,Noah Moore,23,Female,Australia,9/1/2021,Free
s14732,Sophia Moore,33,Female,UK,3/14/2019,Yearly
s14733,Isabella Sharma,39,Other,Australia,3/26/2020,Free
s14734,Eva Patel,25,Female,India,10/30/2021,Free
s14735,Karan Anderson,21,Male,India,4/20/2019,Yearly
s14736,Emma Singh,23,Female,India,8/29/2022,Yearly
s14737,Sophia Martin,24,Other,UK,12/9/2021,Yearly
s14738,Isabella Hall,24,Male,UK,10/29/2021,Yearly
s14739,Noah Lee,67,Female,Canada,10/21/2022,Monthly
s14740,Noah Verma,27,Female,USA,12/18/2022,Free
s14741,Isabella Clark,21,Female,USA,12/1/2022,Monthly
s14742,Aarav Anderson,24,Female,USA,6/3/2022,Free
s14743,Emma Lewis,33,Other,USA,5/3/2022,Monthly
s14744,Olivia Hall,29,Female,Germany,12/12/2022,Free
s14745,Eva Sharma,20,Other,UK,9/24/2019,Monthly
s14746,Mia Patel,24,Female,UK,11/6/2022,Free
s14747,Sophia Wilson,22,Other,India,2/14/2021,Free
s14748,Olivia Lewis,52,Male,Australia,11/7/2019,Yearly
s14749,Riya Moore,23,Other,USA,4/14/2021,Monthly
s14750,Olivia Miller,24,Other,USA,5/25/2019,Yearly
s14751,Sophia Lewis,21,Male,USA,5/31/2020,Free
s14752,Emma Singh,24,Male,Canada,6/4/2022,Monthly
s14753,Vihaan Wilson,19,Male,UK,1/11/2021,Monthly
s14754,Sophia Martin,27,Male,Germany,12/20/2019,Monthly
s14755,Meera Thomas,56,Female,Germany,6/24/2022,Free
s14756,Isabella Martin,23,Other,India,5/6/2022,Free
s14757,Aanya Singh,32,Female,Germany,6/25/2021,Yearly
s14758,Aarav Patel,37,Female,Germany,4/30/2020,Free
s14759,Arjun Smith,24,Female,Germany,7/16/2019,Monthly
s14760,Vihaan Verma,48,Male,UK,5/1/2021,Yearly
s14761,Meera Wilson,21,Female,USA,9/11/2021,Monthly
s14762,Riya Smith,18,Female,Australia,9/13/2019,Free
s14763,Sophia Taylor,44,Other,Canada,1/2/2022,Free
s14764,Olivia Lee,26,Other,UK,4/7/2020,Yearly
s14765,Riya Walker,25,Other,USA,11/21/2021,Monthly
s14766,Aanya Miller,44,Male,UK,9/9/2020,Yearly
s14767,Olivia Lewis,22,Other,Canada,6/9/2019,Yearly
s14768,Karan Sharma,55,Other,Germany,1/24/2022,Free
s14769,Sophia Sharma,40,Male,Australia,3/7/2021,Free
s14770,Amelia Martin,36,Other,Germany,12/10/2021,Monthly
s14771,Amelia Walker,47,Male,USA,7/27/2021,Yearly
s14772,Emma Hall,18,Male,Germany,7/5/2021,Monthly
s14773,Karan Thomas,47,Other,Canada,4/8/2020,Free
s14774,Ethan Davis,31,Female,Australia,7/29/2022,Free
s14775,Eva Taylor,45,Male,USA,6/24/2022,Yearly
s14776,Karan Lee,21,Male,Germany,5/1/2020,Monthly
s14777,Noah Patel,23,Other,UK,2/23/2022,Monthly
s14778,Arjun Smith,49,Male,Germany,8/24/2021,Yearly
s14779,Riya Patel,19,Male,Australia,2/14/2022,Monthly
s14780,Zara Patel,32,Male,Canada,12/5/2020,Monthly
s14781,Sophia Smith,20,Male,USA,2/4/2022,Free
s14782,Mia Lee,41,Other,Australia,2/27/2019,Yearly
s14783,Riya Anderson,63,Other,UK,12/22/2021,Yearly
s14784,Olivia Hall,47,Other,Germany,4/18/2022,Yearly
s14785,Meera Taylor,22,Other,USA,9/21/2020,Free
s14786,Isabella Anderson,29,Female,India,11/17/2021,Monthly
s14787,Arjun Hall,21,Female,UK,8/14/2020,Free
s14788,Amelia Anderson,23,Other,UK,2/2/2019,Monthly
s14789,Riya Lee,21,Other,UK,4/28/2021,Free
s14790,Aarav Anderson,38,Other,India,2/13/2022,Monthly
s14791,Aarav Walker,42,Female,India,8/23/2022,Monthly
s14792,Sophia Lewis,37,Male,Australia,7/6/2019,Free
s14793,Mia Lewis,43,Female,Canada,6/11/2020,Free
s14794,Olivia Hall,28,Other,Australia,3/18/2021,Free
s14795,Benjamin Patel,19,Other,Germany,7/4/2019,Yearly
s14796,Arjun Sharma,25,Male,USA,6/14/2019,Free
s14797,Aanya Martin,24,Male,UK,9/21/2022,Monthly
s14798,Noah Davis,27,Female,UK,6/22/2022,Monthly
s14799,Riya Lewis,22,Other,Australia,8/11/2022,Yearly
s14800,Emma Lee,61,Female,Australia,4/19/2021,Yearly
s14801,Benjamin Taylor,27,Male,Australia,10/17/2019,Yearly
s14802,Isabella Singh,39,Other,India,8/30/2019,Monthly
s14803,Noah Miller,32,Female,Australia,8/3/2019,Yearly
s14804,Lucas Miller,19,Other,Australia,3/13/2022,Free
s14805,Noah Verma,36,Male,Germany,10/16/2022,Yearly
s14806,Ethan Thomas,23,Male,India,11/20/2020,Monthly
s14807,Amelia Moore,22,Other,Germany,10/24/2020,Yearly
s14808,Meera Walker,32,Female,UK,9/7/2021,Monthly
s14809,Ethan Brown,20,Female,USA,3/4/2021,Yearly
s14810,Aanya Anderson,21,Male,Australia,2/16/2022,Yearly
s14811,Zara Hall,21,Male,USA,8/23/2019,Monthly
s14812,Aanya Clark,22,Female,USA,8/8/2021,Yearly
s14813,Riya Moore,56,Other,Germany,11/7/2019,Free
s14814,Ethan Moore,26,Other,USA,12/13/2022,Monthly
s14815,Arjun Miller,42,Female,Australia,6/3/2022,Monthly
s14816,Aanya Davis,29,Female,Australia,7/25/2021,Monthly
s14817,Aanya Patel,64,Female,UK,9/30/2021,Free
s14818,Liam Martin,19,Male,Germany,8/5/2022,Monthly
s14819,Mia Johnson,23,Female,Germany,1/13/2022,Monthly
s14820,Arjun Sharma,21,Other,UK,10/9/2019,Monthly
s14821,Liam Singh,20,Female,Canada,5/8/2021,Free
s14822,Isabella Davis,59,Other,Canada,1/16/2021,Free
s14823,Lucas Lewis,43,Other,Germany,6/28/2020,Monthly
s14824,Ethan Sharma,19,Other,Canada,8/15/2021,Monthly
s14825,Aarav Clark,47,Other,USA,11/4/2019,Free
s14826,Olivia Davis,67,Female,UK,9/20/2021,Free
s14827,Emma Martin,39,Other,India,11/8/2022,Yearly
s14828,Emma Miller,47,Other,USA,6/27/2022,Monthly
s14829,Eva Lee,26,Male,India,4/26/2019,Yearly
s14830,Karan Taylor,39,Male,Germany,3/10/2019,Yearly
s14831,Olivia Davis,21,Female,Australia,6/9/2020,Yearly
s14832,Olivia Thomas,32,Male,India,5/6/2020,Monthly
s14833,Mia Davis,25,Female,Canada,7/6/2022,Yearly
s14834,Meera Smith,24,Male,Australia,8/20/2021,Monthly
s14835,Liam Clark,20,Other,Australia,6/6/2021,Monthly
s14836,Noah Moore,46,Female,Canada,6/9/2021,Yearly
s14837,Isabella Lewis,18,Other,India,2/9/2020,Monthly
s14838,Ethan Lee,22,Other,USA,10/2/2019,Monthly
s14839,Ethan Taylor,41,Male,USA,8/17/2022,Yearly
s14840,Arjun Martin,19,Male,Australia,3/13/2020,Monthly
s14841,Vihaan Martin,26,Other,Canada,4/22/2022,Monthly
s14842,Mia Hall,25,Male,India,1/29/2021,Yearly
s14843,Lucas Davis,51,Male,Australia,11/26/2019,Monthly
s14844,Sophia Sharma,56,Male,UK,4/27/2022,Free
s14845,Arjun Davis,40,Female,India,1/23/2021,Monthly
s14846,Isabella Hall,28,Female,Germany,7/25/2019,Monthly
s14847,Ethan Johnson,32,Male,Australia,8/7/2021,Free
s14848,Isabella Lewis,26,Female,Germany,5/21/2021,Free
s14849,Sophia Martin,57,Female,Germany,12/5/2020,Yearly
s14850,Karan Brown,39,Other,UK,1/8/2021,Free
s14851,Mia Smith,36,Male,Germany,10/10/2019,Yearly
s14852,Amelia Clark,20,Other,Australia,9/6/2021,Monthly
s14853,Meera Taylor,27,Female,Australia,2/1/2021,Free
s14854,Amelia Moore,28,Female,Germany,7/19/2021,Monthly
s14855,Aarav Miller,20,Female,UK,5/1/2022,Free
s14856,Arjun Wilson,47,Other,UK,9/7/2020,Yearly
s14857,Zara Thomas,23,Other,UK,4/10/2020,Free
s14858,Olivia Clark,19,Other,Canada,6/12/2022,Monthly
s14859,Emma Miller,20,Female,USA,7/25/2020,Monthly
s14860,Ethan Miller,29,Female,Australia,6/28/2020,Free
s14861,Amelia Smith,47,Male,Canada,1/18/2020,Monthly
s14862,Liam Martin,43,Female,Canada,7/7/2020,Monthly
s14863,Eva Smith,34,Male,Australia,5/27/2020,Free
s14864,Olivia Davis,22,Female,UK,4/28/2021,Free
s14865,Riya Martin,46,Other,Canada,2/25/2020,Yearly
s14866,Sophia Singh,20,Other,India,3/19/2022,Free
s14867,Amelia Sharma,19,Female,UK,5/23/2021,Yearly
s14868,Sophia Martin,22,Female,UK,10/21/2020,Free
s14869,Amelia Patel,52,Other,Germany,2/9/2021,Monthly
s14870,Amelia Sharma,26,Male,Germany,10/2/2021,Free
s14871,Meera Sharma,26,Male,India,3/9/2022,Free
s14872,Isabella Clark,27,Other,Canada,12/24/2020,Free
s14873,Liam Thomas,26,Other,Canada,1/16/2022,Monthly
s14874,Isabella Verma,18,Male,USA,5/17/2019,Free
s14875,Aanya Brown,19,Male,UK,4/10/2021,Yearly
s14876,Liam Wilson,34,Female,Canada,1/5/2019,Monthly
s14877,Meera Hall,56,Female,Canada,4/5/2022,Free
s14878,Noah Johnson,25,Female,USA,1/5/2020,Monthly
s14879,Olivia Smith,61,Other,Australia,3/11/2019,Yearly
s14880,Arjun Miller,39,Male,USA,9/10/2020,Free
s14881,Lucas Moore,25,Other,Australia,11/3/2019,Yearly
s14882,Liam Johnson,44,Other,USA,8/11/2019,Yearly
s14883,Zara Miller,36,Other,Germany,11/17/2020,Free
s14884,Mia Verma,46,Female,Australia,9/7/2022,Yearly
s14885,Noah Hall,22,Other,USA,11/30/2021,Yearly
s14886,Olivia Wilson,36,Other,India,2/17/2019,Yearly
s14887,Riya Lee,23,Other,Canada,8/2/2020,Monthly
s14888,Sophia Wilson,41,Male,Australia,12/21/2021,Monthly
s14889,Zara Martin,34,Other,Canada,5/18/2021,Monthly
s14890,Isabella Wilson,22,Other,India,6/8/2022,Monthly
s14891,Liam Verma,23,Other,Germany,10/22/2022,Monthly
s14892,Sophia Singh,21,Female,UK,4/5/2020,Free
s14893,Sophia Thomas,48,Male,Australia,5/15/2022,Monthly
s14894,Meera Davis,20,Male,USA,2/13/2021,Yearly
s14895,Aanya Hall,18,Male,Australia,2/19/2022,Yearly
s14896,Arjun Patel,22,Male,Canada,11/14/2020,Yearly
s14897,Emma Brown,23,Other,India,10/26/2020,Yearly
s14898,Ethan Verma,50,Female,USA,12/18/2019,Yearly
s14899,Mia Hall,34,Male,Australia,1/11/2022,Monthly
s14900,Benjamin Moore,27,Other,UK,11/11/2021,Monthly
s14901,Emma Johnson,55,Other,UK,10/22/2019,Yearly
s14902,Meera Lee,19,Female,India,9/5/2019,Yearly
s14903,Olivia Miller,24,Male,USA,11/9/2022,Yearly
s14904,Isabella Hall,26,Female,UK,6/7/2022,Free
s14905,Ethan Martin,20,Other,India,10/2/2019,Yearly
s14906,Benjamin Miller,56,Other,India,11/3/2019,Monthly
s14907,Vihaan Taylor,46,Other,Australia,8/26/2020,Monthly
s14908,Sophia Moore,25,Male,USA,12/26/2019,Free
s14909,Karan Clark,29,Female,USA,6/22/2020,Monthly
s14910,Lucas Clark,19,Other,India,5/16/2020,Free
s14911,Zara Davis,19,Other,Germany,3/16/2020,Free
s14912,Noah Moore,18,Female,Germany,2/24/2019,Yearly
s14913,Vihaan Hall,22,Other,India,9/6/2020,Monthly
s14914,Noah Taylor,20,Male,Canada,7/28/2021,Yearly
s14915,Riya Sharma,26,Female,Germany,10/13/2019,Free
s14916,Arjun Hall,34,Male,Canada,4/21/2020,Monthly
s14917,Arjun Sharma,19,Other,Australia,3/27/2019,Free
s14918,Aanya Davis,19,Female,Germany,2/8/2021,Free
s14919,Zara Verma,34,Female,UK,10/14/2019,Monthly
s14920,Ethan Wilson,32,Other,UK,1/26/2019,Yearly
s14921,Ethan Clark,25,Female,USA,10/27/2019,Free
s14922,Mia Miller,20,Male,India,6/30/2021,Monthly
s14923,Liam Davis,20,Male,Germany,10/8/2020,Free
s14924,Arjun Wilson,20,Female,UK,11/16/2022,Free
s14925,Isabella Taylor,20,Other,Germany,6/11/2019,Free
s14926,Eva Singh,56,Female,UK,11/25/2021,Monthly
s14927,Mia Johnson,38,Female,UK,3/22/2020,Monthly
s14928,Vihaan Martin,54,Other,Germany,11/4/2021,Monthly
s14929,Eva Anderson,23,Other,USA,3/8/2021,Yearly
s14930,Arjun Lewis,40,Male,Australia,5/28/2020,Free
s14931,Ethan Brown,24,Male,UK,4/15/2020,Monthly
s14932,Isabella Brown,37,Other,UK,6/26/2021,Free
s14933,Isabella Moore,22,Male,USA,9/20/2022,Monthly
s14934,Isabella Anderson,21,Female,Australia,5/19/2021,Free
s14935,Isabella Singh,22,Other,UK,8/17/2020,Yearly
s14936,Isabella Davis,27,Other,Germany,1/19/2019,Monthly
s14937,Liam Thomas,57,Other,Canada,4/25/2020,Yearly
s14938,Olivia Moore,46,Male,UK,4/14/2021,Monthly
s14939,Olivia Johnson,21,Male,India,10/21/2022,Yearly
s14940,Benjamin Lewis,20,Male,USA,8/27/2021,Yearly
s14941,Zara Moore,52,Male,Australia,6/15/2020,Monthly
s14942,Lucas Miller,19,Other,UK,2/27/2020,Yearly
s14943,Isabella Davis,65,Other,Germany,6/24/2020,Yearly
s14944,Amelia Davis,23,Other,India,11/23/2022,Free
s14945,Isabella Davis,24,Other,Germany,3/27/2020,Yearly
s14946,Amelia Davis,34,Male,Australia,3/23/2022,Monthly
s14947,Vihaan Taylor,18,Male,India,1/28/2022,Monthly
s14948,Mia Anderson,25,Female,Germany,5/4/2021,Monthly
s14949,Riya Davis,26,Male,Germany,3/23/2022,Monthly
s14950,Liam Sharma,57,Other,Canada,11/22/2022,Free
s14951,Lucas Patel,50,Other,India,10/24/2022,Yearly
s14952,Ethan Thomas,29,Female,Australia,3/15/2021,Monthly
s14953,Lucas Martin,20,Female,UK,2/4/2019,Free
s14954,Karan Patel,19,Male,India,8/30/2020,Monthly
s14955,Aarav Anderson,37,Male,India,10/26/2022,Free
s14956,Lucas Verma,46,Male,UK,8/26/2021,Free
s14957,Meera Anderson,25,Male,UK,12/23/2020,Monthly
s14958,Isabella Wilson,39,Other,UK,5/30/2019,Free
s14959,Aarav Lewis,18,Other,Germany,4/29/2022,Free
s14960,Meera Patel,20,Male,Germany,2/27/2022,Yearly
s14961,Eva Clark,20,Other,Australia,10/26/2019,Monthly
s14962,Karan Walker,24,Male,Australia,3/13/2019,Monthly
s14963,Meera Verma,38,Other,Australia,6/3/2019,Monthly
s14964,Zara Brown,26,Male,UK,8/31/2022,Monthly
s14965,Sophia Lewis,20,Male,India,1/31/2019,Free
s14966,Arjun Lee,19,Other,India,6/12/2019,Yearly
s14967,Amelia Hall,30,Male,India,11/30/2020,Free
s14968,Olivia Verma,25,Female,Germany,4/23/2020,Monthly
s14969,Aarav Sharma,18,Other,Canada,4/22/2019,Monthly
s14970,Benjamin Miller,25,Male,Australia,10/1/2020,Yearly
s14971,Isabella Johnson,25,Other,India,12/11/2021,Monthly
s14972,Isabella Moore,53,Female,Canada,2/22/2020,Free
s14973,Lucas Patel,23,Other,Germany,6/15/2022,Monthly
s14974,Sophia Anderson,35,Other,Canada,2/17/2020,Free
s14975,Lucas Verma,22,Female,Germany,7/25/2021,Monthly
s14976,Emma Anderson,24,Other,Germany,7/29/2020,Yearly
s14977,Aanya Hall,18,Female,Germany,3/19/2019,Free
s14978,Arjun Walker,19,Female,Canada,11/9/2020,Yearly
s14979,Amelia Hall,24,Other,Germany,2/10/2022,Free
s14980,Meera Wilson,28,Other,USA,6/16/2020,Free
s14981,Liam Moore,24,Male,Canada,10/31/2020,Monthly
s14982,Emma Smith,26,Other,Germany,1/20/2021,Yearly
s14983,Arjun Clark,35,Male,Australia,8/21/2019,Yearly
s14984,Ethan Clark,29,Male,Germany,9/2/2020,Monthly
s14985,Arjun Davis,24,Male,India,12/27/2022,Yearly
s14986,Isabella Patel,62,Male,Germany,9/21/2019,Yearly
s14987,Lucas Moore,18,Female,USA,8/12/2022,Free
s14988,Liam Clark,18,Male,UK,12/24/2019,Monthly
s14989,Lucas Walker,36,Male,Germany,3/16/2020,Yearly
s14990,Ethan Singh,26,Female,USA,10/7/2020,Yearly
s14991,Isabella Taylor,25,Other,UK,10/13/2022,Yearly
s14992,Karan Lewis,38,Male,India,7/10/2019,Yearly
s14993,Mia Singh,18,Other,UK,10/15/2020,Monthly
s14994,Amelia Thomas,58,Female,Germany,12/21/2020,Monthly
s14995,Amelia Davis,50,Female,UK,8/15/2019,Free
s14996,Aanya Moore,20,Female,Canada,10/27/2019,Yearly
s14997,Meera Thomas,34,Other,USA,1/8/2019,Yearly
s14998,Ethan Taylor,34,Male,Australia,10/24/2021,Yearly
s14999,Vihaan Brown,24,Male,Germany,6/21/2019,Free
s15000,Ethan Sharma,20,Female,Germany,12/29/2021,Monthly
s15001,Olivia Lewis,19,Other,Canada,5/6/2022,Free
s15002,Sophia Clark,46,Other,Germany,11/19/2019,Monthly
s15003,Karan Johnson,20,Female,Canada,3/5/2020,Monthly
s15004,Ethan Johnson,56,Male,India,10/27/2020,Free
s15005,Noah Patel,22,Male,Canada,11/17/2020,Free
s15006,Aanya Lewis,44,Other,Australia,8/17/2021,Yearly
s15007,Ethan Taylor,23,Other,USA,11/27/2021,Yearly
s15008,Isabella Moore,22,Female,Canada,9/19/2020,Yearly
s15009,Lucas Johnson,18,Other,India,9/4/2021,Free
s15010,Aarav Anderson,54,Male,Germany,10/31/2022,Monthly
s15011,Benjamin Verma,39,Other,Canada,1/5/2019,Yearly
s15012,Ethan Moore,35,Other,Australia,1/2/2020,Free
s15013,Zara Johnson,26,Other,UK,3/4/2020,Free
s15014,Olivia Verma,19,Female,Germany,5/13/2020,Free
s15015,Noah Anderson,25,Female,UK,2/15/2021,Monthly
s15016,Lucas Thomas,31,Male,Australia,7/8/2020,Free
s15017,Emma Patel,18,Male,USA,10/14/2019,Monthly
s15018,Meera Verma,27,Male,Canada,9/22/2019,Free
s15019,Karan Walker,21,Female,Germany,1/5/2019,Monthly
s15020,Sophia Singh,24,Other,Germany,5/4/2022,Monthly
s15021,Eva Hall,21,Female,Australia,9/9/2021,Free
s15022,Emma Smith,26,Male,USA,10/16/2020,Monthly
s15023,Riya Taylor,19,Male,Germany,1/25/2020,Yearly
s15024,Eva Johnson,26,Other,USA,5/30/2022,Monthly
s15025,Riya Verma,21,Male,Germany,11/23/2022,Yearly
s15026,Sophia Brown,24,Male,USA,4/14/2020,Monthly
s15027,Aarav Verma,22,Other,Canada,9/18/2022,Yearly
s15028,Eva Miller,22,Other,USA,6/17/2019,Monthly
s15029,Mia Smith,31,Female,Germany,5/14/2019,Free
s15030,Aarav Verma,21,Male,India,1/15/2022,Monthly
s15031,Amelia Thomas,45,Other,UK,1/16/2022,Yearly
s15032,Ethan Wilson,45,Female,Canada,3/2/2019,Free
s15033,Liam Lee,26,Other,India,4/13/2022,Yearly
s15034,Isabella Brown,58,Other,USA,7/19/2021,Yearly
s15035,Arjun Smith,25,Male,Canada,1/10/2021,Yearly
s15036,Benjamin Anderson,19,Female,India,9/28/2020,Free
s15037,Ethan Davis,28,Female,Canada,2/27/2020,Free
s15038,Isabella Taylor,23,Female,UK,12/25/2019,Monthly
s15039,Emma Lee,32,Female,Australia,11/21/2021,Monthly
s15040,Eva Taylor,27,Other,USA,4/21/2020,Yearly
s15041,Mia Sharma,20,Female,UK,3/13/2019,Free
s15042,Aanya Martin,41,Female,USA,3/25/2022,Free
s15043,Eva Moore,27,Other,USA,5/9/2020,Monthly
s15044,Arjun Patel,52,Female,Canada,11/7/2019,Free
s15045,Sophia Sharma,21,Female,Germany,7/28/2021,Yearly
s15046,Isabella Hall,24,Other,Australia,3/19/2022,Yearly
s15047,Riya Sharma,34,Female,Australia,4/20/2020,Monthly
s15048,Vihaan Anderson,27,Female,Germany,6/28/2021,Free
s15049,Zara Davis,18,Other,Australia,2/6/2020,Free
s15050,Sophia Smith,19,Male,Canada,8/7/2020,Monthly
s15051,Karan Walker,23,Other,India,12/23/2021,Monthly
s15052,Vihaan Lewis,22,Other,Canada,9/25/2020,Free
s15053,Zara Smith,26,Other,USA,8/27/2021,Monthly
s15054,Emma Patel,24,Male,India,6/3/2019,Monthly
s15055,Eva Davis,26,Female,USA,5/30/2022,Yearly
s15056,Noah Walker,18,Female,USA,12/13/2021,Yearly
s15057,Sophia Brown,37,Female,Australia,12/17/2020,Monthly
s15058,Isabella Miller,27,Female,Germany,1/27/2019,Monthly
s15059,Benjamin Miller,27,Other,Germany,8/22/2020,Yearly
s15060,Noah Brown,29,Male,Australia,5/27/2019,Yearly
s15061,Benjamin Patel,19,Other,USA,10/22/2021,Monthly
s15062,Mia Patel,44,Male,Germany,7/13/2020,Yearly
s15063,Arjun Davis,27,Female,UK,5/9/2022,Free
s15064,Lucas Anderson,23,Other,Canada,10/15/2020,Free
s15065,Vihaan Davis,53,Female,USA,9/2/2019,Monthly
s15066,Mia Singh,21,Male,India,12/1/2021,Monthly
s15067,Eva Singh,19,Other,India,7/12/2022,Yearly
s15068,Arjun Lewis,22,Male,UK,11/21/2019,Free
s15069,Meera Sharma,44,Other,Canada,1/21/2022,Free
s15070,Benjamin Clark,25,Female,USA,1/7/2019,Free
s15071,Noah Lee,24,Female,UK,6/14/2021,Yearly
s15072,Benjamin Clark,41,Male,India,1/9/2019,Yearly
s15073,Ethan Moore,24,Other,Germany,5/23/2020,Free
s15074,Benjamin Smith,18,Other,UK,10/14/2022,Yearly
s15075,Isabella Davis,23,Male,UK,2/5/2020,Free
s15076,Riya Singh,58,Male,Australia,5/10/2020,Free
s15077,Arjun Davis,26,Male,Australia,11/14/2021,Monthly
s15078,Lucas Verma,21,Other,Australia,4/9/2021,Monthly
s15079,Isabella Smith,22,Male,Canada,11/1/2021,Monthly
s15080,Mia Walker,18,Other,Canada,8/13/2021,Free
s15081,Aanya Anderson,53,Female,UK,8/24/2019,Yearly
s15082,Noah Davis,25,Other,Germany,4/4/2019,Monthly
s15083,Sophia Smith,19,Other,Germany,11/5/2019,Yearly
s15084,Mia Thomas,49,Other,UK,12/16/2019,Yearly
s15085,Isabella Davis,20,Other,Australia,7/27/2020,Yearly
s15086,Aarav Moore,22,Female,India,3/23/2019,Free
s15087,Aarav Lewis,43,Other,Germany,12/4/2022,Monthly
s15088,Aanya Lewis,33,Other,India,9/13/2019,Yearly
s15089,Aanya Patel,58,Female,Germany,3/17/2019,Yearly
s15090,Liam Thomas,20,Other,Australia,9/25/2019,Yearly
s15091,Meera Wilson,26,Male,USA,4/24/2021,Free
s15092,Mia Taylor,30,Female,Germany,10/24/2019,Monthly
s15093,Ethan Hall,36,Female,Australia,7/7/2019,Yearly
s15094,Karan Wilson,35,Other,UK,12/13/2020,Yearly
s15095,Zara Moore,46,Other,Australia,3/25/2019,Free
s15096,Olivia Lee,21,Female,UK,11/18/2022,Yearly
s15097,Olivia Hall,19,Other,Australia,3/4/2020,Yearly
s15098,Meera Singh,58,Male,India,2/14/2019,Yearly
s15099,Mia Singh,24,Other,UK,6/27/2021,Yearly
s15100,Eva Martin,47,Female,India,7/2/2021,Yearly
s15101,Aarav Clark,27,Female,UK,2/14/2021,Monthly
s15102,Vihaan Sharma,49,Other,USA,6/11/2019,Free
s15103,Noah Taylor,37,Male,Australia,5/24/2020,Free
s15104,Ethan Walker,23,Female,Australia,1/8/2022,Free
s15105,Noah Singh,30,Female,Germany,1/8/2020,Free
s15106,Olivia Lewis,19,Other,UK,11/26/2021,Free
s15107,Aarav Patel,18,Female,Canada,8/19/2022,Yearly
s15108,Vihaan Taylor,32,Female,India,11/28/2022,Yearly
s15109,Sophia Lewis,35,Other,India,5/1/2021,Yearly
s15110,Vihaan Walker,35,Male,USA,7/21/2022,Yearly
s15111,Zara Martin,20,Other,USA,6/19/2022,Monthly
s15112,Amelia Thomas,23,Male,Canada,10/4/2019,Free
s15113,Lucas Singh,24,Other,UK,11/1/2020,Monthly
s15114,Riya Singh,50,Female,Australia,2/14/2020,Yearly
s15115,Vihaan Taylor,19,Female,USA,3/18/2020,Yearly
s15116,Noah Smith,23,Other,UK,7/9/2021,Monthly
s15117,Karan Moore,35,Male,Australia,9/4/2022,Monthly
s15118,Amelia Smith,31,Other,Australia,12/25/2021,Yearly
s15119,Aanya Taylor,61,Female,Germany,5/19/2021,Monthly
s15120,Vihaan Verma,18,Other,Australia,8/9/2020,Yearly
s15121,Riya Lee,27,Other,USA,12/10/2019,Yearly
s15122,Karan Miller,44,Male,India,12/1/2021,Free
s15123,Lucas Clark,19,Male,Canada,8/22/2020,Free
s15124,Isabella Johnson,66,Female,Canada,5/1/2022,Free
s15125,Mia Martin,25,Female,India,4/3/2021,Free
s15126,Lucas Hall,27,Other,UK,7/2/2022,Yearly
s15127,Arjun Wilson,29,Male,Canada,9/14/2021,Monthly
s15128,Arjun Lewis,25,Male,Australia,6/15/2020,Monthly
s15129,Eva Anderson,22,Other,USA,11/27/2020,Yearly
s15130,Meera Miller,65,Other,UK,1/14/2021,Monthly
s15131,Amelia Smith,20,Male,UK,8/3/2022,Free
s15132,Zara Martin,27,Female,UK,3/31/2022,Monthly
s15133,Arjun Singh,21,Other,Canada,5/23/2022,Yearly
s15134,Aanya Johnson,18,Male,Australia,11/22/2019,Free
s15135,Sophia Patel,32,Male,UK,12/10/2021,Yearly
s15136,Meera Clark,19,Female,USA,5/23/2022,Yearly
s15137,Ethan Patel,31,Other,Canada,11/26/2019,Yearly
s15138,Meera Wilson,36,Female,Germany,9/18/2020,Monthly
s15139,Noah Taylor,33,Female,Germany,7/1/2021,Yearly
s15140,Olivia Clark,19,Female,Canada,2/3/2021,Free
s15141,Aarav Patel,42,Other,USA,1/13/2021,Free
s15142,Aarav Martin,22,Female,UK,12/24/2021,Free
s15143,Isabella Martin,55,Female,Germany,10/24/2022,Monthly
s15144,Sophia Hall,54,Other,USA,9/11/2019,Monthly
s15145,Eva Wilson,45,Other,UK,2/10/2020,Monthly
s15146,Meera Singh,36,Other,Australia,4/7/2021,Free
s15147,Aarav Brown,20,Male,USA,4/22/2022,Monthly
s15148,Amelia Johnson,33,Male,USA,6/17/2020,Free
s15149,Eva Lewis,62,Female,India,5/29/2022,Monthly
s15150,Aanya Brown,46,Female,Canada,2/25/2020,Free
s15151,Emma Thomas,19,Female,Germany,8/21/2022,Monthly
s15152,Zara Singh,26,Male,Canada,9/9/2020,Yearly
s15153,Liam Smith,24,Female,India,5/16/2020,Free
s15154,Vihaan Walker,34,Other,UK,11/20/2022,Free
s15155,Sophia Taylor,23,Female,USA,9/20/2021,Monthly
s15156,Meera Singh,51,Female,UK,6/3/2019,Free
s15157,Ethan Clark,24,Other,Australia,3/20/2021,Free
s15158,Olivia Verma,27,Female,India,2/16/2020,Monthly
s15159,Zara Davis,58,Other,USA,7/29/2020,Yearly
s15160,Eva Brown,41,Male,Australia,4/9/2021,Monthly
s15161,Aarav Lee,23,Other,Australia,6/14/2022,Free
s15162,Aanya Clark,23,Female,India,11/11/2022,Yearly
s15163,Vihaan Sharma,43,Female,Germany,2/4/2020,Monthly
s15164,Ethan Patel,27,Female,USA,4/9/2020,Monthly
s15165,Lucas Wilson,29,Other,Germany,6/10/2021,Monthly
s15166,Meera Clark,18,Male,Germany,12/6/2022,Free
s15167,Isabella Johnson,30,Male,USA,2/12/2022,Yearly
s15168,Arjun Verma,60,Other,Germany,7/20/2019,Yearly
s15169,Zara Anderson,28,Male,India,1/16/2021,Free
s15170,Eva Wilson,18,Other,India,10/25/2020,Monthly
s15171,Noah Smith,26,Other,India,5/16/2021,Free
s15172,Vihaan Johnson,23,Female,USA,10/13/2020,Monthly
s15173,Meera Verma,19,Female,USA,10/19/2021,Monthly
s15174,Meera Singh,23,Other,UK,4/8/2021,Monthly
s15175,Sophia Lee,22,Male,Germany,11/25/2020,Free
s15176,Aarav Brown,66,Female,Australia,8/6/2021,Free
s15177,Noah Lewis,40,Other,India,9/20/2020,Monthly
s15178,Riya Walker,20,Male,USA,2/28/2022,Free
s15179,Zara Davis,19,Female,Australia,1/28/2021,Monthly
s15180,Noah Clark,26,Female,Germany,8/27/2022,Monthly
s15181,Emma Martin,29,Female,India,8/28/2020,Yearly
s15182,Amelia Wilson,24,Other,USA,12/4/2022,Free
s15183,Amelia Miller,20,Female,Australia,9/4/2021,Yearly
s15184,Eva Smith,37,Male,Germany,9/28/2022,Free
s15185,Eva Singh,24,Other,Australia,4/18/2020,Yearly
s15186,Isabella Patel,33,Female,Australia,12/26/2021,Yearly
s15187,Isabella Patel,27,Male,UK,8/3/2021,Free
s15188,Arjun Thomas,28,Male,Australia,4/19/2020,Yearly
s15189,Karan Sharma,42,Male,USA,11/7/2022,Yearly
s15190,Meera Martin,20,Male,India,9/2/2021,Yearly
s15191,Vihaan Smith,43,Male,USA,8/12/2022,Yearly
s15192,Zara Verma,19,Other,USA,12/17/2022,Free
s15193,Zara Walker,25,Male,UK,5/8/2022,Monthly
s15194,Sophia Singh,20,Female,Germany,1/29/2022,Free
s15195,Eva Smith,26,Female,Australia,4/2/2022,Monthly
s15196,Zara Lee,23,Other,Canada,2/2/2021,Yearly
s15197,Aanya Lee,49,Male,Canada,9/7/2019,Free
s15198,Isabella Anderson,44,Other,Canada,9/17/2022,Monthly
s15199,Liam Verma,27,Male,Canada,5/26/2020,Free
s15200,Amelia Davis,18,Male,UK,7/6/2022,Yearly
s15201,Noah Singh,20,Male,Germany,1/31/2022,Yearly
s15202,Meera Brown,27,Female,Canada,6/8/2021,Free
s15203,Vihaan Miller,25,Other,Canada,9/1/2021,Monthly
s15204,Emma Thomas,35,Male,Australia,3/1/2021,Yearly
s15205,Mia Thomas,19,Other,India,11/5/2022,Yearly
s15206,Noah Martin,29,Other,Australia,10/11/2019,Yearly
s15207,Mia Verma,60,Other,UK,5/21/2022,Free
s15208,Zara Moore,27,Male,USA,8/21/2022,Monthly
s15209,Liam Sharma,31,Female,Australia,6/2/2022,Yearly
s15210,Mia Johnson,33,Other,UK,11/3/2022,Yearly
s15211,Liam Patel,37,Other,Australia,3/15/2019,Monthly
s15212,Noah Smith,48,Male,Canada,12/23/2019,Free
s15213,Benjamin Singh,46,Female,UK,6/22/2022,Yearly
s15214,Riya Miller,18,Other,Australia,8/22/2022,Free
s15215,Mia Miller,21,Female,USA,5/12/2021,Monthly
s15216,Amelia Davis,28,Male,Canada,9/20/2020,Yearly
s15217,Amelia Moore,20,Female,Germany,8/2/2021,Monthly
s15218,Sophia Lewis,46,Other,Canada,2/25/2019,Yearly
s15219,Lucas Verma,20,Male,Australia,6/10/2020,Yearly
s15220,Ethan Lewis,22,Other,UK,8/18/2022,Yearly
s15221,Ethan Davis,23,Male,India,12/15/2022,Yearly
s15222,Aarav Brown,23,Female,Canada,11/23/2021,Free
s15223,Lucas Sharma,34,Female,Germany,3/13/2022,Yearly
s15224,Vihaan Wilson,34,Other,USA,7/2/2019,Yearly
s15225,Vihaan Martin,23,Male,USA,12/15/2022,Yearly
s15226,Vihaan Davis,44,Other,USA,1/1/2021,Yearly
s15227,Aanya Sharma,34,Other,Canada,4/16/2022,Yearly
s15228,Lucas Wilson,36,Other,USA,10/2/2020,Monthly
s15229,Olivia Lewis,57,Male,USA,2/13/2020,Yearly
s15230,Eva Martin,21,Female,India,5/23/2019,Yearly
s15231,Ethan Singh,28,Female,USA,1/5/2020,Free
s15232,Eva Lee,21,Female,India,3/10/2022,Monthly
s15233,Sophia Thomas,27,Other,Canada,2/1/2020,Free
s15234,Riya Johnson,38,Female,Australia,4/1/2022,Monthly
s15235,Ethan Clark,25,Other,UK,10/13/2022,Monthly
s15236,Benjamin Hall,22,Other,Germany,9/19/2019,Monthly
s15237,Noah Lee,48,Female,USA,3/8/2021,Monthly
s15238,Vihaan Verma,22,Other,UK,9/24/2019,Monthly
s15239,Emma Wilson,34,Female,Germany,1/7/2019,Yearly
s15240,Riya Anderson,66,Other,Canada,4/25/2019,Monthly
s15241,Aanya Thomas,31,Female,India,5/4/2019,Free
s15242,Eva Moore,33,Female,Australia,5/8/2022,Monthly
s15243,Emma Hall,36,Male,UK,10/3/2019,Free
s15244,Isabella Hall,43,Male,UK,2/1/2020,Monthly
s15245,Eva Verma,27,Male,Australia,8/20/2022,Free
s15246,Isabella Smith,26,Female,USA,10/23/2021,Free
s15247,Lucas Johnson,24,Female,Australia,7/26/2022,Monthly
s15248,Liam Verma,18,Female,Germany,3/7/2020,Yearly
s15249,Aanya Lee,39,Other,USA,2/11/2021,Yearly
s15250,Zara Verma,20,Male,USA,7/8/2021,Yearly
s15251,Eva Hall,24,Other,India,4/18/2022,Free
s15252,Noah Taylor,22,Other,Germany,12/19/2021,Free
s15253,Riya Clark,26,Other,Canada,9/14/2019,Monthly
s15254,Noah Thomas,22,Male,USA,12/29/2021,Yearly
s15255,Olivia Taylor,26,Male,Germany,1/2/2021,Monthly
s15256,Emma Wilson,21,Other,USA,7/30/2022,Free
s15257,Isabella Johnson,18,Female,USA,12/19/2021,Monthly
s15258,Arjun Anderson,66,Female,USA,8/9/2020,Monthly
s15259,Noah Martin,42,Male,Germany,2/21/2020,Free
s15260,Noah Lee,55,Female,India,10/8/2020,Yearly
s15261,Isabella Sharma,21,Female,Australia,6/10/2022,Yearly
s15262,Olivia Walker,24,Female,Canada,6/16/2022,Free
s15263,Emma Lee,36,Male,USA,11/15/2019,Yearly
s15264,Eva Patel,26,Female,UK,5/31/2020,Monthly
s15265,Amelia Hall,19,Other,USA,2/7/2022,Monthly
s15266,Aanya Hall,19,Female,India,1/25/2019,Yearly
s15267,Eva Davis,19,Female,Canada,5/5/2019,Monthly
s15268,Amelia Moore,23,Female,Germany,9/22/2021,Yearly
s15269,Eva Singh,21,Male,Germany,1/25/2021,Monthly
s15270,Amelia Hall,25,Male,Canada,3/2/2021,Yearly
s15271,Isabella Hall,25,Male,Canada,6/2/2021,Yearly
s15272,Benjamin Wilson,33,Female,Canada,5/20/2021,Yearly
s15273,Riya Davis,26,Other,India,3/2/2020,Monthly
s15274,Noah Davis,27,Other,India,8/30/2020,Free
s15275,Amelia Brown,22,Other,Germany,9/11/2020,Free
s15276,Olivia Thomas,23,Other,Germany,6/27/2021,Monthly
s15277,Aarav Clark,27,Female,Australia,8/21/2021,Free
s15278,Benjamin Taylor,20,Male,India,5/12/2020,Yearly
s15279,Vihaan Lewis,40,Male,Australia,12/15/2021,Monthly
s15280,Amelia Wilson,22,Male,Australia,1/9/2021,Monthly
s15281,Meera Johnson,21,Male,Germany,9/10/2021,Monthly
s15282,Lucas Singh,34,Female,Canada,9/24/2020,Yearly
s15283,Eva Martin,39,Male,Australia,10/14/2019,Monthly
s15284,Aanya Lewis,22,Male,India,4/7/2020,Free
s15285,Isabella Thomas,66,Female,India,8/6/2021,Monthly
s15286,Arjun Sharma,27,Other,UK,11/12/2019,Yearly
s15287,Aarav Davis,40,Female,Germany,9/3/2021,Yearly
s15288,Mia Moore,25,Male,UK,7/13/2022,Yearly
s15289,Isabella Smith,18,Other,UK,5/29/2020,Yearly
s15290,Liam Verma,18,Female,Australia,3/10/2022,Monthly
s15291,Aanya Smith,23,Female,Germany,1/1/2021,Monthly
s15292,Lucas Miller,23,Female,USA,1/29/2021,Yearly
s15293,Aanya Moore,20,Female,Canada,5/11/2022,Yearly
s15294,Benjamin Moore,33,Female,Australia,10/20/2022,Monthly
s15295,Aarav Lewis,26,Male,Canada,8/16/2020,Monthly
s15296,Noah Lee,19,Other,Germany,3/19/2020,Free
s15297,Aanya Patel,32,Male,Canada,11/20/2020,Yearly
s15298,Noah Taylor,44,Male,Canada,7/30/2021,Yearly
s15299,Olivia Anderson,45,Female,Canada,8/10/2020,Yearly
s15300,Zara Taylor,27,Male,Australia,5/26/2019,Monthly
s15301,Emma Johnson,19,Male,Canada,7/22/2022,Yearly
s15302,Benjamin Taylor,28,Other,Canada,1/17/2022,Yearly
s15303,Aanya Miller,21,Male,Canada,1/4/2020,Yearly
s15304,Isabella Lewis,19,Other,Canada,9/5/2021,Free
s15305,Eva Walker,25,Female,UK,11/26/2021,Free
s15306,Ethan Taylor,23,Male,Germany,2/25/2022,Monthly
s15307,Noah Patel,19,Other,Germany,5/21/2021,Monthly
s15308,Aarav Brown,47,Female,USA,12/17/2021,Monthly
s15309,Aarav Thomas,18,Other,Germany,11/7/2022,Free
s15310,Ethan Sharma,21,Female,Canada,7/23/2021,Yearly
s15311,Aarav Lewis,25,Other,USA,6/3/2019,Monthly
s15312,Emma Hall,22,Other,India,11/9/2022,Yearly
s15313,Lucas Lewis,64,Other,USA,4/5/2021,Yearly
s15314,Isabella Patel,23,Male,UK,2/11/2021,Monthly
s15315,Noah Lee,21,Other,India,6/26/2021,Monthly
s15316,Ethan Anderson,19,Male,UK,10/11/2021,Yearly
s15317,Sophia Hall,20,Male,UK,5/19/2022,Monthly
s15318,Olivia Taylor,23,Other,USA,3/6/2020,Monthly
s15319,Lucas Anderson,40,Female,USA,5/4/2022,Yearly
s15320,Arjun Taylor,29,Other,USA,7/8/2022,Yearly
s15321,Vihaan Moore,33,Male,UK,8/31/2020,Monthly
s15322,Riya Thomas,24,Female,Australia,3/20/2019,Monthly
s15323,Noah Moore,25,Female,India,12/6/2022,Monthly
s15324,Noah Taylor,23,Other,Germany,2/12/2019,Monthly
s15325,Isabella Johnson,23,Male,India,5/12/2022,Free
s15326,Ethan Smith,46,Male,Canada,6/28/2019,Monthly
s15327,Karan Martin,27,Female,Australia,12/28/2022,Yearly
s15328,Aanya Verma,25,Male,Canada,6/18/2020,Yearly
s15329,Ethan Martin,37,Other,Germany,8/23/2022,Yearly
s15330,Benjamin Martin,23,Other,UK,4/22/2019,Monthly
s15331,Isabella Smith,28,Male,USA,12/13/2021,Yearly
s15332,Karan Walker,20,Other,USA,4/14/2022,Free
s15333,Benjamin Lewis,38,Male,UK,6/13/2021,Monthly
s15334,Zara Moore,23,Other,USA,5/21/2021,Yearly
s15335,Noah Sharma,20,Female,Canada,7/18/2021,Free
s15336,Noah Walker,42,Other,Australia,10/6/2021,Free
s15337,Meera Patel,34,Other,India,4/25/2021,Yearly
s15338,Arjun Clark,29,Female,Canada,11/27/2022,Yearly
s15339,Sophia Clark,22,Other,UK,6/24/2020,Free
s15340,Emma Lewis,23,Female,USA,3/28/2020,Yearly
s15341,Emma Anderson,59,Female,Germany,9/5/2019,Free
s15342,Benjamin Verma,24,Male,USA,9/6/2022,Free
s15343,Olivia Clark,43,Female,Canada,9/19/2022,Monthly
s15344,Mia Johnson,64,Male,USA,1/17/2019,Monthly
s15345,Mia Verma,34,Other,India,1/6/2019,Monthly
s15346,Olivia Brown,43,Male,Canada,9/23/2022,Free
s15347,Eva Anderson,24,Female,India,1/7/2021,Yearly
s15348,Amelia Sharma,18,Female,USA,7/21/2020,Monthly
s15349,Ethan Wilson,23,Other,Australia,8/15/2020,Monthly
s15350,Emma Verma,25,Other,Germany,2/16/2020,Free
s15351,Noah Sharma,31,Female,USA,8/30/2022,Monthly
s15352,Lucas Davis,26,Other,Canada,10/28/2021,Yearly
s15353,Meera Taylor,19,Other,Canada,11/5/2020,Monthly
s15354,Isabella Taylor,30,Other,Germany,2/27/2021,Yearly
s15355,Isabella Lee,20,Other,India,4/25/2020,Yearly
s15356,Aanya Patel,30,Other,Australia,9/30/2020,Free
s15357,Vihaan Martin,44,Female,India,12/27/2022,Yearly
s15358,Sophia Wilson,34,Male,Australia,4/3/2022,Monthly
s15359,Arjun Walker,32,Other,Germany,8/29/2022,Yearly
s15360,Emma Singh,19,Other,India,3/26/2019,Free
s15361,Amelia Taylor,38,Male,UK,9/19/2021,Monthly
s15362,Riya Lee,19,Other,Germany,12/17/2019,Yearly
s15363,Arjun Lewis,67,Other,USA,7/10/2022,Yearly
s15364,Olivia Anderson,25,Other,India,5/1/2021,Monthly
s15365,Aanya Lewis,23,Female,Australia,12/15/2021,Monthly
s15366,Sophia Anderson,19,Female,India,12/26/2022,Yearly
s15367,Vihaan Taylor,21,Female,UK,3/27/2020,Yearly
s15368,Liam Wilson,24,Female,UK,3/9/2020,Yearly
s15369,Ethan Patel,46,Other,Australia,1/2/2020,Free
s15370,Mia Singh,49,Male,India,12/21/2019,Yearly
s15371,Arjun Walker,23,Other,USA,8/29/2021,Free
s15372,Aarav Brown,48,Other,Canada,9/24/2020,Free
s15373,Arjun Smith,47,Female,Germany,10/14/2021,Monthly
s15374,Meera Moore,45,Female,USA,12/17/2022,Yearly
s15375,Lucas Singh,25,Female,USA,2/12/2022,Free
s15376,Emma Lewis,23,Female,India,9/28/2019,Free
s15377,Eva Sharma,21,Other,USA,10/29/2021,Monthly
s15378,Meera Smith,18,Male,Canada,6/18/2021,Monthly
s15379,Aarav Brown,47,Other,Australia,4/29/2022,Free
s15380,Sophia Thomas,25,Other,UK,7/13/2021,Monthly
s15381,Benjamin Moore,27,Female,India,12/1/2019,Monthly
s15382,Arjun Brown,37,Other,UK,9/3/2020,Free
s15383,Sophia Brown,22,Male,Australia,11/21/2021,Free
s15384,Aarav Hall,65,Male,Germany,4/22/2020,Yearly
s15385,Karan Moore,19,Male,Germany,3/18/2020,Monthly
s15386,Sophia Clark,40,Female,Germany,3/17/2021,Yearly
s15387,Vihaan Singh,27,Female,Canada,5/4/2022,Monthly
s15388,Karan Hall,23,Other,UK,1/26/2019,Monthly
s15389,Meera Taylor,23,Female,Germany,5/13/2021,Free
s15390,Arjun Lee,51,Male,Germany,11/11/2022,Free
s15391,Emma Lewis,24,Female,UK,4/17/2020,Monthly
s15392,Meera Anderson,22,Other,Germany,6/4/2022,Yearly
s15393,Aanya Wilson,19,Other,Australia,9/15/2019,Free
s15394,Liam Davis,25,Other,UK,8/29/2022,Free
s15395,Vihaan Clark,22,Male,USA,2/16/2019,Monthly
s15396,Karan Taylor,22,Other,India,8/3/2019,Yearly
s15397,Noah Brown,21,Female,Australia,4/21/2020,Yearly
s15398,Zara Johnson,26,Female,Germany,2/22/2022,Free
s15399,Zara Walker,23,Male,UK,9/5/2022,Monthly
s15400,Noah Verma,43,Male,USA,6/2/2022,Yearly
s15401,Noah Lee,24,Other,India,10/5/2019,Monthly
s15402,Aarav Taylor,47,Female,USA,6/7/2020,Free
s15403,Olivia Wilson,18,Other,UK,4/26/2019,Monthly
s15404,Benjamin Sharma,21,Male,India,5/9/2019,Yearly
s15405,Aanya Johnson,47,Male,Australia,5/18/2019,Yearly
s15406,Meera Singh,66,Female,India,4/22/2020,Monthly
s15407,Mia Singh,49,Male,USA,5/24/2019,Monthly
s15408,Emma Taylor,20,Other,UK,5/28/2022,Monthly
s15409,Emma Singh,38,Female,India,12/4/2021,Monthly
s15410,Benjamin Sharma,26,Male,Canada,4/15/2021,Free
s15411,Zara Lewis,43,Male,USA,10/26/2019,Yearly
s15412,Vihaan Wilson,18,Male,USA,10/26/2019,Yearly
s15413,Riya Sharma,31,Female,India,1/30/2022,Yearly
s15414,Riya Lewis,57,Female,Canada,2/9/2020,Yearly
s15415,Isabella Smith,21,Female,USA,7/6/2021,Free
s15416,Benjamin Johnson,22,Male,Germany,11/29/2021,Free
s15417,Arjun Lewis,26,Male,USA,6/17/2019,Monthly
s15418,Ethan Davis,47,Other,USA,8/15/2021,Yearly
s15419,Riya Taylor,22,Female,India,3/8/2020,Yearly
s15420,Aarav Davis,28,Female,Australia,4/15/2020,Free
s15421,Sophia Brown,20,Other,USA,9/17/2022,Free
s15422,Benjamin Smith,40,Male,UK,10/20/2020,Yearly
s15423,Aanya Davis,39,Other,Germany,3/15/2021,Yearly
s15424,Amelia Anderson,53,Male,Germany,7/20/2022,Yearly
s15425,Meera Miller,26,Other,UK,4/3/2022,Free
s15426,Eva Davis,20,Other,USA,2/9/2020,Monthly
s15427,Isabella Moore,27,Other,Canada,1/31/2021,Yearly
s15428,Arjun Taylor,23,Male,USA,4/15/2020,Yearly
s15429,Noah Verma,20,Other,India,12/22/2021,Monthly
s15430,Karan Thomas,38,Female,USA,2/19/2019,Monthly
s15431,Eva Anderson,18,Male,Australia,8/17/2019,Monthly
s15432,Riya Taylor,28,Female,Canada,1/27/2022,Yearly
s15433,Emma Hall,26,Female,UK,8/6/2022,Yearly
s15434,Amelia Singh,19,Other,Canada,3/29/2021,Free
s15435,Amelia Brown,33,Other,India,6/4/2019,Yearly
s15436,Lucas Taylor,61,Female,USA,7/23/2022,Yearly
s15437,Karan Patel,32,Male,Canada,11/11/2022,Free
s15438,Aarav Anderson,19,Male,Australia,5/30/2019,Monthly
s15439,Sophia Martin,46,Female,Australia,4/7/2021,Yearly
s15440,Aarav Walker,22,Female,Canada,1/25/2019,Free
s15441,Vihaan Johnson,47,Male,USA,4/22/2021,Monthly
s15442,Isabella Singh,27,Male,Germany,4/2/2022,Monthly
s15443,Mia Johnson,18,Male,Germany,2/24/2022,Monthly
s15444,Riya Lewis,37,Other,Germany,5/20/2020,Monthly
s15445,Karan Walker,27,Female,Canada,7/11/2021,Yearly
s15446,Mia Anderson,44,Other,Canada,5/22/2022,Yearly
s15447,Zara Clark,54,Other,UK,12/31/2020,Monthly
s15448,Noah Clark,47,Other,UK,11/6/2022,Free
s15449,Amelia Johnson,30,Male,Canada,4/7/2021,Yearly
s15450,Lucas Miller,23,Other,Australia,3/28/2021,Free
s15451,Karan Taylor,21,Female,Canada,12/13/2021,Free
s15452,Emma Walker,21,Male,USA,2/24/2021,Free
s15453,Karan Sharma,19,Female,Canada,1/5/2022,Yearly
s15454,Benjamin Singh,28,Other,Australia,12/3/2019,Free
s15455,Isabella Wilson,46,Male,UK,7/9/2021,Monthly
s15456,Lucas Taylor,39,Female,Germany,5/24/2019,Free
s15457,Isabella Singh,23,Other,Australia,11/5/2021,Monthly
s15458,Arjun Clark,64,Female,USA,8/31/2021,Yearly
s15459,Ethan Verma,64,Other,Germany,4/21/2020,Monthly
s15460,Lucas Lee,45,Male,India,11/19/2022,Monthly
s15461,Ethan Verma,40,Male,India,10/17/2021,Monthly
s15462,Olivia Clark,31,Male,UK,7/29/2021,Yearly
s15463,Vihaan Clark,23,Other,UK,11/8/2022,Free
s15464,Amelia Moore,22,Other,Australia,4/7/2021,Yearly
s15465,Meera Wilson,47,Male,Australia,6/25/2021,Yearly
s15466,Noah Thomas,24,Male,UK,3/13/2020,Yearly
s15467,Arjun Miller,52,Female,Germany,12/31/2021,Monthly
s15468,Mia Wilson,26,Female,Canada,9/8/2020,Monthly
s15469,Emma Smith,19,Male,Canada,8/1/2022,Yearly
s15470,Ethan Davis,18,Other,Germany,1/6/2019,Yearly
s15471,Liam Brown,19,Female,Germany,1/22/2019,Yearly
s15472,Lucas Thomas,23,Other,Germany,10/31/2019,Monthly
s15473,Aarav Lewis,27,Female,USA,9/14/2020,Monthly
s15474,Aarav Hall,35,Male,Canada,7/21/2019,Monthly
s15475,Vihaan Thomas,22,Female,India,10/24/2021,Free
s15476,Emma Anderson,25,Female,UK,4/21/2022,Free
s15477,Mia Walker,53,Male,Germany,8/30/2020,Yearly
s15478,Amelia Thomas,23,Other,Canada,6/27/2021,Free
s15479,Riya Thomas,18,Male,Germany,8/30/2021,Free
s15480,Arjun Patel,21,Female,Germany,4/4/2022,Yearly
s15481,Vihaan Walker,54,Other,USA,3/10/2021,Yearly
s15482,Arjun Verma,32,Other,UK,10/31/2021,Yearly
s15483,Meera Smith,19,Other,USA,6/29/2020,Free
s15484,Ethan Thomas,51,Other,Canada,11/27/2019,Free
s15485,Eva Walker,55,Other,India,2/14/2021,Yearly
s15486,Arjun Miller,25,Female,Canada,7/12/2019,Yearly
s15487,Amelia Sharma,24,Male,Germany,1/17/2020,Free
s15488,Zara Miller,34,Other,India,12/4/2020,Monthly
s15489,Aarav Patel,23,Female,Australia,12/30/2022,Yearly
s15490,Meera Lee,45,Other,Australia,3/10/2019,Yearly
s15491,Isabella Lewis,35,Female,UK,11/20/2022,Free
s15492,Noah Thomas,21,Other,Canada,9/4/2019,Free
s15493,Eva Lee,19,Female,Canada,7/7/2022,Monthly
s15494,Vihaan Singh,41,Male,Canada,7/11/2019,Monthly
s15495,Ethan Taylor,31,Other,Germany,8/9/2020,Yearly
s15496,Noah Anderson,22,Other,USA,7/14/2021,Yearly
s15497,Lucas Sharma,42,Other,Germany,5/2/2019,Monthly
s15498,Mia Sharma,28,Other,India,10/6/2022,Monthly
s15499,Emma Johnson,34,Female,Canada,7/19/2020,Monthly
s15500,Olivia Smith,27,Male,India,2/24/2020,Free
s15501,Vihaan Thomas,45,Male,India,1/31/2019,Monthly
s15502,Karan Lewis,45,Other,Canada,9/5/2019,Yearly
s15503,Emma Sharma,21,Male,India,1/23/2021,Free
s15504,Noah Clark,47,Other,India,7/19/2022,Yearly
s15505,Zara Brown,20,Female,Germany,8/11/2019,Free
s15506,Eva Wilson,21,Male,Australia,4/27/2021,Free
s15507,Arjun Walker,41,Other,Germany,4/15/2020,Monthly
s15508,Mia Patel,22,Other,Germany,9/15/2022,Free
s15509,Noah Walker,26,Other,Germany,9/8/2022,Free
s15510,Aarav Patel,37,Female,UK,11/27/2021,Monthly
s15511,Isabella Brown,39,Male,Germany,1/22/2021,Yearly
s15512,Meera Martin,25,Other,UK,9/30/2021,Yearly
s15513,Eva Patel,53,Female,UK,5/31/2021,Monthly
s15514,Vihaan Davis,23,Male,Australia,8/4/2019,Free
s15515,Mia Johnson,65,Other,Australia,1/12/2019,Yearly
s15516,Isabella Martin,19,Female,UK,10/2/2020,Monthly
s15517,Sophia Wilson,24,Male,Canada,3/7/2020,Free
s15518,Vihaan Smith,26,Other,Germany,12/17/2020,Monthly
s15519,Lucas Moore,43,Female,Australia,4/30/2022,Free
s15520,Zara Patel,45,Female,USA,5/16/2022,Yearly
s15521,Olivia Sharma,27,Other,UK,2/8/2022,Free
s15522,Amelia Moore,47,Male,Canada,12/11/2022,Free
s15523,Isabella Lewis,50,Female,India,12/26/2022,Yearly
s15524,Meera Johnson,19,Female,Canada,7/21/2022,Free
s15525,Isabella Davis,46,Female,India,11/27/2022,Monthly
s15526,Vihaan Verma,25,Other,India,12/25/2022,Free
s15527,Amelia Walker,18,Other,Germany,1/2/2020,Free
s15528,Olivia Verma,24,Male,USA,9/23/2021,Monthly
s15529,Zara Taylor,38,Female,Canada,2/9/2019,Monthly
s15530,Aanya Sharma,19,Male,Canada,1/7/2019,Yearly
s15531,Lucas Davis,20,Male,India,11/19/2022,Monthly
s15532,Riya Davis,31,Male,Canada,3/12/2020,Monthly
s15533,Benjamin Moore,18,Other,Germany,7/21/2019,Free
s15534,Emma Singh,31,Male,USA,3/30/2021,Monthly
s15535,Aarav Anderson,34,Other,USA,10/23/2021,Yearly
s15536,Ethan Verma,18,Other,Germany,1/27/2021,Free
s15537,Lucas Moore,25,Other,UK,9/19/2020,Yearly
s15538,Isabella Singh,28,Male,Canada,5/5/2022,Yearly
s15539,Aarav Sharma,21,Other,Australia,3/26/2021,Yearly
s15540,Mia Walker,38,Other,UK,12/3/2021,Yearly
s15541,Riya Clark,20,Male,India,1/3/2019,Free
s15542,Lucas Lee,26,Male,Australia,9/17/2022,Free
s15543,Zara Taylor,20,Male,Canada,7/26/2022,Monthly
s15544,Zara Taylor,21,Male,Australia,6/26/2019,Yearly
s15545,Aarav Martin,27,Other,Germany,8/25/2020,Free
s15546,Ethan Walker,56,Other,UK,3/30/2019,Monthly
s15547,Meera Walker,21,Female,Australia,8/10/2022,Monthly
s15548,Isabella Thomas,23,Other,Canada,7/7/2020,Yearly
s15549,Amelia Smith,21,Male,India,5/26/2019,Free
s15550,Meera Miller,20,Male,UK,1/8/2020,Yearly
s15551,Olivia Davis,67,Male,USA,7/26/2021,Yearly
s15552,Aanya Lewis,21,Male,USA,5/4/2021,Monthly
s15553,Ethan Lewis,21,Male,Canada,12/12/2020,Free
s15554,Benjamin Wilson,19,Male,India,7/8/2019,Yearly
s15555,Lucas Davis,23,Other,UK,5/6/2020,Monthly
s15556,Ethan Smith,29,Male,UK,1/3/2021,Yearly
s15557,Liam Singh,43,Male,Germany,12/5/2019,Yearly
s15558,Ethan Moore,26,Male,UK,6/7/2019,Monthly
s15559,Lucas Thomas,19,Other,Germany,12/25/2022,Yearly
s15560,Lucas Brown,29,Other,Canada,12/16/2022,Yearly
s15561,Eva Martin,29,Female,Germany,4/6/2022,Yearly
s15562,Mia Walker,25,Female,Canada,6/10/2021,Monthly
s15563,Arjun Wilson,65,Male,UK,5/24/2020,Yearly
s15564,Zara Miller,40,Male,UK,8/27/2022,Yearly
s15565,Aanya Taylor,19,Other,USA,5/25/2021,Monthly
s15566,Noah Smith,18,Other,Canada,4/28/2019,Free
s15567,Isabella Smith,27,Male,UK,1/5/2022,Yearly
s15568,Aanya Smith,38,Other,Australia,1/12/2019,Free
s15569,Benjamin Brown,39,Other,India,9/28/2020,Free
s15570,Arjun Sharma,58,Other,UK,11/1/2021,Monthly
s15571,Aarav Smith,27,Male,India,7/3/2021,Yearly
s15572,Arjun Thomas,23,Female,Australia,3/21/2021,Free
s15573,Arjun Walker,38,Other,Germany,1/14/2020,Monthly
s15574,Zara Moore,39,Other,Canada,4/22/2020,Yearly
s15575,Zara Singh,23,Male,Canada,6/5/2022,Monthly
s15576,Vihaan Lewis,25,Other,India,6/16/2022,Yearly
s15577,Riya Moore,26,Male,Australia,2/11/2022,Monthly
s15578,Karan Smith,38,Male,Germany,1/4/2021,Monthly
s15579,Sophia Thomas,31,Other,USA,3/5/2022,Free
s15580,Benjamin Walker,63,Male,India,11/13/2022,Monthly
s15581,Isabella Taylor,43,Female,India,10/16/2019,Yearly
s15582,Lucas Lee,21,Male,UK,6/4/2019,Free
s15583,Aarav Miller,22,Male,Canada,4/9/2021,Yearly
s15584,Mia Johnson,21,Male,USA,5/21/2022,Monthly
s15585,Emma Thomas,67,Male,Germany,2/27/2019,Yearly
s15586,Arjun Moore,22,Female,Canada,10/1/2021,Free
s15587,Lucas Verma,18,Male,USA,11/30/2020,Monthly
s15588,Benjamin Lewis,20,Female,UK,10/18/2021,Monthly
s15589,Riya Taylor,19,Other,UK,8/17/2019,Yearly
s15590,Meera Verma,24,Male,UK,9/16/2019,Free
s15591,Aarav Verma,41,Other,India,8/5/2020,Yearly
s15592,Aarav Taylor,20,Female,USA,1/9/2020,Free
s15593,Vihaan Verma,40,Male,Australia,6/27/2019,Monthly
s15594,Karan Brown,18,Female,India,12/13/2019,Yearly
s15595,Emma Miller,37,Male,Germany,10/31/2019,Monthly
s15596,Meera Patel,46,Female,Australia,12/2/2019,Free
s15597,Aanya Singh,50,Male,Australia,12/16/2022,Yearly
s15598,Olivia Clark,57,Other,USA,3/11/2022,Free
s15599,Meera Lewis,43,Other,Canada,12/8/2019,Yearly
s15600,Zara Taylor,29,Male,India,4/16/2021,Monthly
s15601,Isabella Miller,19,Female,UK,9/23/2019,Free
s15602,Liam Patel,19,Male,USA,10/7/2020,Free
s15603,Meera Johnson,25,Other,Canada,5/3/2020,Free
s15604,Noah Anderson,20,Male,Australia,9/15/2022,Free
s15605,Mia Lee,46,Male,UK,5/11/2019,Yearly
s15606,Meera Wilson,24,Male,USA,1/21/2020,Free
s15607,Emma Thomas,23,Female,India,8/30/2020,Yearly
s15608,Emma Thomas,28,Female,Canada,9/17/2021,Monthly
s15609,Emma Brown,23,Female,UK,4/4/2022,Yearly
s15610,Arjun Hall,61,Female,India,12/13/2019,Free
s15611,Liam Singh,34,Other,Canada,10/6/2021,Monthly
s15612,Olivia Moore,37,Other,Canada,11/30/2020,Free
s15613,Aanya Verma,25,Other,Germany,4/18/2021,Monthly
s15614,Amelia Davis,22,Other,India,3/25/2019,Free
s15615,Karan Davis,38,Other,USA,10/5/2020,Free
s15616,Riya Martin,23,Male,Germany,4/21/2020,Monthly
s15617,Emma Taylor,18,Male,Australia,4/21/2019,Monthly
s15618,Olivia Hall,28,Other,Canada,3/26/2022,Free
s15619,Emma Thomas,39,Male,Germany,1/3/2019,Free
s15620,Meera Brown,53,Other,Canada,10/13/2022,Monthly
s15621,Meera Davis,32,Other,UK,4/7/2022,Free
s15622,Arjun Lee,29,Other,India,8/22/2019,Monthly
s15623,Mia Brown,38,Female,Australia,7/15/2019,Free
s15624,Ethan Taylor,37,Male,Canada,5/3/2022,Yearly
s15625,Olivia Davis,43,Male,USA,2/27/2019,Monthly
s15626,Riya Taylor,43,Male,Germany,11/18/2020,Free
s15627,Isabella Sharma,22,Female,Canada,4/10/2019,Yearly
s15628,Mia Taylor,27,Male,Australia,9/9/2020,Yearly
s15629,Emma Taylor,43,Female,India,4/11/2021,Free
s15630,Mia Johnson,18,Male,India,7/23/2022,Free
s15631,Riya Johnson,31,Other,Australia,2/6/2021,Yearly
s15632,Mia Wilson,18,Female,India,5/25/2022,Free
s15633,Isabella Singh,45,Other,Germany,10/21/2020,Yearly
s15634,Ethan Clark,25,Male,Australia,3/31/2022,Monthly
s15635,Meera Davis,32,Female,Australia,1/21/2020,Monthly
s15636,Arjun Smith,53,Other,Australia,9/2/2019,Yearly
s15637,Riya Davis,34,Male,Canada,3/20/2020,Monthly
s15638,Benjamin Lee,47,Female,Germany,4/1/2019,Monthly
s15639,Meera Anderson,26,Male,Canada,12/2/2021,Monthly
s15640,Meera Johnson,30,Female,UK,1/9/2019,Free
s15641,Aarav Martin,18,Female,Australia,2/4/2022,Monthly
s15642,Eva Sharma,20,Female,Germany,5/8/2019,Yearly
s15643,Aarav Patel,41,Male,Germany,7/12/2021,Free
s15644,Arjun Anderson,31,Other,USA,4/8/2021,Yearly
s15645,Noah Verma,28,Male,Australia,3/4/2020,Free
s15646,Lucas Patel,26,Female,India,2/3/2020,Free
s15647,Zara Johnson,28,Other,UK,2/28/2022,Free
s15648,Mia Singh,60,Female,USA,7/4/2022,Monthly
s15649,Noah Hall,32,Other,Germany,11/19/2021,Yearly
s15650,Zara Miller,19,Male,Germany,10/17/2021,Monthly
s15651,Emma Hall,65,Male,India,1/19/2019,Free
s15652,Noah Martin,32,Male,UK,7/12/2020,Monthly
s15653,Aanya Davis,26,Female,Canada,12/29/2019,Free
s15654,Benjamin Davis,27,Other,UK,10/5/2019,Yearly
s15655,Vihaan Wilson,20,Male,Australia,11/16/2019,Monthly
s15656,Vihaan Patel,19,Other,Germany,7/12/2022,Yearly
s15657,Karan Verma,63,Male,UK,8/31/2020,Yearly
s15658,Isabella Hall,35,Male,UK,3/31/2019,Monthly
s15659,Lucas Anderson,27,Other,Germany,9/29/2022,Yearly
s15660,Vihaan Sharma,23,Male,Germany,2/19/2021,Free
s15661,Noah Wilson,27,Male,Australia,5/7/2019,Yearly
s15662,Aarav Anderson,19,Other,Australia,3/29/2020,Free
s15663,Arjun Lewis,19,Other,India,4/28/2021,Yearly
s15664,Isabella Sharma,21,Other,Germany,10/4/2021,Yearly
s15665,Vihaan Smith,18,Male,Germany,7/7/2022,Monthly
s15666,Mia Smith,66,Male,Canada,3/17/2019,Free
s15667,Aarav Davis,23,Other,USA,5/12/2019,Yearly
s15668,Liam Martin,26,Male,Canada,9/9/2019,Monthly
s15669,Arjun Brown,24,Other,Germany,6/3/2022,Free
s15670,Olivia Patel,49,Female,UK,4/17/2019,Monthly
s15671,Karan Miller,27,Other,Canada,9/28/2019,Yearly
s15672,Amelia Miller,23,Male,Germany,9/3/2020,Yearly
s15673,Karan Taylor,19,Male,Germany,4/10/2020,Yearly
s15674,Vihaan Clark,37,Female,USA,3/4/2022,Free
s15675,Lucas Moore,18,Other,Australia,9/27/2021,Monthly
s15676,Olivia Clark,20,Other,UK,10/16/2021,Monthly
s15677,Isabella Johnson,22,Other,Australia,1/11/2020,Yearly
s15678,Zara Moore,21,Female,Canada,2/12/2020,Free
s15679,Mia Clark,26,Female,Canada,9/9/2021,Free
s15680,Eva Patel,24,Other,UK,1/28/2021,Monthly
s15681,Ethan Moore,27,Other,Canada,10/20/2020,Yearly
s15682,Zara Hall,22,Male,UK,3/29/2020,Monthly
s15683,Meera Johnson,55,Other,USA,12/25/2020,Monthly
s15684,Benjamin Miller,29,Other,Germany,11/23/2022,Yearly
s15685,Eva Moore,24,Other,Canada,5/31/2022,Free
s15686,Vihaan Davis,27,Other,Canada,6/15/2021,Monthly
s15687,Arjun Walker,50,Male,Germany,11/14/2021,Yearly
s15688,Noah Lewis,45,Other,Canada,5/30/2022,Free
s15689,Zara Taylor,25,Male,India,3/11/2019,Monthly
s15690,Sophia Brown,21,Other,UK,9/2/2020,Monthly
s15691,Eva Hall,18,Male,UK,10/10/2020,Free
s15692,Arjun Davis,22,Other,Australia,10/25/2019,Yearly
s15693,Emma Johnson,22,Female,India,6/20/2022,Yearly
s15694,Eva Martin,45,Male,UK,12/8/2022,Monthly
s15695,Amelia Thomas,39,Male,Germany,12/24/2020,Yearly
s15696,Aanya Wilson,52,Female,Canada,6/12/2022,Free
s15697,Zara Sharma,21,Other,Canada,10/4/2020,Monthly
s15698,Riya Walker,18,Other,UK,10/4/2019,Free
s15699,Zara Thomas,19,Other,UK,11/1/2019,Yearly
s15700,Amelia Anderson,53,Female,Australia,4/4/2020,Free
s15701,Arjun Verma,25,Male,Australia,1/5/2021,Monthly
s15702,Amelia Smith,18,Female,UK,12/19/2019,Free
s15703,Isabella Miller,25,Female,Germany,1/25/2022,Monthly
s15704,Emma Martin,27,Male,Germany,3/13/2019,Yearly
s15705,Amelia Wilson,27,Male,USA,10/1/2019,Yearly
s15706,Karan Davis,26,Male,UK,12/28/2021,Yearly
s15707,Arjun Miller,19,Other,Canada,12/10/2019,Monthly
s15708,Aarav Thomas,23,Male,Canada,6/23/2020,Yearly
s15709,Zara Wilson,26,Female,UK,11/14/2021,Yearly
s15710,Meera Johnson,49,Male,UK,3/16/2021,Monthly
s15711,Zara Johnson,43,Other,Germany,2/7/2019,Monthly
s15712,Aarav Miller,27,Female,Australia,10/16/2019,Monthly
s15713,Vihaan Miller,37,Male,Australia,5/16/2020,Monthly
s15714,Eva Smith,33,Other,Canada,5/9/2021,Monthly
s15715,Zara Verma,20,Other,USA,12/25/2019,Free
s15716,Amelia Sharma,31,Female,Canada,1/14/2020,Free
s15717,Amelia Lee,23,Male,UK,9/20/2020,Free
s15718,Mia Lewis,26,Female,Australia,7/16/2020,Yearly
s15719,Noah Miller,22,Other,India,9/29/2021,Monthly
s15720,Aanya Wilson,43,Female,USA,5/18/2022,Free
s15721,Noah Martin,18,Female,Canada,7/3/2020,Yearly
s15722,Olivia Taylor,39,Other,Australia,3/27/2021,Monthly
s15723,Lucas Moore,19,Male,USA,12/24/2021,Free
s15724,Mia Brown,46,Female,Germany,4/30/2020,Monthly
s15725,Zara Wilson,48,Female,India,11/26/2019,Free
s15726,Lucas Smith,25,Female,Germany,3/8/2022,Monthly
s15727,Emma Taylor,27,Other,UK,1/23/2020,Yearly
s15728,Ethan Anderson,22,Female,Australia,4/11/2019,Free
s15729,Benjamin Moore,29,Male,Germany,9/30/2020,Free
s15730,Amelia Clark,22,Other,UK,7/2/2019,Yearly
s15731,Isabella Wilson,48,Male,Australia,7/28/2022,Monthly
s15732,Karan Walker,59,Female,Canada,3/29/2022,Monthly
s15733,Isabella Wilson,46,Female,Canada,9/6/2022,Monthly
s15734,Olivia Hall,45,Male,Australia,10/18/2019,Monthly
s15735,Benjamin Thomas,25,Other,UK,9/16/2019,Monthly
s15736,Vihaan Smith,26,Male,Germany,11/24/2021,Free
s15737,Emma Anderson,42,Other,Australia,9/1/2020,Monthly
s15738,Sophia Martin,37,Female,Canada,11/21/2022,Yearly
s15739,Mia Thomas,24,Female,UK,8/20/2022,Yearly
s15740,Arjun Wilson,26,Other,Australia,7/13/2022,Yearly
s15741,Benjamin Martin,36,Male,USA,6/20/2019,Free
s15742,Karan Johnson,61,Female,India,10/9/2022,Free
s15743,Emma Smith,25,Male,UK,1/31/2020,Free
s15744,Karan Lewis,33,Other,India,12/9/2022,Free
s15745,Arjun Sharma,20,Male,UK,12/24/2020,Monthly
s15746,Aanya Patel,21,Female,USA,12/19/2021,Free
s15747,Ethan Johnson,42,Male,Canada,7/3/2019,Free
s15748,Meera Patel,34,Male,Canada,3/30/2019,Yearly
s15749,Benjamin Singh,33,Other,USA,2/4/2019,Free
s15750,Aanya Anderson,25,Female,Canada,1/15/2022,Free
s15751,Vihaan Martin,18,Other,India,11/14/2021,Free
s15752,Mia Miller,26,Other,Germany,10/21/2020,Free
s15753,Benjamin Moore,26,Female,Australia,3/11/2022,Yearly
s15754,Olivia Taylor,30,Male,Australia,3/15/2019,Monthly
s15755,Isabella Verma,23,Female,Australia,9/30/2020,Free
s15756,Emma Sharma,21,Female,Canada,5/31/2020,Free
s15757,Vihaan Smith,59,Female,UK,10/26/2021,Yearly
s15758,Amelia Patel,63,Other,USA,2/4/2021,Free
s15759,Zara Verma,26,Female,USA,1/8/2019,Yearly
s15760,Lucas Patel,29,Male,India,3/29/2022,Free
s15761,Aanya Taylor,39,Other,UK,9/20/2019,Monthly
s15762,Aanya Moore,23,Other,Canada,5/8/2020,Monthly
s15763,Mia Martin,21,Male,India,8/22/2020,Yearly
s15764,Liam Hall,27,Male,India,1/29/2019,Free
s15765,Riya Clark,33,Female,USA,11/8/2020,Monthly
s15766,Meera Lee,27,Male,Australia,4/29/2019,Free
s15767,Aarav Walker,27,Other,Germany,7/13/2022,Monthly
s15768,Amelia Taylor,40,Other,UK,11/24/2022,Free
s15769,Riya Singh,67,Female,USA,1/24/2022,Monthly
s15770,Zara Patel,18,Other,Australia,10/13/2019,Monthly
s15771,Sophia Wilson,24,Female,Australia,11/17/2020,Yearly
s15772,Aarav Smith,22,Female,Germany,1/26/2022,Free
s15773,Aarav Sharma,21,Other,Canada,4/10/2021,Free
s15774,Vihaan Davis,48,Female,Germany,11/1/2022,Monthly
s15775,Emma Brown,29,Male,USA,1/24/2022,Yearly
s15776,Zara Miller,54,Female,Australia,10/10/2019,Monthly
s15777,Vihaan Davis,41,Male,Canada,1/26/2021,Yearly
s15778,Zara Thomas,24,Male,UK,2/18/2022,Yearly
s15779,Meera Johnson,18,Male,USA,1/15/2020,Free
s15780,Mia Johnson,20,Female,Australia,4/25/2020,Yearly
s15781,Meera Lewis,22,Male,USA,7/22/2021,Yearly
s15782,Lucas Verma,39,Female,Australia,8/23/2022,Monthly
s15783,Mia Walker,18,Other,Australia,5/28/2021,Monthly
s15784,Meera Miller,21,Other,USA,10/7/2019,Yearly
s15785,Mia Walker,20,Male,India,12/7/2021,Monthly
s15786,Aarav Brown,53,Female,Canada,10/18/2021,Yearly
s15787,Noah Lee,23,Female,Canada,10/12/2019,Monthly
s15788,Arjun Miller,33,Male,India,11/16/2022,Yearly
s15789,Eva Patel,26,Female,India,2/14/2019,Free
s15790,Isabella Smith,27,Other,Germany,3/3/2021,Yearly
s15791,Aanya Anderson,27,Female,USA,11/22/2019,Monthly
s15792,Meera Smith,18,Female,India,1/15/2020,Monthly
s15793,Mia Verma,25,Male,India,10/13/2021,Yearly
s15794,Lucas Patel,43,Male,Australia,9/7/2021,Free
s15795,Zara Davis,18,Male,India,6/9/2022,Yearly
s15796,Riya Miller,43,Male,Canada,1/11/2020,Monthly
s15797,Ethan Davis,26,Male,Australia,5/9/2020,Free
s15798,Karan Patel,18,Female,Germany,9/4/2022,Free
s15799,Liam Patel,24,Female,India,1/19/2022,Yearly
s15800,Emma Miller,39,Other,Australia,10/26/2022,Free
s15801,Ethan Singh,27,Male,Germany,2/12/2019,Free
s15802,Benjamin Johnson,27,Other,India,7/28/2021,Yearly
s15803,Amelia Thomas,49,Other,Canada,1/31/2021,Free
s15804,Aarav Miller,21,Female,Australia,8/27/2019,Yearly
s15805,Meera Wilson,26,Male,India,2/15/2021,Monthly
s15806,Benjamin Verma,34,Male,India,4/8/2021,Yearly
s15807,Emma Patel,23,Female,India,2/26/2019,Monthly
s15808,Amelia Davis,33,Other,UK,2/26/2022,Free
s15809,Riya Singh,46,Female,India,11/25/2020,Free
s15810,Isabella Smith,23,Female,Germany,2/5/2020,Monthly
s15811,Meera Moore,21,Female,Canada,10/6/2022,Yearly
s15812,Meera Thomas,26,Male,Australia,4/21/2020,Yearly
s15813,Meera Miller,43,Male,USA,8/2/2021,Free
s15814,Mia Lee,34,Male,India,5/29/2020,Yearly
s15815,Arjun Patel,38,Female,India,9/16/2022,Monthly
s15816,Mia Hall,25,Other,Canada,8/29/2019,Monthly
s15817,Emma Martin,32,Female,Canada,9/30/2020,Monthly
s15818,Benjamin Davis,24,Female,Germany,8/10/2022,Free
s15819,Liam Davis,26,Other,Germany,6/25/2022,Monthly
s15820,Mia Moore,19,Female,Canada,2/20/2020,Free
s15821,Sophia Clark,41,Male,UK,10/29/2020,Free
s15822,Noah Hall,19,Other,Canada,6/23/2021,Free
s15823,Benjamin Patel,41,Other,UK,1/7/2021,Yearly
s15824,Ethan Davis,41,Other,Germany,11/15/2022,Monthly
s15825,Amelia Martin,24,Female,India,6/7/2020,Yearly
s15826,Arjun Verma,35,Female,Canada,4/5/2019,Monthly
s15827,Ethan Walker,18,Male,Germany,4/1/2020,Yearly
s15828,Riya Singh,46,Female,India,4/13/2020,Free
s15829,Amelia Verma,21,Female,USA,8/22/2019,Monthly
s15830,Aarav Lewis,20,Male,Australia,3/20/2021,Yearly
s15831,Eva Patel,19,Male,USA,9/21/2022,Monthly
s15832,Liam Brown,22,Other,Germany,12/24/2019,Free
s15833,Vihaan Lee,57,Female,UK,7/3/2022,Monthly
s15834,Aarav Singh,26,Female,Germany,12/13/2019,Monthly
s15835,Zara Smith,39,Female,India,8/16/2022,Free
s15836,Eva Patel,47,Other,UK,6/6/2021,Monthly
s15837,Olivia Clark,18,Male,Canada,7/13/2019,Yearly
s15838,Olivia Martin,46,Other,Canada,12/25/2021,Free
s15839,Olivia Lewis,21,Female,Germany,10/12/2019,Monthly
s15840,Benjamin Anderson,61,Other,Germany,10/2/2021,Free
s15841,Ethan Sharma,33,Male,Germany,4/30/2021,Monthly
s15842,Karan Sharma,18,Female,Germany,7/9/2019,Yearly
s15843,Benjamin Moore,19,Other,Germany,11/15/2021,Yearly
s15844,Mia Taylor,39,Other,USA,5/19/2021,Monthly
s15845,Vihaan Lewis,21,Other,Canada,6/24/2020,Monthly
s15846,Riya Miller,47,Other,Germany,7/22/2019,Free
s15847,Karan Singh,18,Female,Germany,12/18/2021,Yearly
s15848,Sophia Lewis,23,Male,UK,8/12/2019,Free
s15849,Riya Martin,18,Female,Canada,4/13/2019,Free
s15850,Aanya Moore,25,Male,Germany,5/14/2019,Yearly
s15851,Meera Miller,24,Male,Germany,5/21/2019,Monthly
s15852,Eva Patel,44,Male,Australia,10/19/2021,Yearly
s15853,Benjamin Moore,18,Male,Canada,9/12/2022,Yearly
s15854,Eva Thomas,24,Female,Canada,5/28/2019,Monthly
s15855,Aanya Walker,18,Other,Germany,2/27/2020,Monthly
s15856,Ethan Brown,27,Other,India,5/18/2019,Monthly
s15857,Meera Lewis,21,Female,UK,10/19/2022,Monthly
s15858,Olivia Singh,28,Female,Germany,12/21/2022,Yearly
s15859,Isabella Brown,30,Male,India,9/13/2021,Yearly
s15860,Amelia Smith,37,Female,Australia,4/21/2019,Free
s15861,Aarav Taylor,59,Other,USA,9/22/2020,Yearly
s15862,Ethan Singh,18,Male,India,3/13/2022,Monthly
s15863,Meera Martin,61,Male,UK,12/31/2019,Free
s15864,Zara Anderson,26,Other,Canada,4/27/2022,Monthly
s15865,Aarav Miller,23,Female,USA,2/8/2020,Monthly
s15866,Eva Wilson,45,Other,India,6/15/2021,Free
s15867,Lucas Smith,25,Female,India,7/8/2020,Monthly
s15868,Zara Wilson,45,Male,USA,7/16/2020,Free
s15869,Benjamin Lewis,56,Male,UK,10/21/2022,Yearly
s15870,Zara Martin,24,Female,UK,1/2/2021,Yearly
s15871,Aanya Miller,43,Female,USA,12/22/2019,Monthly
s15872,Ethan Wilson,25,Female,Canada,5/6/2022,Free
s15873,Mia Hall,22,Female,Germany,9/1/2020,Free
s15874,Zara Taylor,34,Male,UK,4/9/2022,Yearly
s15875,Liam Martin,63,Female,Australia,5/22/2022,Free
s15876,Riya Lee,26,Other,UK,5/14/2019,Yearly
s15877,Sophia Thomas,27,Female,India,4/28/2019,Free
s15878,Aanya Johnson,45,Male,India,12/25/2019,Monthly
s15879,Liam Smith,37,Other,Canada,4/4/2021,Monthly
s15880,Zara Anderson,42,Female,USA,9/26/2019,Free
s15881,Eva Lee,23,Female,USA,7/13/2021,Free
s15882,Arjun Johnson,24,Male,Canada,11/17/2020,Free
s15883,Liam Wilson,19,Female,Germany,1/12/2022,Yearly
s15884,Noah Singh,21,Male,UK,8/1/2021,Monthly
s15885,Mia Patel,27,Other,Australia,9/2/2020,Monthly
s15886,Karan Moore,20,Female,India,1/13/2022,Free
s15887,Arjun Johnson,27,Female,Australia,3/18/2020,Monthly
s15888,Isabella Taylor,27,Male,India,4/10/2021,Monthly
s15889,Olivia Lewis,25,Male,Germany,12/21/2021,Yearly
s15890,Benjamin Verma,25,Female,Australia,1/15/2019,Free
s15891,Sophia Hall,38,Male,USA,5/30/2019,Free
s15892,Meera Thomas,28,Other,India,1/27/2019,Monthly
s15893,Olivia Davis,44,Female,Canada,9/16/2022,Monthly
s15894,Zara Moore,24,Male,Australia,9/7/2019,Yearly
s15895,Eva Miller,36,Other,Australia,12/26/2022,Free
s15896,Lucas Martin,61,Other,Canada,11/14/2019,Yearly
s15897,Sophia Sharma,20,Female,Canada,10/20/2021,Yearly
s15898,Isabella Sharma,39,Male,USA,6/27/2020,Yearly
s15899,Karan Smith,27,Other,UK,2/22/2020,Free
s15900,Lucas Patel,49,Male,Australia,10/17/2019,Monthly
s15901,Karan Taylor,32,Male,Australia,11/30/2021,Yearly
s15902,Sophia Moore,20,Other,Australia,11/7/2020,Free
s15903,Karan Anderson,43,Male,India,12/2/2019,Free
s15904,Emma Singh,25,Female,USA,8/23/2020,Monthly
s15905,Zara Patel,24,Female,USA,8/15/2021,Free
s15906,Riya Clark,46,Other,India,3/8/2022,Yearly
s15907,Noah Singh,19,Male,Canada,4/7/2020,Yearly
s15908,Isabella Walker,65,Female,Canada,1/11/2019,Yearly
s15909,Riya Davis,36,Female,India,4/28/2021,Free
s15910,Karan Johnson,61,Male,Germany,7/5/2022,Free
s15911,Olivia Walker,33,Female,India,10/11/2019,Monthly
s15912,Amelia Patel,23,Male,UK,9/22/2022,Free
s15913,Mia Miller,52,Other,India,2/23/2020,Free
s15914,Riya Johnson,44,Male,Canada,2/13/2020,Yearly
s15915,Aarav Taylor,40,Other,Germany,8/7/2021,Yearly
s15916,Olivia Wilson,45,Female,Australia,10/27/2021,Yearly
s15917,Benjamin Moore,25,Other,India,4/15/2022,Free
s15918,Vihaan Patel,54,Other,UK,12/13/2020,Monthly
s15919,Liam Davis,36,Female,USA,10/30/2020,Monthly
s15920,Emma Verma,45,Other,Germany,11/16/2019,Yearly
s15921,Isabella Moore,39,Other,Germany,6/1/2021,Free
s15922,Liam Miller,61,Male,Germany,12/31/2020,Yearly
s15923,Ethan Singh,19,Other,Australia,2/27/2022,Monthly
s15924,Benjamin Martin,27,Female,Canada,5/13/2021,Monthly
s15925,Riya Brown,28,Female,Australia,2/24/2019,Monthly
s15926,Eva Clark,66,Male,Australia,9/21/2019,Yearly
s15927,Olivia Lee,25,Female,India,3/23/2021,Monthly
s15928,Aanya Singh,20,Other,USA,6/24/2020,Monthly
s15929,Benjamin Miller,29,Male,India,7/20/2020,Monthly
s15930,Benjamin Martin,21,Other,India,3/19/2020,Free
s15931,Lucas Thomas,20,Male,Australia,4/21/2022,Free
s15932,Riya Hall,21,Other,Germany,11/2/2019,Free
s15933,Karan Miller,28,Male,India,11/29/2022,Monthly
s15934,Zara Sharma,47,Other,Australia,10/8/2020,Free
s15935,Arjun Thomas,20,Female,Germany,6/30/2020,Yearly
s15936,Zara Sharma,52,Male,Germany,2/10/2021,Free
s15937,Aarav Anderson,20,Male,India,9/9/2019,Free
s15938,Mia Davis,42,Male,Australia,8/13/2019,Yearly
s15939,Lucas Brown,47,Female,Canada,1/2/2021,Monthly
s15940,Olivia Wilson,45,Female,USA,12/22/2020,Monthly
s15941,Mia Taylor,22,Male,Canada,11/15/2020,Free
s15942,Eva Martin,23,Female,Canada,3/27/2022,Free
s15943,Arjun Davis,26,Other,Australia,6/14/2019,Monthly
s15944,Arjun Verma,26,Male,Australia,8/20/2021,Monthly
s15945,Zara Brown,43,Other,USA,12/27/2022,Free
s15946,Liam Taylor,20,Male,Canada,9/30/2019,Yearly
s15947,Arjun Patel,23,Male,Germany,1/20/2021,Yearly
s15948,Emma Lee,26,Female,Germany,1/11/2019,Yearly
s15949,Karan Lewis,27,Female,Australia,10/14/2022,Free
s15950,Karan Moore,18,Other,Canada,2/13/2022,Monthly
s15951,Liam Hall,46,Male,India,2/19/2022,Yearly
s15952,Aanya Taylor,22,Female,USA,9/1/2022,Monthly
s15953,Olivia Sharma,40,Male,Canada,4/6/2022,Free
s15954,Amelia Hall,20,Male,India,1/27/2020,Monthly
s15955,Riya Davis,23,Other,Germany,1/23/2020,Monthly
s15956,Isabella Patel,65,Other,UK,1/28/2019,Monthly
s15957,Aarav Walker,21,Male,USA,6/7/2022,Yearly
s15958,Mia Anderson,43,Female,India,4/20/2022,Yearly
s15959,Ethan Sharma,31,Female,Australia,8/7/2021,Free
s15960,Karan Smith,34,Male,India,4/21/2022,Yearly
s15961,Karan Clark,18,Other,Australia,1/7/2020,Monthly
s15962,Riya Hall,29,Female,Germany,5/9/2022,Free
s15963,Isabella Patel,20,Other,Australia,4/7/2021,Free
s15964,Noah Lewis,23,Female,Germany,8/8/2020,Yearly
s15965,Eva Martin,20,Male,Germany,12/2/2020,Yearly
s15966,Emma Moore,24,Other,India,6/28/2020,Monthly
s15967,Emma Johnson,27,Female,USA,2/19/2020,Yearly
s15968,Olivia Lee,49,Male,Canada,4/9/2022,Monthly
s15969,Lucas Davis,19,Other,Canada,12/2/2021,Free
s15970,Aarav Martin,46,Female,Australia,6/21/2020,Monthly
s15971,Aanya Patel,35,Other,Australia,1/25/2022,Yearly
s15972,Mia Martin,22,Male,India,5/18/2019,Yearly
s15973,Aarav Wilson,65,Male,UK,5/12/2019,Monthly
s15974,Aarav Johnson,23,Other,USA,2/16/2022,Yearly
s15975,Amelia Johnson,19,Other,Canada,10/13/2021,Free
s15976,Sophia Miller,25,Other,India,7/1/2020,Monthly
s15977,Benjamin Lee,22,Female,India,5/13/2022,Yearly
s15978,Amelia Davis,25,Male,Australia,8/12/2019,Yearly
s15979,Isabella Hall,27,Other,Australia,2/9/2020,Yearly
s15980,Isabella Verma,21,Other,USA,9/24/2021,Monthly
s15981,Aarav Wilson,48,Other,USA,11/19/2022,Monthly
s15982,Emma Hall,18,Female,Australia,8/11/2021,Free
s15983,Noah Brown,45,Male,India,5/24/2022,Free
s15984,Aanya Smith,19,Male,USA,12/30/2022,Yearly
s15985,Ethan Martin,21,Male,Australia,4/11/2019,Yearly
s15986,Lucas Walker,32,Other,Germany,8/3/2021,Monthly
s15987,Liam Hall,49,Male,Canada,4/21/2019,Monthly
s15988,Lucas Johnson,21,Male,Canada,2/10/2022,Yearly
s15989,Karan Brown,29,Other,USA,5/14/2019,Free
s15990,Aarav Thomas,41,Female,USA,3/5/2021,Monthly
s15991,Sophia Patel,27,Female,USA,11/3/2019,Free
s15992,Eva Singh,27,Female,UK,4/27/2019,Free
s15993,Noah Johnson,21,Female,Germany,12/17/2020,Free
s15994,Zara Sharma,40,Other,USA,9/8/2019,Monthly
s15995,Zara Moore,20,Other,Australia,7/27/2020,Free
s15996,Eva Thomas,20,Female,Canada,5/11/2022,Yearly
s15997,Meera Hall,23,Male,UK,6/28/2022,Free
s15998,Amelia Verma,44,Female,India,7/9/2022,Monthly
s15999,Olivia Moore,67,Female,UK,3/17/2020,Yearly
s16000,Isabella Martin,52,Female,USA,7/9/2019,Free
s16001,Vihaan Johnson,24,Other,Germany,5/3/2020,Free
s16002,Lucas Johnson,46,Female,Germany,4/6/2022,Yearly
s16003,Eva Brown,18,Other,Canada,9/7/2021,Monthly
s16004,Mia Sharma,25,Male,India,7/25/2020,Free
s16005,Noah Smith,26,Female,USA,3/30/2019,Free
s16006,Eva Johnson,24,Male,Canada,7/30/2022,Free
s16007,Eva Smith,20,Male,USA,10/26/2019,Monthly
s16008,Ethan Miller,38,Male,Canada,5/13/2019,Free
s16009,Karan Martin,23,Other,India,6/15/2020,Free
s16010,Lucas Patel,58,Male,USA,10/25/2021,Free
s16011,Eva Sharma,37,Female,Australia,8/24/2021,Free
s16012,Benjamin Walker,46,Female,India,2/10/2021,Monthly
s16013,Lucas Lee,20,Other,Germany,9/29/2019,Monthly
s16014,Eva Davis,18,Other,Canada,10/21/2020,Free
s16015,Aanya Wilson,45,Male,USA,10/26/2022,Free
s16016,Emma Thomas,56,Male,UK,8/29/2021,Free
s16017,Isabella Martin,23,Male,UK,4/16/2020,Free
s16018,Eva Hall,22,Male,India,7/7/2019,Yearly
s16019,Zara Walker,21,Other,Australia,9/23/2021,Monthly
s16020,Aarav Wilson,32,Female,India,12/23/2020,Yearly
s16021,Mia Walker,21,Male,UK,8/22/2020,Monthly
s16022,Vihaan Sharma,42,Male,Australia,11/12/2020,Monthly
s16023,Isabella Martin,27,Male,India,10/3/2021,Free
s16024,Karan Brown,39,Male,Australia,2/3/2020,Free
s16025,Noah Lewis,21,Female,India,5/24/2021,Monthly
s16026,Arjun Patel,27,Male,Germany,4/21/2021,Free
s16027,Aanya Sharma,24,Female,Australia,6/14/2022,Monthly
s16028,Liam Lee,33,Female,Germany,12/24/2022,Free
s16029,Arjun Johnson,25,Female,Canada,9/19/2019,Yearly
s16030,Aarav Brown,42,Male,Australia,5/15/2021,Yearly
s16031,Aanya Lee,21,Male,Germany,8/7/2020,Yearly
s16032,Amelia Verma,19,Female,Canada,3/9/2022,Free
s16033,Arjun Martin,56,Female,India,4/21/2022,Yearly
s16034,Lucas Sharma,18,Female,Germany,7/19/2022,Free
s16035,Lucas Moore,23,Female,India,5/14/2021,Yearly
s16036,Mia Taylor,27,Male,Canada,12/29/2019,Monthly
s16037,Sophia Brown,23,Male,Canada,3/20/2019,Free
s16038,Emma Thomas,59,Other,Germany,4/17/2019,Free
s16039,Lucas Brown,23,Male,Australia,12/12/2021,Free
s16040,Benjamin Wilson,24,Other,UK,11/10/2022,Monthly
s16041,Riya Martin,25,Other,UK,12/2/2019,Free
s16042,Emma Patel,19,Male,Canada,4/12/2022,Monthly
s16043,Mia Smith,23,Male,USA,8/27/2021,Yearly
s16044,Aarav Martin,34,Other,Canada,6/4/2020,Free
s16045,Emma Lee,25,Male,Australia,12/1/2022,Yearly
s16046,Noah Brown,27,Other,Australia,4/4/2021,Yearly
s16047,Aarav Patel,31,Male,India,8/16/2021,Free
s16048,Isabella Thomas,27,Other,Germany,3/14/2022,Free
s16049,Meera Smith,45,Other,Australia,3/6/2019,Yearly
s16050,Aarav Clark,23,Other,Canada,5/4/2020,Yearly
s16051,Liam Thomas,20,Male,Germany,8/30/2022,Monthly
s16052,Olivia Martin,22,Female,USA,3/27/2020,Yearly
s16053,Amelia Miller,31,Other,Australia,9/16/2021,Monthly
s16054,Liam Sharma,39,Female,Canada,10/3/2019,Free
s16055,Eva Singh,18,Male,Germany,12/30/2021,Monthly
s16056,Benjamin Lee,24,Female,UK,12/22/2019,Free
s16057,Amelia Patel,22,Female,Canada,5/28/2019,Monthly
s16058,Mia Clark,24,Other,India,9/25/2021,Yearly
s16059,Aanya Patel,33,Male,USA,10/3/2022,Monthly
s16060,Mia Hall,21,Female,Germany,5/17/2022,Monthly
s16061,Riya Lewis,18,Female,India,11/8/2020,Free
s16062,Lucas Walker,19,Other,Germany,1/21/2020,Yearly
s16063,Benjamin Johnson,42,Female,UK,10/15/2021,Monthly
s16064,Mia Sharma,20,Other,UK,11/24/2019,Monthly
s16065,Emma Lewis,19,Other,Canada,2/29/2020,Yearly
s16066,Zara Brown,19,Other,Canada,2/15/2021,Yearly
s16067,Karan Walker,26,Female,India,1/21/2021,Free
s16068,Benjamin Smith,42,Other,USA,1/5/2020,Yearly
s16069,Vihaan Brown,20,Female,UK,6/6/2020,Free
s16070,Ethan Johnson,26,Other,India,8/2/2021,Yearly
s16071,Karan Smith,33,Female,Australia,10/18/2021,Yearly
s16072,Amelia Miller,35,Other,UK,2/7/2020,Free
s16073,Vihaan Miller,25,Female,Australia,8/1/2022,Yearly
s16074,Amelia Moore,22,Male,Australia,3/21/2021,Monthly
s16075,Ethan Miller,31,Male,India,5/27/2022,Free
s16076,Meera Lee,38,Female,UK,12/9/2020,Free
s16077,Isabella Sharma,20,Other,USA,6/22/2019,Free
s16078,Karan Singh,46,Female,India,6/8/2021,Yearly
s16079,Ethan Miller,31,Other,UK,6/7/2020,Monthly
s16080,Benjamin Davis,40,Male,USA,1/14/2021,Yearly
s16081,Eva Martin,20,Other,Australia,6/20/2022,Monthly
s16082,Isabella Taylor,47,Male,India,7/7/2019,Yearly
s16083,Ethan Davis,24,Male,India,8/21/2020,Yearly
s16084,Ethan Smith,19,Male,Australia,9/18/2019,Yearly
s16085,Aanya Hall,20,Male,Germany,9/17/2019,Yearly
s16086,Liam Verma,23,Female,Germany,10/2/2020,Monthly
s16087,Arjun Patel,20,Other,India,10/18/2020,Yearly
s16088,Aanya Smith,22,Other,UK,1/28/2020,Free
s16089,Aarav Anderson,21,Other,USA,7/13/2021,Free
s16090,Ethan Taylor,18,Female,Germany,4/6/2022,Free
s16091,Isabella Brown,45,Male,Canada,12/11/2021,Free
s16092,Arjun Martin,33,Female,Canada,3/7/2019,Free
s16093,Ethan Wilson,20,Female,Canada,12/13/2020,Free
s16094,Karan Walker,26,Female,UK,3/6/2020,Yearly
s16095,Amelia Verma,27,Female,India,9/12/2022,Monthly
s16096,Benjamin Moore,36,Male,Canada,2/2/2021,Yearly
s16097,Karan Sharma,21,Female,Germany,6/9/2020,Yearly
s16098,Aarav Taylor,41,Other,Australia,1/6/2021,Free
s16099,Aanya Miller,19,Female,USA,12/12/2019,Free
s16100,Arjun Singh,54,Female,Germany,2/1/2022,Yearly
s16101,Aanya Martin,31,Female,USA,7/8/2021,Free
s16102,Noah Clark,22,Female,UK,9/14/2022,Yearly
s16103,Aanya Singh,23,Other,Australia,3/19/2020,Free
s16104,Karan Thomas,27,Male,UK,6/30/2019,Yearly
s16105,Liam Clark,39,Male,UK,7/8/2021,Monthly
s16106,Sophia Taylor,20,Other,Australia,2/14/2020,Monthly
s16107,Olivia Miller,20,Male,UK,8/29/2021,Monthly
s16108,Noah Sharma,20,Female,Australia,9/30/2021,Yearly
s16109,Karan Singh,27,Female,UK,9/16/2019,Monthly
s16110,Riya Hall,25,Male,UK,11/11/2020,Yearly
s16111,Arjun Singh,22,Other,Canada,5/6/2019,Yearly
s16112,Riya Verma,21,Female,Canada,11/8/2021,Free
s16113,Sophia Hall,28,Female,Germany,10/20/2022,Free
s16114,Benjamin Singh,25,Female,Canada,8/8/2019,Free
s16115,Mia Clark,38,Male,Germany,5/4/2021,Free
s16116,Eva Clark,42,Male,India,7/1/2021,Free
s16117,Eva Martin,24,Female,Australia,9/7/2021,Yearly
s16118,Arjun Hall,60,Male,India,10/24/2019,Free
s16119,Zara Brown,21,Male,Germany,4/2/2020,Monthly
s16120,Vihaan Smith,55,Male,India,1/19/2022,Free
s16121,Emma Miller,21,Other,Australia,3/26/2021,Free
s16122,Benjamin Smith,23,Female,India,4/6/2021,Free
s16123,Mia Brown,18,Male,Australia,10/26/2019,Yearly
s16124,Ethan Taylor,25,Male,USA,1/3/2021,Free
s16125,Eva Lee,42,Other,India,3/26/2022,Free
s16126,Emma Sharma,27,Male,UK,3/15/2020,Yearly
s16127,Sophia Davis,20,Male,Germany,5/17/2021,Yearly
s16128,Zara Miller,21,Other,Canada,12/15/2021,Free
s16129,Vihaan Lewis,20,Other,Australia,1/10/2021,Yearly
s16130,Vihaan Miller,26,Male,Australia,9/6/2021,Free
s16131,Mia Smith,47,Female,UK,7/15/2022,Monthly
s16132,Meera Martin,27,Male,Australia,11/10/2019,Monthly
s16133,Lucas Anderson,46,Female,UK,7/31/2019,Yearly
s16134,Aarav Moore,18,Female,UK,4/25/2022,Yearly
s16135,Isabella Brown,22,Female,India,1/22/2021,Yearly
s16136,Emma Lewis,25,Female,Canada,5/3/2022,Yearly
s16137,Eva Martin,20,Other,Canada,8/3/2019,Monthly
s16138,Arjun Wilson,63,Other,Germany,3/24/2019,Monthly
s16139,Riya Lewis,20,Other,India,4/22/2021,Yearly
s16140,Aanya Miller,48,Male,USA,12/4/2021,Monthly
s16141,Lucas Verma,19,Other,Canada,8/23/2019,Monthly
s16142,Olivia Clark,22,Other,Germany,2/2/2021,Yearly
s16143,Noah Anderson,21,Female,Canada,8/23/2020,Yearly
s16144,Eva Hall,40,Male,Canada,6/16/2020,Yearly
s16145,Mia Davis,26,Female,Australia,6/16/2019,Monthly
s16146,Liam Davis,20,Male,USA,1/31/2020,Monthly
s16147,Aanya Anderson,31,Female,Australia,8/19/2022,Free
s16148,Karan Verma,19,Female,Canada,8/8/2020,Monthly
s16149,Eva Singh,23,Other,India,2/2/2021,Free
s16150,Lucas Sharma,54,Female,UK,1/3/2021,Yearly
s16151,Karan Wilson,27,Other,Australia,7/26/2020,Yearly
s16152,Meera Anderson,18,Other,Canada,10/4/2019,Yearly
s16153,Arjun Taylor,23,Other,Australia,3/31/2022,Monthly
s16154,Ethan Brown,42,Male,India,3/22/2020,Monthly
s16155,Olivia Brown,26,Male,USA,3/24/2019,Free
s16156,Sophia Lee,19,Male,USA,7/16/2022,Free
s16157,Sophia Johnson,28,Other,India,1/2/2022,Monthly
s16158,Benjamin Sharma,29,Female,Australia,3/13/2021,Monthly
s16159,Vihaan Thomas,26,Male,India,6/15/2019,Yearly
s16160,Emma Lee,27,Other,Canada,2/23/2019,Yearly
s16161,Eva Johnson,23,Female,Germany,9/9/2021,Monthly
s16162,Noah Smith,27,Female,India,3/22/2022,Monthly
s16163,Aanya Clark,65,Other,USA,6/30/2020,Monthly
s16164,Mia Miller,18,Female,UK,10/28/2019,Monthly
s16165,Mia Lee,25,Other,Germany,2/12/2022,Free
s16166,Noah Taylor,31,Other,Canada,2/12/2020,Free
s16167,Mia Singh,57,Other,India,3/25/2021,Monthly
s16168,Sophia Verma,39,Other,Canada,11/4/2019,Yearly
s16169,Emma Moore,36,Female,Australia,6/27/2021,Yearly
s16170,Riya Wilson,22,Male,Germany,12/17/2019,Yearly
s16171,Emma Brown,19,Male,UK,6/9/2022,Free
s16172,Aarav Brown,21,Female,Germany,7/17/2020,Free
s16173,Emma Taylor,31,Female,Australia,6/19/2022,Monthly
s16174,Liam Davis,27,Male,USA,3/4/2019,Free
s16175,Benjamin Lee,19,Female,Australia,6/29/2019,Free
s16176,Olivia Verma,18,Female,UK,4/18/2022,Yearly
s16177,Aarav Walker,20,Male,Canada,11/20/2019,Free
s16178,Eva Verma,27,Female,Australia,8/1/2020,Monthly
s16179,Arjun Miller,27,Male,USA,5/22/2021,Monthly
s16180,Isabella Johnson,33,Female,UK,1/2/2019,Free
s16181,Aanya Wilson,25,Male,USA,8/21/2020,Free
s16182,Olivia Thomas,31,Other,USA,12/5/2021,Free
s16183,Ethan Lewis,33,Female,UK,3/7/2020,Free
s16184,Noah Sharma,26,Male,India,10/25/2021,Free
s16185,Benjamin Taylor,37,Female,Australia,2/25/2021,Yearly
s16186,Isabella Martin,30,Other,USA,8/10/2021,Yearly
s16187,Mia Lee,57,Female,Germany,3/10/2020,Monthly
s16188,Benjamin Singh,27,Male,Australia,1/27/2022,Yearly
s16189,Emma Moore,31,Other,USA,5/9/2022,Free
s16190,Sophia Clark,27,Male,UK,5/27/2021,Free
s16191,Arjun Moore,59,Female,UK,2/27/2021,Free
s16192,Olivia Patel,24,Male,UK,9/7/2020,Free
s16193,Vihaan Johnson,26,Other,UK,10/13/2019,Monthly
s16194,Emma Taylor,63,Female,Australia,12/12/2022,Yearly
s16195,Liam Clark,32,Female,Canada,12/22/2022,Free
s16196,Vihaan Clark,21,Other,India,7/2/2019,Monthly
s16197,Ethan Moore,25,Other,USA,11/9/2022,Monthly
s16198,Mia Hall,20,Female,Canada,10/30/2021,Free
s16199,Karan Davis,25,Other,India,11/14/2019,Monthly
s16200,Ethan Anderson,19,Male,USA,7/13/2019,Monthly
s16201,Riya Hall,34,Other,India,7/22/2022,Free
s16202,Sophia Thomas,31,Other,Australia,2/8/2021,Yearly
s16203,Lucas Patel,19,Male,USA,10/2/2019,Free
s16204,Aanya Wilson,25,Other,USA,9/10/2022,Yearly
s16205,Emma Clark,25,Male,Canada,9/6/2019,Yearly
s16206,Isabella Lee,30,Male,Australia,12/20/2020,Free
s16207,Liam Lee,24,Female,Germany,2/21/2022,Yearly
s16208,Lucas Hall,52,Male,Canada,7/7/2020,Yearly
s16209,Meera Brown,21,Other,USA,6/27/2021,Free
s16210,Noah Hall,36,Male,India,6/4/2019,Yearly
s16211,Meera Lee,51,Other,UK,8/31/2022,Monthly
s16212,Benjamin Hall,25,Female,Australia,3/9/2021,Monthly
s16213,Emma Davis,21,Other,USA,8/27/2019,Monthly
s16214,Liam Sharma,19,Male,India,8/20/2019,Yearly
s16215,Aarav Taylor,43,Female,UK,11/11/2020,Free
s16216,Ethan Lee,58,Female,Canada,11/6/2019,Monthly
s16217,Riya Johnson,56,Other,Canada,2/24/2021,Monthly
s16218,Aarav Martin,24,Other,Canada,3/20/2019,Yearly
s16219,Eva Anderson,54,Other,Australia,9/30/2020,Free
s16220,Riya Verma,24,Female,Canada,11/12/2020,Yearly
s16221,Aanya Walker,64,Male,India,2/18/2022,Free
s16222,Zara Miller,67,Female,Australia,3/12/2019,Monthly
s16223,Zara Smith,67,Other,Canada,6/26/2019,Monthly
s16224,Riya Thomas,25,Female,Canada,2/23/2022,Yearly
s16225,Riya Clark,20,Male,USA,6/9/2019,Free
s16226,Zara Johnson,54,Other,Australia,3/16/2020,Monthly
s16227,Liam Taylor,23,Male,Australia,1/14/2022,Yearly
s16228,Isabella Verma,21,Male,Germany,11/15/2020,Monthly
s16229,Olivia Martin,24,Female,Germany,11/28/2021,Yearly
s16230,Amelia Johnson,19,Male,USA,3/24/2022,Monthly
s16231,Emma Verma,22,Male,USA,5/5/2020,Monthly
s16232,Sophia Sharma,24,Female,UK,6/12/2019,Monthly
s16233,Lucas Davis,40,Other,Canada,4/27/2022,Monthly
s16234,Isabella Singh,31,Other,UK,4/25/2019,Monthly
s16235,Amelia Davis,47,Other,Germany,12/16/2022,Monthly
s16236,Amelia Lee,26,Other,Canada,11/23/2021,Monthly
s16237,Noah Wilson,25,Other,Australia,6/12/2019,Yearly
s16238,Mia Thomas,19,Male,Canada,7/3/2021,Free
s16239,Benjamin Anderson,33,Other,Germany,10/24/2021,Monthly
s16240,Vihaan Verma,41,Male,India,6/6/2019,Monthly
s16241,Amelia Taylor,49,Male,UK,1/7/2022,Yearly
s16242,Vihaan Johnson,26,Female,Germany,7/16/2019,Monthly
s16243,Aanya Lee,59,Female,Australia,6/13/2022,Yearly
s16244,Riya Verma,20,Female,Canada,3/14/2020,Free
s16245,Arjun Miller,23,Male,USA,1/2/2021,Yearly
s16246,Riya Singh,24,Male,UK,2/13/2022,Monthly
s16247,Mia Thomas,20,Male,UK,10/19/2020,Free
s16248,Ethan Lee,18,Other,UK,12/5/2020,Yearly
s16249,Eva Thomas,38,Male,UK,8/31/2022,Yearly
s16250,Liam Verma,24,Male,UK,11/9/2020,Yearly
s16251,Mia Walker,26,Male,India,10/9/2021,Yearly
s16252,Riya Lee,18,Other,USA,8/28/2020,Free
s16253,Isabella Sharma,26,Female,UK,8/29/2021,Free
s16254,Zara Hall,21,Male,Canada,5/8/2019,Free
s16255,Liam Moore,20,Other,Australia,3/10/2020,Yearly
s16256,Sophia Hall,24,Female,India,3/27/2022,Monthly
s16257,Ethan Johnson,27,Other,USA,6/24/2019,Monthly
s16258,Eva Sharma,67,Female,Canada,12/6/2022,Monthly
s16259,Eva Clark,27,Male,Canada,5/31/2019,Monthly
s16260,Lucas Verma,23,Male,India,4/2/2019,Yearly
s16261,Aarav Taylor,21,Female,India,4/6/2022,Monthly
s16262,Zara Brown,23,Other,UK,10/7/2021,Monthly
s16263,Amelia Johnson,34,Female,UK,5/7/2019,Monthly
s16264,Zara Wilson,38,Female,Australia,8/5/2022,Yearly
s16265,Isabella Lee,26,Other,Australia,9/26/2021,Monthly
s16266,Zara Miller,19,Female,India,10/22/2019,Yearly
s16267,Aarav Taylor,39,Male,Australia,5/30/2020,Monthly
s16268,Aarav Verma,32,Other,USA,10/1/2022,Monthly
s16269,Karan Clark,20,Male,UK,5/22/2020,Monthly
s16270,Ethan Singh,23,Other,Germany,4/12/2020,Yearly
s16271,Olivia Miller,21,Female,India,1/31/2021,Free
s16272,Zara Thomas,22,Other,Canada,1/5/2020,Monthly
s16273,Amelia Brown,39,Female,USA,11/9/2022,Yearly
s16274,Lucas Verma,27,Other,UK,6/1/2020,Yearly
s16275,Mia Singh,33,Other,USA,7/8/2020,Monthly
s16276,Arjun Moore,22,Male,Australia,7/25/2020,Yearly
s16277,Liam Smith,49,Female,Germany,3/2/2019,Yearly
s16278,Mia Anderson,18,Other,USA,12/18/2021,Monthly
s16279,Meera Martin,55,Female,Australia,7/31/2021,Monthly
s16280,Vihaan Lee,21,Female,Germany,10/6/2022,Monthly
s16281,Aanya Walker,24,Female,USA,3/30/2020,Free
s16282,Amelia Patel,44,Female,Australia,3/6/2020,Yearly
s16283,Lucas Smith,37,Other,UK,1/17/2019,Free
s16284,Mia Hall,25,Other,Australia,11/20/2019,Free
s16285,Noah Taylor,45,Male,USA,11/28/2021,Yearly
s16286,Aanya Johnson,25,Male,USA,2/20/2022,Free
s16287,Riya Sharma,27,Male,Australia,3/18/2021,Yearly
s16288,Arjun Singh,27,Female,UK,7/15/2020,Yearly
s16289,Liam Taylor,59,Male,Australia,5/16/2021,Yearly
s16290,Benjamin Brown,30,Other,India,4/11/2022,Yearly
s16291,Amelia Lewis,24,Female,Canada,2/7/2020,Yearly
s16292,Ethan Patel,24,Female,Germany,11/24/2021,Free
s16293,Meera Verma,20,Male,Australia,12/25/2021,Free
s16294,Liam Singh,19,Male,UK,12/29/2022,Yearly
s16295,Eva Miller,26,Female,Germany,10/2/2020,Monthly
s16296,Aanya Hall,21,Male,Germany,4/24/2020,Yearly
s16297,Riya Thomas,26,Female,Canada,4/16/2022,Monthly
s16298,Olivia Martin,43,Male,India,4/9/2021,Free
s16299,Emma Walker,23,Male,USA,3/14/2020,Yearly
s16300,Benjamin Smith,66,Female,Australia,3/17/2021,Monthly
s16301,Sophia Singh,27,Male,India,8/5/2022,Monthly
s16302,Ethan Sharma,19,Female,Canada,12/25/2022,Monthly
s16303,Mia Wilson,18,Male,USA,4/25/2021,Yearly
s16304,Olivia Wilson,27,Other,Canada,5/15/2020,Free
s16305,Vihaan Thomas,67,Other,India,7/28/2021,Yearly
s16306,Meera Walker,20,Female,Australia,8/23/2020,Yearly
s16307,Liam Patel,27,Female,Australia,8/18/2022,Monthly
s16308,Amelia Moore,55,Other,Germany,12/8/2020,Yearly
s16309,Liam Sharma,54,Other,India,12/28/2019,Yearly
s16310,Benjamin Walker,25,Female,USA,4/13/2022,Free
s16311,Eva Hall,31,Male,USA,1/27/2021,Monthly
s16312,Vihaan Smith,35,Male,Germany,1/10/2020,Free
s16313,Karan Verma,47,Female,India,12/20/2020,Free
s16314,Karan Verma,36,Male,USA,1/24/2021,Free
s16315,Olivia Singh,37,Other,UK,11/12/2019,Yearly
s16316,Aarav Brown,24,Female,USA,1/12/2021,Yearly
s16317,Noah Patel,53,Male,Australia,9/6/2020,Free
s16318,Ethan Verma,22,Male,Canada,10/4/2020,Yearly
s16319,Noah Thomas,25,Other,Germany,8/12/2021,Monthly
s16320,Liam Singh,46,Female,India,8/9/2022,Monthly
s16321,Arjun Lewis,22,Other,USA,2/18/2019,Monthly
s16322,Benjamin Hall,22,Female,India,6/3/2019,Yearly
s16323,Mia Sharma,25,Other,India,7/11/2019,Yearly
s16324,Amelia Wilson,67,Female,Australia,10/25/2019,Yearly
s16325,Olivia Verma,32,Other,Australia,2/9/2019,Yearly
s16326,Amelia Moore,57,Male,India,9/30/2020,Yearly
s16327,Ethan Johnson,56,Other,India,11/29/2019,Monthly
s16328,Sophia Patel,18,Female,Germany,11/15/2019,Yearly
s16329,Mia Singh,18,Other,India,7/31/2019,Free
s16330,Sophia Lee,28,Female,Germany,12/6/2021,Yearly
s16331,Sophia Singh,23,Other,USA,9/11/2021,Monthly
s16332,Meera Martin,19,Other,Germany,5/18/2020,Monthly
s16333,Emma Davis,20,Other,USA,8/5/2020,Monthly
s16334,Liam Singh,43,Other,Australia,5/16/2019,Monthly
s16335,Vihaan Taylor,45,Female,Canada,3/4/2021,Free
s16336,Vihaan Smith,23,Male,Australia,6/29/2019,Monthly
s16337,Mia Moore,26,Other,Germany,5/22/2019,Yearly
s16338,Emma Thomas,42,Male,UK,1/17/2022,Free
s16339,Amelia Lee,66,Male,UK,11/4/2021,Monthly
s16340,Emma Brown,60,Female,Canada,3/9/2021,Monthly
s16341,Benjamin Davis,42,Male,India,6/8/2021,Yearly
s16342,Eva Clark,25,Male,USA,7/18/2020,Monthly
s16343,Benjamin Smith,48,Male,USA,7/18/2022,Free
s16344,Sophia Anderson,44,Female,Australia,8/14/2022,Yearly
s16345,Amelia Thomas,55,Other,Australia,8/22/2019,Monthly
s16346,Arjun Lee,19,Other,Australia,12/25/2020,Monthly
s16347,Aarav Lee,37,Other,UK,4/12/2022,Yearly
s16348,Sophia Moore,29,Male,Australia,3/7/2019,Yearly
s16349,Zara Thomas,30,Male,USA,7/4/2021,Free
s16350,Lucas Taylor,23,Other,Australia,9/9/2020,Monthly
s16351,Eva Singh,37,Other,UK,4/22/2022,Yearly
s16352,Karan Walker,18,Female,Canada,11/2/2019,Monthly
s16353,Karan Lee,58,Male,UK,4/8/2020,Free
s16354,Emma Clark,20,Other,UK,2/24/2022,Free
s16355,Isabella Hall,20,Female,Germany,8/21/2022,Free
s16356,Isabella Patel,20,Other,Germany,5/3/2021,Yearly
s16357,Vihaan Patel,37,Male,UK,12/8/2019,Monthly
s16358,Noah Wilson,20,Other,USA,11/19/2020,Yearly
s16359,Karan Smith,20,Male,India,3/3/2019,Yearly
s16360,Eva Lee,48,Other,UK,11/30/2020,Yearly
s16361,Olivia Verma,32,Male,USA,10/6/2022,Free
s16362,Noah Lewis,56,Male,India,2/6/2022,Monthly
s16363,Ethan Clark,25,Female,UK,2/20/2022,Yearly
s16364,Riya Miller,19,Female,Australia,8/21/2020,Yearly
s16365,Ethan Smith,25,Male,Germany,12/27/2021,Yearly
s16366,Liam Patel,44,Other,Canada,12/26/2021,Yearly
s16367,Isabella Patel,22,Female,India,10/5/2021,Monthly
s16368,Karan Lee,42,Other,Australia,9/23/2019,Monthly
s16369,Arjun Davis,23,Other,Canada,6/11/2021,Yearly
s16370,Sophia Thomas,43,Female,Canada,10/16/2022,Yearly
s16371,Arjun Smith,32,Other,USA,5/28/2021,Yearly
s16372,Liam Thomas,23,Other,UK,1/5/2020,Monthly
s16373,Emma Anderson,35,Other,India,1/25/2020,Yearly
s16374,Noah Johnson,44,Female,Canada,11/9/2019,Monthly
s16375,Eva Thomas,24,Female,Germany,11/19/2022,Monthly
s16376,Meera Smith,20,Male,Germany,2/3/2019,Free
s16377,Liam Smith,27,Male,Canada,2/13/2020,Yearly
s16378,Lucas Walker,20,Male,Canada,8/15/2019,Free
s16379,Liam Martin,27,Other,UK,4/25/2020,Yearly
s16380,Emma Taylor,44,Female,USA,3/28/2022,Free
s16381,Olivia Wilson,22,Male,Germany,7/22/2020,Yearly
s16382,Sophia Brown,27,Male,UK,11/9/2021,Free
s16383,Ethan Sharma,29,Female,UK,7/16/2022,Monthly
s16384,Arjun Patel,54,Female,Germany,7/9/2021,Yearly
s16385,Sophia Smith,29,Female,Australia,9/22/2019,Free
s16386,Meera Sharma,38,Female,India,5/11/2020,Yearly
s16387,Karan Davis,22,Female,Canada,7/11/2019,Free
s16388,Riya Johnson,18,Female,USA,3/11/2021,Yearly
s16389,Isabella Walker,65,Other,India,12/4/2021,Yearly
s16390,Ethan Martin,24,Female,India,4/16/2021,Yearly
s16391,Meera Lee,43,Other,Australia,9/7/2019,Yearly
s16392,Zara Taylor,21,Male,Australia,1/15/2019,Free
s16393,Emma Smith,22,Other,USA,11/6/2019,Monthly
s16394,Riya Patel,20,Other,Australia,1/13/2020,Free
s16395,Aanya Anderson,31,Female,Australia,9/10/2020,Monthly
s16396,Vihaan Davis,24,Female,Canada,3/31/2022,Yearly
s16397,Meera Clark,23,Male,Germany,3/13/2022,Yearly
s16398,Ethan Walker,65,Female,UK,11/17/2022,Free
s16399,Meera Brown,33,Female,Canada,10/5/2019,Yearly
s16400,Riya Martin,24,Male,India,4/11/2022,Free
s16401,Eva Hall,44,Male,Canada,6/16/2020,Monthly
s16402,Lucas Lewis,24,Other,India,5/4/2021,Monthly
s16403,Benjamin Martin,25,Female,Germany,1/27/2019,Yearly
s16404,Zara Anderson,37,Female,Canada,8/19/2020,Yearly
s16405,Isabella Martin,35,Female,Germany,1/26/2019,Yearly
s16406,Meera Martin,56,Male,UK,7/18/2019,Yearly
s16407,Amelia Davis,36,Male,UK,8/12/2020,Monthly
s16408,Eva Walker,31,Other,Germany,11/20/2019,Monthly
s16409,Lucas Hall,19,Male,UK,11/28/2022,Yearly
s16410,Benjamin Anderson,23,Other,India,2/7/2019,Monthly
s16411,Isabella Miller,31,Other,USA,6/25/2021,Monthly
s16412,Vihaan Singh,18,Other,India,9/15/2020,Yearly
s16413,Amelia Davis,25,Female,India,9/10/2021,Yearly
s16414,Arjun Taylor,37,Other,Germany,5/24/2021,Free
s16415,Vihaan Anderson,45,Male,Germany,1/9/2022,Yearly
s16416,Emma Lee,20,Male,India,12/30/2021,Free
s16417,Aarav Lewis,18,Other,India,8/18/2019,Monthly
s16418,Karan Sharma,44,Female,Germany,8/8/2020,Monthly
s16419,Aanya Lewis,21,Male,Australia,7/10/2020,Monthly
s16420,Riya Clark,24,Male,Canada,2/25/2021,Free
s16421,Aanya Taylor,28,Female,Germany,10/5/2020,Free
s16422,Noah Moore,26,Other,Canada,6/29/2020,Monthly
s16423,Benjamin Martin,57,Female,USA,12/12/2022,Monthly
s16424,Olivia Sharma,18,Female,USA,10/9/2020,Monthly
s16425,Isabella Johnson,23,Female,India,2/20/2021,Monthly
s16426,Lucas Clark,25,Male,Canada,2/24/2019,Yearly
s16427,Meera Verma,39,Male,India,5/17/2019,Free
s16428,Olivia Patel,45,Female,Australia,2/28/2022,Yearly
s16429,Olivia Verma,39,Other,USA,1/11/2021,Yearly
s16430,Olivia Davis,45,Male,USA,7/18/2019,Yearly
s16431,Noah Sharma,66,Other,Canada,10/8/2020,Free
s16432,Aanya Wilson,43,Other,Germany,4/23/2020,Yearly
s16433,Sophia Patel,39,Other,UK,8/25/2019,Monthly
s16434,Olivia Miller,39,Female,Germany,9/5/2020,Monthly
s16435,Ethan Patel,27,Male,Germany,4/2/2021,Free
s16436,Benjamin Davis,25,Other,Germany,1/3/2022,Yearly
s16437,Liam Martin,24,Male,USA,3/27/2019,Monthly
s16438,Benjamin Johnson,31,Male,Canada,9/8/2020,Monthly
s16439,Riya Lewis,23,Male,Canada,11/23/2021,Monthly
s16440,Olivia Walker,20,Female,India,10/31/2020,Monthly
s16441,Noah Singh,19,Female,Australia,1/18/2020,Free
s16442,Sophia Wilson,23,Other,Canada,7/18/2022,Free
s16443,Karan Anderson,20,Other,Australia,7/16/2021,Free
s16444,Liam Lewis,26,Other,Germany,6/24/2022,Monthly
s16445,Emma Martin,42,Male,Canada,1/19/2021,Yearly
s16446,Isabella Wilson,20,Other,Germany,7/23/2022,Yearly
s16447,Amelia Davis,20,Male,India,2/27/2019,Free
s16448,Vihaan Johnson,31,Male,Australia,6/8/2019,Monthly
s16449,Olivia Taylor,47,Other,USA,10/26/2022,Monthly
s16450,Karan Taylor,46,Male,USA,8/31/2021,Monthly
s16451,Benjamin Smith,30,Other,Australia,1/11/2020,Yearly
s16452,Lucas Lewis,24,Male,Australia,11/24/2022,Yearly
s16453,Liam Lee,26,Female,India,11/10/2022,Free
s16454,Karan Wilson,43,Female,Australia,1/30/2022,Yearly
s16455,Amelia Miller,49,Male,UK,6/18/2021,Yearly
s16456,Sophia Patel,22,Other,Germany,12/4/2019,Yearly
s16457,Liam Sharma,47,Male,India,10/28/2020,Monthly
s16458,Aarav Moore,22,Other,Germany,7/9/2020,Yearly
s16459,Vihaan Taylor,23,Other,Canada,11/1/2022,Free
s16460,Aarav Anderson,25,Female,India,9/25/2020,Free
s16461,Ethan Hall,43,Male,USA,7/26/2022,Monthly
s16462,Emma Wilson,29,Male,Australia,4/13/2022,Monthly
s16463,Sophia Lewis,44,Female,USA,3/27/2021,Free
s16464,Lucas Lee,47,Other,India,5/3/2020,Free
s16465,Noah Hall,29,Female,USA,5/6/2022,Monthly
s16466,Karan Anderson,20,Male,USA,3/26/2020,Monthly
s16467,Ethan Anderson,19,Male,Germany,12/24/2020,Free
s16468,Karan Martin,26,Male,Australia,8/20/2022,Monthly
s16469,Liam Hall,29,Other,Germany,1/15/2021,Free
s16470,Zara Lee,20,Male,Canada,12/28/2019,Free
s16471,Eva Miller,27,Female,Australia,6/20/2021,Free
s16472,Noah Thomas,27,Other,India,12/22/2021,Monthly
s16473,Mia Walker,19,Male,India,6/17/2019,Monthly
s16474,Eva Singh,19,Other,UK,8/18/2019,Yearly
s16475,Meera Walker,45,Other,Canada,9/24/2022,Monthly
s16476,Aarav Davis,37,Other,UK,3/26/2020,Yearly
s16477,Isabella Taylor,24,Female,Germany,9/12/2020,Yearly
s16478,Riya Hall,21,Male,India,12/3/2020,Free
s16479,Ethan Miller,41,Other,Canada,9/27/2022,Monthly
s16480,Ethan Lee,21,Female,UK,10/1/2022,Free
s16481,Benjamin Lee,23,Male,UK,6/6/2019,Free
s16482,Mia Lewis,22,Other,India,9/7/2021,Yearly
s16483,Mia Hall,19,Other,Germany,2/17/2022,Monthly
s16484,Zara Verma,23,Other,UK,7/24/2020,Free
s16485,Lucas Brown,27,Male,USA,11/15/2021,Monthly
s16486,Sophia Brown,24,Female,UK,11/27/2022,Monthly
s16487,Aanya Thomas,19,Female,USA,2/28/2021,Yearly
s16488,Isabella Davis,18,Male,Australia,5/3/2019,Free
s16489,Amelia Patel,27,Female,UK,4/13/2022,Monthly
s16490,Karan Hall,31,Female,Germany,8/13/2021,Free
s16491,Liam Verma,18,Male,India,9/6/2022,Monthly
s16492,Amelia Clark,66,Male,UK,7/28/2022,Monthly
s16493,Isabella Sharma,24,Male,Canada,4/27/2020,Yearly
s16494,Emma Anderson,26,Other,Germany,7/18/2020,Monthly
s16495,Meera Lee,31,Other,Germany,6/15/2020,Free
s16496,Olivia Moore,44,Female,UK,12/29/2022,Yearly
s16497,Sophia Johnson,27,Female,Australia,8/12/2019,Free
s16498,Noah Smith,25,Female,Canada,6/14/2020,Yearly
s16499,Amelia Wilson,22,Male,Australia,4/2/2020,Monthly
s16500,Vihaan Thomas,22,Other,India,4/24/2019,Monthly
s16501,Arjun Anderson,25,Male,Canada,5/3/2020,Free
s16502,Meera Lewis,39,Other,UK,5/6/2021,Free
s16503,Aarav Verma,23,Other,Australia,10/11/2019,Yearly
s16504,Isabella Hall,27,Female,USA,12/29/2022,Yearly
s16505,Ethan Martin,24,Other,Canada,8/2/2020,Yearly
s16506,Aanya Taylor,27,Female,Australia,11/22/2020,Yearly
s16507,Aanya Singh,38,Male,Canada,7/27/2021,Monthly
s16508,Sophia Sharma,24,Female,Germany,9/26/2022,Yearly
s16509,Mia Wilson,47,Other,Australia,10/15/2021,Yearly
s16510,Ethan Clark,28,Female,Australia,7/28/2022,Monthly
s16511,Olivia Smith,37,Male,Australia,7/20/2020,Monthly
s16512,Olivia Clark,19,Female,Australia,3/29/2022,Yearly
s16513,Noah Walker,52,Female,Canada,4/11/2021,Yearly
s16514,Karan Hall,25,Female,UK,2/13/2022,Monthly
s16515,Riya Hall,25,Male,Australia,4/12/2021,Monthly
s16516,Riya Verma,26,Female,Canada,10/23/2022,Yearly
s16517,Zara Clark,42,Other,Canada,10/4/2021,Yearly
s16518,Isabella Brown,18,Female,UK,8/24/2019,Monthly
s16519,Noah Lee,30,Male,Germany,6/20/2019,Monthly
s16520,Meera Moore,30,Male,Germany,10/24/2019,Yearly
s16521,Mia Patel,31,Female,Australia,9/24/2020,Monthly
s16522,Arjun Johnson,47,Male,India,4/13/2019,Yearly
s16523,Liam Singh,60,Female,India,12/29/2019,Yearly
s16524,Amelia Lewis,43,Other,UK,5/27/2019,Monthly
s16525,Arjun Verma,22,Female,Australia,5/11/2021,Free
s16526,Olivia Wilson,34,Other,USA,2/21/2021,Yearly
s16527,Sophia Brown,31,Female,Australia,7/12/2021,Free
s16528,Meera Lee,47,Male,India,9/21/2020,Monthly
s16529,Arjun Lee,24,Male,Germany,8/4/2022,Free
s16530,Lucas Miller,27,Other,USA,5/22/2020,Yearly
s16531,Riya Brown,25,Female,Australia,5/12/2022,Monthly
s16532,Noah Davis,36,Other,Canada,7/9/2021,Free
s16533,Sophia Johnson,19,Female,Australia,7/2/2022,Yearly
s16534,Riya Davis,43,Other,UK,9/14/2022,Monthly
s16535,Liam Verma,21,Male,Australia,1/27/2019,Free
s16536,Liam Smith,41,Other,Canada,10/21/2022,Yearly
s16537,Ethan Johnson,41,Female,Australia,5/26/2021,Monthly
s16538,Ethan Brown,52,Female,USA,3/30/2019,Monthly
s16539,Mia Sharma,42,Male,India,6/28/2019,Yearly
s16540,Aanya Thomas,22,Female,Germany,10/10/2020,Yearly
s16541,Liam Miller,23,Other,UK,6/22/2022,Yearly
s16542,Lucas Davis,25,Female,UK,10/18/2019,Yearly
s16543,Isabella Miller,22,Male,India,2/17/2022,Free
s16544,Mia Singh,61,Male,USA,5/12/2020,Free
s16545,Olivia Brown,65,Other,Germany,2/12/2020,Yearly
s16546,Isabella Miller,19,Female,Germany,1/5/2022,Monthly
s16547,Lucas Anderson,18,Other,Germany,2/13/2020,Monthly
s16548,Benjamin Thomas,24,Male,Australia,12/17/2020,Monthly
s16549,Noah Smith,25,Female,Canada,11/19/2021,Yearly
s16550,Noah Patel,38,Other,UK,12/29/2019,Yearly
s16551,Ethan Davis,25,Male,USA,2/3/2020,Monthly
s16552,Aarav Taylor,28,Other,Australia,7/30/2019,Yearly
s16553,Sophia Sharma,25,Female,UK,1/4/2022,Yearly
s16554,Aarav Lee,23,Other,Germany,12/30/2019,Yearly
s16555,Emma Wilson,25,Male,UK,5/7/2022,Yearly
s16556,Aarav Taylor,26,Male,UK,6/28/2021,Free
s16557,Isabella Walker,19,Male,Germany,9/17/2019,Monthly
s16558,Noah Brown,32,Other,Germany,8/12/2019,Yearly
s16559,Sophia Wilson,27,Male,Australia,1/1/2020,Free
s16560,Emma Walker,26,Other,USA,8/12/2019,Yearly
s16561,Ethan Smith,52,Female,UK,7/21/2021,Yearly
s16562,Aarav Davis,18,Female,USA,11/21/2019,Free
s16563,Benjamin Patel,26,Male,Australia,2/6/2022,Yearly
s16564,Sophia Brown,24,Other,Canada,10/29/2022,Monthly
s16565,Liam Verma,25,Male,Canada,12/29/2020,Free
s16566,Noah Martin,25,Other,Canada,12/14/2020,Yearly
s16567,Aarav Verma,26,Other,UK,9/22/2021,Free
s16568,Noah Taylor,43,Female,UK,2/20/2021,Yearly
s16569,Karan Singh,40,Male,UK,11/26/2019,Yearly
s16570,Mia Singh,43,Other,USA,4/4/2022,Free
s16571,Riya Sharma,25,Male,Canada,5/12/2022,Free
s16572,Liam Martin,23,Male,Canada,2/17/2020,Free
s16573,Vihaan Verma,42,Male,Germany,1/24/2019,Yearly
s16574,Lucas Hall,20,Female,Germany,4/24/2020,Free
s16575,Mia Taylor,21,Other,Germany,5/25/2021,Monthly
s16576,Ethan Lewis,23,Other,USA,4/16/2021,Yearly
s16577,Noah Lee,35,Male,Canada,2/9/2019,Yearly
s16578,Vihaan Moore,19,Other,Canada,5/29/2020,Monthly
s16579,Meera Taylor,19,Female,Australia,9/12/2022,Yearly
s16580,Meera Thomas,55,Male,Canada,10/28/2020,Free
s16581,Lucas Verma,43,Male,Canada,4/2/2019,Free
s16582,Meera Sharma,45,Male,Germany,8/15/2020,Monthly
s16583,Sophia Smith,24,Female,USA,5/21/2021,Free
s16584,Noah Clark,28,Male,Australia,10/27/2021,Yearly
s16585,Zara Martin,26,Male,UK,5/13/2021,Yearly
s16586,Noah Hall,25,Male,USA,11/25/2019,Yearly
s16587,Olivia Lewis,22,Other,USA,11/22/2021,Monthly
s16588,Isabella Lewis,37,Other,Canada,9/8/2019,Monthly
s16589,Liam Lee,27,Female,USA,10/18/2020,Monthly
s16590,Arjun Taylor,65,Male,Canada,6/12/2020,Monthly
s16591,Mia Singh,27,Male,Germany,7/18/2022,Free
s16592,Aarav Sharma,24,Other,Australia,1/29/2022,Free
s16593,Isabella Smith,19,Male,USA,7/27/2021,Monthly
s16594,Eva Miller,21,Male,India,11/16/2021,Monthly
s16595,Arjun Johnson,39,Female,Canada,5/28/2021,Monthly
s16596,Benjamin Miller,18,Other,India,1/1/2021,Monthly
s16597,Lucas Anderson,25,Male,Canada,3/31/2019,Yearly
s16598,Zara Davis,21,Male,India,11/6/2022,Free
s16599,Lucas Brown,41,Male,UK,11/21/2022,Yearly
s16600,Ethan Anderson,26,Male,USA,6/29/2019,Monthly
s16601,Emma Walker,25,Other,India,11/9/2021,Monthly
s16602,Benjamin Singh,43,Other,Germany,8/6/2019,Yearly
s16603,Karan Walker,29,Female,India,6/11/2022,Free
s16604,Emma Wilson,26,Other,India,5/27/2019,Monthly
s16605,Liam Clark,26,Other,Australia,11/3/2022,Free
s16606,Arjun Johnson,56,Male,India,3/31/2021,Monthly
s16607,Benjamin Johnson,47,Female,Australia,12/16/2019,Free
s16608,Amelia Clark,44,Male,UK,8/19/2022,Free
s16609,Emma Patel,26,Male,Germany,8/31/2021,Monthly
s16610,Ethan Anderson,22,Other,UK,8/21/2019,Free
s16611,Zara Singh,47,Female,Germany,4/28/2020,Free
s16612,Zara Walker,21,Other,USA,5/20/2019,Yearly
s16613,Riya Anderson,60,Female,India,3/8/2020,Free
s16614,Noah Lewis,23,Other,Canada,5/12/2020,Monthly
s16615,Ethan Verma,64,Female,Canada,11/8/2022,Monthly
s16616,Ethan Thomas,18,Male,Canada,6/29/2019,Free
s16617,Vihaan Thomas,42,Female,USA,6/13/2019,Free
s16618,Vihaan Walker,32,Male,Canada,5/30/2022,Monthly
s16619,Liam Smith,23,Other,Australia,9/19/2020,Yearly
s16620,Zara Thomas,28,Male,UK,8/31/2021,Yearly
s16621,Noah Johnson,65,Male,USA,9/10/2022,Monthly
s16622,Riya Sharma,27,Male,USA,7/7/2022,Monthly
s16623,Eva Brown,20,Male,Canada,3/18/2020,Yearly
s16624,Aarav Moore,22,Female,USA,12/20/2019,Free
s16625,Aarav Lewis,42,Female,Canada,11/2/2019,Yearly
s16626,Emma Lewis,19,Female,Canada,9/1/2021,Yearly
s16627,Arjun Clark,27,Male,Canada,7/14/2021,Monthly
s16628,Benjamin Martin,24,Male,USA,9/9/2020,Monthly
s16629,Zara Thomas,21,Other,Australia,5/3/2021,Free
s16630,Amelia Davis,25,Male,UK,10/24/2021,Free
s16631,Ethan Thomas,30,Female,India,4/7/2022,Yearly
s16632,Emma Davis,25,Male,USA,7/25/2020,Monthly
s16633,Riya Martin,24,Other,India,8/10/2021,Yearly
s16634,Meera Smith,19,Female,Australia,3/31/2020,Free
s16635,Sophia Brown,22,Female,India,11/8/2020,Yearly
s16636,Mia Walker,39,Other,Canada,12/21/2020,Monthly
s16637,Mia Davis,21,Female,UK,7/1/2019,Monthly
s16638,Noah Lee,23,Male,USA,12/28/2020,Yearly
s16639,Amelia Hall,20,Male,Canada,6/17/2019,Monthly
s16640,Liam Brown,25,Female,USA,1/11/2021,Monthly
s16641,Amelia Smith,22,Other,UK,8/16/2019,Monthly
s16642,Vihaan Brown,33,Male,USA,2/15/2019,Free
s16643,Mia Martin,29,Other,Australia,12/25/2021,Free
s16644,Ethan Davis,22,Male,UK,1/4/2019,Free
s16645,Eva Wilson,23,Male,India,7/13/2019,Yearly
s16646,Karan Johnson,59,Male,Germany,6/6/2020,Free
s16647,Benjamin Anderson,21,Male,UK,12/23/2020,Yearly
s16648,Lucas Anderson,26,Male,Canada,7/29/2019,Yearly
s16649,Aanya Taylor,27,Female,USA,1/15/2021,Monthly
s16650,Sophia Moore,19,Other,India,5/3/2020,Free
s16651,Karan Clark,47,Other,Canada,6/25/2020,Yearly
s16652,Liam Verma,23,Male,Germany,3/16/2021,Monthly
s16653,Mia Verma,38,Male,Germany,1/11/2021,Yearly
s16654,Riya Verma,40,Male,India,10/19/2022,Yearly
s16655,Aanya Davis,24,Female,UK,6/7/2021,Yearly
s16656,Sophia Moore,27,Male,USA,9/9/2022,Free
s16657,Lucas Smith,19,Other,India,10/11/2020,Monthly
s16658,Mia Patel,38,Female,India,5/11/2019,Yearly
s16659,Riya Hall,21,Male,USA,2/3/2021,Free
s16660,Amelia Miller,37,Female,USA,1/1/2020,Monthly
s16661,Emma Walker,55,Female,Australia,7/2/2021,Yearly
s16662,Zara Clark,40,Male,Australia,5/13/2020,Free
s16663,Arjun Davis,33,Female,India,12/23/2022,Monthly
s16664,Riya Miller,19,Male,Germany,8/4/2022,Free
s16665,Mia Lewis,39,Other,Germany,3/2/2021,Free
s16666,Mia Lee,19,Male,Germany,3/18/2020,Yearly
s16667,Ethan Davis,31,Male,USA,3/19/2019,Yearly
s16668,Amelia Singh,18,Male,Canada,1/6/2019,Free
s16669,Emma Sharma,26,Other,Australia,7/25/2020,Free
s16670,Sophia Patel,40,Female,USA,9/5/2019,Yearly
s16671,Vihaan Walker,39,Female,India,7/12/2019,Yearly
s16672,Karan Lewis,23,Other,USA,6/29/2022,Yearly
s16673,Arjun Wilson,20,Male,Australia,6/24/2019,Free
s16674,Riya Patel,24,Male,Germany,4/24/2022,Yearly
s16675,Riya Lewis,34,Other,Australia,2/5/2019,Free
s16676,Meera Davis,20,Male,Australia,2/2/2019,Free
s16677,Emma Sharma,27,Female,USA,10/23/2021,Yearly
s16678,Liam Thomas,28,Male,Germany,4/18/2022,Yearly
s16679,Zara Davis,19,Other,India,6/17/2021,Free
s16680,Noah Patel,24,Female,USA,12/20/2019,Free
s16681,Liam Wilson,29,Female,Canada,4/19/2020,Yearly
s16682,Riya Lee,65,Female,UK,3/12/2021,Monthly
s16683,Zara Martin,25,Female,India,5/21/2020,Monthly
s16684,Noah Lewis,19,Male,Australia,11/10/2022,Yearly
s16685,Liam Smith,47,Male,Australia,11/29/2022,Yearly
s16686,Karan Brown,30,Other,India,6/21/2019,Free
s16687,Sophia Thomas,22,Female,Canada,12/17/2019,Yearly
s16688,Isabella Smith,21,Female,USA,6/19/2022,Free
s16689,Benjamin Taylor,27,Other,USA,1/2/2020,Yearly
s16690,Riya Wilson,27,Other,Germany,10/17/2019,Yearly
s16691,Riya Thomas,25,Other,Australia,9/28/2020,Monthly
s16692,Isabella Lee,26,Female,USA,8/24/2021,Monthly
s16693,Karan Sharma,38,Other,Canada,4/6/2020,Monthly
s16694,Arjun Hall,21,Other,Australia,12/21/2021,Monthly
s16695,Ethan Patel,23,Other,Australia,11/3/2020,Yearly
s16696,Arjun Miller,19,Other,Canada,4/14/2021,Yearly
s16697,Arjun Miller,30,Other,UK,8/12/2022,Free
s16698,Aanya Martin,60,Other,Canada,11/29/2019,Yearly
s16699,Meera Lewis,53,Male,Australia,6/14/2020,Free
s16700,Lucas Anderson,36,Female,Australia,9/10/2022,Free
s16701,Olivia Taylor,27,Other,Germany,4/6/2019,Monthly
s16702,Mia Sharma,26,Female,India,10/4/2020,Free
s16703,Benjamin Miller,26,Female,Canada,10/14/2019,Free
s16704,Amelia Patel,24,Female,UK,6/20/2021,Free
s16705,Riya Moore,25,Female,Australia,5/12/2021,Yearly
s16706,Sophia Sharma,29,Other,India,4/20/2019,Free
s16707,Ethan Walker,20,Male,Canada,8/28/2019,Yearly
s16708,Arjun Martin,25,Other,Germany,12/26/2021,Monthly
s16709,Sophia Brown,46,Other,Germany,12/10/2019,Free
s16710,Eva Davis,55,Other,Australia,8/6/2019,Monthly
s16711,Arjun Singh,42,Male,Canada,9/22/2022,Yearly
s16712,Mia Moore,19,Other,Canada,11/12/2021,Free
s16713,Benjamin Singh,21,Other,Germany,7/1/2021,Free
s16714,Mia Miller,27,Female,Canada,4/19/2022,Free
s16715,Sophia Thomas,27,Female,Canada,5/28/2022,Monthly
s16716,Benjamin Wilson,45,Other,Germany,8/17/2020,Monthly
s16717,Ethan Davis,56,Male,UK,9/22/2022,Monthly
s16718,Riya Hall,44,Male,Germany,2/13/2019,Free
s16719,Vihaan Walker,25,Male,USA,11/22/2022,Free
s16720,Mia Davis,47,Female,UK,2/17/2021,Yearly
s16721,Riya Johnson,26,Other,Canada,3/10/2022,Yearly
s16722,Arjun Moore,20,Other,India,8/27/2020,Monthly
s16723,Benjamin Walker,59,Other,Canada,1/23/2021,Free
s16724,Isabella Johnson,22,Male,Germany,4/27/2022,Free
s16725,Mia Patel,23,Female,USA,7/24/2019,Monthly
s16726,Arjun Anderson,33,Female,Australia,7/22/2021,Monthly
s16727,Sophia Clark,65,Other,India,12/23/2019,Yearly
s16728,Ethan Singh,24,Other,USA,2/22/2020,Yearly
s16729,Meera Singh,23,Female,Australia,6/14/2021,Yearly
s16730,Lucas Sharma,27,Female,USA,11/24/2019,Yearly
s16731,Aarav Lewis,30,Other,USA,9/29/2022,Monthly
s16732,Lucas Lee,48,Male,USA,4/21/2021,Yearly
s16733,Mia Martin,19,Other,USA,9/26/2020,Free
s16734,Karan Patel,22,Other,Canada,5/18/2022,Monthly
s16735,Liam Sharma,26,Female,Germany,5/9/2020,Yearly
s16736,Ethan Thomas,21,Other,India,2/28/2021,Free
s16737,Noah Hall,23,Male,Canada,7/6/2022,Yearly
s16738,Lucas Taylor,47,Other,Germany,9/8/2021,Free
s16739,Ethan Thomas,22,Male,Canada,12/25/2021,Monthly
s16740,Zara Taylor,29,Female,Canada,5/10/2022,Yearly
s16741,Lucas Thomas,64,Male,Canada,6/10/2021,Free
s16742,Karan Martin,27,Other,India,7/19/2021,Monthly
s16743,Amelia Miller,24,Other,USA,2/22/2021,Yearly
s16744,Meera Clark,35,Male,India,5/8/2020,Monthly
s16745,Lucas Lewis,39,Other,India,10/21/2021,Monthly
s16746,Eva Martin,25,Other,Germany,8/15/2021,Free
s16747,Olivia Clark,44,Other,USA,8/4/2022,Monthly
s16748,Aarav Patel,51,Female,Australia,8/21/2019,Monthly
s16749,Zara Thomas,23,Other,USA,10/8/2019,Free
s16750,Olivia Singh,22,Other,UK,4/24/2022,Free
s16751,Karan Clark,27,Female,Germany,5/24/2020,Yearly
s16752,Amelia Sharma,22,Other,India,10/17/2019,Monthly
s16753,Amelia Walker,22,Other,Canada,8/1/2021,Monthly
s16754,Arjun Martin,40,Other,India,10/7/2019,Yearly
s16755,Amelia Anderson,18,Other,Germany,10/1/2019,Free
s16756,Karan Brown,65,Other,Australia,1/26/2020,Monthly
s16757,Riya Thomas,19,Other,Germany,4/1/2021,Yearly
s16758,Riya Anderson,22,Other,UK,6/17/2020,Free
s16759,Olivia Anderson,46,Male,UK,6/7/2020,Yearly
s16760,Mia Martin,26,Male,UK,3/21/2019,Yearly
s16761,Sophia Walker,37,Male,Canada,7/6/2022,Monthly
s16762,Benjamin Lee,26,Male,USA,5/9/2020,Monthly
s16763,Amelia Davis,35,Other,UK,9/14/2020,Monthly
s16764,Aarav Miller,24,Other,Canada,11/8/2020,Free
s16765,Benjamin Singh,25,Male,Germany,7/15/2019,Yearly
s16766,Aanya Smith,21,Other,Canada,9/1/2019,Monthly
s16767,Isabella Moore,41,Male,Canada,2/2/2019,Yearly
s16768,Benjamin Lee,19,Male,India,9/9/2020,Yearly
s16769,Arjun Anderson,26,Male,Australia,4/20/2022,Monthly
s16770,Emma Thomas,18,Male,India,11/9/2022,Monthly
s16771,Aanya Walker,22,Female,Canada,5/5/2021,Free
s16772,Aanya Patel,29,Other,UK,2/26/2019,Free
s16773,Isabella Johnson,26,Male,USA,12/4/2021,Yearly
s16774,Amelia Davis,26,Other,Canada,1/24/2020,Monthly
s16775,Vihaan Verma,44,Other,India,10/6/2019,Yearly
s16776,Liam Wilson,57,Female,India,1/12/2020,Monthly
s16777,Olivia Lewis,26,Male,Australia,10/16/2020,Monthly
s16778,Riya Davis,51,Male,USA,1/1/2022,Free
s16779,Aanya Lee,25,Male,Canada,11/14/2020,Free
s16780,Liam Hall,27,Female,USA,4/28/2021,Free
s16781,Ethan Clark,26,Male,India,8/1/2022,Monthly
s16782,Isabella Lee,19,Female,Canada,12/3/2021,Free
s16783,Vihaan Thomas,57,Other,Canada,12/4/2020,Yearly
s16784,Vihaan Clark,27,Female,UK,2/8/2021,Monthly
s16785,Mia Brown,62,Other,UK,12/30/2022,Yearly
s16786,Mia Singh,45,Female,Germany,7/8/2020,Yearly
s16787,Ethan Miller,56,Other,Australia,8/29/2021,Monthly
s16788,Liam Moore,20,Male,India,8/14/2019,Free
s16789,Emma Patel,27,Male,Australia,4/13/2020,Free
s16790,Noah Patel,24,Male,Canada,5/25/2019,Monthly
s16791,Meera Lewis,19,Female,USA,6/15/2020,Yearly
s16792,Emma Hall,21,Other,India,8/21/2022,Monthly
s16793,Olivia Anderson,20,Male,Germany,9/3/2020,Monthly
s16794,Arjun Sharma,63,Male,Canada,1/30/2022,Free
s16795,Arjun Wilson,47,Other,USA,3/12/2019,Monthly
s16796,Isabella Miller,21,Female,India,1/16/2020,Monthly
s16797,Vihaan Clark,30,Other,Germany,10/21/2022,Yearly
s16798,Eva Lewis,37,Other,Australia,1/4/2020,Yearly
s16799,Aarav Anderson,36,Male,USA,3/13/2019,Monthly
s16800,Aarav Walker,19,Female,UK,10/12/2022,Monthly
s16801,Karan Lee,45,Female,Germany,8/8/2021,Yearly
s16802,Sophia Moore,35,Other,Germany,11/23/2022,Yearly
s16803,Emma Walker,21,Male,UK,4/26/2020,Free
s16804,Meera Brown,26,Male,Germany,5/30/2021,Monthly
s16805,Mia Smith,30,Other,Germany,12/25/2020,Yearly
s16806,Meera Davis,45,Other,India,8/6/2021,Free
s16807,Meera Singh,18,Female,India,6/16/2020,Free
s16808,Liam Martin,21,Female,India,1/4/2021,Free
s16809,Meera Thomas,39,Female,Germany,12/6/2020,Yearly
s16810,Sophia Clark,20,Other,Australia,9/28/2019,Monthly
s16811,Lucas Smith,19,Other,UK,4/10/2022,Free
s16812,Meera Thomas,62,Other,USA,4/30/2019,Monthly
s16813,Lucas Davis,27,Male,Germany,1/10/2019,Free
s16814,Lucas Taylor,22,Male,India,3/6/2022,Yearly
s16815,Aarav Clark,18,Other,UK,12/2/2020,Yearly
s16816,Aarav Patel,25,Other,Germany,1/21/2022,Yearly
s16817,Emma Johnson,40,Male,Australia,10/12/2021,Free
s16818,Arjun Wilson,54,Other,Australia,8/12/2021,Free
s16819,Eva Taylor,26,Other,UK,3/10/2019,Yearly
s16820,Noah Verma,19,Female,India,2/22/2021,Monthly
s16821,Lucas Martin,43,Female,USA,1/8/2022,Yearly
s16822,Liam Smith,26,Female,India,6/16/2021,Free
s16823,Noah Lewis,22,Female,UK,3/12/2021,Monthly
s16824,Vihaan Smith,30,Male,Germany,9/27/2020,Yearly
s16825,Riya Walker,39,Female,USA,10/13/2021,Yearly
s16826,Amelia Miller,39,Other,Canada,4/28/2020,Yearly
s16827,Liam Wilson,21,Male,Canada,8/20/2021,Yearly
s16828,Ethan Davis,19,Male,India,7/5/2019,Free
s16829,Liam Lee,27,Male,UK,9/14/2021,Yearly
s16830,Aarav Martin,22,Other,Australia,6/5/2021,Free
s16831,Noah Sharma,23,Female,Germany,8/26/2019,Yearly
s16832,Isabella Davis,25,Female,UK,4/9/2021,Monthly
s16833,Riya Patel,23,Female,Australia,5/12/2022,Yearly
s16834,Vihaan Anderson,30,Other,India,9/12/2019,Monthly
s16835,Sophia Verma,18,Female,India,12/7/2020,Yearly
s16836,Emma Lewis,22,Other,Germany,10/28/2022,Monthly
s16837,Isabella Anderson,24,Female,Canada,3/29/2022,Yearly
s16838,Aarav Hall,24,Male,USA,3/30/2022,Monthly
s16839,Benjamin Thomas,34,Male,USA,5/2/2021,Free
s16840,Amelia Davis,22,Other,UK,7/26/2020,Free
s16841,Olivia Moore,25,Other,UK,2/12/2020,Monthly
s16842,Isabella Walker,18,Other,India,9/18/2019,Yearly
s16843,Meera Singh,24,Male,Germany,1/28/2021,Monthly
s16844,Ethan Taylor,20,Male,Australia,12/10/2019,Monthly
s16845,Karan Singh,46,Female,Germany,7/18/2019,Yearly
s16846,Isabella Miller,18,Female,USA,4/27/2021,Monthly
s16847,Zara Wilson,23,Female,USA,11/21/2020,Free
s16848,Riya Walker,18,Female,India,3/8/2020,Monthly
s16849,Zara Wilson,24,Male,UK,11/1/2022,Monthly
s16850,Mia Johnson,22,Male,India,4/25/2021,Free
s16851,Zara Thomas,38,Female,Canada,6/25/2022,Free
s16852,Vihaan Walker,23,Other,USA,1/9/2020,Yearly
s16853,Aanya Verma,21,Other,USA,3/16/2020,Monthly
s16854,Zara Moore,19,Other,USA,5/16/2021,Free
s16855,Meera Martin,33,Female,India,1/24/2019,Free
s16856,Zara Sharma,32,Female,USA,10/15/2021,Free
s16857,Noah Smith,27,Other,USA,6/26/2022,Monthly
s16858,Eva Verma,34,Male,UK,1/22/2022,Free
s16859,Olivia Smith,22,Male,Australia,4/4/2021,Monthly
s16860,Benjamin Verma,27,Other,Canada,5/20/2022,Yearly
s16861,Mia Lewis,35,Female,Canada,11/29/2020,Free
s16862,Benjamin Lee,45,Male,Germany,7/16/2022,Free
s16863,Arjun Lee,34,Other,USA,9/17/2022,Free
s16864,Isabella Lee,27,Other,Germany,5/12/2019,Yearly
s16865,Ethan Clark,18,Male,Germany,3/25/2020,Free
s16866,Eva Thomas,24,Other,Canada,11/17/2019,Yearly
s16867,Aarav Lee,22,Male,Canada,4/24/2020,Yearly
s16868,Vihaan Sharma,46,Male,UK,2/17/2022,Free
s16869,Benjamin Sharma,23,Male,UK,11/26/2022,Monthly
s16870,Karan Thomas,23,Female,India,8/14/2019,Free
s16871,Noah Smith,21,Other,USA,4/27/2022,Yearly
s16872,Noah Hall,41,Female,Australia,11/8/2021,Yearly
s16873,Zara Lee,40,Male,India,3/2/2019,Yearly
s16874,Benjamin Smith,24,Male,Canada,6/4/2019,Yearly
s16875,Vihaan Lee,18,Female,Canada,1/26/2019,Free
s16876,Liam Wilson,34,Male,Australia,2/26/2020,Free
s16877,Amelia Sharma,19,Female,USA,3/28/2019,Free
s16878,Isabella Johnson,26,Female,UK,7/9/2020,Free
s16879,Eva Patel,29,Female,India,12/26/2020,Yearly
s16880,Amelia Taylor,62,Other,UK,9/21/2022,Monthly
s16881,Vihaan Moore,26,Other,Australia,8/2/2019,Yearly
s16882,Benjamin Walker,62,Other,Australia,11/18/2020,Yearly
s16883,Aanya Lewis,18,Male,Germany,8/5/2020,Yearly
s16884,Emma Johnson,21,Male,UK,2/11/2020,Monthly
s16885,Aanya Wilson,27,Other,USA,7/16/2020,Free
s16886,Lucas Moore,24,Other,Australia,7/12/2022,Yearly
s16887,Mia Lee,37,Female,India,6/24/2022,Yearly
s16888,Benjamin Lewis,60,Male,UK,3/10/2019,Monthly
s16889,Lucas Johnson,57,Female,UK,2/10/2019,Yearly
s16890,Arjun Singh,26,Male,Canada,3/29/2022,Monthly
s16891,Aarav Walker,37,Male,Australia,1/15/2022,Yearly
s16892,Amelia Brown,19,Female,Germany,9/11/2019,Yearly
s16893,Zara Taylor,23,Other,Canada,12/25/2019,Free
s16894,Liam Thomas,43,Female,UK,4/29/2019,Free
s16895,Emma Martin,19,Other,USA,3/24/2020,Free
s16896,Aanya Moore,21,Male,Germany,6/9/2020,Monthly
s16897,Lucas Lewis,26,Female,Germany,8/23/2020,Monthly
s16898,Mia Johnson,25,Male,Canada,7/3/2021,Monthly
s16899,Noah Verma,59,Female,Canada,8/5/2022,Free
s16900,Noah Davis,67,Female,Germany,3/4/2022,Free
s16901,Emma Verma,25,Female,India,2/18/2020,Monthly
s16902,Riya Verma,20,Male,Germany,9/14/2021,Yearly
s16903,Olivia Lewis,18,Male,India,2/24/2022,Monthly
s16904,Meera Davis,22,Other,Australia,1/5/2022,Free
s16905,Riya Anderson,25,Female,Canada,3/20/2021,Free
s16906,Ethan Smith,18,Other,Australia,11/29/2021,Free
s16907,Ethan Miller,26,Male,USA,10/16/2020,Free
s16908,Arjun Moore,19,Male,USA,7/6/2021,Yearly
s16909,Riya Lewis,26,Female,Germany,12/27/2020,Yearly
s16910,Isabella Verma,19,Female,UK,2/1/2019,Monthly
s16911,Olivia Moore,20,Male,Germany,2/24/2019,Monthly
s16912,Noah Anderson,34,Female,Canada,3/7/2021,Monthly
s16913,Liam Verma,22,Other,Australia,6/21/2019,Yearly
s16914,Meera Taylor,30,Other,UK,8/20/2022,Yearly
s16915,Noah Miller,18,Male,Germany,10/12/2022,Monthly
s16916,Meera Johnson,39,Female,USA,10/31/2022,Monthly
s16917,Amelia Brown,67,Male,Australia,8/6/2019,Monthly
s16918,Aarav Clark,25,Other,USA,8/6/2021,Free
s16919,Benjamin Lee,43,Other,Canada,5/29/2019,Yearly
s16920,Amelia Verma,23,Other,Australia,8/6/2020,Free
s16921,Karan Martin,43,Male,Australia,4/23/2020,Free
s16922,Riya Hall,62,Female,Australia,3/13/2019,Monthly
s16923,Vihaan Smith,22,Female,USA,4/28/2022,Free
s16924,Liam Clark,22,Other,UK,2/4/2019,Yearly
s16925,Amelia Lee,24,Other,India,6/1/2022,Free
s16926,Arjun Patel,24,Other,Canada,10/27/2022,Free
s16927,Vihaan Davis,21,Female,India,2/28/2019,Free
s16928,Mia Wilson,19,Female,Germany,3/3/2020,Monthly
s16929,Zara Davis,22,Other,Australia,3/10/2020,Free
s16930,Aarav Singh,19,Male,UK,10/31/2021,Free
s16931,Olivia Brown,43,Other,USA,7/5/2021,Free
s16932,Vihaan Johnson,20,Male,Canada,3/30/2021,Monthly
s16933,Ethan Moore,52,Female,Australia,2/13/2022,Monthly
s16934,Eva Anderson,37,Other,Canada,1/25/2022,Yearly
s16935,Amelia Clark,39,Other,Germany,1/2/2021,Monthly
s16936,Aanya Anderson,23,Other,USA,8/26/2021,Monthly
s16937,Liam Singh,66,Male,Canada,10/1/2022,Yearly
s16938,Karan Anderson,19,Other,Australia,9/9/2020,Monthly
s16939,Arjun Verma,31,Other,Australia,5/1/2022,Yearly
s16940,Mia Lewis,22,Female,Germany,10/21/2020,Monthly
s16941,Aarav Smith,23,Female,UK,3/10/2020,Monthly
s16942,Emma Anderson,66,Male,Canada,1/12/2022,Yearly
s16943,Amelia Smith,25,Other,Canada,10/22/2020,Yearly
s16944,Sophia Lewis,55,Female,Canada,5/8/2019,Monthly
s16945,Arjun Smith,31,Female,Canada,3/27/2021,Monthly
s16946,Aarav Wilson,21,Female,Germany,7/23/2019,Yearly
s16947,Mia Lee,23,Male,Australia,6/15/2022,Monthly
s16948,Zara Moore,19,Female,Australia,1/30/2019,Monthly
s16949,Isabella Sharma,20,Female,Australia,11/29/2022,Yearly
s16950,Eva Wilson,36,Male,India,7/21/2020,Monthly
s16951,Arjun Verma,39,Female,Germany,8/15/2022,Free
s16952,Olivia Patel,18,Female,Australia,10/21/2019,Monthly
s16953,Mia Moore,20,Male,Canada,1/19/2020,Free
s16954,Eva Taylor,20,Male,USA,12/26/2022,Free
s16955,Benjamin Lee,32,Other,Canada,7/25/2020,Yearly
s16956,Olivia Thomas,19,Other,Germany,3/18/2022,Yearly
s16957,Aarav Davis,18,Female,USA,6/6/2020,Yearly
s16958,Olivia Davis,42,Female,India,5/6/2020,Monthly
s16959,Eva Thomas,58,Male,India,8/20/2019,Yearly
s16960,Ethan Patel,47,Other,Australia,1/12/2019,Monthly
s16961,Isabella Martin,27,Female,India,6/1/2019,Free
s16962,Liam Martin,18,Male,USA,3/17/2022,Free
s16963,Karan Davis,19,Male,Canada,10/10/2021,Free
s16964,Vihaan Brown,20,Female,USA,1/18/2022,Yearly
s16965,Meera Thomas,19,Other,Germany,10/2/2022,Yearly
s16966,Isabella Johnson,36,Other,Australia,10/28/2021,Free
s16967,Ethan Smith,24,Other,Germany,11/7/2022,Monthly
s16968,Zara Miller,34,Male,Australia,8/9/2022,Yearly
s16969,Noah Thomas,26,Male,Canada,2/16/2021,Monthly
s16970,Lucas Wilson,36,Female,Canada,12/23/2019,Free
s16971,Aarav Miller,51,Female,Canada,7/11/2022,Yearly
s16972,Aanya Johnson,36,Other,Canada,11/7/2022,Free
s16973,Karan Moore,44,Female,India,11/23/2021,Yearly
s16974,Olivia Hall,26,Female,India,7/24/2019,Monthly
s16975,Isabella Lewis,22,Male,Australia,3/20/2022,Yearly
s16976,Vihaan Smith,66,Female,Germany,6/23/2019,Monthly
s16977,Arjun Clark,22,Male,Germany,5/19/2022,Yearly
s16978,Aarav Lewis,24,Female,Canada,1/2/2020,Monthly
s16979,Eva Brown,24,Other,Germany,10/7/2020,Yearly
s16980,Aarav Lee,24,Male,Germany,11/18/2020,Monthly
s16981,Emma Sharma,18,Other,USA,11/21/2022,Free
s16982,Mia Moore,40,Female,Canada,12/14/2020,Yearly
s16983,Isabella Brown,26,Male,UK,11/27/2021,Free
s16984,Noah Lee,19,Other,UK,6/20/2019,Free
s16985,Sophia Taylor,27,Female,UK,5/20/2022,Yearly
s16986,Aanya Brown,27,Other,Australia,11/23/2021,Free
s16987,Aarav Lee,21,Male,Australia,8/4/2019,Free
s16988,Mia Lee,53,Other,India,10/19/2020,Yearly
s16989,Noah Singh,24,Other,Germany,9/13/2019,Free
s16990,Zara Miller,23,Male,USA,1/17/2019,Monthly
s16991,Aanya Wilson,25,Other,Australia,5/19/2021,Free
s16992,Eva Martin,38,Male,India,1/1/2022,Monthly
s16993,Eva Davis,26,Female,USA,8/9/2021,Yearly
s16994,Vihaan Wilson,23,Other,Canada,1/18/2021,Monthly
s16995,Mia Lewis,20,Male,Canada,6/27/2022,Yearly
s16996,Benjamin Smith,23,Other,USA,8/31/2022,Yearly
s16997,Noah Brown,19,Other,Canada,8/9/2020,Monthly
s16998,Ethan Davis,24,Male,USA,6/16/2019,Monthly
s16999,Zara Thomas,27,Male,Germany,10/5/2020,Yearly
s17000,Vihaan Davis,20,Female,India,12/2/2019,Free
s17001,Amelia Lee,36,Female,Australia,2/9/2019,Free
s17002,Karan Sharma,47,Male,UK,3/10/2020,Yearly
s17003,Vihaan Walker,25,Female,Germany,5/23/2021,Monthly
s17004,Sophia Smith,38,Other,Germany,4/29/2019,Monthly
s17005,Sophia Thomas,34,Female,Germany,1/27/2020,Monthly
s17006,Amelia Singh,22,Female,Germany,8/30/2019,Free
s17007,Karan Lee,27,Male,Canada,5/26/2019,Free
s17008,Aanya Lee,19,Female,UK,1/10/2019,Free
s17009,Eva Verma,23,Female,Germany,1/8/2019,Free
s17010,Sophia Taylor,21,Other,Canada,1/16/2022,Yearly
s17011,Benjamin Thomas,27,Other,India,7/10/2020,Yearly
s17012,Benjamin Davis,23,Female,UK,9/22/2021,Free
s17013,Olivia Taylor,23,Other,USA,8/1/2021,Yearly
s17014,Mia Lewis,53,Female,UK,7/11/2019,Yearly
s17015,Amelia Verma,60,Other,Germany,9/15/2022,Monthly
s17016,Benjamin Clark,21,Male,Germany,7/30/2021,Free
s17017,Amelia Lee,22,Female,USA,12/14/2022,Monthly
s17018,Sophia Johnson,22,Male,Germany,6/25/2021,Free
s17019,Isabella Johnson,23,Female,Canada,2/1/2022,Monthly
s17020,Noah Hall,42,Male,USA,7/19/2020,Free
s17021,Vihaan Singh,20,Other,UK,6/15/2019,Monthly
s17022,Emma Lewis,25,Female,Australia,4/21/2022,Free
s17023,Karan Taylor,45,Other,Australia,8/11/2021,Yearly
s17024,Meera Verma,21,Other,Germany,10/19/2020,Yearly
s17025,Sophia Martin,27,Female,India,3/28/2021,Yearly
s17026,Vihaan Singh,29,Other,UK,9/23/2019,Yearly
s17027,Liam Verma,25,Other,India,8/12/2020,Free
s17028,Aarav Walker,33,Female,USA,2/4/2019,Yearly
s17029,Emma Taylor,19,Female,Canada,7/21/2019,Yearly
s17030,Benjamin Smith,21,Female,UK,12/22/2022,Free
s17031,Noah Patel,23,Female,Canada,7/12/2019,Monthly
s17032,Eva Smith,22,Male,India,2/27/2022,Yearly
s17033,Ethan Moore,18,Other,USA,8/21/2022,Monthly
s17034,Liam Lee,26,Female,UK,3/25/2019,Free
s17035,Emma Davis,28,Female,UK,9/13/2020,Free
s17036,Amelia Johnson,24,Male,UK,5/28/2022,Free
s17037,Amelia Clark,39,Female,Germany,8/15/2020,Monthly
s17038,Olivia Smith,21,Other,Canada,9/10/2019,Monthly
s17039,Mia Thomas,23,Male,UK,6/27/2022,Yearly
s17040,Karan Hall,27,Other,Australia,2/5/2020,Free
s17041,Benjamin Anderson,24,Other,Canada,6/28/2022,Yearly
s17042,Sophia Clark,19,Male,UK,7/6/2022,Yearly
s17043,Eva Clark,36,Female,Germany,6/29/2021,Yearly
s17044,Noah Davis,41,Other,UK,3/6/2020,Free
s17045,Aarav Anderson,36,Female,Germany,11/23/2021,Yearly
s17046,Noah Smith,34,Male,Germany,12/3/2022,Yearly
s17047,Eva Lee,18,Male,India,6/13/2020,Yearly
s17048,Meera Brown,22,Female,Canada,8/29/2020,Yearly
s17049,Sophia Hall,41,Female,India,10/26/2020,Monthly
s17050,Arjun Singh,48,Male,Canada,4/27/2022,Yearly
s17051,Arjun Clark,21,Other,India,5/18/2019,Yearly
s17052,Ethan Lee,37,Other,USA,12/17/2019,Free
s17053,Meera Thomas,67,Other,USA,9/3/2019,Yearly
s17054,Amelia Lee,21,Female,Germany,12/1/2020,Yearly
s17055,Emma Thomas,26,Male,Germany,8/31/2019,Monthly
s17056,Eva Singh,27,Other,Canada,1/30/2019,Free
s17057,Amelia Moore,35,Male,Canada,9/16/2020,Free
s17058,Riya Singh,18,Male,UK,5/5/2021,Free
s17059,Emma Smith,33,Female,Australia,3/7/2021,Monthly
s17060,Noah Clark,21,Other,USA,7/9/2019,Yearly
s17061,Olivia Walker,48,Other,UK,9/21/2019,Free
s17062,Aarav Verma,23,Female,Germany,4/5/2021,Monthly
s17063,Emma Wilson,59,Male,Canada,9/19/2019,Monthly
s17064,Riya Lewis,30,Male,India,8/19/2022,Free
s17065,Arjun Lewis,30,Female,USA,4/4/2022,Yearly
s17066,Eva Wilson,23,Male,India,3/10/2021,Free
s17067,Zara Martin,26,Other,Germany,6/30/2019,Monthly
s17068,Lucas Singh,22,Female,Australia,12/2/2022,Yearly
s17069,Sophia Johnson,22,Other,Canada,7/3/2022,Free
s17070,Liam Sharma,25,Other,Australia,2/20/2019,Monthly
s17071,Emma Thomas,19,Other,Canada,5/1/2021,Yearly
s17072,Meera Johnson,42,Female,Canada,9/12/2021,Monthly
s17073,Eva Moore,22,Male,India,11/27/2022,Monthly
s17074,Emma Miller,22,Other,Germany,5/15/2020,Free
s17075,Isabella Wilson,43,Female,USA,11/16/2020,Monthly
s17076,Karan Wilson,28,Female,Canada,1/29/2019,Monthly
s17077,Lucas Patel,24,Female,UK,7/11/2019,Monthly
s17078,Isabella Lee,24,Female,USA,12/7/2021,Yearly
s17079,Mia Lewis,59,Male,India,1/16/2019,Yearly
s17080,Noah Hall,53,Other,USA,3/21/2019,Free
s17081,Zara Miller,22,Other,Germany,5/22/2020,Monthly
s17082,Amelia Walker,26,Female,Australia,8/31/2019,Yearly
s17083,Riya Smith,19,Other,India,6/20/2022,Monthly
s17084,Riya Verma,23,Female,Canada,4/1/2022,Free
s17085,Karan Hall,22,Male,UK,6/30/2020,Monthly
s17086,Riya Lewis,27,Female,USA,2/26/2021,Yearly
s17087,Liam Wilson,25,Male,Germany,4/6/2022,Free
s17088,Meera Hall,18,Female,UK,6/2/2022,Yearly
s17089,Vihaan Taylor,24,Female,Germany,1/28/2020,Free
s17090,Ethan Lewis,44,Other,Canada,11/17/2022,Monthly
s17091,Isabella Singh,21,Other,Germany,11/16/2022,Free
s17092,Emma Davis,32,Other,Germany,12/21/2019,Free
s17093,Riya Lee,22,Other,India,11/26/2020,Yearly
s17094,Olivia Thomas,27,Other,UK,7/5/2022,Free
s17095,Vihaan Smith,25,Male,Australia,8/19/2020,Free
s17096,Riya Wilson,22,Female,USA,2/23/2020,Yearly
s17097,Isabella Miller,19,Male,India,8/11/2020,Monthly
s17098,Arjun Walker,26,Other,India,7/13/2022,Free
s17099,Sophia Walker,24,Male,Canada,3/2/2020,Free
s17100,Vihaan Verma,18,Other,UK,3/12/2021,Free
s17101,Mia Hall,18,Other,UK,5/9/2022,Yearly
s17102,Riya Lewis,21,Male,USA,8/27/2020,Yearly
s17103,Emma Miller,19,Female,Germany,4/30/2019,Yearly
s17104,Emma Verma,21,Male,Canada,6/7/2021,Free
s17105,Emma Clark,19,Other,Germany,7/11/2022,Free
s17106,Aarav Walker,27,Other,USA,5/16/2022,Yearly
s17107,Aanya Sharma,21,Other,UK,6/9/2022,Monthly
s17108,Amelia Wilson,18,Female,UK,2/20/2022,Free
s17109,Riya Patel,25,Other,Canada,4/27/2022,Yearly
s17110,Aarav Hall,25,Female,Australia,10/22/2019,Free
s17111,Olivia Brown,39,Other,Australia,2/21/2019,Free
s17112,Olivia Johnson,19,Female,India,11/30/2022,Free
s17113,Noah Miller,27,Female,UK,3/29/2022,Yearly
s17114,Lucas Thomas,18,Female,Canada,1/21/2019,Yearly
s17115,Liam Clark,18,Female,UK,5/18/2019,Free
s17116,Olivia Davis,38,Male,Australia,1/22/2020,Monthly
s17117,Olivia Martin,67,Male,Australia,7/2/2019,Free
s17118,Benjamin Hall,31,Other,USA,6/15/2020,Monthly
s17119,Emma Verma,20,Female,UK,10/10/2020,Yearly
s17120,Sophia Walker,26,Male,Canada,9/8/2022,Yearly
s17121,Arjun Walker,47,Female,India,5/29/2019,Yearly
s17122,Liam Lee,67,Male,UK,1/15/2021,Free
s17123,Karan Patel,40,Other,India,2/9/2019,Free
s17124,Emma Hall,32,Male,India,2/24/2021,Yearly
s17125,Karan Sharma,21,Other,Canada,8/7/2021,Free
s17126,Karan Davis,26,Other,USA,11/2/2022,Monthly
s17127,Karan Miller,26,Other,Australia,1/29/2021,Free
s17128,Meera Sharma,22,Female,India,8/26/2020,Yearly
s17129,Riya Martin,20,Male,Canada,1/7/2020,Yearly
s17130,Zara Moore,27,Female,Canada,8/26/2021,Monthly
s17131,Arjun Clark,21,Other,India,8/24/2021,Free
s17132,Sophia Smith,18,Other,Germany,3/4/2020,Yearly
s17133,Benjamin Lewis,27,Male,UK,7/20/2020,Free
s17134,Emma Verma,19,Other,Germany,9/8/2022,Monthly
s17135,Zara Sharma,25,Female,UK,10/25/2021,Yearly
s17136,Sophia Martin,43,Other,Canada,11/28/2022,Yearly
s17137,Vihaan Brown,27,Male,UK,6/25/2021,Monthly
s17138,Isabella Davis,27,Female,Germany,2/14/2022,Free
s17139,Olivia Davis,64,Female,Australia,9/12/2020,Monthly
s17140,Ethan Clark,24,Other,Germany,8/2/2022,Monthly
s17141,Amelia Clark,32,Other,UK,8/9/2022,Monthly
s17142,Lucas Miller,21,Male,Canada,9/21/2019,Yearly
s17143,Aanya Lee,38,Female,Australia,10/31/2021,Yearly
s17144,Zara Taylor,19,Other,Germany,5/4/2019,Free
s17145,Olivia Davis,29,Female,UK,10/28/2020,Free
s17146,Aarav Taylor,23,Female,Germany,10/24/2021,Monthly
s17147,Olivia Clark,34,Female,India,2/24/2020,Yearly
s17148,Aanya Singh,20,Other,Australia,1/9/2020,Yearly
s17149,Noah Wilson,58,Male,UK,9/28/2022,Monthly
s17150,Ethan Hall,24,Male,UK,2/12/2020,Free
s17151,Liam Miller,39,Other,Germany,7/14/2019,Free
s17152,Mia Clark,31,Male,Canada,10/10/2022,Free
s17153,Isabella Hall,19,Male,Germany,2/7/2020,Free
s17154,Aanya Miller,21,Other,Germany,12/29/2022,Monthly
s17155,Arjun Lee,21,Other,Canada,2/3/2019,Free
s17156,Arjun Wilson,27,Female,UK,12/5/2020,Monthly
s17157,Aanya Brown,18,Female,Australia,7/25/2021,Monthly
s17158,Emma Sharma,27,Female,India,7/12/2019,Yearly
s17159,Aarav Thomas,22,Female,UK,1/18/2021,Monthly
s17160,Meera Taylor,18,Female,UK,12/22/2019,Yearly
s17161,Vihaan Miller,25,Other,UK,3/22/2022,Free
s17162,Meera Patel,33,Other,UK,8/16/2021,Monthly
s17163,Ethan Hall,24,Male,UK,2/7/2020,Free
s17164,Ethan Lewis,24,Other,Germany,6/4/2020,Monthly
s17165,Noah Walker,26,Female,India,1/13/2021,Monthly
s17166,Aarav Walker,20,Female,USA,10/15/2021,Yearly
s17167,Liam Moore,51,Female,USA,2/14/2020,Free
s17168,Eva Brown,33,Male,Australia,4/27/2022,Free
s17169,Sophia Hall,51,Female,Australia,1/20/2022,Yearly
s17170,Noah Taylor,26,Female,USA,7/20/2021,Monthly
s17171,Lucas Martin,23,Male,UK,11/27/2021,Monthly
s17172,Karan Miller,21,Male,USA,3/31/2020,Free
s17173,Meera Johnson,23,Female,India,9/24/2021,Yearly
s17174,Meera Lee,59,Female,USA,4/22/2020,Yearly
s17175,Karan Singh,43,Male,Germany,8/18/2020,Free
s17176,Mia Sharma,20,Female,USA,6/27/2021,Yearly
s17177,Vihaan Thomas,60,Other,Australia,10/4/2022,Monthly
s17178,Aarav Sharma,22,Male,USA,6/15/2020,Free
s17179,Aanya Johnson,42,Male,Germany,9/10/2022,Yearly
s17180,Liam Lee,20,Other,Canada,3/5/2021,Free
s17181,Meera Lee,43,Other,Germany,2/13/2020,Monthly
s17182,Sophia Miller,27,Female,USA,12/11/2020,Monthly
s17183,Noah Sharma,20,Other,India,2/17/2021,Free
s17184,Zara Lewis,36,Female,USA,12/16/2021,Yearly
s17185,Isabella Miller,19,Female,UK,9/14/2020,Yearly
s17186,Eva Sharma,24,Male,Australia,11/15/2021,Monthly
s17187,Olivia Thomas,40,Other,UK,9/18/2021,Monthly
s17188,Riya Brown,18,Female,Canada,9/5/2022,Monthly
s17189,Vihaan Johnson,21,Other,UK,6/2/2019,Free
s17190,Aarav Martin,25,Other,India,8/10/2020,Free
s17191,Benjamin Hall,20,Male,Canada,9/16/2021,Monthly
s17192,Karan Taylor,27,Male,USA,4/28/2020,Yearly
s17193,Olivia Walker,20,Female,UK,1/2/2019,Yearly
s17194,Olivia Patel,24,Female,USA,1/30/2020,Free
s17195,Ethan Hall,65,Male,Canada,4/28/2020,Yearly
s17196,Zara Sharma,35,Female,India,3/19/2019,Monthly
s17197,Olivia Thomas,31,Male,UK,2/26/2020,Free
s17198,Vihaan Singh,21,Female,Canada,2/10/2019,Monthly
s17199,Mia Smith,32,Female,India,4/8/2021,Yearly
s17200,Mia Smith,37,Female,UK,1/30/2020,Monthly
s17201,Karan Brown,37,Male,USA,11/20/2019,Monthly
s17202,Liam Thomas,34,Male,Germany,7/1/2020,Yearly
s17203,Olivia Walker,23,Male,India,8/3/2019,Monthly
s17204,Arjun Thomas,19,Female,UK,2/20/2021,Monthly
s17205,Liam Hall,23,Other,USA,6/28/2020,Monthly
s17206,Benjamin Davis,56,Female,Germany,1/23/2022,Yearly
s17207,Mia Brown,29,Female,UK,6/27/2021,Monthly
s17208,Olivia Patel,46,Male,Germany,12/23/2021,Free
s17209,Mia Lee,22,Female,Australia,9/16/2019,Free
s17210,Aarav Wilson,19,Female,Germany,6/22/2022,Monthly
s17211,Aarav Hall,22,Female,USA,9/8/2022,Free
s17212,Eva Martin,18,Male,Germany,2/24/2019,Free
s17213,Noah Johnson,22,Male,USA,11/5/2022,Yearly
s17214,Vihaan Davis,25,Female,Canada,3/31/2019,Free
s17215,Lucas Taylor,36,Male,Australia,10/28/2021,Yearly
s17216,Noah Taylor,45,Male,USA,6/21/2022,Free
s17217,Amelia Wilson,44,Female,Australia,8/12/2022,Monthly
s17218,Olivia Lee,42,Other,USA,6/24/2020,Monthly
s17219,Karan Lewis,35,Female,Germany,2/28/2019,Free
s17220,Olivia Singh,36,Male,Australia,1/13/2019,Free
s17221,Benjamin Johnson,66,Male,India,9/3/2020,Free
s17222,Liam Miller,22,Other,Australia,7/22/2020,Monthly
s17223,Aarav Miller,26,Male,India,9/13/2021,Monthly
s17224,Sophia Walker,67,Other,Australia,2/8/2019,Monthly
s17225,Noah Martin,24,Female,UK,12/22/2020,Monthly
s17226,Lucas Sharma,40,Other,UK,9/24/2020,Yearly
s17227,Emma Smith,27,Other,USA,10/18/2021,Yearly
s17228,Ethan Wilson,59,Other,UK,3/30/2020,Yearly
s17229,Aarav Smith,25,Other,UK,6/17/2022,Yearly
s17230,Amelia Smith,23,Male,UK,10/18/2019,Yearly
s17231,Meera Lee,25,Male,USA,10/28/2022,Free
s17232,Lucas Brown,61,Female,Australia,6/22/2021,Yearly
s17233,Lucas Walker,20,Female,Australia,8/8/2019,Free
s17234,Noah Hall,58,Female,Canada,5/2/2020,Monthly
s17235,Lucas Smith,47,Other,UK,3/4/2021,Monthly
s17236,Zara Clark,57,Female,Australia,9/8/2021,Monthly
s17237,Benjamin Patel,30,Female,Canada,8/11/2020,Free
s17238,Lucas Miller,40,Other,Canada,5/24/2022,Free
s17239,Mia Singh,25,Male,USA,12/23/2020,Yearly
s17240,Aanya Hall,27,Male,Australia,9/10/2019,Monthly
s17241,Isabella Singh,46,Male,Canada,2/24/2020,Monthly
s17242,Aanya Martin,30,Other,India,1/26/2022,Yearly
s17243,Zara Smith,49,Other,India,7/11/2019,Free
s17244,Amelia Patel,46,Other,UK,7/14/2022,Free
s17245,Aanya Lee,29,Female,India,10/28/2022,Yearly
s17246,Olivia Sharma,25,Other,UK,1/9/2019,Monthly
s17247,Arjun Clark,66,Female,Australia,9/20/2022,Free
s17248,Emma Singh,23,Other,Canada,7/10/2019,Free
s17249,Mia Taylor,41,Male,UK,1/7/2020,Free
s17250,Benjamin Johnson,58,Female,UK,1/10/2022,Yearly
s17251,Lucas Davis,65,Female,Canada,1/20/2022,Yearly
s17252,Ethan Brown,46,Male,Canada,12/4/2021,Yearly
s17253,Amelia Thomas,52,Female,Canada,4/28/2021,Monthly
s17254,Olivia Lewis,29,Female,UK,1/5/2019,Free
s17255,Aanya Wilson,21,Other,USA,4/20/2019,Yearly
s17256,Arjun Clark,23,Male,USA,5/16/2022,Free
s17257,Mia Sharma,26,Female,Germany,1/2/2022,Free
s17258,Aanya Patel,32,Female,India,11/7/2019,Monthly
s17259,Zara Verma,31,Other,Australia,6/14/2021,Yearly
s17260,Mia Davis,37,Male,India,5/26/2019,Yearly
s17261,Meera Miller,24,Other,UK,6/29/2019,Yearly
s17262,Amelia Smith,21,Other,Australia,5/5/2022,Yearly
s17263,Meera Hall,23,Other,India,7/1/2022,Monthly
s17264,Karan Anderson,40,Female,USA,12/10/2021,Free
s17265,Vihaan Sharma,23,Male,USA,2/22/2020,Yearly
s17266,Isabella Moore,27,Male,India,1/29/2022,Monthly
s17267,Sophia Patel,27,Female,Canada,10/21/2021,Free
s17268,Noah Clark,19,Female,USA,4/5/2021,Free
s17269,Riya Walker,42,Other,Canada,10/24/2022,Free
s17270,Mia Thomas,22,Male,Germany,9/27/2019,Free
s17271,Riya Clark,38,Female,Australia,3/18/2022,Monthly
s17272,Emma Anderson,33,Other,India,11/30/2020,Monthly
s17273,Emma Brown,18,Female,Australia,8/13/2020,Yearly
s17274,Arjun Singh,18,Female,Germany,7/8/2019,Monthly
s17275,Ethan Sharma,25,Female,Australia,6/8/2019,Yearly
s17276,Meera Miller,43,Female,India,1/31/2021,Yearly
s17277,Noah Sharma,26,Male,India,3/19/2022,Yearly
s17278,Noah Martin,32,Male,UK,2/1/2021,Yearly
s17279,Vihaan Clark,25,Female,Germany,5/31/2022,Yearly
s17280,Noah Singh,18,Other,UK,4/28/2021,Yearly
s17281,Ethan Sharma,50,Other,UK,9/14/2022,Free
s17282,Meera Davis,49,Other,UK,7/1/2022,Monthly
s17283,Benjamin Walker,28,Other,Canada,1/31/2021,Free
s17284,Olivia Johnson,66,Female,Australia,11/6/2022,Free
s17285,Ethan Hall,20,Male,Germany,6/12/2020,Yearly
s17286,Noah Lee,46,Male,India,9/4/2022,Yearly
s17287,Ethan Johnson,44,Other,Germany,5/23/2021,Yearly
s17288,Lucas Hall,42,Female,India,9/4/2022,Monthly
s17289,Benjamin Taylor,27,Female,UK,12/14/2021,Free
s17290,Olivia Verma,22,Male,India,11/26/2020,Monthly
s17291,Vihaan Miller,23,Other,USA,8/1/2022,Yearly
s17292,Arjun Lewis,43,Other,Australia,3/29/2019,Free
s17293,Ethan Smith,52,Male,Australia,2/22/2019,Free
s17294,Mia Thomas,27,Male,India,11/14/2022,Yearly
s17295,Olivia Hall,21,Female,Canada,2/28/2019,Monthly
s17296,Isabella Taylor,24,Male,Australia,7/10/2021,Free
s17297,Meera Anderson,19,Other,Australia,8/22/2021,Free
s17298,Liam Verma,22,Other,Australia,3/24/2019,Yearly
s17299,Arjun Anderson,42,Male,Australia,11/11/2021,Yearly
s17300,Isabella Wilson,20,Male,Australia,12/8/2022,Free
s17301,Riya Johnson,25,Male,USA,2/8/2019,Monthly
s17302,Eva Verma,41,Other,UK,7/11/2021,Free
s17303,Zara Singh,18,Male,India,7/28/2022,Monthly
s17304,Liam Wilson,25,Male,Canada,8/6/2020,Free
s17305,Emma Singh,23,Female,UK,5/11/2022,Free
s17306,Meera Clark,63,Female,UK,4/22/2022,Monthly
s17307,Vihaan Patel,51,Other,Germany,9/15/2022,Free
s17308,Mia Clark,21,Male,Germany,1/2/2019,Free
s17309,Meera Hall,19,Female,Canada,8/5/2021,Monthly
s17310,Noah Moore,22,Female,Australia,5/17/2019,Monthly
s17311,Liam Smith,18,Female,Germany,4/7/2021,Free
s17312,Liam Clark,26,Male,UK,9/17/2022,Yearly
s17313,Isabella Lewis,40,Other,Australia,5/6/2022,Free
s17314,Zara Verma,39,Female,Canada,2/19/2021,Yearly
s17315,Zara Wilson,27,Female,Canada,12/10/2019,Monthly
s17316,Ethan Lewis,25,Female,Canada,1/17/2021,Free
s17317,Riya Lee,57,Other,Australia,7/10/2020,Yearly
s17318,Mia Miller,25,Female,Germany,12/28/2020,Yearly
s17319,Arjun Miller,55,Male,Australia,5/20/2019,Free
s17320,Eva Patel,44,Female,Australia,12/19/2020,Free
s17321,Meera Martin,25,Female,Australia,7/25/2022,Monthly
s17322,Aanya Davis,19,Female,India,5/1/2019,Monthly
s17323,Meera Hall,20,Male,UK,9/13/2019,Yearly
s17324,Karan Walker,19,Other,Canada,10/31/2019,Free
s17325,Meera Verma,38,Female,Canada,5/10/2019,Free
s17326,Riya Anderson,21,Male,Australia,6/6/2020,Monthly
s17327,Mia Johnson,27,Female,Germany,7/2/2022,Free
s17328,Isabella Thomas,27,Male,Germany,11/14/2020,Monthly
s17329,Liam Sharma,24,Male,Canada,11/22/2019,Free
s17330,Benjamin Hall,22,Other,Germany,6/7/2019,Monthly
s17331,Liam Patel,18,Female,Australia,8/18/2022,Yearly
s17332,Vihaan Sharma,35,Other,Canada,5/28/2019,Yearly
s17333,Liam Patel,18,Female,Australia,10/2/2020,Monthly
s17334,Vihaan Moore,19,Male,India,12/20/2022,Monthly
s17335,Emma Miller,24,Female,Canada,3/13/2019,Free
s17336,Karan Martin,23,Female,Australia,3/3/2020,Yearly
s17337,Vihaan Verma,22,Other,UK,5/16/2020,Free
s17338,Ethan Verma,23,Other,USA,5/15/2020,Monthly
s17339,Isabella Davis,47,Female,Germany,8/11/2020,Monthly
s17340,Liam Wilson,25,Male,Canada,9/5/2020,Yearly
s17341,Emma Thomas,40,Other,India,2/24/2021,Monthly
s17342,Ethan Thomas,45,Male,Germany,7/19/2022,Monthly
s17343,Liam Thomas,35,Male,USA,2/22/2020,Yearly
s17344,Riya Clark,24,Other,Canada,9/9/2019,Monthly
s17345,Vihaan Verma,37,Female,Canada,7/6/2020,Monthly
s17346,Olivia Sharma,23,Male,India,3/18/2020,Free
s17347,Karan Martin,19,Other,USA,1/23/2020,Monthly
s17348,Ethan Brown,36,Female,Canada,5/29/2020,Yearly
s17349,Noah Wilson,20,Other,UK,7/21/2019,Monthly
s17350,Aarav Brown,26,Female,Canada,4/18/2022,Monthly
s17351,Emma Martin,46,Male,India,9/24/2019,Free
s17352,Vihaan Moore,20,Male,USA,2/17/2021,Free
s17353,Emma Wilson,57,Male,USA,2/12/2019,Free
s17354,Benjamin Walker,33,Other,Australia,2/22/2019,Free
s17355,Noah Lewis,21,Male,India,3/28/2019,Free
s17356,Isabella Patel,24,Male,Germany,12/23/2019,Monthly
s17357,Lucas Taylor,18,Female,UK,9/8/2020,Yearly
s17358,Benjamin Miller,37,Other,Germany,3/23/2022,Monthly
s17359,Amelia Walker,42,Male,Canada,4/19/2020,Monthly
s17360,Mia Wilson,24,Female,UK,6/13/2022,Free
s17361,Riya Taylor,23,Female,Canada,8/1/2021,Free
s17362,Karan Walker,22,Female,USA,12/19/2020,Yearly
s17363,Olivia Miller,19,Female,USA,9/12/2022,Free
s17364,Arjun Verma,54,Female,USA,1/17/2019,Yearly
s17365,Karan Brown,55,Other,India,4/12/2020,Yearly
s17366,Sophia Smith,27,Male,Australia,6/13/2020,Yearly
s17367,Riya Brown,38,Other,Germany,12/28/2020,Free
s17368,Benjamin Davis,24,Female,Australia,12/21/2020,Yearly
s17369,Aarav Walker,25,Female,Germany,12/13/2019,Free
s17370,Lucas Sharma,20,Male,Australia,3/6/2022,Yearly
s17371,Emma Clark,22,Male,Canada,12/13/2019,Monthly
s17372,Isabella Johnson,65,Female,India,10/25/2022,Free
s17373,Olivia Brown,18,Other,Australia,10/10/2020,Monthly
s17374,Riya Lewis,63,Other,Germany,11/28/2021,Yearly
s17375,Noah Hall,25,Male,Australia,5/21/2019,Free
s17376,Ethan Johnson,23,Other,Canada,4/27/2021,Monthly
s17377,Noah Hall,21,Female,Canada,7/18/2022,Monthly
s17378,Lucas Taylor,41,Male,UK,10/14/2019,Monthly
s17379,Liam Hall,27,Female,UK,8/23/2021,Free
s17380,Eva Thomas,26,Male,Australia,4/16/2019,Free
s17381,Isabella Martin,24,Male,India,5/14/2019,Free
s17382,Lucas Walker,18,Male,UK,4/11/2019,Monthly
s17383,Olivia Clark,18,Male,Canada,3/29/2019,Yearly
s17384,Meera Lewis,19,Male,USA,12/23/2019,Yearly
s17385,Emma Miller,22,Male,India,3/29/2022,Yearly
s17386,Zara Lee,34,Male,India,6/5/2022,Free
s17387,Noah Martin,24,Female,Australia,4/4/2019,Monthly
s17388,Zara Taylor,55,Female,Germany,3/2/2020,Free
s17389,Riya Moore,25,Other,Germany,4/3/2021,Yearly
s17390,Riya Singh,46,Female,Canada,12/15/2019,Yearly
s17391,Amelia Lee,41,Other,UK,1/23/2019,Free
s17392,Noah Brown,18,Other,Germany,4/1/2019,Yearly
s17393,Liam Taylor,18,Male,UK,9/7/2020,Yearly
s17394,Vihaan Hall,20,Other,Germany,6/19/2020,Monthly
s17395,Arjun Lee,20,Female,Canada,2/27/2022,Yearly
s17396,Noah Patel,62,Male,India,3/28/2021,Yearly
s17397,Zara Miller,24,Female,Australia,11/17/2022,Free
s17398,Benjamin Davis,32,Female,Canada,1/12/2021,Monthly
s17399,Zara Lewis,47,Female,India,2/8/2021,Free
s17400,Amelia Lee,61,Other,Canada,1/5/2021,Free
s17401,Riya Walker,22,Male,Australia,10/4/2019,Free
s17402,Olivia Smith,43,Male,India,6/1/2019,Free
s17403,Zara Singh,25,Male,USA,3/19/2019,Monthly
s17404,Amelia Lewis,24,Male,USA,12/23/2020,Free
s17405,Aarav Patel,43,Other,UK,10/24/2022,Free
s17406,Ethan Thomas,21,Female,UK,4/27/2020,Monthly
s17407,Liam Taylor,34,Male,USA,5/17/2019,Yearly
s17408,Ethan Martin,37,Other,India,10/6/2021,Monthly
s17409,Eva Taylor,23,Female,USA,6/24/2019,Yearly
s17410,Arjun Clark,19,Male,Canada,12/4/2019,Free
s17411,Aarav Taylor,56,Other,UK,8/28/2021,Free
s17412,Zara Taylor,24,Female,UK,1/5/2019,Free
s17413,Lucas Hall,18,Other,India,8/16/2022,Free
s17414,Aarav Brown,24,Female,Australia,1/2/2022,Yearly
s17415,Aanya Hall,21,Other,UK,1/4/2022,Free
s17416,Meera Johnson,26,Other,USA,2/7/2022,Monthly
s17417,Vihaan Smith,24,Male,UK,9/4/2021,Free
s17418,Emma Singh,31,Male,Australia,5/13/2020,Yearly
s17419,Benjamin Sharma,50,Other,USA,6/12/2020,Free
s17420,Arjun Davis,28,Other,UK,10/18/2020,Monthly
s17421,Eva Wilson,37,Female,Australia,8/13/2019,Monthly
s17422,Eva Clark,60,Other,USA,2/22/2019,Monthly
s17423,Arjun Lee,30,Male,UK,2/13/2020,Yearly
s17424,Riya Wilson,23,Other,Australia,1/9/2022,Yearly
s17425,Vihaan Clark,23,Female,India,1/25/2019,Free
s17426,Karan Lee,20,Other,USA,2/17/2022,Free
s17427,Vihaan Smith,41,Female,Canada,9/26/2022,Free
s17428,Meera Brown,26,Other,UK,9/7/2020,Monthly
s17429,Mia Martin,25,Male,Australia,1/31/2021,Yearly
s17430,Sophia Wilson,26,Other,India,10/15/2021,Free
s17431,Amelia Wilson,20,Female,Canada,8/26/2021,Yearly
s17432,Aanya Johnson,24,Male,UK,9/20/2022,Monthly
s17433,Amelia Smith,58,Other,Canada,9/20/2020,Yearly
s17434,Arjun Thomas,27,Female,India,2/13/2021,Monthly
s17435,Amelia Anderson,25,Other,Australia,9/21/2020,Free
s17436,Zara Davis,18,Male,UK,3/13/2019,Yearly
s17437,Ethan Martin,39,Female,India,9/20/2021,Monthly
s17438,Aanya Johnson,20,Male,USA,4/8/2019,Monthly
s17439,Karan Sharma,29,Other,Germany,3/19/2019,Yearly
s17440,Arjun Lee,66,Other,Germany,11/13/2020,Yearly
s17441,Eva Patel,45,Female,Australia,11/23/2019,Yearly
s17442,Lucas Miller,47,Female,Australia,12/23/2021,Yearly
s17443,Liam Thomas,23,Female,UK,10/11/2020,Yearly
s17444,Sophia Patel,25,Other,USA,4/14/2019,Monthly
s17445,Ethan Moore,26,Female,Canada,7/21/2019,Free
s17446,Aanya Smith,60,Other,Germany,4/23/2020,Monthly
s17447,Emma Anderson,44,Female,Australia,11/15/2022,Monthly
s17448,Sophia Anderson,19,Female,India,1/11/2020,Monthly
s17449,Arjun Moore,21,Male,Canada,12/15/2020,Free
s17450,Liam Wilson,36,Female,Canada,11/3/2019,Free
s17451,Meera Johnson,24,Female,UK,11/1/2019,Monthly
s17452,Meera Taylor,34,Other,USA,5/14/2019,Yearly
s17453,Aarav Davis,34,Male,Canada,11/17/2022,Monthly
s17454,Karan Anderson,58,Male,UK,8/11/2022,Yearly
s17455,Ethan Johnson,19,Other,Canada,6/23/2019,Free
s17456,Ethan Martin,26,Female,Canada,12/13/2019,Free
s17457,Amelia Davis,24,Male,Canada,2/26/2019,Free
s17458,Riya Lewis,19,Female,USA,8/18/2022,Yearly
s17459,Olivia Wilson,37,Female,Australia,4/2/2020,Yearly
s17460,Liam Clark,26,Female,Germany,10/3/2020,Yearly
s17461,Benjamin Brown,45,Female,UK,4/18/2022,Free
s17462,Zara Wilson,26,Female,Canada,10/30/2019,Yearly
s17463,Arjun Taylor,35,Male,UK,1/5/2022,Monthly
s17464,Sophia Anderson,21,Other,India,6/21/2021,Monthly
s17465,Meera Walker,31,Other,USA,6/11/2021,Yearly
s17466,Benjamin Hall,18,Other,Australia,11/18/2022,Yearly
s17467,Sophia Davis,22,Male,Germany,2/5/2019,Monthly
s17468,Sophia Verma,49,Other,Germany,8/8/2021,Free
s17469,Aarav Sharma,38,Male,Germany,1/18/2022,Free
s17470,Riya Lewis,33,Male,UK,7/24/2019,Free
s17471,Olivia Clark,41,Other,India,9/10/2019,Free
s17472,Olivia Singh,22,Male,Canada,9/12/2019,Monthly
s17473,Amelia Hall,22,Male,Germany,6/18/2020,Free
s17474,Aarav Walker,64,Other,UK,3/12/2019,Monthly
s17475,Aarav Thomas,66,Female,Australia,7/12/2019,Free
s17476,Arjun Martin,31,Other,UK,4/16/2022,Yearly
s17477,Aarav Smith,18,Male,USA,1/25/2022,Monthly
s17478,Emma Martin,34,Male,Canada,8/3/2020,Monthly
s17479,Ethan Martin,24,Female,Canada,4/28/2020,Free
s17480,Noah Smith,45,Male,Canada,5/23/2022,Monthly
s17481,Lucas Taylor,19,Other,UK,2/26/2019,Free
s17482,Riya Lee,27,Other,Germany,11/28/2022,Monthly
s17483,Liam Sharma,23,Male,Australia,10/11/2019,Free
s17484,Noah Verma,40,Female,Germany,6/14/2020,Free
s17485,Mia Clark,20,Other,Germany,11/9/2020,Free
s17486,Zara Davis,21,Female,India,1/9/2019,Yearly
s17487,Noah Sharma,31,Male,Canada,9/18/2021,Monthly
s17488,Arjun Thomas,27,Male,Canada,4/25/2022,Free
s17489,Sophia Thomas,24,Male,UK,12/2/2022,Yearly
s17490,Aanya Smith,19,Male,India,3/24/2019,Free
s17491,Vihaan Smith,18,Female,USA,9/27/2022,Free
s17492,Ethan Clark,19,Other,Australia,5/1/2021,Free
s17493,Aarav Lewis,20,Female,India,5/12/2021,Monthly
s17494,Benjamin Davis,47,Male,Australia,8/25/2020,Monthly
s17495,Vihaan Patel,44,Female,Germany,9/12/2021,Monthly
s17496,Emma Hall,23,Female,UK,6/6/2019,Free
s17497,Olivia Taylor,25,Other,Canada,3/14/2020,Free
s17498,Mia Lewis,20,Female,UK,7/1/2020,Monthly
s17499,Liam Walker,20,Female,Germany,11/28/2021,Monthly
s17500,Amelia Singh,22,Female,India,7/12/2020,Monthly
s17501,Zara Davis,37,Other,India,7/14/2022,Free
s17502,Ethan Smith,26,Male,Germany,9/25/2021,Monthly
s17503,Aanya Davis,55,Other,India,2/18/2021,Yearly
s17504,Lucas Patel,18,Other,USA,10/23/2022,Monthly
s17505,Liam Thomas,20,Male,USA,9/8/2019,Free
s17506,Meera Smith,24,Other,UK,10/15/2021,Yearly
s17507,Isabella Martin,63,Female,Canada,9/27/2022,Yearly
s17508,Eva Clark,18,Male,India,9/21/2019,Free
s17509,Olivia Singh,36,Male,Canada,4/13/2021,Monthly
s17510,Olivia Johnson,27,Other,India,1/12/2020,Monthly
s17511,Aarav Smith,45,Other,Australia,3/29/2021,Free
s17512,Olivia Brown,20,Other,India,8/9/2022,Free
s17513,Amelia Martin,24,Other,Germany,6/12/2022,Free
s17514,Zara Davis,18,Male,USA,3/18/2022,Yearly
s17515,Aarav Brown,65,Other,UK,1/20/2021,Monthly
s17516,Liam Lewis,24,Female,Germany,5/3/2021,Yearly
s17517,Olivia Lewis,22,Other,Australia,9/22/2019,Free
s17518,Isabella Sharma,55,Female,UK,5/22/2019,Free
s17519,Vihaan Miller,26,Male,Australia,9/28/2020,Monthly
s17520,Zara Hall,19,Male,Canada,8/19/2021,Yearly
s17521,Noah Patel,55,Female,Germany,11/28/2019,Monthly
s17522,Meera Lewis,22,Female,Germany,10/12/2022,Yearly
s17523,Ethan Anderson,27,Female,UK,8/19/2020,Free
s17524,Mia Patel,19,Other,USA,8/21/2021,Free
s17525,Arjun Wilson,19,Male,India,5/30/2021,Monthly
s17526,Ethan Lee,35,Other,UK,7/15/2019,Yearly
s17527,Karan Hall,42,Other,Germany,11/27/2021,Monthly
s17528,Liam Johnson,20,Male,Australia,6/13/2022,Monthly
s17529,Ethan Anderson,33,Other,UK,11/4/2021,Yearly
s17530,Lucas Lewis,39,Male,Australia,8/16/2019,Monthly
s17531,Isabella Moore,22,Other,UK,8/2/2021,Monthly
s17532,Meera Sharma,27,Female,USA,12/9/2021,Monthly
s17533,Karan Clark,23,Female,Canada,5/1/2022,Monthly
s17534,Isabella Lewis,26,Other,Germany,2/18/2022,Monthly
s17535,Benjamin Sharma,20,Other,Canada,12/7/2019,Monthly
s17536,Benjamin Sharma,24,Female,UK,7/29/2022,Yearly
s17537,Mia Anderson,27,Female,India,6/27/2022,Monthly
s17538,Karan Singh,38,Female,Germany,11/27/2021,Yearly
s17539,Arjun Verma,31,Male,Germany,5/25/2021,Yearly
s17540,Mia Patel,28,Female,India,9/5/2020,Monthly
s17541,Riya Johnson,23,Other,Canada,10/11/2021,Free
s17542,Sophia Moore,18,Male,Australia,5/16/2019,Yearly
s17543,Karan Moore,45,Other,USA,6/27/2020,Monthly
s17544,Vihaan Patel,25,Other,India,10/16/2022,Monthly
s17545,Olivia Davis,19,Female,Canada,10/11/2020,Yearly
s17546,Karan Patel,22,Male,Canada,3/12/2020,Monthly
s17547,Arjun Clark,18,Male,Germany,8/8/2019,Free
s17548,Aarav Sharma,20,Other,Canada,5/19/2021,Monthly
s17549,Noah Moore,22,Female,Australia,8/16/2020,Yearly
s17550,Riya Walker,18,Male,USA,10/1/2019,Yearly
s17551,Emma Martin,18,Other,USA,6/5/2020,Yearly
s17552,Amelia Patel,18,Other,Germany,12/19/2020,Monthly
s17553,Benjamin Smith,45,Female,UK,6/19/2021,Free
s17554,Emma Johnson,19,Other,Germany,11/5/2020,Monthly
s17555,Aarav Thomas,26,Female,India,7/10/2019,Yearly
s17556,Karan Clark,27,Other,India,12/22/2021,Free
s17557,Arjun Lee,21,Other,India,5/25/2021,Yearly
s17558,Arjun Smith,37,Male,USA,6/27/2022,Free
s17559,Karan Davis,61,Other,Germany,12/6/2020,Free
s17560,Sophia Thomas,19,Other,Germany,7/25/2019,Free
s17561,Liam Smith,49,Male,UK,2/8/2020,Free
s17562,Meera Taylor,27,Male,Canada,2/5/2019,Free
s17563,Karan Patel,36,Male,Australia,2/17/2020,Free
s17564,Sophia Thomas,36,Male,Germany,4/26/2019,Yearly
s17565,Benjamin Hall,61,Other,USA,11/26/2022,Free
s17566,Isabella Moore,19,Female,Australia,1/5/2022,Free
s17567,Riya Miller,40,Male,UK,7/26/2019,Free
s17568,Vihaan Thomas,19,Other,Germany,2/3/2019,Monthly
s17569,Olivia Johnson,26,Female,Canada,6/4/2022,Yearly
s17570,Zara Brown,25,Other,Germany,5/31/2021,Yearly
s17571,Benjamin Davis,37,Male,USA,8/16/2020,Monthly
s17572,Olivia Martin,42,Other,USA,4/10/2021,Free
s17573,Arjun Lewis,18,Female,Germany,6/15/2020,Free
s17574,Aanya Walker,27,Female,USA,6/28/2021,Monthly
s17575,Emma Brown,38,Female,Germany,4/27/2022,Monthly
s17576,Noah Lee,23,Female,Canada,1/4/2022,Yearly
s17577,Vihaan Clark,27,Male,UK,1/15/2021,Monthly
s17578,Benjamin Singh,64,Other,India,5/8/2019,Monthly
s17579,Arjun Lee,37,Other,Canada,3/23/2022,Monthly
s17580,Olivia Johnson,26,Male,Canada,9/12/2019,Yearly
s17581,Meera Moore,41,Female,India,7/3/2021,Yearly
s17582,Aarav Martin,18,Male,Germany,12/29/2019,Yearly
s17583,Emma Lee,23,Male,India,8/6/2021,Yearly
s17584,Ethan Singh,39,Other,India,3/6/2021,Yearly
s17585,Isabella Thomas,34,Female,Germany,3/22/2021,Free
s17586,Lucas Davis,36,Female,USA,10/23/2021,Monthly
s17587,Karan Lee,37,Male,Australia,7/30/2021,Free
s17588,Mia Verma,32,Male,Germany,1/7/2020,Yearly
s17589,Vihaan Sharma,26,Other,USA,5/11/2021,Monthly
s17590,Benjamin Miller,48,Female,Australia,10/13/2020,Monthly
s17591,Sophia Johnson,23,Male,USA,6/22/2020,Yearly
s17592,Aanya Thomas,21,Female,Canada,5/4/2019,Monthly
s17593,Riya Walker,18,Male,USA,1/24/2019,Yearly
s17594,Sophia Johnson,45,Female,Germany,9/13/2021,Yearly
s17595,Isabella Thomas,36,Female,Canada,12/18/2019,Monthly
s17596,Meera Sharma,37,Other,Germany,9/1/2020,Free
s17597,Noah Verma,27,Female,Canada,11/13/2021,Yearly
s17598,Riya Clark,41,Other,UK,10/7/2019,Yearly
s17599,Riya Smith,26,Female,Australia,6/13/2019,Monthly
s17600,Eva Sharma,25,Other,Canada,12/3/2022,Free
s17601,Mia Martin,28,Female,Australia,7/29/2022,Free
s17602,Riya Martin,19,Female,Canada,2/13/2019,Yearly
s17603,Isabella Verma,26,Other,Australia,3/24/2021,Free
s17604,Benjamin Smith,18,Male,Australia,1/11/2020,Free
s17605,Ethan Walker,18,Female,Germany,11/19/2020,Free
s17606,Aanya Davis,27,Male,Germany,3/27/2020,Yearly
s17607,Noah Thomas,49,Male,Australia,3/6/2022,Yearly
s17608,Benjamin Lewis,18,Male,Canada,5/10/2021,Free
s17609,Isabella Brown,20,Other,Australia,12/29/2022,Monthly
s17610,Riya Johnson,39,Male,Canada,6/11/2021,Yearly
s17611,Arjun Patel,21,Other,UK,6/28/2022,Monthly
s17612,Karan Taylor,38,Female,Australia,1/31/2019,Free
s17613,Meera Hall,26,Male,Germany,4/12/2020,Yearly
s17614,Meera Anderson,26,Other,India,9/29/2022,Yearly
s17615,Liam Patel,23,Female,UK,10/1/2021,Free
s17616,Lucas Lee,40,Other,Australia,7/18/2020,Yearly
s17617,Karan Clark,35,Other,USA,6/10/2020,Yearly
s17618,Olivia Singh,25,Other,Australia,7/25/2020,Free
s17619,Vihaan Martin,20,Other,USA,5/8/2020,Free
s17620,Aanya Miller,20,Other,UK,1/24/2019,Yearly
s17621,Isabella Hall,22,Other,India,6/5/2020,Free
s17622,Aarav Johnson,19,Female,Germany,3/14/2020,Yearly
s17623,Emma Patel,25,Female,Canada,6/19/2021,Monthly
s17624,Aarav Davis,37,Female,USA,11/3/2021,Free
s17625,Mia Lee,20,Other,USA,6/4/2022,Yearly
s17626,Eva Sharma,18,Female,UK,10/10/2019,Free
s17627,Emma Johnson,20,Male,Canada,10/22/2020,Free
s17628,Olivia Anderson,37,Male,India,12/3/2021,Monthly
s17629,Benjamin Walker,19,Other,USA,11/29/2021,Yearly
s17630,Mia Walker,21,Female,India,6/12/2021,Yearly
s17631,Mia Sharma,18,Other,Germany,9/13/2021,Free
s17632,Eva Martin,29,Male,USA,10/10/2022,Yearly
s17633,Ethan Taylor,40,Male,Australia,1/2/2020,Free
s17634,Ethan Thomas,36,Other,Germany,8/25/2021,Monthly
s17635,Karan Walker,58,Male,India,3/18/2022,Yearly
s17636,Lucas Patel,55,Female,Canada,12/20/2022,Free
s17637,Sophia Brown,20,Female,India,10/2/2022,Free
s17638,Vihaan Anderson,40,Male,USA,10/19/2019,Monthly
s17639,Noah Brown,27,Female,Australia,5/22/2021,Free
s17640,Arjun Davis,36,Male,Canada,6/17/2022,Yearly
s17641,Meera Miller,20,Other,USA,5/29/2020,Free
s17642,Mia Taylor,47,Other,Germany,11/23/2021,Free
s17643,Mia Moore,22,Other,Canada,11/11/2021,Monthly
s17644,Benjamin Walker,26,Other,USA,9/8/2019,Yearly
s17645,Emma Brown,18,Male,India,11/10/2022,Yearly
s17646,Liam Clark,23,Female,Australia,8/28/2022,Monthly
s17647,Olivia Singh,35,Other,Australia,5/30/2022,Yearly
s17648,Isabella Wilson,28,Female,India,3/13/2022,Free
s17649,Meera Smith,25,Other,UK,11/6/2020,Monthly
s17650,Zara Patel,42,Female,USA,5/23/2021,Yearly
s17651,Meera Lee,23,Other,UK,8/4/2019,Free
s17652,Emma Taylor,31,Male,Germany,9/28/2021,Monthly
s17653,Eva Singh,25,Male,India,1/29/2022,Free
s17654,Amelia Thomas,30,Male,UK,9/25/2020,Monthly
s17655,Olivia Hall,25,Female,USA,7/21/2021,Monthly
s17656,Meera Hall,60,Female,Australia,5/13/2021,Yearly
s17657,Amelia Miller,58,Male,Australia,4/22/2020,Free
s17658,Karan Wilson,55,Other,Germany,10/19/2022,Yearly
s17659,Aarav Thomas,56,Other,USA,9/8/2021,Monthly
s17660,Zara Miller,38,Female,Germany,9/1/2019,Monthly
s17661,Vihaan Walker,34,Other,India,10/16/2021,Free
s17662,Aanya Thomas,37,Male,Germany,4/25/2022,Yearly
s17663,Sophia Clark,31,Other,UK,4/20/2021,Yearly
s17664,Emma Lewis,30,Male,India,1/1/2019,Monthly
s17665,Olivia Sharma,25,Male,Germany,5/13/2022,Yearly
s17666,Amelia Moore,19,Other,Germany,4/23/2022,Monthly
s17667,Mia Brown,18,Other,USA,9/5/2019,Free
s17668,Eva Anderson,43,Female,USA,5/20/2022,Yearly
s17669,Noah Brown,37,Other,USA,7/12/2020,Monthly
s17670,Olivia Johnson,25,Male,Germany,10/26/2020,Monthly
s17671,Meera Verma,23,Other,India,2/11/2019,Yearly
s17672,Ethan Moore,25,Female,UK,12/29/2019,Yearly
s17673,Meera Moore,63,Male,USA,11/4/2019,Yearly
s17674,Vihaan Singh,19,Other,Australia,10/18/2020,Monthly
s17675,Arjun Davis,26,Female,India,7/7/2022,Yearly
s17676,Zara Wilson,27,Other,Australia,10/13/2022,Free
s17677,Emma Wilson,18,Other,UK,4/25/2019,Free
s17678,Vihaan Smith,47,Other,USA,1/1/2020,Free
s17679,Vihaan Singh,32,Male,USA,11/29/2020,Yearly
s17680,Sophia Verma,42,Male,Australia,4/28/2021,Yearly
s17681,Arjun Davis,44,Other,Germany,4/10/2019,Monthly
s17682,Sophia Taylor,36,Other,India,9/1/2021,Monthly
s17683,Benjamin Patel,45,Other,Germany,11/9/2022,Free
s17684,Zara Wilson,19,Female,UK,7/15/2019,Free
s17685,Emma Johnson,19,Male,Australia,7/17/2019,Yearly
s17686,Zara Walker,36,Female,Germany,6/7/2022,Monthly
s17687,Amelia Clark,57,Female,USA,9/21/2020,Monthly
s17688,Noah Lee,18,Male,Canada,1/18/2021,Yearly
s17689,Eva Martin,25,Female,Australia,6/5/2022,Yearly
s17690,Karan Miller,20,Male,UK,5/21/2020,Monthly
s17691,Vihaan Hall,43,Female,UK,12/24/2020,Yearly
s17692,Lucas Sharma,24,Female,India,4/19/2020,Free
s17693,Amelia Moore,44,Other,Germany,1/13/2020,Yearly
s17694,Karan Martin,67,Female,India,5/21/2021,Yearly
s17695,Zara Wilson,23,Female,UK,6/10/2019,Free
s17696,Meera Miller,27,Other,UK,8/5/2020,Free
s17697,Lucas Miller,20,Male,India,7/26/2022,Free
s17698,Ethan Lee,24,Other,Germany,9/14/2019,Monthly
s17699,Liam Patel,59,Female,Canada,8/13/2019,Yearly
s17700,Olivia Thomas,24,Other,India,7/1/2022,Monthly
s17701,Lucas Lee,23,Female,Australia,7/10/2022,Yearly
s17702,Emma Wilson,31,Female,India,8/11/2022,Monthly
s17703,Aanya Johnson,26,Female,Canada,6/3/2021,Yearly
s17704,Olivia Johnson,18,Male,Germany,9/8/2022,Monthly
s17705,Benjamin Patel,21,Other,Germany,9/2/2019,Yearly
s17706,Ethan Walker,26,Other,Canada,9/8/2021,Yearly
s17707,Liam Davis,44,Female,Australia,1/7/2020,Monthly
s17708,Olivia Wilson,28,Female,UK,10/14/2020,Free
s17709,Sophia Brown,19,Female,India,12/7/2021,Free
s17710,Mia Brown,47,Female,Germany,2/28/2019,Monthly
s17711,Karan Lewis,35,Other,Canada,1/29/2019,Free
s17712,Vihaan Anderson,65,Other,Canada,6/2/2022,Yearly
s17713,Liam Walker,26,Male,Australia,12/8/2020,Monthly
s17714,Ethan Brown,23,Other,India,7/4/2019,Yearly
s17715,Mia Anderson,22,Male,Australia,2/19/2022,Free
s17716,Noah Martin,23,Other,Germany,4/2/2019,Yearly
s17717,Lucas Miller,26,Male,Germany,4/29/2022,Free
s17718,Amelia Wilson,26,Male,Germany,4/9/2021,Free
s17719,Riya Patel,50,Other,USA,12/15/2019,Yearly
s17720,Arjun Brown,26,Female,India,6/19/2021,Free
s17721,Emma Johnson,24,Male,Australia,8/18/2021,Monthly
s17722,Riya Brown,50,Other,Germany,9/29/2019,Free
s17723,Ethan Lewis,24,Male,Canada,10/22/2021,Monthly
s17724,Zara Clark,42,Female,Canada,11/12/2021,Monthly
s17725,Karan Brown,29,Female,UK,7/9/2022,Free
s17726,Karan Lewis,18,Male,Germany,8/9/2022,Yearly
s17727,Lucas Wilson,21,Male,Australia,12/17/2020,Yearly
s17728,Vihaan Lee,18,Male,India,7/30/2022,Free
s17729,Vihaan Brown,25,Female,Germany,3/6/2020,Free
s17730,Olivia Taylor,44,Other,India,10/17/2019,Yearly
s17731,Ethan Anderson,43,Female,UK,10/14/2020,Yearly
s17732,Noah Patel,21,Male,USA,8/26/2022,Monthly
s17733,Isabella Lewis,25,Other,UK,3/11/2021,Monthly
s17734,Meera Walker,20,Other,Germany,8/15/2022,Free
s17735,Sophia Lewis,19,Female,USA,5/12/2022,Yearly
s17736,Meera Thomas,20,Male,USA,6/6/2019,Yearly
s17737,Riya Anderson,26,Male,Australia,3/27/2022,Yearly
s17738,Lucas Lee,22,Other,Australia,12/19/2020,Monthly
s17739,Olivia Taylor,26,Other,India,3/13/2019,Monthly
s17740,Liam Moore,27,Other,Canada,5/30/2022,Yearly
s17741,Aarav Walker,26,Male,UK,7/23/2021,Yearly
s17742,Sophia Miller,22,Male,India,4/4/2021,Yearly
s17743,Noah Brown,25,Male,UK,6/7/2022,Free
s17744,Riya Patel,39,Female,Australia,10/21/2019,Monthly
s17745,Arjun Johnson,44,Male,UK,6/25/2020,Yearly
s17746,Ethan Lewis,23,Other,Germany,4/13/2019,Free
s17747,Benjamin Lee,29,Other,Australia,12/24/2020,Yearly
s17748,Aarav Hall,47,Other,UK,11/12/2022,Free
s17749,Olivia Moore,27,Female,UK,8/19/2022,Free
s17750,Noah Davis,28,Other,India,6/27/2021,Monthly
s17751,Noah Hall,61,Male,India,10/28/2019,Monthly
s17752,Lucas Thomas,66,Female,Canada,11/9/2021,Yearly
s17753,Mia Clark,24,Female,USA,5/22/2020,Yearly
s17754,Vihaan Davis,39,Other,Germany,6/4/2021,Monthly
s17755,Karan Brown,35,Male,UK,11/6/2019,Yearly
s17756,Ethan Wilson,64,Female,USA,2/7/2020,Monthly
s17757,Emma Thomas,24,Other,USA,11/7/2020,Monthly
s17758,Benjamin Davis,64,Other,Germany,5/1/2022,Yearly
s17759,Liam Anderson,23,Male,UK,5/23/2021,Yearly
s17760,Amelia Patel,21,Other,India,9/27/2020,Monthly
s17761,Lucas Smith,22,Other,USA,7/6/2022,Monthly
s17762,Benjamin Davis,44,Female,Australia,6/20/2020,Monthly
s17763,Arjun Johnson,20,Female,UK,5/27/2021,Monthly
s17764,Ethan Thomas,27,Male,Germany,5/6/2021,Yearly
s17765,Benjamin Hall,26,Female,Australia,1/26/2019,Yearly
s17766,Meera Moore,22,Male,Germany,7/9/2019,Yearly
s17767,Lucas Miller,19,Female,Australia,8/14/2021,Yearly
s17768,Karan Smith,22,Female,India,5/8/2020,Yearly
s17769,Riya Miller,57,Other,Canada,11/30/2020,Monthly
s17770,Noah Johnson,23,Other,USA,6/12/2022,Monthly
s17771,Emma Martin,27,Other,UK,7/28/2022,Monthly
s17772,Sophia Sharma,20,Male,Canada,10/30/2022,Free
s17773,Mia Lee,21,Female,India,5/8/2021,Free
s17774,Liam Johnson,28,Male,Australia,3/26/2021,Free
s17775,Karan Lee,22,Male,UK,8/13/2020,Yearly
s17776,Sophia Lee,26,Other,Canada,9/3/2020,Yearly
s17777,Amelia Patel,44,Other,USA,1/15/2022,Monthly
s17778,Arjun Thomas,18,Other,Australia,6/29/2021,Yearly
s17779,Arjun Hall,25,Female,India,8/23/2022,Yearly
s17780,Amelia Smith,43,Female,USA,3/6/2020,Yearly
s17781,Riya Moore,26,Female,UK,10/9/2022,Yearly
s17782,Meera Clark,18,Other,Australia,12/10/2019,Monthly
s17783,Karan Brown,32,Female,Australia,9/15/2021,Monthly
s17784,Arjun Patel,53,Other,India,3/4/2022,Free
s17785,Emma Clark,27,Female,India,8/15/2019,Free
s17786,Aarav Patel,36,Female,Germany,7/11/2021,Monthly
s17787,Aarav Walker,23,Female,USA,10/3/2019,Yearly
s17788,Lucas Thomas,59,Male,Germany,8/10/2022,Monthly
s17789,Amelia Anderson,26,Other,USA,9/5/2020,Yearly
s17790,Benjamin Martin,25,Male,India,7/4/2021,Yearly
s17791,Amelia Patel,19,Female,Australia,7/21/2019,Yearly
s17792,Karan Lewis,19,Other,India,2/15/2019,Monthly
s17793,Noah Taylor,22,Male,UK,7/1/2022,Yearly
s17794,Noah Thomas,21,Other,UK,5/8/2020,Free
s17795,Aarav Singh,28,Other,India,2/3/2020,Yearly
s17796,Zara Thomas,22,Female,Canada,5/27/2019,Monthly
s17797,Liam Hall,25,Other,USA,1/16/2022,Yearly
s17798,Aanya Davis,23,Other,USA,1/7/2022,Yearly
s17799,Amelia Patel,47,Other,Canada,9/19/2019,Free
s17800,Ethan Johnson,54,Female,USA,1/15/2022,Monthly
s17801,Noah Smith,60,Male,USA,11/15/2019,Monthly
s17802,Liam Lewis,19,Male,Australia,3/30/2019,Free
s17803,Sophia Brown,48,Male,USA,9/8/2022,Yearly
s17804,Mia Sharma,41,Male,Australia,4/20/2022,Monthly
s17805,Aanya Taylor,44,Other,USA,4/25/2020,Yearly
s17806,Liam Patel,29,Female,USA,12/6/2020,Monthly
s17807,Isabella Smith,19,Male,USA,2/28/2022,Free
s17808,Eva Miller,26,Male,UK,10/8/2021,Free
s17809,Zara Anderson,41,Other,Australia,9/10/2019,Yearly
s17810,Mia Verma,33,Male,Germany,4/30/2022,Monthly
s17811,Ethan Johnson,67,Male,India,7/30/2019,Free
s17812,Eva Lee,22,Male,Canada,6/7/2019,Yearly
s17813,Ethan Wilson,22,Female,Australia,1/11/2019,Monthly
s17814,Amelia Verma,24,Female,Canada,8/19/2020,Free
s17815,Karan Smith,23,Female,Australia,5/25/2021,Yearly
s17816,Isabella Miller,29,Other,USA,8/11/2022,Yearly
s17817,Noah Smith,37,Other,Australia,5/24/2019,Yearly
s17818,Mia Smith,63,Female,UK,1/24/2021,Free
s17819,Mia Singh,67,Male,Australia,4/29/2022,Monthly
s17820,Benjamin Johnson,18,Female,Australia,3/26/2022,Yearly
s17821,Meera Walker,34,Other,Australia,7/16/2021,Free
s17822,Noah Wilson,34,Male,UK,2/5/2022,Yearly
s17823,Olivia Brown,45,Other,Canada,5/21/2019,Monthly
s17824,Sophia Davis,23,Other,UK,8/9/2019,Free
s17825,Vihaan Smith,20,Other,Canada,10/11/2020,Yearly
s17826,Arjun Taylor,24,Male,UK,10/8/2020,Monthly
s17827,Sophia Miller,22,Other,UK,8/20/2021,Yearly
s17828,Zara Singh,18,Female,USA,9/24/2019,Monthly
s17829,Riya Moore,56,Male,Germany,10/7/2020,Free
s17830,Eva Walker,25,Male,Australia,12/13/2019,Free
s17831,Ethan Sharma,25,Female,USA,9/18/2019,Monthly
s17832,Liam Walker,55,Male,India,3/24/2019,Yearly
s17833,Aanya Lee,29,Female,India,6/27/2021,Monthly
s17834,Karan Brown,38,Male,UK,1/29/2022,Monthly
s17835,Benjamin Verma,25,Male,Canada,2/25/2022,Monthly
s17836,Karan Smith,27,Female,Australia,11/10/2021,Free
s17837,Emma Smith,39,Male,UK,7/11/2019,Free
s17838,Karan Lewis,24,Male,USA,5/19/2021,Free
s17839,Mia Smith,34,Other,UK,3/26/2019,Monthly
s17840,Zara Lee,18,Male,Australia,7/16/2019,Free
s17841,Vihaan Clark,35,Male,UK,8/12/2022,Yearly
s17842,Riya Lee,23,Other,Germany,4/27/2020,Yearly
s17843,Mia Thomas,19,Other,USA,6/1/2022,Monthly
s17844,Mia Davis,62,Male,Canada,8/17/2019,Yearly
s17845,Vihaan Wilson,55,Other,USA,12/24/2020,Free
s17846,Arjun Johnson,20,Other,Australia,10/3/2019,Yearly
s17847,Lucas Lee,24,Female,India,3/9/2020,Yearly
s17848,Eva Singh,25,Male,Germany,2/2/2020,Free
s17849,Emma Verma,27,Other,Australia,6/26/2020,Monthly
s17850,Olivia Verma,21,Female,UK,7/30/2020,Free
s17851,Benjamin Clark,23,Other,Germany,10/8/2020,Monthly
s17852,Ethan Hall,20,Other,USA,10/6/2019,Yearly
s17853,Vihaan Clark,21,Female,India,5/25/2021,Free
s17854,Aanya Taylor,55,Other,India,6/15/2020,Yearly
s17855,Olivia Lewis,20,Female,Australia,3/10/2019,Monthly
s17856,Noah Lee,26,Male,Canada,6/9/2019,Free
s17857,Arjun Hall,19,Male,Australia,8/9/2022,Monthly
s17858,Zara Sharma,27,Other,Germany,11/1/2020,Yearly
s17859,Zara Taylor,42,Female,USA,6/12/2019,Monthly
s17860,Sophia Davis,18,Male,Canada,5/11/2020,Monthly
s17861,Arjun Sharma,37,Male,Australia,2/4/2019,Free
s17862,Noah Taylor,23,Female,Canada,6/26/2021,Yearly
s17863,Olivia Thomas,36,Female,Canada,7/1/2021,Free
s17864,Sophia Johnson,35,Other,Canada,1/26/2019,Free
s17865,Isabella Smith,43,Male,Canada,4/18/2020,Yearly
s17866,Arjun Brown,26,Male,USA,11/6/2020,Free
s17867,Noah Hall,21,Other,UK,9/2/2019,Monthly
s17868,Liam Davis,24,Other,UK,2/29/2020,Free
s17869,Aanya Brown,25,Female,Australia,12/9/2022,Yearly
s17870,Olivia Walker,22,Other,India,5/9/2020,Monthly
s17871,Eva Taylor,31,Female,UK,3/28/2022,Free
s17872,Arjun Thomas,34,Female,Germany,6/17/2020,Free
s17873,Lucas Brown,19,Other,USA,2/1/2020,Yearly
s17874,Olivia Verma,22,Male,USA,8/9/2020,Monthly
s17875,Emma Walker,39,Male,USA,1/6/2020,Yearly
s17876,Isabella Wilson,45,Female,Australia,5/8/2019,Monthly
s17877,Vihaan Patel,26,Male,India,8/14/2022,Free
s17878,Zara Lewis,44,Other,Germany,5/23/2019,Monthly
s17879,Noah Brown,49,Other,India,2/22/2019,Yearly
s17880,Zara Martin,25,Male,Australia,7/26/2022,Yearly
s17881,Noah Clark,20,Female,Germany,7/20/2019,Free
s17882,Meera Brown,18,Female,UK,8/21/2022,Yearly
s17883,Lucas Davis,40,Male,India,12/27/2021,Monthly
s17884,Eva Davis,25,Male,USA,6/8/2022,Free
s17885,Mia Miller,19,Male,USA,3/4/2020,Free
s17886,Karan Thomas,18,Other,USA,10/4/2021,Monthly
s17887,Aanya Singh,18,Female,Germany,5/19/2021,Monthly
s17888,Karan Anderson,18,Male,India,2/13/2021,Monthly
s17889,Lucas Davis,26,Female,Australia,9/20/2021,Free
s17890,Noah Patel,36,Other,India,4/26/2021,Free
s17891,Liam Davis,21,Female,India,11/13/2022,Monthly
s17892,Sophia Brown,20,Female,India,2/18/2020,Yearly
s17893,Emma Martin,54,Male,UK,2/9/2020,Monthly
s17894,Isabella Verma,19,Other,USA,9/1/2021,Monthly
s17895,Riya Thomas,21,Female,USA,4/5/2020,Free
s17896,Eva Patel,52,Other,Australia,9/8/2020,Yearly
s17897,Zara Brown,24,Male,Germany,11/11/2020,Monthly
s17898,Riya Lewis,43,Female,Germany,5/28/2022,Monthly
s17899,Karan Davis,25,Other,UK,8/24/2019,Monthly
s17900,Riya Patel,24,Female,Canada,12/22/2020,Yearly
s17901,Mia Patel,39,Female,Canada,7/23/2022,Yearly
s17902,Lucas Anderson,26,Other,Germany,1/11/2020,Monthly
s17903,Aarav Brown,18,Male,Australia,9/22/2019,Monthly
s17904,Karan Martin,44,Female,Australia,3/22/2019,Free
s17905,Liam Singh,47,Female,Australia,6/28/2021,Free
s17906,Emma Singh,22,Female,India,11/25/2020,Free
s17907,Zara Lewis,44,Other,UK,3/26/2020,Monthly
s17908,Emma Sharma,27,Male,Australia,3/10/2019,Yearly
s17909,Zara Walker,24,Male,UK,8/27/2019,Yearly
s17910,Vihaan Lee,20,Female,Germany,4/20/2021,Monthly
s17911,Riya Brown,19,Other,USA,8/3/2019,Monthly
s17912,Aanya Moore,67,Female,Canada,3/28/2020,Yearly
s17913,Aarav Anderson,46,Other,UK,1/15/2019,Monthly
s17914,Amelia Lee,23,Female,Australia,3/18/2022,Free
s17915,Benjamin Davis,22,Male,Germany,8/11/2020,Yearly
s17916,Noah Wilson,22,Other,Germany,6/30/2019,Free
s17917,Riya Sharma,24,Other,UK,3/30/2019,Yearly
s17918,Isabella Hall,59,Female,Germany,2/14/2022,Free
s17919,Eva Lee,20,Male,Canada,7/11/2021,Free
s17920,Benjamin Walker,25,Female,Germany,4/21/2021,Free
s17921,Isabella Thomas,25,Male,Australia,1/21/2021,Yearly
s17922,Emma Brown,23,Other,Canada,1/26/2021,Monthly
s17923,Isabella Lewis,19,Male,UK,9/29/2021,Free
s17924,Emma Brown,22,Female,USA,10/1/2019,Yearly
s17925,Vihaan Taylor,44,Other,Canada,10/2/2019,Free
s17926,Zara Anderson,46,Other,USA,10/8/2021,Yearly
s17927,Karan Walker,44,Female,Canada,10/29/2022,Yearly
s17928,Vihaan Clark,35,Male,UK,10/2/2020,Free
s17929,Lucas Davis,52,Female,Canada,6/7/2020,Free
s17930,Emma Sharma,21,Female,Germany,9/5/2020,Monthly
s17931,Riya Sharma,36,Female,Australia,9/1/2021,Monthly
s17932,Aarav Martin,35,Other,Canada,4/16/2019,Yearly
s17933,Zara Lee,40,Other,Australia,3/23/2021,Yearly
s17934,Emma Clark,25,Male,UK,5/3/2019,Free
s17935,Karan Sharma,38,Female,USA,11/2/2019,Yearly
s17936,Isabella Lewis,21,Male,India,11/21/2019,Free
s17937,Sophia Singh,47,Male,Germany,10/14/2022,Free
s17938,Karan Smith,39,Other,Germany,5/20/2020,Free
s17939,Lucas Sharma,67,Other,Australia,6/7/2021,Monthly
s17940,Liam Anderson,34,Male,UK,10/8/2019,Free
s17941,Riya Davis,25,Female,USA,8/27/2021,Free
s17942,Amelia Martin,35,Female,USA,10/28/2021,Yearly
s17943,Riya Miller,27,Other,USA,2/21/2020,Yearly
s17944,Mia Verma,24,Male,UK,11/24/2022,Monthly
s17945,Riya Singh,40,Female,India,2/21/2022,Yearly
s17946,Meera Johnson,26,Male,Australia,4/9/2021,Free
s17947,Benjamin Johnson,23,Male,India,6/26/2021,Monthly
s17948,Riya Taylor,23,Other,India,10/31/2020,Free
s17949,Eva Sharma,20,Female,Germany,5/21/2019,Free
s17950,Liam Johnson,22,Male,Australia,3/24/2021,Yearly
s17951,Aarav Sharma,26,Male,Canada,4/30/2022,Monthly
s17952,Meera Moore,20,Female,India,2/26/2020,Monthly
s17953,Olivia Johnson,26,Other,Australia,4/8/2022,Free
s17954,Liam Brown,23,Other,UK,5/6/2022,Yearly
s17955,Zara Martin,23,Male,USA,4/13/2021,Yearly
s17956,Aarav Anderson,28,Other,Canada,9/5/2021,Free
s17957,Karan Moore,59,Female,UK,9/7/2021,Yearly
s17958,Lucas Anderson,22,Other,Germany,6/23/2021,Monthly
s17959,Mia Anderson,25,Female,Germany,10/9/2020,Yearly
s17960,Zara Moore,20,Other,USA,7/15/2019,Yearly
s17961,Karan Thomas,46,Other,UK,3/2/2019,Free
s17962,Vihaan Smith,20,Other,Australia,1/8/2019,Monthly
s17963,Karan Anderson,28,Other,Australia,12/26/2020,Yearly
s17964,Vihaan Wilson,20,Male,Germany,5/24/2020,Yearly
s17965,Arjun Patel,24,Other,India,3/6/2022,Free
s17966,Arjun Lewis,21,Male,India,4/28/2022,Monthly
s17967,Ethan Wilson,21,Other,India,6/26/2019,Yearly
s17968,Olivia Brown,64,Female,Australia,2/8/2021,Free
s17969,Meera Miller,46,Other,Canada,10/8/2020,Monthly
s17970,Karan Davis,34,Male,UK,5/20/2021,Yearly
s17971,Karan Hall,52,Other,USA,9/13/2019,Yearly
s17972,Zara Hall,52,Other,Canada,3/15/2019,Monthly
s17973,Riya Clark,23,Male,UK,4/9/2020,Monthly
s17974,Karan Sharma,31,Male,India,11/1/2022,Yearly
s17975,Zara Clark,31,Male,Germany,11/30/2020,Free
s17976,Isabella Anderson,25,Male,UK,7/5/2021,Monthly
s17977,Karan Clark,30,Other,Canada,1/2/2020,Yearly
s17978,Sophia Sharma,43,Male,UK,10/12/2019,Free
s17979,Lucas Hall,60,Other,Canada,8/17/2021,Monthly
s17980,Meera Johnson,18,Male,Germany,7/23/2022,Yearly
s17981,Ethan Thomas,35,Male,India,11/8/2019,Monthly
s17982,Aanya Verma,42,Male,Australia,11/16/2019,Yearly
s17983,Eva Lewis,64,Other,Canada,1/7/2022,Monthly
s17984,Vihaan Smith,27,Other,USA,6/13/2019,Yearly
s17985,Vihaan Davis,37,Other,USA,1/30/2020,Free
s17986,Isabella Taylor,38,Other,USA,4/19/2019,Monthly
s17987,Noah Moore,20,Other,UK,12/1/2021,Free
s17988,Ethan Martin,30,Female,Australia,5/17/2020,Yearly
s17989,Noah Taylor,23,Female,India,1/18/2019,Monthly
s17990,Benjamin Verma,34,Male,USA,6/21/2020,Free
s17991,Emma Moore,21,Male,Australia,6/6/2019,Free
s17992,Vihaan Singh,46,Other,Canada,1/29/2019,Free
s17993,Isabella Davis,19,Female,Germany,12/30/2022,Yearly
s17994,Riya Davis,21,Other,Canada,11/29/2021,Free
s17995,Amelia Verma,46,Male,Germany,8/30/2019,Yearly
s17996,Eva Brown,36,Other,Canada,3/27/2022,Free
s17997,Riya Martin,21,Male,Australia,11/6/2019,Yearly
s17998,Noah Thomas,22,Male,Germany,12/29/2020,Free
s17999,Amelia Thomas,24,Female,Germany,10/11/2021,Monthly
s18000,Aanya Miller,18,Female,Germany,8/10/2021,Free
s18001,Eva Sharma,19,Other,Canada,12/29/2022,Free
s18002,Noah Hall,24,Male,Canada,7/18/2021,Free
s18003,Lucas Lee,25,Male,USA,6/24/2020,Monthly
s18004,Liam Patel,61,Other,USA,10/18/2019,Free
s18005,Meera Miller,52,Female,Australia,8/2/2022,Monthly
s18006,Arjun Moore,19,Male,Australia,10/8/2021,Yearly
s18007,Emma Martin,25,Female,Germany,6/16/2020,Yearly
s18008,Ethan Lee,26,Female,Australia,11/12/2022,Yearly
s18009,Aanya Lee,20,Female,UK,3/31/2021,Yearly
s18010,Karan Martin,26,Other,Canada,4/15/2021,Yearly
s18011,Arjun Lewis,21,Other,USA,2/6/2020,Yearly
s18012,Aarav Anderson,19,Other,Canada,10/5/2021,Free
s18013,Karan Anderson,39,Male,USA,8/1/2020,Yearly
s18014,Emma Clark,38,Other,USA,11/9/2020,Monthly
s18015,Benjamin Lee,18,Other,USA,7/14/2021,Yearly
s18016,Eva Moore,20,Male,Australia,11/26/2019,Monthly
s18017,Liam Clark,18,Male,Germany,5/29/2021,Free
s18018,Arjun Wilson,43,Other,India,1/7/2022,Monthly
s18019,Liam Smith,22,Female,Germany,12/29/2020,Monthly
s18020,Vihaan Martin,45,Other,Canada,3/5/2022,Yearly
s18021,Vihaan Anderson,26,Other,Germany,4/9/2021,Free
s18022,Noah Lewis,23,Other,UK,2/2/2020,Free
s18023,Ethan Walker,25,Male,Germany,1/11/2020,Yearly
s18024,Eva Verma,22,Female,Australia,4/17/2019,Yearly
s18025,Zara Smith,45,Male,India,7/11/2019,Free
s18026,Aanya Lewis,27,Female,UK,12/29/2022,Free
s18027,Olivia Lewis,21,Female,Canada,10/2/2021,Monthly
s18028,Karan Thomas,18,Male,UK,11/19/2020,Free
s18029,Isabella Anderson,18,Male,UK,10/23/2020,Yearly
s18030,Isabella Brown,27,Male,Germany,3/2/2019,Yearly
s18031,Mia Brown,25,Other,USA,3/4/2021,Free
s18032,Emma Brown,18,Female,Germany,7/31/2022,Free
s18033,Arjun Hall,44,Female,Australia,3/2/2022,Monthly
s18034,Aarav Moore,25,Male,USA,1/2/2022,Monthly
s18035,Sophia Clark,27,Other,Australia,6/28/2021,Yearly
s18036,Zara Taylor,41,Female,Canada,7/8/2021,Yearly
s18037,Lucas Lewis,30,Female,Canada,1/2/2020,Free
s18038,Meera Thomas,55,Female,Germany,10/29/2019,Free
s18039,Liam Clark,25,Male,Germany,3/6/2022,Monthly
s18040,Meera Moore,34,Other,Canada,1/12/2020,Free
s18041,Zara Wilson,22,Male,Germany,5/6/2020,Yearly
s18042,Liam Smith,46,Male,Australia,6/23/2022,Free
s18043,Zara Thomas,26,Other,UK,9/11/2020,Yearly
s18044,Riya Brown,37,Female,Canada,4/10/2021,Free
s18045,Ethan Patel,53,Other,USA,12/21/2019,Monthly
s18046,Aarav Thomas,24,Other,USA,10/27/2019,Yearly
s18047,Karan Miller,67,Female,Canada,11/4/2021,Yearly
s18048,Mia Lee,22,Male,Germany,9/12/2022,Yearly
s18049,Aarav Brown,21,Other,Canada,10/16/2020,Free
s18050,Liam Patel,24,Female,USA,12/17/2021,Yearly
s18051,Eva Taylor,19,Male,Germany,11/23/2022,Free
s18052,Benjamin Sharma,65,Other,UK,1/30/2022,Monthly
s18053,Olivia Moore,25,Other,India,5/3/2019,Monthly
s18054,Amelia Patel,24,Other,USA,6/13/2019,Monthly
s18055,Noah Lee,60,Other,Germany,2/24/2022,Free
s18056,Aanya Anderson,25,Male,USA,8/30/2022,Yearly
s18057,Mia Sharma,44,Other,Canada,8/5/2022,Monthly
s18058,Emma Sharma,39,Male,USA,9/24/2020,Free
s18059,Benjamin Davis,18,Female,Australia,6/24/2020,Monthly
s18060,Ethan Patel,33,Male,India,3/2/2022,Monthly
s18061,Lucas Hall,63,Female,USA,7/16/2022,Yearly
s18062,Emma Martin,27,Male,Germany,6/25/2022,Yearly
s18063,Meera Miller,18,Male,UK,5/25/2022,Monthly
s18064,Aarav Martin,25,Female,Canada,7/27/2019,Yearly
s18065,Sophia Miller,26,Other,UK,12/22/2022,Yearly
s18066,Aanya Hall,18,Female,UK,5/31/2022,Yearly
s18067,Karan Johnson,40,Other,Australia,11/11/2020,Free
s18068,Riya Walker,27,Female,Australia,10/17/2020,Monthly
s18069,Benjamin Hall,21,Female,India,1/13/2021,Free
s18070,Olivia Clark,29,Female,USA,6/15/2022,Yearly
s18071,Aanya Smith,22,Other,UK,4/18/2020,Yearly
s18072,Riya Moore,19,Male,Canada,3/7/2019,Yearly
s18073,Isabella Taylor,26,Male,Canada,7/8/2019,Monthly
s18074,Aanya Lewis,22,Female,Canada,8/18/2020,Free
s18075,Zara Patel,38,Female,Germany,8/2/2019,Yearly
s18076,Benjamin Lewis,25,Female,India,11/10/2020,Monthly
s18077,Riya Moore,18,Male,Australia,2/13/2020,Monthly
s18078,Zara Hall,27,Male,Germany,1/29/2021,Monthly
s18079,Olivia Miller,25,Female,India,11/15/2021,Free
s18080,Vihaan Verma,24,Other,India,9/21/2020,Yearly
s18081,Karan Moore,24,Male,UK,1/4/2022,Yearly
s18082,Aanya Singh,20,Male,UK,11/20/2021,Monthly
s18083,Meera Brown,45,Other,UK,5/17/2020,Yearly
s18084,Vihaan Patel,34,Other,UK,11/18/2019,Free
s18085,Amelia Hall,20,Other,India,1/6/2019,Yearly
s18086,Emma Martin,25,Female,USA,6/7/2021,Monthly
s18087,Liam Martin,26,Male,UK,7/6/2022,Yearly
s18088,Benjamin Singh,18,Male,Canada,7/8/2019,Free
s18089,Isabella Davis,22,Male,Germany,10/29/2020,Free
s18090,Vihaan Taylor,27,Female,India,7/18/2021,Free
s18091,Sophia Patel,22,Other,Germany,6/19/2020,Yearly
s18092,Meera Martin,60,Male,UK,12/10/2022,Monthly
s18093,Sophia Anderson,23,Other,Canada,3/14/2021,Yearly
s18094,Eva Clark,24,Female,USA,5/12/2019,Monthly
s18095,Ethan Thomas,36,Male,India,8/9/2021,Free
s18096,Karan Walker,33,Female,UK,1/24/2020,Yearly
s18097,Karan Patel,37,Female,USA,6/8/2019,Monthly
s18098,Lucas Smith,37,Male,Germany,5/25/2019,Free
s18099,Eva Moore,23,Other,Germany,4/8/2021,Monthly
s18100,Aanya Hall,19,Male,Canada,2/22/2020,Free
s18101,Isabella Walker,26,Other,Australia,5/7/2022,Free
s18102,Benjamin Clark,21,Female,Canada,5/25/2022,Free
s18103,Aarav Walker,19,Female,UK,5/28/2022,Yearly
s18104,Arjun Brown,18,Other,Germany,1/28/2022,Monthly
s18105,Vihaan Walker,21,Other,India,9/29/2020,Free
s18106,Lucas Patel,33,Male,UK,6/13/2022,Yearly
s18107,Olivia Patel,56,Male,Australia,10/9/2019,Yearly
s18108,Meera Clark,19,Female,UK,6/16/2020,Free
s18109,Karan Verma,23,Female,UK,11/30/2022,Free
s18110,Lucas Wilson,20,Other,USA,6/10/2022,Monthly
s18111,Karan Wilson,19,Male,Canada,4/28/2019,Yearly
s18112,Aarav Davis,28,Female,India,6/1/2022,Yearly
s18113,Liam Lewis,21,Other,India,7/26/2022,Monthly
s18114,Riya Singh,37,Male,Australia,4/3/2021,Free
s18115,Noah Martin,22,Male,Canada,4/5/2021,Free
s18116,Lucas Johnson,21,Female,Germany,3/20/2019,Yearly
s18117,Vihaan Martin,44,Female,Canada,5/4/2020,Yearly
s18118,Aanya Martin,18,Male,UK,9/11/2021,Free
s18119,Arjun Moore,60,Female,Germany,12/26/2022,Free
s18120,Noah Clark,23,Male,Canada,6/10/2019,Yearly
s18121,Arjun Anderson,44,Other,Germany,4/22/2021,Yearly
s18122,Arjun Brown,32,Female,USA,2/2/2020,Yearly
s18123,Amelia Patel,23,Female,Germany,8/20/2019,Yearly
s18124,Isabella Davis,27,Female,Germany,3/14/2022,Monthly
s18125,Benjamin Davis,52,Other,India,3/12/2020,Free
s18126,Meera Miller,22,Female,India,12/23/2019,Yearly
s18127,Sophia Lewis,42,Male,India,9/11/2021,Free
s18128,Amelia Thomas,21,Male,USA,7/30/2019,Yearly
s18129,Amelia Lewis,27,Male,UK,2/26/2022,Yearly
s18130,Olivia Walker,22,Other,Australia,7/23/2022,Monthly
s18131,Sophia Wilson,28,Male,Germany,11/10/2019,Monthly
s18132,Mia Sharma,34,Female,Germany,6/15/2020,Free
s18133,Aarav Sharma,27,Male,UK,11/1/2022,Free
s18134,Riya Patel,60,Female,Germany,5/24/2019,Monthly
s18135,Isabella Brown,46,Other,Canada,6/20/2020,Monthly
s18136,Noah Taylor,45,Male,UK,8/29/2022,Yearly
s18137,Aarav Moore,42,Other,Canada,10/14/2020,Free
s18138,Lucas Verma,24,Male,India,8/27/2021,Yearly
s18139,Ethan Moore,18,Male,Australia,9/7/2020,Monthly
s18140,Liam Singh,21,Other,India,4/20/2021,Yearly
s18141,Emma Patel,21,Male,Germany,12/11/2019,Yearly
s18142,Sophia Sharma,54,Female,USA,6/21/2019,Monthly
s18143,Riya Anderson,31,Male,Germany,10/2/2022,Monthly
s18144,Lucas Smith,51,Other,India,7/2/2020,Monthly
s18145,Vihaan Clark,18,Other,Germany,11/27/2022,Monthly
s18146,Benjamin Walker,35,Male,UK,9/6/2019,Free
s18147,Arjun Taylor,25,Other,USA,4/18/2021,Free
s18148,Riya Miller,25,Female,Canada,7/13/2020,Free
s18149,Ethan Walker,18,Female,USA,12/18/2020,Yearly
s18150,Vihaan Walker,19,Male,Australia,5/19/2020,Yearly
s18151,Ethan Taylor,27,Other,Australia,11/15/2020,Free
s18152,Vihaan Johnson,25,Other,Germany,11/15/2019,Free
s18153,Sophia Martin,19,Other,UK,9/12/2022,Monthly
s18154,Olivia Anderson,43,Male,UK,7/28/2021,Monthly
s18155,Olivia Brown,27,Other,USA,4/7/2021,Yearly
s18156,Sophia Wilson,40,Female,USA,12/18/2020,Monthly
s18157,Vihaan Martin,62,Female,Australia,5/6/2020,Monthly
s18158,Vihaan Singh,29,Other,UK,9/7/2022,Monthly
s18159,Vihaan Anderson,21,Male,Germany,11/6/2020,Monthly
s18160,Eva Miller,24,Other,India,9/19/2021,Free
s18161,Meera Johnson,24,Female,UK,3/16/2020,Monthly
s18162,Ethan Smith,42,Other,Australia,1/22/2022,Monthly
s18163,Aarav Taylor,19,Other,Australia,3/4/2020,Monthly
s18164,Sophia Sharma,24,Other,Germany,7/19/2019,Yearly
s18165,Sophia Lewis,22,Other,India,2/11/2020,Yearly
s18166,Vihaan Lewis,18,Female,Germany,7/12/2022,Free
s18167,Ethan Davis,45,Female,Germany,4/29/2022,Monthly
s18168,Noah Wilson,27,Male,Australia,11/23/2021,Monthly
s18169,Sophia Lee,61,Other,USA,10/27/2019,Monthly
s18170,Vihaan Miller,51,Female,India,6/22/2019,Monthly
s18171,Vihaan Walker,35,Female,Australia,12/30/2022,Free
s18172,Zara Brown,21,Other,Canada,11/29/2021,Free
s18173,Ethan Brown,18,Male,UK,8/27/2020,Monthly
s18174,Arjun Thomas,24,Male,India,3/25/2019,Free
s18175,Aanya Patel,26,Other,Germany,6/17/2022,Free
s18176,Lucas Davis,25,Other,India,1/4/2020,Monthly
s18177,Emma Walker,26,Male,Australia,5/6/2019,Monthly
s18178,Liam Verma,25,Other,India,2/5/2020,Free
s18179,Benjamin Johnson,46,Other,India,9/8/2020,Free
s18180,Aanya Walker,32,Female,Germany,12/11/2020,Monthly
s18181,Eva Johnson,43,Other,USA,11/29/2019,Yearly
s18182,Amelia Thomas,45,Other,UK,2/10/2020,Yearly
s18183,Amelia Patel,19,Female,USA,10/31/2020,Yearly
s18184,Aarav Verma,23,Other,Germany,2/11/2021,Yearly
s18185,Aarav Taylor,23,Male,Canada,9/3/2020,Monthly
s18186,Lucas Johnson,23,Female,Australia,1/21/2020,Free
s18187,Emma Taylor,21,Other,India,8/20/2022,Monthly
s18188,Aanya Brown,24,Female,Germany,10/5/2021,Monthly
s18189,Isabella Wilson,26,Male,Canada,3/16/2021,Yearly
s18190,Karan Hall,23,Other,Germany,9/4/2022,Monthly
s18191,Isabella Johnson,23,Other,Canada,11/8/2021,Monthly
s18192,Emma Patel,23,Other,India,12/23/2019,Monthly
s18193,Amelia Clark,23,Other,Germany,9/26/2022,Yearly
s18194,Zara Taylor,26,Male,UK,2/13/2020,Yearly
s18195,Karan Thomas,18,Other,UK,1/13/2019,Free
s18196,Lucas Taylor,66,Other,Canada,9/30/2021,Monthly
s18197,Mia Lewis,25,Male,India,9/2/2019,Monthly
s18198,Olivia Johnson,26,Female,Australia,8/10/2021,Free
s18199,Olivia Wilson,24,Female,Germany,8/10/2021,Yearly
s18200,Eva Smith,26,Other,Australia,1/30/2019,Free
s18201,Ethan Taylor,31,Male,Canada,1/1/2019,Free
s18202,Karan Walker,22,Male,Canada,9/2/2019,Yearly
s18203,Benjamin Lee,23,Other,Australia,1/6/2022,Free
s18204,Noah Taylor,23,Male,Australia,6/30/2021,Yearly
s18205,Amelia Sharma,24,Female,UK,2/13/2022,Yearly
s18206,Olivia Singh,18,Other,USA,6/19/2020,Monthly
s18207,Benjamin Lewis,21,Female,Australia,4/23/2020,Yearly
s18208,Aarav Johnson,43,Male,UK,1/26/2022,Monthly
s18209,Aarav Miller,51,Female,Canada,6/11/2021,Yearly
s18210,Arjun Miller,20,Female,Australia,10/26/2019,Free
s18211,Isabella Moore,23,Other,Germany,3/14/2020,Monthly
s18212,Emma Anderson,39,Female,USA,4/6/2020,Free
s18213,Lucas Clark,30,Female,Australia,1/13/2019,Monthly
s18214,Lucas Miller,38,Female,India,10/4/2019,Free
s18215,Karan Johnson,62,Male,India,3/17/2022,Free
s18216,Amelia Verma,18,Male,UK,3/1/2019,Monthly
s18217,Meera Brown,20,Female,Canada,12/16/2022,Yearly
s18218,Riya Smith,33,Female,USA,8/30/2019,Free
s18219,Benjamin Anderson,43,Other,Canada,6/10/2022,Free
s18220,Olivia Davis,20,Male,Australia,10/22/2020,Monthly
s18221,Olivia Wilson,40,Other,USA,9/2/2021,Monthly
s18222,Aarav Thomas,19,Other,India,5/9/2020,Monthly
s18223,Arjun Johnson,44,Male,UK,7/3/2020,Yearly
s18224,Ethan Sharma,21,Other,Australia,1/22/2022,Yearly
s18225,Meera Anderson,37,Female,USA,10/9/2021,Free
s18226,Aanya Martin,26,Male,Canada,10/28/2021,Free
s18227,Zara Smith,24,Female,Canada,5/31/2021,Monthly
s18228,Arjun Verma,27,Other,Australia,11/11/2021,Monthly
s18229,Eva Miller,25,Female,Australia,5/27/2022,Free
s18230,Isabella Hall,46,Other,Canada,11/24/2019,Yearly
s18231,Meera Wilson,52,Female,Canada,4/29/2019,Monthly
s18232,Amelia Martin,20,Other,Canada,10/25/2020,Yearly
s18233,Zara Taylor,41,Female,UK,7/1/2021,Free
s18234,Aanya Sharma,25,Other,India,5/24/2020,Monthly
s18235,Ethan Moore,34,Other,UK,8/18/2022,Free
s18236,Emma Clark,41,Other,Germany,9/27/2021,Free
s18237,Zara Miller,35,Male,Australia,5/2/2021,Free
s18238,Vihaan Anderson,41,Other,Australia,8/26/2021,Monthly
s18239,Aarav Thomas,22,Other,Australia,1/5/2021,Free
s18240,Arjun Walker,31,Female,UK,7/25/2022,Yearly
s18241,Mia Martin,48,Other,UK,4/22/2021,Monthly
s18242,Aarav Patel,21,Female,USA,5/8/2022,Yearly
s18243,Benjamin Moore,19,Female,India,3/13/2022,Monthly
s18244,Aanya Singh,21,Other,Australia,6/12/2019,Yearly
s18245,Aanya Johnson,27,Other,Germany,4/24/2022,Yearly
s18246,Vihaan Wilson,47,Other,Germany,5/19/2020,Free
s18247,Liam Walker,27,Female,Canada,11/27/2021,Yearly
s18248,Emma Taylor,24,Female,Australia,3/6/2020,Yearly
s18249,Emma Johnson,53,Male,Canada,12/24/2021,Monthly
s18250,Eva Sharma,27,Other,UK,2/4/2021,Yearly
s18251,Vihaan Lewis,32,Female,India,3/12/2020,Free
s18252,Lucas Singh,24,Other,Germany,10/18/2021,Free
s18253,Olivia Lee,27,Male,Australia,8/11/2021,Yearly
s18254,Lucas Smith,60,Female,Canada,9/4/2022,Yearly
s18255,Aarav Sharma,25,Other,USA,5/15/2022,Free
s18256,Olivia Davis,58,Female,UK,7/14/2021,Monthly
s18257,Riya Anderson,20,Female,Australia,3/23/2019,Free
s18258,Amelia Walker,26,Female,India,4/16/2022,Free
s18259,Meera Brown,20,Female,UK,4/20/2021,Free
s18260,Olivia Martin,35,Female,India,5/8/2022,Yearly
s18261,Liam Sharma,23,Female,UK,2/15/2021,Monthly
s18262,Benjamin Patel,25,Female,UK,3/11/2019,Monthly
s18263,Arjun Walker,34,Male,Australia,9/21/2019,Yearly
s18264,Amelia Anderson,18,Male,Australia,5/27/2022,Free
s18265,Meera Thomas,42,Female,India,5/1/2019,Yearly
s18266,Ethan Brown,21,Other,UK,11/22/2020,Monthly
s18267,Aanya Lewis,33,Male,Australia,8/10/2022,Monthly
s18268,Aanya Davis,30,Other,Germany,10/18/2022,Yearly
s18269,Emma Smith,21,Other,Germany,7/6/2020,Yearly
s18270,Meera Clark,27,Male,Canada,3/26/2019,Yearly
s18271,Amelia Thomas,27,Male,Australia,5/26/2022,Yearly
s18272,Liam Walker,19,Female,Germany,5/1/2019,Yearly
s18273,Mia Singh,20,Male,USA,3/28/2022,Yearly
s18274,Aanya Taylor,25,Other,UK,3/8/2020,Free
s18275,Noah Patel,30,Female,UK,1/13/2019,Free
s18276,Liam Walker,35,Other,Germany,5/10/2019,Yearly
s18277,Lucas Thomas,26,Female,Germany,6/12/2022,Monthly
s18278,Riya Johnson,59,Other,Canada,4/30/2021,Yearly
s18279,Riya Patel,31,Male,Australia,8/17/2022,Yearly
s18280,Noah Davis,54,Other,India,2/22/2022,Free
s18281,Emma Martin,54,Female,Canada,12/26/2022,Free
s18282,Riya Verma,31,Female,India,1/6/2022,Yearly
s18283,Ethan Taylor,20,Male,USA,11/7/2021,Free
s18284,Riya Hall,47,Other,USA,3/19/2021,Monthly
s18285,Olivia Miller,20,Female,UK,4/17/2019,Free
s18286,Lucas Singh,48,Male,USA,10/25/2022,Monthly
s18287,Olivia Johnson,19,Female,USA,6/30/2022,Monthly
s18288,Aarav Verma,25,Male,Canada,2/6/2020,Monthly
s18289,Olivia Brown,41,Female,Canada,11/13/2022,Monthly
s18290,Vihaan Patel,27,Other,Australia,10/26/2022,Yearly
s18291,Lucas Sharma,31,Male,India,2/20/2020,Yearly
s18292,Karan Singh,19,Other,Germany,5/18/2020,Free
s18293,Noah Wilson,23,Male,India,4/10/2019,Monthly
s18294,Arjun Walker,31,Other,Australia,12/1/2020,Free
s18295,Aarav Sharma,36,Female,Australia,6/29/2019,Monthly
s18296,Ethan Brown,23,Female,Canada,11/7/2020,Free
s18297,Riya Singh,20,Other,Australia,4/4/2022,Yearly
s18298,Lucas Walker,34,Other,Canada,5/12/2020,Yearly
s18299,Riya Thomas,33,Other,USA,3/12/2021,Yearly
s18300,Lucas Anderson,30,Other,Australia,2/5/2022,Yearly
s18301,Aarav Johnson,44,Other,India,5/10/2021,Monthly
s18302,Amelia Lewis,22,Female,UK,10/2/2020,Yearly
s18303,Emma Anderson,21,Female,USA,8/8/2020,Monthly
s18304,Karan Walker,61,Male,UK,8/25/2020,Yearly
s18305,Riya Brown,19,Other,India,10/23/2022,Monthly
s18306,Meera Lee,27,Female,Germany,11/29/2022,Monthly
s18307,Zara Patel,25,Female,USA,4/4/2021,Monthly
s18308,Karan Wilson,47,Male,Australia,5/29/2020,Free
s18309,Eva Miller,24,Male,Canada,12/8/2022,Free
s18310,Benjamin Miller,18,Male,Canada,11/12/2020,Yearly
s18311,Arjun Lewis,25,Female,Canada,1/13/2021,Monthly
s18312,Mia Wilson,27,Other,Australia,11/20/2022,Monthly
s18313,Eva Hall,25,Other,UK,9/1/2020,Yearly
s18314,Benjamin Anderson,25,Female,Australia,6/10/2019,Monthly
s18315,Amelia Sharma,23,Female,Australia,3/27/2020,Yearly
s18316,Zara Thomas,24,Female,Australia,7/27/2022,Monthly
s18317,Amelia Singh,39,Female,India,3/27/2022,Yearly
s18318,Arjun Brown,20,Female,Germany,7/5/2021,Monthly
s18319,Amelia Wilson,23,Female,USA,8/2/2022,Yearly
s18320,Emma Davis,27,Other,India,8/12/2019,Monthly
s18321,Isabella Johnson,28,Female,Germany,5/17/2021,Yearly
s18322,Lucas Anderson,63,Female,USA,10/20/2022,Monthly
s18323,Mia Verma,23,Other,UK,6/29/2022,Monthly
s18324,Meera Verma,47,Female,Australia,10/17/2022,Monthly
s18325,Amelia Thomas,25,Male,Germany,10/22/2019,Free
s18326,Karan Walker,36,Male,UK,10/26/2019,Free
s18327,Liam Martin,21,Female,USA,7/17/2022,Free
s18328,Amelia Wilson,20,Other,Australia,8/17/2019,Free
s18329,Eva Davis,27,Male,UK,5/15/2022,Free
s18330,Benjamin Walker,32,Female,Australia,2/2/2019,Yearly
s18331,Aanya Miller,18,Female,Canada,8/19/2019,Yearly
s18332,Isabella Lee,27,Other,USA,4/20/2019,Free
s18333,Isabella Lee,27,Male,UK,3/4/2019,Monthly
s18334,Ethan Davis,21,Female,Canada,12/20/2020,Free
s18335,Meera Thomas,25,Other,Germany,2/12/2020,Monthly
s18336,Isabella Patel,20,Male,USA,5/19/2019,Free
s18337,Arjun Smith,35,Other,Canada,5/4/2020,Monthly
s18338,Riya Clark,27,Female,Australia,12/12/2019,Free
s18339,Aanya Clark,42,Female,Australia,11/3/2020,Free
s18340,Isabella Moore,25,Other,Germany,4/5/2021,Free
s18341,Meera Moore,21,Other,India,8/21/2020,Free
s18342,Olivia Martin,38,Other,Australia,6/8/2022,Yearly
s18343,Mia Hall,34,Other,India,4/6/2022,Free
s18344,Riya Miller,26,Female,Canada,11/6/2019,Yearly
s18345,Sophia Lee,40,Other,Australia,11/25/2019,Free
s18346,Zara Johnson,21,Female,India,8/8/2021,Monthly
s18347,Karan Singh,47,Male,USA,5/19/2022,Free
s18348,Karan Thomas,62,Female,USA,6/2/2021,Free
s18349,Lucas Verma,27,Male,Germany,11/18/2021,Monthly
s18350,Amelia Davis,23,Female,Canada,10/1/2022,Monthly
s18351,Eva Johnson,37,Female,India,2/12/2022,Yearly
s18352,Isabella Martin,34,Female,Australia,2/17/2021,Monthly
s18353,Ethan Lee,21,Male,USA,3/10/2020,Free
s18354,Amelia Sharma,23,Other,Canada,9/6/2019,Yearly
s18355,Ethan Walker,41,Female,Canada,2/1/2019,Free
s18356,Ethan Taylor,66,Other,India,2/3/2022,Yearly
s18357,Ethan Verma,20,Male,Australia,10/21/2022,Free
s18358,Aarav Wilson,25,Female,India,11/7/2022,Free
s18359,Lucas Martin,27,Female,UK,4/18/2020,Monthly
s18360,Liam Smith,24,Other,Germany,4/12/2021,Free
s18361,Mia Sharma,27,Other,Canada,4/20/2020,Free
s18362,Zara Smith,47,Female,USA,4/5/2022,Yearly
s18363,Emma Thomas,58,Other,Canada,5/1/2019,Yearly
s18364,Aanya Davis,59,Male,USA,7/9/2020,Free
s18365,Benjamin Thomas,66,Other,USA,9/5/2022,Monthly
s18366,Liam Verma,21,Other,USA,5/4/2020,Yearly
s18367,Olivia Lewis,47,Male,Australia,5/30/2022,Yearly
s18368,Zara Moore,21,Other,USA,3/8/2022,Monthly
s18369,Vihaan Lewis,18,Male,Germany,5/5/2021,Yearly
s18370,Liam Moore,27,Other,Germany,11/3/2019,Yearly
s18371,Lucas Verma,22,Other,USA,1/29/2020,Monthly
s18372,Liam Clark,26,Female,India,12/31/2021,Monthly
s18373,Arjun Walker,41,Other,India,4/22/2020,Monthly
s18374,Mia Singh,23,Other,Germany,12/23/2021,Yearly
s18375,Meera Clark,28,Other,India,3/23/2019,Yearly
s18376,Vihaan Clark,26,Male,India,11/4/2022,Yearly
s18377,Vihaan Thomas,21,Male,UK,11/23/2021,Free
s18378,Isabella Walker,19,Male,UK,5/9/2019,Free
s18379,Arjun Smith,25,Male,Germany,10/23/2021,Free
s18380,Zara Wilson,26,Male,USA,11/27/2022,Free
s18381,Isabella Patel,25,Male,Canada,11/29/2020,Yearly
s18382,Isabella Martin,23,Female,Canada,3/20/2020,Monthly
s18383,Riya Taylor,31,Male,Australia,11/21/2019,Yearly
s18384,Olivia Verma,18,Male,India,12/5/2021,Monthly
s18385,Mia Moore,27,Female,USA,10/3/2020,Yearly
s18386,Meera Johnson,27,Male,UK,12/1/2019,Free
s18387,Vihaan Sharma,30,Male,USA,4/12/2019,Yearly
s18388,Isabella Patel,22,Male,USA,5/11/2021,Free
s18389,Isabella Davis,60,Other,USA,5/19/2020,Monthly
s18390,Aarav Clark,27,Male,UK,2/20/2020,Free
s18391,Ethan Wilson,24,Other,UK,9/9/2022,Monthly
s18392,Olivia Brown,26,Female,India,10/21/2021,Monthly
s18393,Sophia Clark,41,Male,Canada,11/2/2019,Monthly
s18394,Karan Moore,23,Female,UK,10/19/2020,Monthly
s18395,Mia Taylor,27,Male,USA,6/27/2021,Free
s18396,Amelia Clark,24,Other,India,10/24/2019,Yearly
s18397,Aanya Davis,51,Female,Canada,12/21/2019,Monthly
s18398,Zara Clark,22,Female,USA,1/14/2022,Yearly
s18399,Isabella Johnson,41,Female,Germany,2/7/2020,Yearly
s18400,Lucas Thomas,38,Female,India,11/15/2021,Monthly
s18401,Isabella Walker,27,Other,Germany,12/28/2022,Free
s18402,Vihaan Davis,53,Other,Canada,2/12/2020,Monthly
s18403,Arjun Lee,26,Female,Germany,5/21/2022,Monthly
s18404,Ethan Sharma,21,Other,Germany,10/3/2020,Free
s18405,Aanya Miller,46,Female,USA,9/17/2022,Free
s18406,Benjamin Singh,26,Other,UK,4/9/2021,Free
s18407,Mia Johnson,27,Male,UK,10/31/2021,Monthly
s18408,Meera Smith,20,Female,Germany,12/26/2020,Free
s18409,Olivia Davis,22,Other,USA,9/9/2019,Yearly
s18410,Aarav Singh,40,Other,Canada,6/2/2021,Yearly
s18411,Riya Anderson,22,Female,India,8/5/2022,Free
s18412,Benjamin Wilson,20,Other,UK,12/27/2022,Free
s18413,Noah Verma,26,Male,India,1/10/2019,Monthly
s18414,Arjun Hall,24,Male,Australia,11/8/2020,Monthly
s18415,Karan Walker,45,Male,USA,3/16/2019,Free
s18416,Vihaan Walker,25,Male,UK,1/10/2021,Free
s18417,Emma Thomas,20,Other,USA,11/2/2021,Yearly
s18418,Benjamin Miller,40,Female,Germany,1/4/2020,Free
s18419,Meera Singh,23,Male,USA,6/10/2020,Yearly
s18420,Arjun Lewis,59,Female,Germany,5/10/2019,Yearly
s18421,Meera Sharma,22,Male,UK,3/8/2020,Monthly
s18422,Eva Hall,30,Female,India,2/12/2020,Yearly
s18423,Aanya Verma,23,Other,Canada,8/29/2019,Free
s18424,Liam Brown,24,Female,Canada,8/28/2021,Free
s18425,Karan Hall,25,Male,UK,7/17/2022,Free
s18426,Aarav Sharma,25,Female,India,11/13/2022,Monthly
s18427,Eva Verma,32,Male,Germany,5/7/2021,Free
s18428,Emma Singh,48,Female,UK,7/23/2020,Monthly
s18429,Isabella Johnson,27,Other,Australia,6/30/2020,Yearly
s18430,Zara Patel,23,Other,India,6/14/2021,Free
s18431,Eva Hall,26,Female,UK,4/6/2021,Yearly
s18432,Eva Davis,22,Other,UK,12/13/2019,Yearly
s18433,Riya Anderson,33,Other,Canada,9/21/2020,Yearly
s18434,Liam Anderson,26,Other,Germany,2/22/2020,Yearly
s18435,Zara Wilson,35,Female,Canada,6/1/2020,Free
s18436,Karan Davis,41,Other,Australia,5/13/2020,Yearly
s18437,Noah Miller,26,Other,USA,5/28/2021,Free
s18438,Mia Brown,21,Female,India,7/22/2021,Yearly
s18439,Olivia Verma,36,Male,India,11/26/2022,Free
s18440,Eva Singh,31,Female,Germany,1/15/2020,Yearly
s18441,Benjamin Martin,24,Female,UK,1/6/2019,Free
s18442,Liam Davis,27,Other,UK,11/3/2022,Free
s18443,Sophia Smith,54,Male,Canada,6/7/2020,Yearly
s18444,Isabella Martin,25,Male,UK,12/18/2019,Free
s18445,Liam Taylor,58,Other,UK,12/9/2020,Yearly
s18446,Eva Smith,54,Other,Germany,7/7/2021,Free
s18447,Meera Verma,23,Female,Germany,2/24/2019,Yearly
s18448,Eva Singh,60,Other,Australia,10/11/2019,Yearly
s18449,Liam Singh,24,Female,UK,4/15/2021,Yearly
s18450,Lucas Smith,23,Male,Canada,6/21/2022,Free
s18451,Benjamin Anderson,26,Female,USA,10/16/2022,Monthly
s18452,Olivia Smith,22,Female,USA,3/16/2022,Monthly
s18453,Riya Thomas,22,Male,USA,4/2/2021,Monthly
s18454,Zara Verma,19,Male,Australia,1/15/2022,Monthly
s18455,Ethan Moore,28,Female,Australia,1/8/2020,Yearly
s18456,Liam Hall,27,Female,USA,8/31/2020,Free
s18457,Benjamin Wilson,22,Other,UK,11/7/2022,Monthly
s18458,Mia Moore,20,Male,Australia,10/4/2022,Monthly
s18459,Emma Brown,42,Other,Canada,2/27/2020,Monthly
s18460,Mia Smith,31,Male,Germany,8/1/2019,Yearly
s18461,Eva Smith,45,Female,Canada,6/9/2021,Yearly
s18462,Noah Clark,21,Other,India,7/13/2021,Free
s18463,Lucas Clark,27,Other,Canada,2/27/2021,Monthly
s18464,Meera Verma,21,Female,Germany,9/28/2022,Free
s18465,Vihaan Davis,27,Female,Germany,10/14/2022,Monthly
s18466,Vihaan Lee,20,Male,Germany,3/16/2020,Yearly
s18467,Zara Davis,25,Other,Canada,2/4/2022,Free
s18468,Noah Wilson,47,Other,USA,10/1/2022,Monthly
s18469,Mia Verma,49,Female,Australia,9/22/2019,Yearly
s18470,Riya Patel,23,Female,Australia,4/16/2020,Free
s18471,Lucas Taylor,19,Other,USA,11/16/2021,Monthly
s18472,Karan Miller,36,Female,UK,10/25/2021,Free
s18473,Ethan Smith,26,Female,Germany,11/27/2020,Yearly
s18474,Zara Brown,31,Other,Canada,3/12/2019,Yearly
s18475,Meera Miller,62,Female,USA,12/9/2022,Free
s18476,Lucas Davis,23,Other,India,7/8/2022,Free
s18477,Benjamin Thomas,19,Male,Australia,2/25/2020,Monthly
s18478,Aanya Davis,32,Male,USA,3/29/2020,Free
s18479,Mia Verma,43,Female,Australia,9/26/2022,Free
s18480,Sophia Lewis,41,Female,India,10/2/2020,Yearly
s18481,Amelia Brown,40,Female,Germany,4/24/2021,Monthly
s18482,Zara Clark,21,Female,Canada,5/28/2021,Free
s18483,Karan Taylor,25,Male,USA,8/22/2022,Monthly
s18484,Amelia Johnson,21,Male,Germany,4/2/2022,Free
s18485,Benjamin Johnson,33,Male,USA,11/23/2019,Monthly
s18486,Zara Lee,24,Other,Canada,9/24/2020,Monthly
s18487,Mia Hall,27,Other,UK,2/15/2022,Yearly
s18488,Emma Lee,18,Female,India,3/2/2020,Monthly
s18489,Lucas Lewis,26,Other,USA,10/26/2021,Monthly
s18490,Isabella Clark,27,Other,USA,10/30/2022,Monthly
s18491,Lucas Moore,19,Female,Australia,3/9/2021,Free
s18492,Arjun Miller,31,Male,Australia,2/6/2022,Monthly
s18493,Amelia Moore,22,Female,UK,11/8/2020,Monthly
s18494,Aarav Patel,21,Female,Australia,8/7/2020,Monthly
s18495,Amelia Smith,20,Male,USA,5/20/2022,Yearly
s18496,Zara Patel,33,Male,USA,7/31/2019,Yearly
s18497,Noah Thomas,22,Female,Canada,12/28/2019,Yearly
s18498,Olivia Verma,41,Other,Germany,9/6/2021,Yearly
s18499,Liam Lee,28,Male,Australia,4/23/2020,Monthly
s18500,Lucas Brown,22,Other,India,4/20/2021,Free
s18501,Karan Moore,27,Male,India,9/9/2019,Free
s18502,Liam Miller,21,Male,USA,1/1/2021,Yearly
s18503,Mia Thomas,62,Other,Canada,3/9/2022,Yearly
s18504,Lucas Moore,27,Other,UK,8/4/2021,Monthly
s18505,Isabella Smith,23,Male,Germany,4/25/2022,Free
s18506,Liam Clark,59,Male,UK,3/18/2021,Yearly
s18507,Noah Davis,30,Male,USA,7/17/2021,Free
s18508,Isabella Brown,32,Other,USA,6/15/2022,Free
s18509,Eva Clark,33,Male,India,5/21/2021,Monthly
s18510,Benjamin Anderson,34,Male,Australia,5/7/2021,Monthly
s18511,Arjun Wilson,26,Male,USA,9/6/2021,Free
s18512,Emma Hall,28,Female,USA,11/27/2019,Yearly
s18513,Lucas Verma,20,Other,Germany,6/2/2019,Yearly
s18514,Amelia Wilson,27,Male,USA,11/21/2020,Free
s18515,Meera Thomas,45,Male,USA,11/21/2021,Yearly
s18516,Aanya Clark,33,Other,UK,2/4/2019,Yearly
s18517,Zara Martin,29,Female,Canada,4/28/2021,Monthly
s18518,Emma Miller,19,Male,Germany,7/24/2020,Free
s18519,Eva Taylor,49,Other,Germany,8/24/2021,Free
s18520,Riya Davis,28,Female,Germany,7/6/2019,Monthly
s18521,Liam Lee,20,Female,Germany,12/18/2020,Yearly
s18522,Emma Smith,42,Female,Australia,9/19/2019,Free
s18523,Aanya Walker,39,Other,Australia,7/5/2022,Yearly
s18524,Sophia Davis,33,Female,USA,7/20/2020,Monthly
s18525,Olivia Sharma,20,Male,USA,4/14/2020,Monthly
s18526,Olivia Singh,18,Other,Germany,6/1/2021,Free
s18527,Aarav Thomas,20,Other,Australia,9/23/2022,Monthly
s18528,Olivia Wilson,23,Female,Australia,8/19/2020,Free
s18529,Benjamin Taylor,20,Other,India,7/19/2021,Free
s18530,Riya Patel,26,Female,USA,6/25/2020,Monthly
s18531,Vihaan Martin,31,Male,India,6/13/2020,Monthly
s18532,Liam Singh,19,Other,Canada,11/14/2019,Monthly
s18533,Aanya Taylor,23,Other,Australia,9/20/2020,Yearly
s18534,Isabella Walker,21,Male,USA,1/16/2021,Monthly
s18535,Benjamin Brown,40,Other,USA,8/8/2020,Free
s18536,Ethan Brown,36,Other,UK,2/15/2022,Free
s18537,Amelia Brown,20,Female,Germany,12/20/2019,Yearly
s18538,Lucas Sharma,24,Other,Germany,5/16/2021,Yearly
s18539,Liam Moore,21,Female,Canada,11/14/2022,Free
s18540,Ethan Singh,20,Female,India,3/21/2020,Monthly
s18541,Emma Miller,20,Male,Australia,3/4/2021,Free
s18542,Zara Lee,54,Other,USA,11/6/2021,Free
s18543,Emma Sharma,38,Other,Germany,3/8/2021,Monthly
s18544,Amelia Verma,59,Male,Germany,7/19/2019,Free
s18545,Aarav Martin,28,Female,UK,11/24/2021,Free
s18546,Benjamin Lee,18,Other,Australia,10/5/2022,Free
s18547,Ethan Lewis,27,Male,USA,12/14/2022,Yearly
s18548,Ethan Lee,31,Other,Germany,12/12/2019,Yearly
s18549,Sophia Clark,22,Female,USA,3/18/2020,Free
s18550,Meera Taylor,24,Male,Australia,8/11/2020,Yearly
s18551,Aarav Miller,22,Male,Germany,7/24/2022,Free
s18552,Riya Sharma,43,Female,UK,12/5/2022,Yearly
s18553,Aanya Sharma,64,Female,Canada,3/11/2020,Monthly
s18554,Arjun Smith,52,Other,Australia,12/6/2019,Monthly
s18555,Karan Wilson,40,Other,India,9/10/2020,Free
s18556,Eva Clark,31,Male,Canada,1/21/2019,Free
s18557,Liam Verma,21,Female,Germany,9/24/2021,Yearly
s18558,Ethan Lewis,26,Female,Australia,9/10/2020,Yearly
s18559,Aarav Lee,28,Other,Canada,7/24/2021,Monthly
s18560,Lucas Walker,20,Other,Germany,5/6/2022,Yearly
s18561,Amelia Lee,25,Other,USA,4/29/2022,Monthly
s18562,Zara Anderson,42,Female,Canada,2/5/2020,Yearly
s18563,Riya Wilson,22,Male,India,11/2/2019,Monthly
s18564,Aarav Lewis,45,Male,Germany,6/14/2020,Yearly
s18565,Benjamin Hall,21,Female,India,3/29/2020,Monthly
s18566,Vihaan Clark,19,Male,USA,5/14/2021,Yearly
s18567,Riya Martin,22,Other,USA,2/10/2022,Free
s18568,Lucas Hall,65,Other,Canada,8/31/2021,Yearly
s18569,Eva Patel,18,Male,Canada,1/19/2021,Free
s18570,Sophia Clark,24,Female,UK,8/24/2019,Monthly
s18571,Karan Miller,26,Other,Australia,11/25/2022,Yearly
s18572,Emma Singh,21,Other,USA,10/13/2020,Yearly
s18573,Emma Martin,21,Other,USA,4/18/2022,Yearly
s18574,Amelia Singh,49,Male,Canada,4/13/2020,Monthly
s18575,Sophia Smith,22,Female,USA,4/8/2021,Free
s18576,Liam Moore,32,Male,Germany,12/11/2020,Free
s18577,Mia Wilson,26,Female,India,6/20/2021,Monthly
s18578,Olivia Clark,27,Other,Canada,7/17/2021,Monthly
s18579,Olivia Wilson,25,Other,Germany,6/15/2022,Yearly
s18580,Aanya Lewis,20,Other,UK,4/20/2021,Yearly
s18581,Arjun Miller,47,Female,India,5/1/2020,Free
s18582,Liam Smith,44,Female,Germany,7/24/2022,Free
s18583,Isabella Singh,47,Other,India,7/30/2022,Yearly
s18584,Karan Lewis,19,Female,USA,10/22/2019,Monthly
s18585,Mia Thomas,21,Female,India,7/1/2022,Yearly
s18586,Karan Clark,31,Male,Germany,7/10/2019,Free
s18587,Amelia Lewis,32,Male,Canada,12/18/2020,Free
s18588,Aanya Martin,26,Male,Australia,11/20/2019,Monthly
s18589,Sophia Davis,19,Other,Canada,5/6/2020,Free
s18590,Aanya Clark,66,Male,Germany,5/2/2019,Yearly
s18591,Vihaan Clark,23,Male,India,5/16/2020,Free
s18592,Olivia Clark,26,Female,Australia,3/29/2022,Free
s18593,Ethan Taylor,62,Male,India,11/4/2021,Free
s18594,Emma Anderson,41,Other,India,9/19/2019,Monthly
s18595,Amelia Smith,47,Female,Australia,10/18/2021,Free
s18596,Zara Sharma,27,Other,USA,10/7/2022,Free
s18597,Amelia Walker,20,Female,Germany,3/19/2019,Monthly
s18598,Amelia Wilson,23,Male,Australia,9/15/2020,Monthly
s18599,Riya Johnson,25,Other,Canada,9/27/2022,Free
s18600,Isabella Anderson,27,Female,UK,6/5/2020,Free
s18601,Ethan Martin,44,Male,UK,2/26/2021,Yearly
s18602,Mia Walker,27,Female,UK,4/25/2019,Yearly
s18603,Benjamin Lee,18,Male,USA,4/2/2022,Monthly
s18604,Meera Hall,24,Other,Australia,12/16/2021,Yearly
s18605,Sophia Thomas,47,Male,India,2/28/2019,Monthly
s18606,Aarav Moore,25,Female,India,6/3/2022,Yearly
s18607,Olivia Johnson,30,Other,Germany,10/31/2022,Free
s18608,Eva Brown,23,Female,Germany,3/3/2020,Yearly
s18609,Vihaan Sharma,32,Other,Australia,9/24/2019,Monthly
s18610,Vihaan Walker,27,Male,Australia,6/27/2021,Yearly
s18611,Benjamin Lee,46,Male,USA,6/19/2021,Yearly
s18612,Emma Clark,29,Male,Germany,7/29/2021,Free
s18613,Noah Clark,38,Male,UK,4/27/2021,Free
s18614,Isabella Lewis,22,Other,USA,8/25/2022,Free
s18615,Arjun Taylor,25,Female,Australia,9/18/2020,Monthly
s18616,Lucas Wilson,65,Other,India,5/31/2020,Monthly
s18617,Mia Lee,46,Male,India,7/16/2022,Monthly
s18618,Meera Moore,26,Male,Australia,1/3/2022,Monthly
s18619,Zara Sharma,44,Male,Australia,1/30/2019,Free
s18620,Sophia Moore,19,Female,UK,5/6/2021,Free
s18621,Isabella Smith,20,Female,Australia,4/5/2020,Free
s18622,Lucas Moore,26,Male,Germany,6/4/2020,Free
s18623,Zara Lee,19,Male,USA,12/29/2021,Yearly
s18624,Zara Thomas,24,Other,Germany,7/31/2021,Monthly
s18625,Amelia Sharma,20,Male,India,4/13/2020,Monthly
s18626,Mia Lewis,27,Male,Australia,10/16/2021,Free
s18627,Aanya Lee,24,Other,India,3/1/2022,Monthly
s18628,Lucas Johnson,51,Female,Canada,2/10/2020,Free
s18629,Zara Taylor,26,Male,Australia,5/11/2020,Monthly
s18630,Amelia Johnson,41,Male,USA,10/6/2020,Free
s18631,Aarav Thomas,64,Male,Canada,11/17/2022,Monthly
s18632,Vihaan Brown,23,Other,Canada,11/12/2020,Monthly
s18633,Eva Anderson,52,Male,Germany,8/7/2022,Yearly
s18634,Arjun Anderson,19,Female,Canada,3/19/2019,Monthly
s18635,Noah Hall,26,Female,Canada,10/17/2020,Monthly
s18636,Zara Clark,42,Female,Canada,10/11/2020,Free
s18637,Ethan Martin,18,Female,UK,11/7/2020,Free
s18638,Mia Wilson,22,Other,UK,6/27/2020,Free
s18639,Karan Clark,28,Female,USA,6/30/2021,Free
s18640,Noah Lee,25,Female,Canada,5/18/2019,Free
s18641,Eva Lee,22,Other,UK,6/23/2019,Yearly
s18642,Vihaan Thomas,19,Male,Australia,3/19/2022,Free
s18643,Aanya Patel,56,Other,Germany,3/18/2021,Free
s18644,Aanya Wilson,19,Other,UK,6/15/2021,Free
s18645,Mia Clark,39,Other,USA,10/18/2019,Monthly
s18646,Ethan Thomas,22,Female,Australia,10/7/2021,Yearly
s18647,Aanya Singh,21,Other,UK,7/21/2022,Yearly
s18648,Emma Verma,60,Other,India,12/23/2019,Yearly
s18649,Meera Sharma,19,Female,Canada,1/11/2019,Monthly
s18650,Isabella Miller,29,Other,USA,7/13/2019,Free
s18651,Noah Lee,26,Female,UK,8/23/2021,Yearly
s18652,Noah Miller,23,Male,India,3/16/2020,Yearly
s18653,Vihaan Johnson,32,Female,USA,6/11/2019,Yearly
s18654,Benjamin Davis,45,Other,Germany,7/3/2022,Monthly
s18655,Sophia Miller,29,Other,Canada,1/30/2020,Free
s18656,Karan Verma,20,Male,UK,5/25/2020,Yearly
s18657,Zara Lee,38,Other,USA,5/4/2022,Monthly
s18658,Mia Walker,29,Male,Germany,5/15/2022,Yearly
s18659,Zara Sharma,58,Female,Australia,9/19/2022,Free
s18660,Sophia Martin,19,Female,USA,3/22/2021,Yearly
s18661,Meera Hall,25,Female,USA,6/8/2019,Monthly
s18662,Ethan Anderson,29,Male,UK,6/30/2019,Free
s18663,Mia Martin,38,Other,Australia,5/28/2020,Monthly
s18664,Vihaan Walker,27,Male,USA,4/9/2022,Yearly
s18665,Vihaan Brown,27,Female,Germany,6/28/2021,Monthly
s18666,Eva Sharma,21,Other,UK,7/13/2019,Monthly
s18667,Noah Martin,20,Female,Germany,2/11/2022,Monthly
s18668,Isabella Wilson,59,Female,Germany,9/7/2021,Monthly
s18669,Liam Thomas,32,Male,USA,8/26/2019,Monthly
s18670,Benjamin Brown,26,Male,Australia,7/14/2022,Monthly
s18671,Zara Thomas,35,Female,USA,2/26/2021,Yearly
s18672,Lucas Clark,24,Female,India,6/26/2019,Monthly
s18673,Liam Anderson,23,Other,Germany,3/8/2022,Free
s18674,Sophia Taylor,27,Male,USA,10/23/2019,Free
s18675,Mia Clark,39,Female,Australia,6/2/2022,Yearly
s18676,Karan Thomas,42,Male,India,4/15/2019,Free
s18677,Vihaan Singh,26,Other,Australia,1/6/2021,Free
s18678,Amelia Lewis,40,Other,India,10/27/2019,Free
s18679,Riya Lee,24,Female,India,10/26/2020,Free
s18680,Lucas Hall,19,Other,UK,10/9/2020,Yearly
s18681,Lucas Moore,24,Female,UK,11/19/2021,Yearly
s18682,Emma Hall,33,Male,UK,8/23/2021,Yearly
s18683,Liam Martin,35,Male,Australia,6/24/2022,Yearly
s18684,Noah Verma,25,Female,Germany,5/17/2019,Yearly
s18685,Sophia Miller,19,Female,Germany,3/20/2019,Yearly
s18686,Amelia Anderson,21,Female,UK,11/22/2021,Free
s18687,Isabella Verma,27,Female,Australia,9/20/2021,Free
s18688,Ethan Sharma,20,Male,Germany,10/10/2020,Monthly
s18689,Vihaan Hall,32,Female,UK,4/8/2019,Monthly
s18690,Benjamin Miller,22,Female,Germany,3/30/2022,Monthly
s18691,Benjamin Clark,27,Male,Canada,9/5/2022,Yearly
s18692,Aanya Miller,23,Other,USA,6/24/2019,Monthly
s18693,Isabella Moore,33,Other,India,10/30/2021,Yearly
s18694,Amelia Brown,60,Other,UK,9/18/2021,Monthly
s18695,Benjamin Johnson,38,Male,India,12/21/2022,Monthly
s18696,Vihaan Johnson,25,Male,USA,5/7/2021,Yearly
s18697,Aanya Wilson,19,Male,UK,3/15/2019,Monthly
s18698,Arjun Anderson,39,Female,Canada,8/9/2022,Monthly
s18699,Benjamin Wilson,44,Female,Australia,1/24/2021,Yearly
s18700,Olivia Davis,21,Other,India,6/8/2020,Yearly
s18701,Meera Thomas,24,Female,Germany,1/25/2021,Monthly
s18702,Sophia Clark,23,Other,UK,9/16/2019,Monthly
s18703,Meera Lewis,43,Male,USA,9/13/2022,Monthly
s18704,Olivia Verma,19,Other,USA,3/12/2019,Monthly
s18705,Amelia Moore,26,Other,UK,12/1/2019,Free
s18706,Sophia Sharma,54,Other,USA,4/5/2020,Free
s18707,Isabella Hall,51,Other,Canada,12/17/2020,Monthly
s18708,Karan Davis,19,Other,UK,1/10/2022,Free
s18709,Liam Thomas,56,Female,Canada,10/12/2019,Monthly
s18710,Noah Hall,34,Other,Germany,4/18/2019,Free
s18711,Vihaan Clark,23,Female,Australia,10/6/2022,Monthly
s18712,Sophia Brown,21,Other,USA,5/2/2022,Yearly
s18713,Eva Wilson,20,Male,UK,9/27/2019,Free
s18714,Eva Brown,27,Female,Germany,11/20/2021,Free
s18715,Zara Sharma,23,Female,USA,4/12/2021,Free
s18716,Karan Walker,25,Male,India,7/8/2020,Monthly
s18717,Meera Anderson,19,Female,Australia,6/8/2019,Free
s18718,Aarav Anderson,18,Male,India,3/11/2022,Monthly
s18719,Lucas Sharma,18,Other,USA,6/10/2020,Monthly
s18720,Noah Smith,46,Male,USA,12/9/2019,Monthly
s18721,Isabella Brown,24,Other,UK,2/24/2022,Monthly
s18722,Isabella Miller,60,Other,Canada,1/23/2021,Free
s18723,Eva Taylor,35,Other,India,9/2/2021,Monthly
s18724,Amelia Singh,21,Female,UK,9/1/2020,Monthly
s18725,Vihaan Lee,49,Male,Australia,10/2/2020,Monthly
s18726,Karan Thomas,20,Other,India,10/21/2020,Monthly
s18727,Sophia Moore,66,Male,Germany,5/11/2022,Free
s18728,Benjamin Moore,27,Female,India,12/6/2019,Free
s18729,Karan Moore,18,Other,Australia,5/21/2022,Free
s18730,Aarav Davis,22,Female,India,11/29/2022,Free
s18731,Ethan Davis,25,Female,UK,8/29/2019,Free
s18732,Emma Lewis,57,Female,UK,1/5/2019,Yearly
s18733,Vihaan Sharma,46,Female,India,5/11/2021,Yearly
s18734,Noah Smith,44,Other,Germany,11/20/2020,Free
s18735,Lucas Smith,20,Other,USA,7/4/2020,Free
s18736,Benjamin Walker,19,Other,Canada,2/16/2022,Monthly
s18737,Emma Sharma,55,Other,Australia,1/3/2022,Yearly
s18738,Liam Brown,28,Male,Australia,3/2/2021,Yearly
s18739,Emma Brown,18,Other,UK,9/25/2020,Free
s18740,Ethan Lee,25,Male,India,12/3/2021,Free
s18741,Zara Anderson,43,Female,Germany,1/1/2021,Free
s18742,Amelia Lee,19,Female,USA,11/24/2021,Free
s18743,Arjun Lewis,24,Female,Canada,4/7/2019,Monthly
s18744,Ethan Taylor,38,Male,Canada,6/10/2020,Yearly
s18745,Olivia Lee,24,Male,Australia,4/13/2021,Free
s18746,Amelia Singh,43,Other,Australia,6/1/2022,Monthly
s18747,Karan Moore,29,Male,Germany,1/21/2021,Free
s18748,Riya Verma,39,Male,Canada,9/25/2019,Monthly
s18749,Riya Johnson,19,Female,Canada,2/18/2021,Free
s18750,Meera Moore,33,Male,Australia,1/16/2022,Yearly
s18751,Olivia Brown,58,Female,Germany,12/26/2020,Free
s18752,Benjamin Moore,26,Other,USA,11/14/2021,Monthly
s18753,Riya Sharma,24,Other,India,8/19/2022,Monthly
s18754,Vihaan Clark,30,Male,UK,11/2/2020,Monthly
s18755,Ethan Anderson,46,Female,USA,12/1/2021,Yearly
s18756,Isabella Walker,23,Male,UK,8/12/2021,Free
s18757,Amelia Miller,20,Other,USA,10/19/2020,Free
s18758,Sophia Lewis,36,Female,UK,12/2/2019,Free
s18759,Riya Thomas,38,Male,UK,5/9/2022,Free
s18760,Sophia Smith,35,Female,Germany,4/11/2022,Free
s18761,Olivia Taylor,45,Female,USA,10/7/2020,Yearly
s18762,Amelia Singh,57,Other,UK,12/1/2020,Yearly
s18763,Sophia Singh,22,Female,Germany,5/17/2022,Free
s18764,Emma Martin,48,Female,UK,10/26/2020,Monthly
s18765,Aarav Sharma,29,Other,UK,8/21/2020,Yearly
s18766,Aanya Lewis,23,Female,Canada,7/11/2021,Free
s18767,Arjun Singh,19,Other,UK,4/25/2021,Yearly
s18768,Aarav Brown,26,Male,USA,2/20/2022,Monthly
s18769,Karan Moore,20,Female,Canada,10/21/2019,Yearly
s18770,Vihaan Clark,67,Male,UK,8/13/2020,Free
s18771,Lucas Brown,22,Female,Australia,5/26/2022,Free
s18772,Ethan Verma,54,Male,USA,5/11/2021,Monthly
s18773,Riya Anderson,35,Female,USA,3/14/2021,Free
s18774,Zara Miller,52,Female,UK,5/13/2021,Free
s18775,Vihaan Sharma,22,Male,Australia,11/16/2020,Free
s18776,Aanya Wilson,18,Male,Germany,2/24/2020,Free
s18777,Isabella Singh,37,Female,USA,1/15/2022,Monthly
s18778,Isabella Anderson,21,Female,UK,11/10/2020,Free
s18779,Aanya Brown,26,Other,Germany,8/17/2021,Yearly
s18780,Vihaan Johnson,18,Female,UK,3/10/2021,Yearly
s18781,Isabella Thomas,26,Other,Canada,1/7/2022,Yearly
s18782,Liam Smith,39,Male,UK,12/9/2021,Free
s18783,Aanya Clark,18,Female,India,9/18/2021,Free
s18784,Sophia Verma,41,Other,UK,2/1/2022,Monthly
s18785,Mia Davis,21,Female,India,3/6/2020,Free
s18786,Benjamin Hall,24,Male,Germany,4/22/2020,Monthly
s18787,Vihaan Moore,27,Female,Germany,4/30/2020,Monthly
s18788,Zara Patel,21,Male,Australia,2/16/2022,Monthly
s18789,Arjun Taylor,20,Male,India,7/28/2019,Monthly
s18790,Aarav Taylor,25,Female,India,7/18/2022,Monthly
s18791,Noah Thomas,27,Male,India,3/22/2019,Free
s18792,Riya Martin,23,Male,Australia,12/14/2022,Yearly
s18793,Olivia Clark,19,Female,Germany,11/30/2022,Yearly
s18794,Lucas Johnson,20,Male,Australia,7/22/2021,Yearly
s18795,Olivia Brown,26,Male,Australia,3/8/2021,Monthly
s18796,Aanya Anderson,37,Other,Canada,2/15/2021,Free
s18797,Aarav Singh,18,Female,Australia,8/13/2021,Free
s18798,Isabella Johnson,41,Female,Germany,12/19/2021,Yearly
s18799,Arjun Patel,45,Male,Australia,12/3/2021,Yearly
s18800,Lucas Martin,24,Other,India,7/11/2022,Free
s18801,Olivia Davis,22,Female,India,7/28/2021,Free
s18802,Riya Lee,20,Male,Canada,1/13/2019,Monthly
s18803,Aanya Miller,26,Male,Germany,3/17/2020,Monthly
s18804,Aanya Verma,66,Other,UK,2/15/2022,Monthly
s18805,Liam Thomas,23,Male,Australia,9/11/2022,Yearly
s18806,Sophia Hall,25,Female,UK,6/8/2020,Monthly
s18807,Noah Brown,23,Male,UK,2/21/2021,Free
s18808,Riya Thomas,49,Female,Australia,12/21/2020,Monthly
s18809,Amelia Johnson,18,Female,USA,5/12/2019,Free
s18810,Sophia Smith,25,Male,Australia,1/8/2020,Yearly
s18811,Sophia Patel,23,Other,Germany,5/16/2020,Yearly
s18812,Ethan Wilson,22,Male,Canada,7/4/2022,Free
s18813,Riya Lee,54,Male,India,1/14/2021,Monthly
s18814,Aarav Patel,20,Female,Canada,2/24/2022,Free
s18815,Aarav Patel,22,Female,India,7/5/2019,Free
s18816,Liam Brown,26,Male,UK,10/28/2020,Monthly
s18817,Meera Anderson,57,Male,Germany,9/16/2019,Free
s18818,Riya Sharma,56,Male,India,1/19/2022,Yearly
s18819,Aanya Miller,31,Other,USA,9/6/2020,Monthly
s18820,Meera Moore,18,Male,Australia,8/20/2019,Monthly
s18821,Liam Hall,25,Female,USA,5/9/2019,Free
s18822,Liam Sharma,21,Female,Australia,2/9/2020,Monthly
s18823,Sophia Verma,25,Male,USA,12/4/2019,Free
s18824,Eva Verma,31,Female,Canada,9/27/2021,Monthly
s18825,Meera Thomas,19,Other,Germany,7/2/2020,Free
s18826,Emma Lewis,23,Other,USA,12/23/2021,Free
s18827,Olivia Patel,46,Male,UK,9/29/2020,Free
s18828,Noah Johnson,20,Male,India,9/13/2019,Yearly
s18829,Meera Hall,44,Male,USA,10/16/2019,Yearly
s18830,Mia Smith,41,Other,USA,4/10/2019,Free
s18831,Olivia Moore,48,Male,Australia,12/26/2022,Free
s18832,Olivia Thomas,41,Female,UK,4/5/2019,Monthly
s18833,Meera Sharma,20,Female,Germany,5/26/2021,Yearly
s18834,Olivia Johnson,18,Female,USA,3/7/2020,Monthly
s18835,Isabella Moore,23,Male,Canada,11/24/2019,Free
s18836,Olivia Singh,24,Male,Germany,3/11/2022,Monthly
s18837,Amelia Davis,33,Female,India,7/4/2020,Yearly
s18838,Riya Wilson,18,Female,Canada,5/26/2022,Yearly
s18839,Aarav Hall,37,Male,USA,9/21/2020,Free
s18840,Karan Hall,20,Female,Germany,6/26/2021,Free
s18841,Riya Lewis,27,Other,Canada,10/19/2021,Monthly
s18842,Meera Verma,20,Male,Australia,1/20/2022,Yearly
s18843,Riya Johnson,41,Female,USA,8/2/2020,Yearly
s18844,Riya Moore,26,Other,Canada,2/20/2019,Monthly
s18845,Olivia Sharma,46,Female,UK,6/17/2021,Free
s18846,Sophia Smith,45,Male,Australia,3/20/2020,Yearly
s18847,Riya Brown,41,Male,Germany,12/26/2019,Yearly
s18848,Sophia Brown,19,Other,USA,3/28/2020,Yearly
s18849,Mia Thomas,21,Other,UK,5/29/2019,Yearly
s18850,Sophia Patel,21,Female,USA,2/16/2022,Yearly
s18851,Benjamin Davis,27,Other,Australia,6/14/2019,Yearly
s18852,Aarav Taylor,39,Male,Canada,3/10/2021,Free
s18853,Aarav Hall,58,Other,Germany,6/23/2019,Monthly
s18854,Noah Hall,21,Female,India,1/24/2020,Yearly
s18855,Amelia Brown,25,Female,USA,6/17/2020,Monthly
s18856,Aanya Hall,27,Female,UK,12/11/2020,Monthly
s18857,Karan Wilson,52,Female,India,10/1/2022,Yearly
s18858,Ethan Miller,33,Female,Germany,1/1/2020,Free
s18859,Noah Singh,26,Other,USA,3/12/2019,Yearly
s18860,Riya Walker,54,Other,India,5/28/2020,Free
s18861,Noah Taylor,34,Female,India,1/22/2019,Yearly
s18862,Eva Clark,26,Other,UK,5/2/2020,Yearly
s18863,Liam Walker,46,Female,Canada,9/13/2022,Free
s18864,Karan Brown,19,Other,Canada,3/30/2019,Free
s18865,Riya Johnson,18,Other,Australia,8/13/2022,Monthly
s18866,Karan Hall,22,Male,Germany,8/22/2021,Free
s18867,Vihaan Hall,38,Other,Australia,9/19/2020,Monthly
s18868,Vihaan Miller,22,Male,Canada,2/28/2019,Monthly
s18869,Eva Clark,62,Other,Germany,7/23/2022,Monthly
s18870,Eva Moore,20,Other,Australia,8/7/2021,Yearly
s18871,Benjamin Davis,52,Male,India,8/25/2020,Monthly
s18872,Lucas Davis,18,Other,USA,12/23/2019,Free
s18873,Mia Lewis,20,Male,USA,3/7/2021,Monthly
s18874,Aanya Singh,23,Male,Germany,10/24/2020,Monthly
s18875,Aanya Davis,21,Male,Germany,11/27/2022,Free
s18876,Noah Anderson,25,Male,Canada,6/9/2021,Free
s18877,Eva Taylor,18,Male,Canada,7/25/2022,Yearly
s18878,Emma Davis,47,Other,India,6/28/2021,Free
s18879,Ethan Brown,31,Female,UK,9/9/2021,Yearly
s18880,Vihaan Verma,27,Male,India,9/11/2019,Free
s18881,Meera Brown,28,Female,Canada,8/10/2020,Monthly
s18882,Sophia Lee,23,Other,Canada,5/2/2019,Yearly
s18883,Olivia Johnson,19,Other,USA,5/18/2020,Yearly
s18884,Ethan Clark,45,Other,UK,4/5/2021,Free
s18885,Zara Sharma,26,Male,India,12/2/2019,Monthly
s18886,Olivia Patel,45,Female,USA,5/9/2021,Free
s18887,Vihaan Lee,18,Male,Canada,7/5/2021,Free
s18888,Eva Smith,48,Other,Canada,6/16/2022,Monthly
s18889,Emma Thomas,57,Male,USA,9/12/2019,Yearly
s18890,Vihaan Sharma,23,Other,USA,12/19/2021,Monthly
s18891,Riya Verma,35,Male,UK,4/29/2020,Monthly
s18892,Lucas Walker,23,Female,Australia,5/10/2022,Free
s18893,Karan Smith,23,Male,UK,5/31/2021,Free
s18894,Noah Martin,58,Female,Germany,5/8/2021,Yearly
s18895,Sophia Johnson,26,Female,Canada,10/18/2020,Yearly
s18896,Noah Smith,23,Male,Australia,6/20/2020,Free
s18897,Eva Miller,21,Other,Canada,1/24/2022,Monthly
s18898,Eva Davis,34,Male,Germany,12/8/2019,Monthly
s18899,Riya Lewis,26,Other,UK,6/29/2022,Free
s18900,Mia Clark,19,Male,Germany,12/30/2020,Free
s18901,Emma Moore,61,Female,Germany,4/6/2022,Free
s18902,Noah Singh,18,Other,UK,5/17/2021,Free
s18903,Meera Patel,22,Female,Australia,2/28/2019,Yearly
s18904,Benjamin Taylor,20,Male,Canada,8/11/2020,Yearly
s18905,Riya Smith,47,Female,Australia,2/28/2021,Yearly
s18906,Liam Taylor,36,Other,Canada,2/24/2022,Yearly
s18907,Aanya Smith,57,Female,Canada,7/27/2020,Free
s18908,Liam Johnson,27,Other,India,3/6/2020,Free
s18909,Isabella Brown,24,Male,Australia,1/17/2022,Yearly
s18910,Arjun Martin,18,Female,India,12/7/2021,Yearly
s18911,Arjun Singh,20,Other,Germany,7/21/2022,Monthly
s18912,Arjun Johnson,21,Other,Canada,8/30/2019,Free
s18913,Aanya Miller,29,Female,Canada,10/24/2022,Monthly
s18914,Noah Patel,32,Other,Australia,12/21/2020,Yearly
s18915,Eva Thomas,18,Male,USA,3/16/2020,Monthly
s18916,Emma Miller,43,Female,Australia,3/2/2022,Monthly
s18917,Ethan Sharma,31,Other,Canada,11/16/2021,Free
s18918,Eva Singh,21,Male,Australia,5/13/2020,Free
s18919,Zara Brown,35,Female,UK,11/15/2019,Yearly
s18920,Sophia Sharma,47,Male,Australia,2/11/2019,Free
s18921,Amelia Singh,25,Other,Australia,2/19/2022,Free
s18922,Noah Johnson,18,Male,USA,4/22/2021,Monthly
s18923,Zara Davis,26,Male,Australia,11/8/2019,Free
s18924,Benjamin Wilson,19,Male,Australia,2/2/2022,Monthly
s18925,Isabella Clark,25,Female,UK,1/2/2019,Yearly
s18926,Eva Smith,35,Female,UK,1/12/2019,Monthly
s18927,Riya Patel,24,Male,UK,11/11/2019,Monthly
s18928,Lucas Sharma,22,Male,Canada,2/1/2020,Monthly
s18929,Lucas Smith,45,Male,Canada,4/11/2020,Free
s18930,Ethan Lewis,32,Female,Canada,9/21/2020,Monthly
s18931,Liam Taylor,41,Female,Germany,5/7/2021,Monthly
s18932,Noah Miller,32,Female,Australia,9/25/2019,Monthly
s18933,Vihaan Anderson,37,Male,Australia,1/24/2021,Monthly
s18934,Amelia Sharma,42,Other,Germany,12/7/2019,Yearly
s18935,Amelia Brown,40,Other,UK,9/13/2022,Monthly
s18936,Vihaan Taylor,47,Other,Germany,10/23/2019,Free
s18937,Mia Davis,38,Male,India,5/22/2022,Free
s18938,Riya Clark,53,Female,Canada,2/14/2020,Monthly
s18939,Sophia Clark,21,Other,UK,12/6/2019,Monthly
s18940,Karan Walker,61,Male,India,7/26/2022,Yearly
s18941,Karan Martin,32,Male,Germany,10/29/2020,Yearly
s18942,Aarav Brown,27,Other,India,7/12/2022,Free
s18943,Isabella Martin,43,Male,India,6/6/2022,Yearly
s18944,Ethan Anderson,26,Male,UK,4/6/2019,Free
s18945,Eva Clark,66,Other,Canada,4/30/2020,Yearly
s18946,Meera Anderson,23,Other,Germany,9/4/2022,Free
s18947,Aarav Miller,30,Male,Germany,12/1/2021,Free
s18948,Eva Johnson,26,Other,Germany,2/23/2021,Free
s18949,Karan Lee,26,Other,Germany,2/20/2020,Monthly
s18950,Eva Hall,58,Other,Australia,2/15/2022,Free
s18951,Olivia Brown,61,Other,UK,11/27/2022,Monthly
s18952,Lucas Smith,22,Female,UK,7/24/2022,Free
s18953,Liam Martin,36,Other,Canada,1/25/2020,Free
s18954,Lucas Lewis,27,Other,USA,8/5/2021,Free
s18955,Lucas Taylor,27,Other,USA,8/26/2022,Yearly
s18956,Isabella Hall,20,Other,India,12/3/2020,Free
s18957,Eva Johnson,25,Male,India,9/27/2020,Yearly
s18958,Mia Smith,60,Male,Germany,10/17/2019,Free
s18959,Noah Lewis,37,Other,India,6/25/2019,Free
s18960,Meera Patel,21,Other,USA,8/31/2022,Free
s18961,Ethan Walker,21,Female,India,1/31/2022,Monthly
s18962,Ethan Lee,63,Female,Canada,6/9/2021,Monthly
s18963,Zara Patel,21,Male,Germany,9/19/2021,Monthly
s18964,Aanya Patel,19,Male,India,1/13/2019,Yearly
s18965,Isabella Johnson,24,Other,Canada,8/6/2019,Yearly
s18966,Olivia Singh,31,Female,India,11/28/2022,Monthly
s18967,Arjun Taylor,45,Female,USA,11/18/2020,Yearly
s18968,Mia Sharma,23,Female,Canada,8/3/2020,Free
s18969,Isabella Walker,22,Female,UK,7/27/2020,Free
s18970,Amelia Miller,30,Male,India,5/23/2020,Monthly
s18971,Aarav Singh,21,Male,India,11/25/2021,Free
s18972,Eva Moore,29,Male,Germany,3/21/2019,Free
s18973,Mia Brown,26,Other,Canada,6/18/2019,Free
s18974,Arjun Wilson,23,Other,Canada,4/26/2021,Free
s18975,Isabella Taylor,20,Other,USA,12/13/2020,Monthly
s18976,Aarav Walker,20,Other,Australia,1/10/2022,Free
s18977,Isabella Miller,19,Other,Germany,9/6/2021,Yearly
s18978,Liam Johnson,24,Female,India,11/24/2020,Monthly
s18979,Mia Hall,31,Other,India,10/28/2022,Monthly
s18980,Arjun Martin,30,Female,USA,6/1/2019,Yearly
s18981,Riya Clark,26,Male,India,3/1/2022,Monthly
s18982,Karan Davis,18,Female,Germany,10/15/2019,Free
s18983,Liam Miller,24,Male,Australia,2/8/2021,Monthly
s18984,Aanya Lewis,35,Female,UK,5/28/2021,Monthly
s18985,Liam Sharma,55,Female,Canada,12/9/2022,Yearly
s18986,Mia Patel,28,Male,Canada,10/3/2020,Yearly
s18987,Olivia Lewis,25,Female,USA,1/3/2021,Free
s18988,Karan Wilson,24,Female,Canada,11/10/2021,Yearly
s18989,Meera Miller,50,Male,Canada,3/12/2021,Yearly
s18990,Meera Miller,27,Male,Australia,8/15/2022,Yearly
s18991,Noah Walker,25,Female,Australia,6/22/2021,Free
s18992,Amelia Wilson,22,Male,UK,5/19/2021,Monthly
s18993,Isabella Davis,26,Female,Germany,1/26/2021,Free
s18994,Emma Johnson,26,Other,Canada,2/9/2020,Monthly
s18995,Ethan Clark,48,Male,Australia,4/1/2020,Yearly
s18996,Amelia Johnson,36,Female,Germany,1/15/2021,Yearly
s18997,Eva Moore,26,Other,Canada,9/29/2020,Monthly
s18998,Arjun Martin,18,Other,Australia,12/1/2020,Yearly
s18999,Meera Walker,36,Female,UK,7/3/2019,Monthly
s19000,Aarav Verma,63,Male,Germany,6/2/2022,Free
s19001,Eva Moore,26,Male,India,5/5/2021,Monthly
s19002,Ethan Verma,22,Female,UK,10/12/2020,Monthly
s19003,Ethan Miller,25,Other,Canada,12/10/2019,Free
s19004,Aarav Hall,24,Female,UK,4/9/2021,Free
s19005,Meera Miller,27,Male,USA,1/17/2022,Yearly
s19006,Isabella Singh,18,Male,Germany,6/26/2021,Monthly
s19007,Liam Johnson,28,Male,Germany,12/16/2019,Monthly
s19008,Riya Davis,36,Male,UK,5/27/2022,Free
s19009,Sophia Wilson,18,Female,Canada,7/10/2022,Yearly
s19010,Mia Lewis,23,Female,USA,11/19/2019,Free
s19011,Benjamin Johnson,40,Female,Australia,6/11/2019,Monthly
s19012,Liam Patel,23,Other,Canada,12/5/2020,Monthly
s19013,Riya Johnson,26,Male,Canada,12/4/2021,Yearly
s19014,Karan Johnson,24,Male,India,2/10/2019,Yearly
s19015,Aarav Thomas,27,Female,Australia,5/23/2022,Monthly
s19016,Arjun Smith,26,Male,India,8/16/2021,Monthly
s19017,Mia Johnson,22,Female,Canada,9/22/2019,Yearly
s19018,Isabella Smith,20,Male,Germany,8/29/2019,Monthly
s19019,Emma Moore,22,Other,Canada,10/29/2020,Yearly
s19020,Emma Lee,42,Female,India,7/18/2020,Yearly
s19021,Eva Sharma,40,Female,India,1/3/2021,Monthly
s19022,Noah Anderson,30,Other,UK,7/19/2021,Yearly
s19023,Meera Wilson,36,Other,Germany,8/26/2022,Monthly
s19024,Sophia Anderson,26,Other,Canada,3/24/2019,Yearly
s19025,Liam Singh,24,Male,UK,9/2/2020,Free
s19026,Aanya Sharma,24,Female,UK,8/29/2022,Monthly
s19027,Vihaan Walker,67,Male,UK,1/16/2020,Monthly
s19028,Aarav Thomas,20,Other,Germany,8/2/2022,Yearly
s19029,Riya Hall,42,Male,India,11/3/2021,Yearly
s19030,Mia Moore,24,Female,Australia,8/5/2022,Free
s19031,Aarav Brown,43,Male,India,2/17/2019,Monthly
s19032,Liam Martin,20,Male,UK,9/20/2022,Yearly
s19033,Zara Wilson,46,Male,UK,12/25/2021,Yearly
s19034,Aarav Singh,22,Male,Canada,7/18/2022,Monthly
s19035,Zara Taylor,29,Female,UK,10/7/2022,Yearly
s19036,Benjamin Patel,24,Female,UK,8/19/2022,Free
s19037,Ethan Miller,45,Other,Canada,7/23/2020,Yearly
s19038,Olivia Walker,36,Female,Germany,11/28/2021,Free
s19039,Sophia Miller,21,Other,Canada,9/25/2022,Monthly
s19040,Isabella Moore,23,Male,USA,12/6/2022,Yearly
s19041,Karan Moore,43,Male,India,9/25/2020,Free
s19042,Aanya Miller,22,Other,USA,5/20/2021,Free
s19043,Liam Lee,45,Female,Australia,6/27/2020,Free
s19044,Meera Johnson,18,Female,UK,6/19/2021,Free
s19045,Zara Verma,60,Other,Australia,5/23/2021,Yearly
s19046,Olivia Brown,25,Male,UK,9/11/2021,Free
s19047,Lucas Clark,35,Female,India,7/14/2021,Yearly
s19048,Mia Martin,26,Other,Canada,3/4/2022,Free
s19049,Arjun Smith,57,Other,Germany,4/16/2021,Yearly
s19050,Riya Verma,25,Male,Canada,1/8/2021,Monthly
s19051,Vihaan Smith,21,Male,UK,9/10/2019,Free
s19052,Eva Davis,32,Female,Canada,11/25/2020,Monthly
s19053,Meera Sharma,26,Female,Germany,10/13/2022,Free
s19054,Aarav Sharma,45,Other,India,8/16/2022,Monthly
s19055,Liam Lee,21,Other,Canada,8/6/2020,Monthly
s19056,Noah Taylor,61,Other,Germany,8/22/2021,Free
s19057,Aanya Thomas,19,Female,UK,7/6/2021,Yearly
s19058,Aarav Thomas,43,Female,Germany,11/29/2022,Free
s19059,Riya Verma,24,Male,Australia,6/23/2021,Monthly
s19060,Riya Davis,21,Other,UK,10/5/2020,Yearly
s19061,Aarav Sharma,23,Female,India,12/22/2021,Monthly
s19062,Zara Verma,34,Female,USA,12/26/2022,Free
s19063,Aanya Brown,20,Other,USA,11/8/2020,Yearly
s19064,Eva Lewis,42,Male,Germany,8/25/2020,Free
s19065,Sophia Brown,36,Other,Australia,5/15/2020,Free
s19066,Eva Taylor,29,Other,India,3/21/2019,Free
s19067,Zara Smith,19,Other,India,10/15/2022,Monthly
s19068,Aanya Lewis,18,Other,India,3/26/2020,Free
s19069,Isabella Lee,51,Female,USA,3/5/2021,Yearly
s19070,Benjamin Clark,19,Other,Canada,1/5/2021,Free
s19071,Eva Taylor,23,Male,UK,1/1/2019,Monthly
s19072,Sophia Verma,67,Male,Germany,9/28/2021,Monthly
s19073,Emma Patel,29,Other,UK,1/2/2020,Yearly
s19074,Eva Verma,23,Female,Australia,10/22/2021,Free
s19075,Eva Smith,52,Female,Canada,2/7/2020,Free
s19076,Benjamin Hall,22,Male,India,1/25/2019,Monthly
s19077,Isabella Wilson,20,Female,USA,9/13/2021,Yearly
s19078,Lucas Davis,22,Other,Australia,12/13/2021,Free
s19079,Noah Taylor,20,Male,Canada,6/5/2022,Monthly
s19080,Zara Hall,43,Male,Australia,8/14/2022,Monthly
s19081,Eva Taylor,35,Other,Germany,11/6/2019,Yearly
s19082,Eva Davis,28,Female,India,1/14/2021,Yearly
s19083,Emma Sharma,25,Other,Germany,8/8/2020,Free
s19084,Isabella Hall,27,Female,Germany,1/13/2022,Yearly
s19085,Emma Hall,19,Male,UK,8/11/2021,Yearly
s19086,Zara Wilson,27,Other,Australia,6/3/2022,Free
s19087,Riya Lee,30,Other,UK,11/13/2019,Yearly
s19088,Amelia Patel,21,Other,India,1/29/2022,Yearly
s19089,Emma Johnson,25,Other,UK,10/3/2019,Free
s19090,Olivia Thomas,39,Male,Australia,9/19/2020,Monthly
s19091,Sophia Patel,29,Other,India,5/17/2022,Free
s19092,Mia Thomas,25,Other,UK,8/12/2022,Yearly
s19093,Meera Lewis,28,Male,Australia,8/23/2020,Yearly
s19094,Arjun Johnson,56,Other,USA,5/23/2020,Monthly
s19095,Lucas Hall,23,Female,India,1/1/2019,Yearly
s19096,Olivia Singh,21,Male,USA,6/28/2021,Yearly
s19097,Lucas Brown,26,Female,India,12/14/2019,Yearly
s19098,Vihaan Wilson,24,Female,USA,4/21/2019,Free
s19099,Ethan Wilson,54,Other,Canada,9/17/2021,Monthly
s19100,Aarav Moore,24,Male,Germany,7/10/2022,Monthly
s19101,Meera Walker,23,Male,Germany,1/3/2019,Monthly
s19102,Riya Moore,62,Other,USA,10/6/2020,Yearly
s19103,Benjamin Singh,20,Other,India,1/7/2019,Free
s19104,Ethan Davis,39,Other,Canada,9/18/2021,Free
s19105,Mia Lewis,19,Female,Germany,3/14/2019,Yearly
s19106,Arjun Martin,18,Other,Canada,2/19/2021,Monthly
s19107,Ethan Clark,23,Female,Germany,9/16/2019,Monthly
s19108,Amelia Anderson,27,Female,UK,6/4/2019,Free
s19109,Lucas Johnson,25,Other,Canada,10/24/2020,Monthly
s19110,Noah Davis,23,Female,USA,7/19/2022,Free
s19111,Meera Anderson,23,Male,USA,5/1/2020,Free
s19112,Benjamin Martin,25,Other,Germany,6/1/2021,Monthly
s19113,Zara Davis,22,Female,Australia,8/21/2021,Yearly
s19114,Zara Miller,32,Other,Germany,9/3/2021,Monthly
s19115,Olivia Walker,20,Female,India,8/6/2021,Yearly
s19116,Mia Martin,23,Female,India,12/5/2019,Monthly
s19117,Eva Wilson,49,Female,Australia,10/13/2021,Monthly
s19118,Zara Smith,28,Other,Germany,8/25/2020,Yearly
s19119,Meera Taylor,22,Female,Germany,2/27/2019,Free
s19120,Lucas Brown,21,Other,India,9/5/2022,Monthly
s19121,Lucas Wilson,36,Other,Australia,4/29/2020,Yearly
s19122,Noah Davis,24,Female,India,12/23/2020,Monthly
s19123,Ethan Sharma,25,Male,Australia,5/19/2022,Yearly
s19124,Aanya Brown,20,Other,USA,4/14/2022,Yearly
s19125,Zara Brown,21,Male,USA,1/6/2019,Yearly
s19126,Mia Patel,39,Male,India,2/24/2021,Free
s19127,Benjamin Johnson,29,Male,Australia,7/16/2022,Monthly
s19128,Meera Johnson,25,Male,Canada,1/11/2022,Free
s19129,Aanya Anderson,48,Other,USA,8/1/2019,Free
s19130,Aanya Martin,35,Other,Germany,11/18/2020,Free
s19131,Benjamin Brown,34,Other,Australia,8/10/2020,Monthly
s19132,Karan Brown,27,Other,UK,4/29/2022,Free
s19133,Liam Hall,25,Other,Australia,6/22/2020,Monthly
s19134,Mia Verma,31,Male,India,12/3/2022,Monthly
s19135,Aarav Johnson,41,Other,Germany,8/5/2020,Yearly
s19136,Emma Davis,18,Female,UK,1/31/2019,Yearly
s19137,Aanya Sharma,20,Other,Canada,11/9/2022,Monthly
s19138,Vihaan Clark,32,Male,Australia,12/15/2021,Yearly
s19139,Lucas Anderson,24,Other,USA,3/11/2022,Yearly
s19140,Arjun Singh,20,Male,USA,11/18/2022,Free
s19141,Mia Patel,23,Male,USA,9/20/2022,Yearly
s19142,Liam Walker,20,Other,Australia,7/4/2020,Monthly
s19143,Sophia Miller,20,Other,UK,1/10/2019,Yearly
s19144,Amelia Johnson,33,Male,Germany,7/1/2020,Yearly
s19145,Noah Thomas,33,Female,Australia,4/15/2022,Free
s19146,Noah Anderson,27,Female,UK,10/20/2021,Free
s19147,Liam Patel,22,Other,Canada,6/27/2020,Free
s19148,Aarav Miller,36,Female,UK,8/31/2021,Yearly
s19149,Zara Lee,44,Male,Australia,12/10/2019,Free
s19150,Meera Smith,22,Female,USA,9/4/2019,Free
s19151,Eva Lewis,36,Male,UK,4/12/2021,Monthly
s19152,Arjun Clark,19,Female,Germany,6/11/2021,Monthly
s19153,Riya Smith,19,Other,Canada,7/27/2021,Yearly
s19154,Amelia Smith,39,Male,India,2/25/2020,Monthly
s19155,Eva Taylor,43,Female,Germany,8/31/2021,Yearly
s19156,Aarav Lewis,21,Male,Australia,3/23/2019,Monthly
s19157,Vihaan Anderson,22,Other,USA,10/17/2022,Free
s19158,Mia Thomas,39,Female,USA,2/18/2022,Monthly
s19159,Lucas Moore,60,Female,Canada,1/26/2020,Monthly
s19160,Lucas Patel,22,Other,Australia,9/5/2022,Yearly
s19161,Olivia Walker,23,Female,USA,12/6/2020,Yearly
s19162,Amelia Smith,43,Male,UK,3/28/2021,Yearly
s19163,Amelia Thomas,26,Male,USA,1/21/2022,Monthly
s19164,Lucas Verma,27,Female,UK,5/12/2020,Monthly
s19165,Karan Brown,29,Other,Canada,8/21/2019,Monthly
s19166,Arjun Martin,36,Male,Canada,1/24/2020,Monthly
s19167,Isabella Wilson,27,Other,UK,8/5/2022,Monthly
s19168,Olivia Taylor,21,Female,India,6/18/2019,Monthly
s19169,Amelia Taylor,25,Female,Australia,6/6/2020,Yearly
s19170,Ethan Patel,25,Female,India,3/26/2022,Monthly
s19171,Aarav Verma,21,Other,USA,9/8/2021,Yearly
s19172,Ethan Moore,19,Male,Germany,8/17/2021,Monthly
s19173,Lucas Patel,24,Female,Canada,6/6/2020,Monthly
s19174,Olivia Martin,21,Female,Canada,5/5/2022,Free
s19175,Karan Lee,29,Female,Canada,1/28/2021,Monthly
s19176,Arjun Singh,20,Male,Australia,10/9/2020,Free
s19177,Emma Miller,18,Other,India,5/23/2019,Monthly
s19178,Benjamin Martin,19,Male,Australia,11/14/2019,Monthly
s19179,Lucas Anderson,27,Other,USA,2/20/2021,Monthly
s19180,Sophia Wilson,25,Male,Canada,9/17/2019,Yearly
s19181,Riya Lee,67,Female,Canada,9/4/2022,Yearly
s19182,Sophia Thomas,27,Female,USA,7/23/2020,Free
s19183,Sophia Smith,23,Female,India,8/5/2019,Yearly
s19184,Karan Johnson,20,Other,UK,4/20/2019,Yearly
s19185,Noah Davis,26,Female,USA,5/16/2022,Yearly
s19186,Liam Singh,20,Male,UK,10/15/2021,Free
s19187,Amelia Wilson,41,Female,Australia,10/3/2021,Yearly
s19188,Vihaan Martin,22,Male,UK,6/12/2021,Monthly
s19189,Vihaan Clark,20,Female,USA,6/3/2019,Free
s19190,Mia Patel,22,Female,Australia,7/12/2022,Yearly
s19191,Aarav Taylor,44,Male,UK,3/29/2019,Yearly
s19192,Vihaan Wilson,23,Male,USA,11/10/2019,Free
s19193,Karan Wilson,21,Female,India,12/28/2020,Monthly
s19194,Meera Davis,48,Other,USA,9/5/2022,Yearly
s19195,Zara Brown,23,Female,Germany,4/17/2019,Free
s19196,Riya Taylor,24,Other,UK,10/6/2020,Yearly
s19197,Noah Hall,27,Female,UK,2/25/2021,Yearly
s19198,Zara Miller,24,Male,USA,1/21/2020,Yearly
s19199,Olivia Hall,55,Other,USA,1/30/2022,Monthly
s19200,Vihaan Wilson,24,Male,Australia,4/21/2019,Monthly
s19201,Liam Singh,19,Female,USA,5/5/2019,Monthly
s19202,Zara Davis,19,Other,India,11/16/2022,Free
s19203,Emma Singh,54,Other,Germany,3/26/2021,Monthly
s19204,Noah Hall,31,Male,Germany,4/9/2020,Monthly
s19205,Mia Lee,26,Other,UK,1/24/2019,Free
s19206,Emma Martin,27,Other,Australia,2/7/2020,Monthly
s19207,Noah Verma,29,Female,UK,8/31/2019,Yearly
s19208,Benjamin Walker,24,Male,Canada,2/3/2021,Monthly
s19209,Karan Hall,48,Other,Australia,8/7/2022,Yearly
s19210,Sophia Sharma,62,Female,UK,1/7/2019,Free
s19211,Ethan Thomas,28,Female,Australia,5/28/2022,Free
s19212,Aarav Brown,45,Other,USA,1/24/2022,Yearly
s19213,Vihaan Wilson,18,Other,India,7/30/2019,Free
s19214,Noah Miller,19,Female,Australia,5/24/2019,Monthly
s19215,Ethan Smith,53,Female,India,10/26/2019,Yearly
s19216,Vihaan Hall,19,Female,USA,3/8/2020,Monthly
s19217,Arjun Wilson,19,Female,USA,1/10/2021,Monthly
s19218,Sophia Taylor,20,Male,Germany,12/24/2019,Yearly
s19219,Karan Taylor,26,Other,Canada,1/13/2019,Free
s19220,Noah Singh,51,Other,UK,7/20/2021,Free
s19221,Zara Wilson,43,Female,UK,9/19/2020,Yearly
s19222,Sophia Martin,18,Other,UK,3/8/2019,Free
s19223,Riya Smith,22,Other,Australia,8/3/2021,Yearly
s19224,Amelia Davis,40,Female,UK,8/20/2020,Yearly
s19225,Meera Brown,38,Female,Australia,5/6/2020,Free
s19226,Zara Thomas,18,Other,Australia,12/29/2021,Yearly
s19227,Noah Lewis,28,Male,Canada,3/1/2020,Yearly
s19228,Vihaan Patel,21,Other,Canada,1/30/2021,Free
s19229,Zara Lee,23,Other,Australia,2/18/2021,Free
s19230,Emma Thomas,53,Male,USA,11/19/2019,Monthly
s19231,Zara Taylor,21,Female,USA,12/23/2021,Free
s19232,Amelia Taylor,35,Other,UK,9/4/2021,Monthly
s19233,Ethan Verma,23,Other,USA,4/11/2022,Monthly
s19234,Vihaan Sharma,20,Female,Canada,8/24/2022,Yearly
s19235,Eva Davis,20,Male,India,10/12/2022,Yearly
s19236,Isabella Sharma,21,Male,Australia,2/6/2020,Yearly
s19237,Emma Miller,29,Female,Germany,1/9/2020,Monthly
s19238,Zara Clark,23,Female,India,8/13/2019,Yearly
s19239,Meera Sharma,22,Other,Canada,6/16/2020,Monthly
s19240,Amelia Walker,25,Male,Canada,9/2/2022,Free
s19241,Liam Brown,37,Male,India,6/4/2020,Yearly
s19242,Sophia Miller,61,Female,Germany,10/17/2020,Monthly
s19243,Amelia Patel,19,Male,India,4/9/2022,Yearly
s19244,Mia Smith,25,Other,Germany,6/27/2019,Monthly
s19245,Riya Patel,27,Other,Canada,12/3/2022,Free
s19246,Ethan Thomas,22,Other,Australia,12/12/2021,Yearly
s19247,Eva Brown,38,Other,UK,8/21/2022,Monthly
s19248,Arjun Hall,19,Female,Australia,9/1/2020,Yearly
s19249,Amelia Smith,25,Other,Canada,3/12/2020,Free
s19250,Olivia Lewis,27,Female,USA,9/8/2019,Free
s19251,Emma Singh,23,Male,Australia,9/29/2021,Yearly
s19252,Karan Thomas,35,Male,Canada,5/23/2019,Monthly
s19253,Meera Walker,20,Male,India,2/3/2021,Monthly
s19254,Benjamin Lee,37,Female,Canada,9/20/2020,Free
s19255,Liam Smith,22,Male,India,12/29/2022,Free
s19256,Aarav Moore,29,Male,Germany,3/19/2022,Free
s19257,Ethan Sharma,18,Male,USA,3/20/2019,Yearly
s19258,Eva Davis,19,Male,Australia,5/18/2022,Yearly
s19259,Liam Taylor,65,Male,USA,3/14/2020,Free
s19260,Aarav Clark,24,Male,India,9/17/2021,Yearly
s19261,Vihaan Martin,19,Other,USA,8/23/2021,Yearly
s19262,Karan Martin,19,Other,India,1/20/2022,Free
s19263,Aanya Miller,30,Other,UK,8/18/2019,Free
s19264,Sophia Taylor,20,Other,Germany,2/13/2022,Monthly
s19265,Vihaan Hall,26,Female,Australia,1/26/2021,Monthly
s19266,Olivia Clark,59,Male,India,10/3/2020,Monthly
s19267,Olivia Clark,18,Other,Germany,10/4/2019,Yearly
s19268,Liam Lewis,64,Male,USA,3/2/2022,Yearly
s19269,Aanya Wilson,32,Female,Australia,5/19/2021,Monthly
s19270,Meera Singh,21,Other,India,3/13/2021,Yearly
s19271,Zara Clark,49,Male,Germany,7/5/2020,Yearly
s19272,Emma Verma,27,Female,USA,1/9/2022,Monthly
s19273,Vihaan Davis,39,Other,Australia,3/6/2022,Yearly
s19274,Ethan Moore,25,Female,India,8/25/2020,Monthly
s19275,Amelia Sharma,30,Female,India,10/24/2020,Yearly
s19276,Ethan Moore,25,Female,Germany,9/8/2021,Free
s19277,Isabella Lewis,18,Other,Germany,10/3/2019,Yearly
s19278,Olivia Johnson,39,Male,India,7/3/2021,Free
s19279,Aanya Lewis,22,Other,India,5/31/2019,Monthly
s19280,Sophia Hall,36,Female,India,9/12/2019,Monthly
s19281,Arjun Davis,27,Female,Germany,10/5/2021,Free
s19282,Mia Moore,25,Female,India,3/14/2022,Monthly
s19283,Sophia Patel,26,Male,UK,9/18/2021,Free
s19284,Eva Lewis,22,Female,USA,1/21/2019,Monthly
s19285,Liam Verma,22,Male,Germany,8/28/2019,Free
s19286,Sophia Verma,21,Other,UK,9/5/2022,Monthly
s19287,Arjun Verma,18,Other,USA,10/18/2021,Monthly
s19288,Liam Walker,21,Other,USA,4/21/2019,Monthly
s19289,Mia Clark,23,Other,Canada,10/11/2022,Free
s19290,Karan Johnson,34,Male,UK,12/21/2021,Free
s19291,Eva Miller,27,Female,USA,6/2/2019,Free
s19292,Lucas Davis,25,Male,USA,6/28/2022,Yearly
s19293,Benjamin Verma,47,Male,UK,9/18/2021,Monthly
s19294,Sophia Davis,18,Other,India,12/18/2022,Monthly
s19295,Benjamin Clark,22,Female,India,4/15/2020,Free
s19296,Noah Singh,27,Male,Canada,8/21/2022,Yearly
s19297,Arjun Davis,18,Female,USA,7/6/2019,Yearly
s19298,Arjun Lee,25,Other,UK,11/27/2021,Free
s19299,Amelia Hall,45,Male,Germany,6/26/2020,Free
s19300,Zara Verma,19,Female,Germany,9/12/2020,Free
s19301,Lucas Singh,27,Male,USA,1/9/2022,Yearly
s19302,Olivia Walker,42,Other,Australia,4/9/2020,Monthly
s19303,Liam Martin,26,Female,UK,8/6/2019,Yearly
s19304,Olivia Lewis,49,Male,Canada,11/15/2020,Yearly
s19305,Benjamin Smith,38,Other,India,3/31/2019,Free
s19306,Olivia Johnson,29,Female,Germany,1/22/2021,Free
s19307,Liam Walker,44,Female,Canada,4/17/2020,Monthly
s19308,Meera Lee,22,Female,Canada,5/27/2022,Free
s19309,Noah Miller,48,Female,USA,6/2/2019,Free
s19310,Arjun Lewis,20,Male,Australia,9/3/2021,Free
s19311,Aanya Thomas,47,Female,India,9/19/2020,Yearly
s19312,Benjamin Miller,19,Female,UK,9/13/2020,Monthly
s19313,Noah Miller,22,Other,Australia,5/9/2022,Yearly
s19314,Riya Walker,27,Female,Germany,3/23/2021,Free
s19315,Isabella Walker,26,Other,UK,6/16/2020,Monthly
s19316,Liam Sharma,59,Male,India,1/28/2021,Monthly
s19317,Karan Lewis,25,Male,India,10/10/2022,Free
s19318,Liam Taylor,22,Other,USA,7/21/2022,Free
s19319,Isabella Thomas,25,Male,USA,7/18/2021,Free
s19320,Meera Smith,38,Female,Germany,11/16/2019,Yearly
s19321,Mia Thomas,18,Male,UK,8/1/2020,Yearly
s19322,Liam Verma,39,Other,India,8/24/2019,Yearly
s19323,Amelia Brown,27,Female,India,11/14/2022,Yearly
s19324,Amelia Davis,44,Male,India,12/16/2019,Free
s19325,Sophia Moore,20,Male,UK,8/23/2021,Monthly
s19326,Liam Wilson,21,Other,USA,7/10/2022,Free
s19327,Riya Davis,54,Male,Canada,3/1/2019,Free
s19328,Ethan Lee,25,Other,USA,12/14/2022,Free
s19329,Noah Singh,23,Other,Germany,12/13/2019,Free
s19330,Aarav Anderson,25,Other,UK,10/28/2022,Free
s19331,Ethan Wilson,18,Male,Canada,1/28/2020,Free
s19332,Amelia Singh,22,Other,USA,1/3/2021,Yearly
s19333,Lucas Smith,20,Other,Germany,10/6/2019,Free
s19334,Benjamin Walker,19,Male,USA,3/30/2022,Free
s19335,Aarav Anderson,18,Female,India,11/26/2021,Yearly
s19336,Olivia Martin,25,Other,India,4/30/2021,Yearly
s19337,Riya Walker,51,Other,USA,3/30/2019,Monthly
s19338,Eva Patel,21,Other,Germany,6/22/2021,Free
s19339,Arjun Anderson,57,Other,India,8/2/2020,Free
s19340,Vihaan Brown,19,Male,India,4/1/2021,Monthly
s19341,Aarav Martin,25,Other,Australia,2/23/2019,Free
s19342,Noah Anderson,26,Female,Australia,4/18/2019,Monthly
s19343,Vihaan Lee,34,Female,Australia,8/22/2021,Free
s19344,Emma Taylor,26,Male,UK,12/15/2021,Monthly
s19345,Karan Taylor,23,Other,USA,3/29/2021,Free
s19346,Emma Lee,42,Female,Canada,3/24/2022,Yearly
s19347,Karan Brown,18,Female,Germany,3/12/2020,Free
s19348,Mia Clark,29,Female,Australia,9/25/2020,Yearly
s19349,Liam Wilson,31,Other,USA,3/14/2019,Yearly
s19350,Karan Sharma,37,Female,UK,10/11/2021,Yearly
s19351,Noah Verma,29,Female,Canada,11/14/2022,Free
s19352,Aarav Patel,27,Other,Germany,5/14/2019,Monthly
s19353,Aanya Anderson,24,Male,USA,8/9/2020,Yearly
s19354,Lucas Martin,33,Male,India,7/6/2019,Monthly
s19355,Zara Lewis,39,Male,India,11/25/2021,Free
s19356,Karan Martin,24,Male,USA,1/30/2022,Yearly
s19357,Mia Thomas,30,Male,Australia,6/15/2019,Yearly
s19358,Karan Smith,43,Female,Canada,9/20/2021,Free
s19359,Benjamin Davis,25,Male,USA,1/29/2020,Yearly
s19360,Aarav Clark,44,Other,Germany,5/23/2022,Free
s19361,Karan Taylor,21,Female,India,6/15/2020,Monthly
s19362,Aanya Lee,19,Male,Canada,10/7/2021,Yearly
s19363,Benjamin Singh,23,Male,Canada,1/16/2022,Monthly
s19364,Lucas Miller,25,Female,Canada,9/13/2020,Monthly
s19365,Riya Sharma,40,Male,USA,5/13/2019,Monthly
s19366,Riya Moore,19,Female,Canada,10/14/2022,Free
s19367,Meera Anderson,26,Female,Australia,6/5/2020,Free
s19368,Eva Martin,34,Male,Canada,4/13/2019,Yearly
s19369,Meera Miller,23,Female,Germany,11/11/2020,Monthly
s19370,Emma Verma,36,Other,Australia,2/4/2019,Monthly
s19371,Noah Verma,51,Other,UK,9/8/2022,Yearly
s19372,Riya Singh,19,Other,USA,3/23/2022,Free
s19373,Aarav Clark,27,Male,Germany,11/19/2020,Yearly
s19374,Eva Lee,66,Female,India,3/18/2019,Monthly
s19375,Aarav Lewis,19,Male,India,6/8/2021,Monthly
s19376,Emma Thomas,63,Male,Australia,3/27/2019,Free
s19377,Riya Davis,48,Female,India,8/20/2021,Monthly
s19378,Liam Wilson,33,Male,Canada,8/6/2022,Yearly
s19379,Olivia Patel,25,Male,India,2/21/2020,Free
s19380,Vihaan Lewis,18,Female,UK,8/20/2021,Yearly
s19381,Liam Johnson,65,Other,India,6/28/2021,Monthly
s19382,Aarav Taylor,24,Other,Canada,6/29/2021,Yearly
s19383,Meera Patel,27,Female,Germany,10/28/2022,Free
s19384,Ethan Thomas,34,Female,Germany,3/8/2021,Free
s19385,Mia Moore,56,Other,Australia,10/29/2019,Yearly
s19386,Karan Taylor,26,Female,USA,6/30/2022,Free
s19387,Meera Miller,21,Other,UK,10/6/2020,Monthly
s19388,Vihaan Smith,25,Female,Canada,4/2/2021,Free
s19389,Noah Miller,56,Female,Germany,9/2/2020,Yearly
s19390,Mia Wilson,21,Female,India,8/29/2019,Monthly
s19391,Sophia Taylor,36,Other,India,6/8/2019,Monthly
s19392,Emma Singh,27,Male,Australia,3/1/2022,Monthly
s19393,Mia Anderson,26,Female,India,1/16/2022,Yearly
s19394,Aanya Moore,46,Female,Australia,11/17/2021,Yearly
s19395,Mia Lee,35,Female,UK,3/17/2019,Monthly
s19396,Olivia Singh,26,Female,Germany,3/19/2020,Monthly
s19397,Aanya Patel,23,Other,Germany,8/1/2020,Monthly
s19398,Arjun Lee,20,Male,Canada,12/21/2022,Free
s19399,Noah Walker,27,Male,Australia,11/1/2020,Yearly
s19400,Meera Patel,31,Female,India,1/20/2020,Free
s19401,Zara Taylor,41,Other,Canada,5/15/2020,Free
s19402,Lucas Johnson,35,Female,Germany,2/24/2021,Free
s19403,Vihaan Lewis,33,Female,USA,10/13/2019,Yearly
s19404,Amelia Patel,22,Male,Germany,9/4/2020,Yearly
s19405,Noah Moore,24,Female,Australia,7/10/2022,Monthly
s19406,Eva Lewis,19,Other,USA,4/8/2019,Monthly
s19407,Vihaan Johnson,23,Male,USA,7/20/2019,Free
s19408,Liam Sharma,19,Female,UK,10/27/2021,Monthly
s19409,Eva Martin,38,Male,India,7/27/2022,Monthly
s19410,Noah Thomas,40,Female,Australia,11/7/2022,Free
s19411,Liam Hall,30,Other,Canada,5/16/2022,Free
s19412,Isabella Miller,32,Female,India,12/24/2021,Yearly
s19413,Eva Taylor,29,Male,USA,10/17/2019,Yearly
s19414,Aanya Walker,63,Female,India,5/24/2022,Free
s19415,Mia Lewis,24,Female,USA,3/4/2020,Yearly
s19416,Zara Moore,21,Other,UK,8/26/2019,Monthly
s19417,Karan Davis,39,Male,India,1/10/2022,Yearly
s19418,Zara Hall,24,Female,Australia,11/11/2022,Yearly
s19419,Liam Martin,24,Other,USA,8/10/2019,Yearly
s19420,Sophia Clark,37,Other,Germany,10/11/2020,Yearly
s19421,Mia Davis,44,Female,USA,6/10/2020,Monthly
s19422,Meera Moore,22,Male,Germany,2/28/2020,Monthly
s19423,Isabella Johnson,19,Male,USA,10/12/2019,Yearly
s19424,Meera Walker,27,Other,Canada,6/2/2020,Yearly
s19425,Vihaan Patel,44,Female,Germany,4/24/2020,Yearly
s19426,Eva Clark,19,Male,India,2/5/2019,Monthly
s19427,Meera Lee,50,Female,Germany,7/6/2020,Free
s19428,Aanya Anderson,21,Male,USA,6/30/2022,Yearly
s19429,Olivia Lee,37,Other,USA,4/19/2022,Free
s19430,Riya Patel,46,Male,UK,2/5/2021,Free
s19431,Zara Patel,18,Other,Australia,7/25/2019,Free
s19432,Olivia Walker,45,Female,UK,2/28/2022,Monthly
s19433,Eva Anderson,39,Male,Australia,2/7/2021,Yearly
s19434,Ethan Thomas,25,Female,Germany,9/10/2021,Monthly
s19435,Aarav Smith,24,Male,Australia,12/1/2019,Monthly
s19436,Zara Davis,19,Female,Germany,5/10/2020,Monthly
s19437,Sophia Miller,18,Other,UK,4/27/2022,Monthly
s19438,Noah Walker,54,Other,Germany,12/30/2021,Monthly
s19439,Lucas Clark,18,Other,UK,4/23/2021,Free
s19440,Vihaan Martin,25,Male,India,6/15/2022,Free
s19441,Emma Clark,32,Female,USA,6/3/2020,Monthly
s19442,Sophia Davis,26,Other,USA,9/26/2022,Monthly
s19443,Lucas Miller,25,Other,Canada,9/30/2019,Free
s19444,Ethan Taylor,19,Female,USA,10/18/2019,Yearly
s19445,Riya Sharma,28,Female,Germany,4/15/2022,Free
s19446,Aanya Moore,22,Male,UK,9/10/2021,Monthly
s19447,Benjamin Smith,23,Other,USA,8/31/2019,Free
s19448,Eva Patel,26,Male,Australia,6/2/2020,Yearly
s19449,Sophia Wilson,20,Female,USA,9/21/2022,Monthly
s19450,Ethan Lewis,21,Male,Australia,11/30/2021,Yearly
s19451,Riya Lewis,24,Other,Canada,11/27/2022,Yearly
s19452,Liam Thomas,36,Female,USA,10/29/2019,Free
s19453,Vihaan Verma,26,Male,Australia,5/12/2021,Yearly
s19454,Zara Martin,39,Male,Canada,11/5/2021,Yearly
s19455,Sophia Hall,18,Female,Canada,12/23/2021,Yearly
s19456,Riya Wilson,27,Female,India,7/12/2021,Yearly
s19457,Liam Lee,25,Female,Canada,3/13/2022,Free
s19458,Liam Martin,27,Other,Germany,2/11/2019,Free
s19459,Noah Singh,55,Male,Canada,1/1/2019,Monthly
s19460,Sophia Patel,43,Other,UK,1/8/2019,Free
s19461,Noah Moore,23,Other,Australia,5/11/2021,Yearly
s19462,Liam Singh,18,Male,USA,6/15/2022,Monthly
s19463,Vihaan Smith,22,Female,USA,6/11/2020,Yearly
s19464,Aarav Hall,20,Male,UK,5/13/2021,Yearly
s19465,Meera Miller,42,Other,USA,7/7/2022,Monthly
s19466,Zara Lee,26,Other,Canada,11/16/2019,Yearly
s19467,Karan Wilson,38,Female,UK,1/11/2021,Monthly
s19468,Amelia Davis,31,Male,India,6/20/2022,Monthly
s19469,Aanya Singh,22,Other,UK,12/5/2022,Free
s19470,Meera Sharma,23,Other,Australia,6/16/2020,Monthly
s19471,Noah Moore,27,Female,India,1/3/2022,Yearly
s19472,Vihaan Thomas,18,Male,Germany,5/25/2020,Yearly
s19473,Aarav Singh,20,Other,Australia,6/3/2020,Monthly
s19474,Riya Walker,21,Female,India,8/15/2022,Monthly
s19475,Noah Brown,46,Male,USA,10/3/2021,Free
s19476,Arjun Smith,32,Female,UK,10/25/2019,Yearly
s19477,Aanya Lewis,22,Other,Germany,1/22/2019,Yearly
s19478,Riya Anderson,19,Male,USA,8/4/2022,Yearly
s19479,Aanya Johnson,25,Other,UK,2/23/2020,Yearly
s19480,Zara Moore,62,Male,Germany,7/16/2020,Monthly
s19481,Aarav Anderson,18,Other,Canada,2/23/2020,Free
s19482,Benjamin Miller,23,Other,Germany,5/16/2020,Yearly
s19483,Noah Anderson,25,Female,UK,6/29/2022,Yearly
s19484,Karan Moore,40,Male,Germany,3/14/2019,Free
s19485,Liam Verma,41,Male,India,7/9/2022,Yearly
s19486,Riya Hall,58,Female,Australia,2/2/2019,Monthly
s19487,Vihaan Sharma,29,Female,Germany,11/5/2020,Free
s19488,Riya Lewis,21,Female,India,3/21/2021,Yearly
s19489,Isabella Smith,22,Female,Australia,6/19/2020,Yearly
s19490,Emma Miller,19,Other,Germany,11/16/2022,Monthly
s19491,Riya Thomas,28,Female,Germany,3/24/2021,Yearly
s19492,Isabella Thomas,25,Female,UK,7/21/2019,Monthly
s19493,Meera Walker,60,Other,Australia,12/4/2022,Monthly
s19494,Benjamin Taylor,19,Male,Canada,5/10/2020,Monthly
s19495,Arjun Thomas,26,Other,Australia,11/26/2020,Free
s19496,Meera Verma,19,Other,India,1/3/2022,Free
s19497,Isabella Clark,26,Other,Canada,5/1/2019,Yearly
s19498,Aanya Anderson,42,Female,UK,11/5/2019,Monthly
s19499,Aarav Brown,39,Male,Australia,5/30/2021,Yearly
s19500,Ethan Sharma,27,Other,India,9/12/2020,Yearly
s19501,Mia Patel,62,Female,Canada,9/2/2021,Monthly
s19502,Isabella Moore,22,Male,India,1/3/2021,Yearly
s19503,Eva Anderson,55,Other,Canada,9/11/2021,Free
s19504,Olivia Smith,20,Other,Australia,11/22/2019,Monthly
s19505,Olivia Anderson,25,Male,Germany,6/27/2021,Yearly
s19506,Mia Clark,24,Female,Canada,10/13/2020,Yearly
s19507,Sophia Wilson,41,Female,India,6/14/2019,Monthly
s19508,Benjamin Verma,21,Male,Canada,11/17/2021,Free
s19509,Olivia Johnson,29,Female,Australia,11/30/2021,Monthly
s19510,Arjun Lewis,27,Male,UK,7/4/2019,Free
s19511,Mia Wilson,41,Female,USA,4/27/2020,Monthly
s19512,Isabella Smith,54,Other,Canada,10/4/2019,Monthly
s19513,Eva Martin,25,Male,Germany,4/24/2019,Free
s19514,Sophia Johnson,27,Male,Germany,9/26/2021,Free
s19515,Liam Davis,35,Male,Germany,12/13/2019,Monthly
s19516,Riya Brown,18,Other,Canada,11/12/2019,Yearly
s19517,Aanya Smith,24,Female,Canada,2/8/2021,Free
s19518,Eva Singh,26,Male,India,4/16/2021,Free
s19519,Riya Clark,23,Male,Germany,12/1/2021,Free
s19520,Emma Moore,36,Other,Australia,5/21/2021,Yearly
s19521,Aarav Lewis,37,Other,Germany,4/15/2019,Yearly
s19522,Noah Moore,29,Female,Canada,4/5/2021,Monthly
s19523,Ethan Martin,24,Female,UK,6/24/2022,Free
s19524,Karan Martin,22,Female,India,11/15/2022,Yearly
s19525,Vihaan Walker,30,Male,Canada,8/15/2021,Monthly
s19526,Ethan Sharma,25,Other,Canada,1/18/2020,Free
s19527,Aanya Sharma,18,Female,India,7/9/2022,Yearly
s19528,Lucas Johnson,46,Female,India,2/21/2022,Monthly
s19529,Mia Clark,58,Other,Canada,11/6/2021,Yearly
s19530,Arjun Brown,25,Other,Canada,9/3/2019,Monthly
s19531,Liam Singh,21,Male,India,3/24/2019,Yearly
s19532,Aanya Taylor,55,Other,Canada,2/15/2019,Yearly
s19533,Arjun Wilson,35,Other,Germany,9/20/2020,Free
s19534,Karan Hall,22,Male,Canada,5/29/2019,Free
s19535,Noah Johnson,28,Female,India,7/8/2021,Monthly
s19536,Olivia Thomas,20,Other,India,5/1/2020,Free
s19537,Sophia Patel,57,Male,UK,2/5/2019,Yearly
s19538,Amelia Miller,25,Female,Canada,5/30/2019,Yearly
s19539,Karan Taylor,32,Male,UK,3/27/2019,Yearly
s19540,Benjamin Smith,21,Female,Germany,9/4/2019,Free
s19541,Emma Smith,23,Other,Australia,5/2/2019,Free
s19542,Mia Lewis,25,Female,Germany,8/30/2021,Free
s19543,Olivia Taylor,26,Female,India,5/19/2021,Free
s19544,Arjun Taylor,57,Other,Germany,6/18/2022,Yearly
s19545,Mia Martin,46,Female,India,2/20/2019,Free
s19546,Meera Lee,26,Male,UK,5/10/2020,Yearly
s19547,Olivia Taylor,26,Female,USA,7/27/2021,Free
s19548,Benjamin Davis,25,Female,Canada,7/8/2019,Yearly
s19549,Meera Wilson,43,Other,UK,5/7/2019,Free
s19550,Lucas Johnson,33,Female,India,8/6/2020,Yearly
s19551,Ethan Sharma,25,Male,USA,12/10/2019,Monthly
s19552,Eva Smith,46,Male,Germany,2/12/2021,Yearly
s19553,Riya Taylor,19,Male,India,11/13/2020,Yearly
s19554,Aarav Anderson,22,Male,Australia,2/15/2022,Monthly
s19555,Aarav Clark,34,Other,Canada,6/13/2020,Free
s19556,Zara Lewis,18,Female,UK,3/10/2021,Yearly
s19557,Karan Martin,19,Other,Australia,12/25/2021,Monthly
s19558,Karan Davis,33,Male,Germany,12/20/2020,Monthly
s19559,Olivia Moore,21,Male,USA,4/8/2022,Monthly
s19560,Noah Sharma,19,Female,India,11/17/2022,Free
s19561,Meera Anderson,22,Male,UK,12/5/2020,Yearly
s19562,Riya Martin,38,Female,Canada,4/22/2022,Monthly
s19563,Amelia Clark,56,Female,UK,3/31/2020,Free
s19564,Noah Patel,30,Female,Germany,12/2/2019,Yearly
s19565,Sophia Martin,46,Male,Canada,5/25/2021,Free
s19566,Lucas Taylor,20,Other,Australia,6/6/2019,Free
s19567,Mia Martin,19,Other,Germany,11/11/2019,Yearly
s19568,Meera Clark,23,Male,India,1/29/2019,Monthly
s19569,Aanya Patel,20,Female,Australia,5/31/2021,Free
s19570,Karan Brown,26,Female,Australia,10/5/2021,Free
s19571,Sophia Davis,18,Other,UK,7/24/2022,Free
s19572,Olivia Verma,41,Other,Germany,2/14/2022,Monthly
s19573,Aanya Taylor,32,Other,Germany,9/20/2021,Free
s19574,Riya Moore,24,Female,Australia,8/19/2022,Monthly
s19575,Karan Lewis,24,Male,USA,4/9/2019,Free
s19576,Eva Wilson,32,Female,Canada,10/3/2019,Yearly
s19577,Eva Miller,27,Female,UK,3/10/2019,Free
s19578,Karan Lewis,18,Male,Germany,11/29/2022,Yearly
s19579,Isabella Patel,24,Male,UK,1/6/2021,Monthly
s19580,Noah Clark,39,Female,Germany,9/24/2019,Free
s19581,Aanya Taylor,21,Male,Australia,3/14/2021,Monthly
s19582,Ethan Johnson,22,Female,USA,12/11/2020,Yearly
s19583,Mia Verma,21,Male,UK,11/28/2020,Free
s19584,Sophia Sharma,44,Male,UK,5/24/2021,Yearly
s19585,Arjun Moore,27,Female,USA,9/12/2019,Monthly
s19586,Liam Anderson,32,Other,UK,11/5/2020,Free
s19587,Mia Singh,25,Female,India,4/26/2020,Yearly
s19588,Noah Walker,18,Other,Germany,9/30/2020,Yearly
s19589,Lucas Martin,23,Other,Canada,7/27/2021,Free
s19590,Aarav Thomas,40,Female,UK,5/29/2022,Free
s19591,Karan Taylor,29,Female,UK,4/29/2019,Free
s19592,Ethan Thomas,50,Female,USA,8/19/2022,Monthly
s19593,Eva Anderson,24,Male,India,2/4/2019,Free
s19594,Aarav Singh,35,Other,India,8/15/2022,Monthly
s19595,Eva Lee,32,Female,Australia,12/14/2020,Monthly
s19596,Ethan Smith,23,Male,Australia,5/23/2020,Monthly
s19597,Lucas Patel,23,Other,Germany,9/1/2022,Yearly
s19598,Aarav Johnson,35,Other,Australia,11/13/2019,Monthly
s19599,Eva Walker,56,Female,UK,10/17/2022,Yearly
s19600,Aanya Wilson,54,Other,Canada,9/17/2019,Yearly
s19601,Karan Moore,43,Male,USA,2/20/2022,Yearly
s19602,Eva Brown,19,Male,Canada,1/8/2019,Yearly
s19603,Riya Singh,40,Other,India,12/7/2019,Monthly
s19604,Lucas Miller,52,Other,Germany,7/7/2020,Yearly
s19605,Emma Hall,23,Female,India,11/4/2020,Yearly
s19606,Lucas Moore,25,Other,India,11/4/2022,Free
s19607,Aarav Hall,19,Male,Canada,7/27/2019,Yearly
s19608,Aarav Patel,41,Other,Australia,11/22/2021,Free
s19609,Aanya Sharma,41,Female,USA,5/3/2020,Monthly
s19610,Liam Smith,25,Other,USA,2/9/2020,Monthly
s19611,Mia Martin,40,Other,Australia,3/19/2020,Free
s19612,Karan Lewis,39,Other,USA,12/15/2020,Yearly
s19613,Arjun Thomas,18,Other,Australia,8/30/2021,Yearly
s19614,Riya Martin,19,Male,UK,6/29/2021,Monthly
s19615,Lucas Taylor,26,Male,UK,7/1/2021,Yearly
s19616,Eva Singh,33,Male,USA,5/30/2021,Yearly
s19617,Benjamin Verma,41,Other,USA,7/18/2019,Yearly
s19618,Olivia Walker,24,Other,India,2/1/2020,Monthly
s19619,Eva Anderson,25,Other,Australia,2/13/2021,Yearly
s19620,Olivia Hall,18,Male,Australia,2/5/2019,Free
s19621,Karan Smith,38,Female,Canada,8/19/2020,Yearly
s19622,Sophia Walker,28,Female,USA,10/11/2019,Free
s19623,Lucas Davis,22,Female,Australia,10/20/2021,Free
s19624,Eva Davis,23,Female,Canada,6/8/2019,Monthly
s19625,Zara Thomas,33,Other,Canada,2/9/2020,Monthly
s19626,Lucas Singh,30,Male,UK,8/24/2021,Monthly
s19627,Sophia Moore,42,Female,Australia,3/19/2020,Monthly
s19628,Sophia Moore,33,Other,USA,9/20/2019,Monthly
s19629,Noah Martin,60,Female,USA,9/25/2020,Yearly
s19630,Mia Wilson,21,Female,Canada,5/1/2020,Yearly
s19631,Isabella Sharma,19,Male,USA,12/19/2021,Monthly
s19632,Liam Moore,47,Female,Germany,12/9/2020,Free
s19633,Eva Moore,37,Male,Germany,5/4/2020,Yearly
s19634,Vihaan Patel,18,Female,USA,11/18/2019,Yearly
s19635,Amelia Patel,56,Other,UK,5/22/2022,Monthly
s19636,Eva Thomas,27,Female,Canada,12/31/2021,Free
s19637,Aarav Verma,19,Other,UK,7/16/2021,Free
s19638,Vihaan Martin,18,Male,Australia,7/18/2021,Free
s19639,Isabella Martin,39,Female,Germany,8/18/2022,Yearly
s19640,Benjamin Thomas,20,Male,UK,4/20/2019,Monthly
s19641,Benjamin Johnson,44,Male,USA,6/24/2022,Free
s19642,Olivia Walker,34,Other,Canada,4/13/2019,Yearly
s19643,Emma Wilson,29,Male,Canada,3/25/2021,Monthly
s19644,Arjun Sharma,33,Female,Canada,9/25/2019,Free
s19645,Karan Anderson,55,Male,Canada,10/28/2022,Monthly
s19646,Noah Wilson,35,Female,USA,6/23/2020,Yearly
s19647,Zara Patel,31,Male,UK,6/8/2020,Yearly
s19648,Aanya Thomas,23,Male,Australia,10/18/2021,Free
s19649,Ethan Lewis,20,Male,Australia,2/10/2021,Monthly
s19650,Riya Verma,19,Male,Germany,6/19/2019,Yearly
s19651,Emma Taylor,31,Female,Australia,1/5/2019,Monthly
s19652,Eva Clark,22,Other,Germany,3/9/2020,Free
s19653,Arjun Patel,36,Female,Canada,9/22/2022,Free
s19654,Mia Lewis,20,Male,Canada,3/2/2022,Yearly
s19655,Zara Brown,27,Other,Canada,2/21/2022,Monthly
s19656,Olivia Walker,19,Female,Australia,5/12/2022,Monthly
s19657,Emma Singh,25,Female,UK,4/3/2020,Yearly
s19658,Aanya Lee,39,Other,UK,12/23/2020,Yearly
s19659,Olivia Lee,29,Female,UK,12/9/2021,Yearly
s19660,Aanya Walker,23,Female,Germany,4/15/2021,Free
s19661,Olivia Anderson,38,Male,USA,11/20/2020,Monthly
s19662,Sophia Moore,26,Other,UK,2/28/2022,Free
s19663,Aarav Martin,20,Male,UK,7/3/2021,Free
s19664,Aanya Johnson,49,Other,UK,6/13/2022,Free
s19665,Isabella Singh,61,Male,Australia,5/5/2019,Monthly
s19666,Ethan Walker,22,Female,Canada,1/10/2022,Yearly
s19667,Sophia Lewis,22,Female,Australia,10/17/2019,Free
s19668,Emma Davis,23,Male,UK,1/5/2021,Yearly
s19669,Benjamin Lee,19,Other,USA,6/13/2019,Free
s19670,Zara Hall,40,Male,Canada,12/4/2021,Monthly
s19671,Arjun Verma,22,Other,India,10/15/2020,Monthly
s19672,Olivia Miller,23,Female,India,1/22/2021,Monthly
s19673,Meera Lee,19,Male,UK,10/9/2019,Yearly
s19674,Amelia Brown,22,Other,UK,10/19/2020,Yearly
s19675,Meera Moore,40,Other,USA,11/9/2020,Free
s19676,Amelia Thomas,19,Female,Germany,6/10/2022,Yearly
s19677,Emma Smith,26,Other,Canada,2/16/2021,Monthly
s19678,Liam Clark,62,Female,Canada,8/26/2020,Free
s19679,Vihaan Smith,64,Female,USA,4/2/2020,Monthly
s19680,Amelia Johnson,38,Male,Germany,4/9/2022,Yearly
s19681,Riya Clark,67,Other,India,4/15/2020,Free
s19682,Zara Miller,32,Other,USA,1/7/2021,Free
s19683,Mia Lewis,20,Female,Germany,2/19/2022,Free
s19684,Emma Singh,19,Other,Australia,11/29/2021,Free
s19685,Sophia Patel,23,Female,Australia,2/3/2021,Free
s19686,Isabella Sharma,24,Female,India,10/4/2019,Free
s19687,Sophia Singh,25,Other,India,8/7/2020,Yearly
s19688,Ethan Thomas,22,Female,UK,1/18/2021,Free
s19689,Meera Hall,43,Female,Australia,2/25/2021,Monthly
s19690,Olivia Martin,21,Female,USA,5/20/2019,Monthly
s19691,Sophia Wilson,25,Other,Australia,2/15/2022,Yearly
s19692,Emma Miller,36,Female,UK,3/16/2022,Monthly
s19693,Mia Hall,19,Female,USA,8/2/2020,Free
s19694,Vihaan Thomas,40,Female,India,3/16/2022,Free
s19695,Ethan Walker,45,Female,UK,1/13/2019,Yearly
s19696,Meera Patel,34,Other,India,3/30/2021,Monthly
s19697,Aarav Wilson,25,Female,India,2/4/2022,Yearly
s19698,Arjun Smith,26,Other,Australia,3/13/2022,Yearly
s19699,Riya Clark,47,Female,Australia,7/27/2022,Free
s19700,Emma Patel,53,Female,Canada,8/4/2020,Monthly
s19701,Liam Martin,21,Other,UK,6/8/2022,Yearly
s19702,Ethan Martin,22,Male,USA,5/2/2020,Free
s19703,Ethan Johnson,19,Female,UK,8/18/2020,Yearly
s19704,Karan Johnson,20,Other,Canada,12/18/2019,Yearly
s19705,Aanya Smith,27,Female,UK,1/26/2020,Yearly
s19706,Lucas Moore,23,Female,UK,5/4/2021,Monthly
s19707,Amelia Johnson,18,Female,Canada,11/17/2022,Monthly
s19708,Karan Brown,18,Female,India,4/15/2021,Monthly
s19709,Riya Martin,40,Male,India,3/8/2019,Monthly
s19710,Aarav Taylor,44,Male,India,3/29/2022,Monthly
s19711,Liam Walker,19,Other,Canada,7/23/2020,Monthly
s19712,Mia Smith,25,Other,India,5/30/2019,Monthly
s19713,Ethan Singh,35,Male,Canada,2/22/2021,Monthly
s19714,Eva Martin,23,Other,India,5/14/2021,Yearly
s19715,Emma Patel,26,Male,India,10/1/2020,Yearly
s19716,Aarav Lewis,21,Other,UK,6/13/2021,Monthly
s19717,Aarav Thomas,22,Other,USA,12/20/2021,Yearly
s19718,Isabella Singh,20,Female,Germany,3/31/2021,Free
s19719,Mia Martin,27,Other,Germany,10/26/2021,Monthly
s19720,Riya Patel,24,Other,Germany,7/26/2021,Monthly
s19721,Olivia Johnson,18,Other,UK,6/6/2021,Yearly
s19722,Aarav Sharma,20,Female,USA,4/17/2022,Monthly
s19723,Liam Singh,44,Other,UK,11/18/2022,Free
s19724,Mia Lewis,21,Female,Canada,8/5/2022,Free
s19725,Emma Davis,24,Male,Canada,6/25/2019,Yearly
s19726,Riya Hall,41,Other,Germany,9/7/2019,Free
s19727,Benjamin Miller,21,Female,India,2/6/2022,Yearly
s19728,Mia Miller,45,Other,Australia,8/24/2020,Free
s19729,Ethan Lee,27,Male,Germany,5/8/2019,Free
s19730,Aarav Anderson,27,Other,India,2/2/2019,Monthly
s19731,Amelia Patel,31,Female,India,1/13/2021,Monthly
s19732,Zara Verma,25,Other,UK,8/31/2021,Yearly
s19733,Ethan Davis,65,Female,UK,4/9/2022,Free
s19734,Lucas Clark,66,Other,UK,2/13/2019,Yearly
s19735,Mia Sharma,30,Other,Canada,4/30/2019,Free
s19736,Liam Brown,44,Other,India,2/22/2019,Yearly
s19737,Olivia Walker,36,Male,Australia,12/13/2022,Free
s19738,Olivia Verma,31,Male,Germany,10/26/2022,Yearly
s19739,Benjamin Lewis,27,Other,Germany,1/31/2020,Free
s19740,Noah Thomas,46,Male,UK,8/3/2021,Free
s19741,Ethan Martin,32,Other,USA,5/10/2020,Free
s19742,Arjun Brown,44,Female,UK,4/20/2019,Monthly
s19743,Vihaan Wilson,50,Other,Germany,9/29/2022,Yearly
s19744,Karan Singh,24,Male,Australia,2/6/2022,Monthly
s19745,Zara Lewis,67,Female,USA,8/16/2021,Free
s19746,Liam Brown,31,Other,UK,8/7/2022,Monthly
s19747,Vihaan Anderson,22,Other,Germany,10/31/2020,Free
s19748,Olivia Sharma,24,Other,UK,7/26/2021,Free
s19749,Olivia Clark,44,Other,Germany,11/28/2020,Yearly
s19750,Arjun Verma,27,Other,India,11/9/2021,Yearly
s19751,Isabella Verma,24,Other,USA,9/22/2021,Monthly
s19752,Benjamin Taylor,29,Male,USA,6/7/2019,Free
s19753,Eva Verma,18,Male,Canada,1/13/2020,Monthly
s19754,Vihaan Wilson,35,Female,Australia,5/23/2019,Monthly
s19755,Lucas Clark,26,Male,Canada,7/6/2020,Yearly
s19756,Meera Clark,38,Male,USA,6/20/2021,Monthly
s19757,Noah Clark,50,Female,Germany,5/17/2022,Monthly
s19758,Meera Davis,27,Female,USA,8/18/2019,Free
s19759,Amelia Davis,25,Other,India,10/22/2022,Monthly
s19760,Noah Walker,38,Male,Germany,7/3/2021,Yearly
s19761,Ethan Wilson,34,Other,USA,11/25/2019,Yearly
s19762,Liam Wilson,26,Male,India,2/10/2022,Yearly
s19763,Liam Miller,22,Male,UK,5/26/2022,Monthly
s19764,Karan Davis,21,Female,Canada,11/19/2020,Free
s19765,Noah Anderson,19,Male,India,1/2/2020,Yearly
s19766,Sophia Hall,21,Other,India,6/16/2022,Monthly
s19767,Mia Taylor,26,Other,UK,8/18/2021,Monthly
s19768,Meera Miller,20,Male,Australia,7/21/2021,Yearly
s19769,Vihaan Moore,23,Female,India,3/28/2020,Free
s19770,Benjamin Verma,42,Other,Australia,1/25/2021,Monthly
s19771,Aanya Taylor,36,Male,Germany,11/20/2020,Monthly
s19772,Eva Clark,19,Male,Australia,9/23/2022,Monthly
s19773,Olivia Davis,24,Other,UK,1/16/2019,Monthly
s19774,Noah Lewis,19,Female,Australia,12/6/2019,Yearly
s19775,Sophia Lewis,18,Other,Canada,12/18/2022,Monthly
s19776,Isabella Wilson,24,Other,Canada,6/4/2021,Free
s19777,Amelia Verma,19,Other,Germany,1/5/2019,Free
s19778,Liam Thomas,18,Female,USA,9/23/2020,Monthly
s19779,Mia Smith,22,Male,Australia,2/1/2019,Free
s19780,Arjun Singh,38,Male,Germany,9/16/2021,Yearly
s19781,Aarav Walker,25,Male,India,7/18/2021,Free
s19782,Olivia Martin,34,Male,India,4/1/2021,Monthly
s19783,Riya Smith,19,Male,Canada,5/1/2020,Yearly
s19784,Riya Verma,51,Male,USA,2/29/2020,Yearly
s19785,Arjun Clark,19,Other,India,6/25/2020,Free
s19786,Noah Miller,22,Male,UK,10/5/2020,Free
s19787,Mia Johnson,25,Other,USA,2/20/2019,Monthly
s19788,Lucas Lewis,19,Male,Canada,9/12/2020,Free
s19789,Lucas Thomas,26,Male,Canada,7/17/2019,Yearly
s19790,Sophia Thomas,18,Male,Canada,8/26/2021,Monthly
s19791,Arjun Lee,64,Female,Canada,5/8/2019,Monthly
s19792,Eva Anderson,56,Male,Germany,10/4/2020,Monthly
s19793,Zara Anderson,19,Other,India,11/9/2019,Yearly
s19794,Aarav Wilson,35,Male,Canada,10/26/2021,Free
s19795,Karan Taylor,31,Female,Germany,9/23/2019,Free
s19796,Lucas Johnson,30,Male,USA,12/10/2019,Free
s19797,Meera Moore,34,Other,Australia,3/7/2021,Monthly
s19798,Meera Moore,22,Female,UK,7/18/2022,Free
s19799,Mia Lewis,45,Male,Canada,5/25/2019,Free
s19800,Aanya Johnson,25,Male,Australia,4/25/2022,Yearly
s19801,Vihaan Walker,64,Male,Canada,11/23/2019,Free
s19802,Aarav Lewis,27,Other,USA,3/21/2022,Yearly
s19803,Noah Patel,19,Male,Australia,10/8/2019,Yearly
s19804,Benjamin Lewis,45,Male,Canada,8/26/2022,Free
s19805,Noah Anderson,33,Female,USA,3/13/2020,Yearly
s19806,Arjun Anderson,52,Male,Canada,9/3/2021,Monthly
s19807,Arjun Taylor,27,Female,USA,11/6/2022,Yearly
s19808,Sophia Davis,19,Other,UK,3/29/2019,Free
s19809,Karan Patel,34,Male,USA,11/17/2021,Free
s19810,Emma Clark,35,Other,India,1/24/2022,Yearly
s19811,Sophia Martin,21,Female,Canada,10/28/2020,Yearly
s19812,Sophia Taylor,21,Female,India,1/7/2022,Monthly
s19813,Aarav Moore,18,Male,USA,7/3/2020,Free
s19814,Aanya Anderson,43,Other,USA,12/17/2022,Free
s19815,Aarav Lee,37,Female,Germany,10/11/2021,Yearly
s19816,Riya Brown,30,Female,UK,1/21/2021,Yearly
s19817,Lucas Smith,39,Male,Canada,8/31/2019,Free
s19818,Benjamin Thomas,19,Female,USA,5/15/2022,Monthly
s19819,Riya Thomas,21,Male,USA,12/17/2022,Yearly
s19820,Olivia Lewis,26,Male,Australia,5/11/2019,Yearly
s19821,Amelia Miller,19,Female,USA,2/1/2019,Yearly
s19822,Olivia Lee,26,Female,USA,7/3/2022,Yearly
s19823,Aanya Anderson,18,Female,Germany,12/24/2021,Monthly
s19824,Karan Thomas,22,Female,Germany,1/10/2020,Free
s19825,Aanya Smith,24,Other,Germany,4/14/2019,Free
s19826,Ethan Hall,43,Other,Germany,4/28/2022,Yearly
s19827,Sophia Singh,27,Female,UK,2/28/2020,Monthly
s19828,Isabella Lewis,20,Male,Australia,10/30/2021,Yearly
s19829,Amelia Patel,40,Male,India,1/18/2022,Free
s19830,Vihaan Thomas,65,Female,Germany,3/6/2019,Free
s19831,Aarav Sharma,28,Other,USA,11/9/2019,Free
s19832,Amelia Sharma,27,Male,Germany,8/3/2021,Yearly
s19833,Lucas Taylor,22,Other,UK,10/4/2019,Monthly
s19834,Amelia Verma,20,Male,Germany,7/20/2019,Monthly
s19835,Eva Smith,47,Female,Germany,8/5/2019,Monthly
s19836,Vihaan Anderson,26,Female,Canada,5/11/2020,Yearly
s19837,Karan Lewis,27,Female,Australia,6/14/2021,Free
s19838,Vihaan Lewis,22,Other,Germany,5/11/2022,Free
s19839,Karan Smith,20,Male,Australia,11/3/2019,Yearly
s19840,Zara Anderson,35,Male,UK,11/8/2019,Yearly
s19841,Eva Singh,29,Female,Germany,5/29/2020,Yearly
s19842,Zara Sharma,24,Male,Australia,11/6/2022,Free
s19843,Riya Verma,36,Female,India,10/26/2019,Free
s19844,Vihaan Thomas,51,Other,Canada,3/7/2021,Monthly
s19845,Ethan Taylor,35,Other,Canada,7/10/2020,Yearly
s19846,Riya Smith,26,Male,Canada,11/13/2019,Yearly
s19847,Noah Taylor,21,Female,UK,2/25/2020,Monthly
s19848,Karan Taylor,35,Other,USA,5/16/2020,Monthly
s19849,Mia Brown,20,Female,Canada,9/12/2022,Yearly
s19850,Mia Walker,21,Female,India,4/18/2019,Monthly
s19851,Karan Lee,23,Female,Australia,9/11/2022,Monthly
s19852,Olivia Patel,28,Other,UK,11/8/2019,Monthly
s19853,Sophia Sharma,32,Other,Canada,5/4/2019,Monthly
s19854,Emma Anderson,19,Other,Canada,11/13/2020,Monthly
s19855,Liam Miller,20,Male,Australia,2/8/2022,Yearly
s19856,Vihaan Verma,18,Female,Canada,3/10/2022,Free
s19857,Vihaan Martin,27,Female,Germany,10/9/2020,Yearly
s19858,Vihaan Moore,27,Other,Germany,11/8/2021,Monthly
s19859,Vihaan Thomas,22,Male,UK,8/30/2022,Yearly
s19860,Vihaan Walker,60,Other,USA,11/25/2019,Yearly
s19861,Arjun Davis,21,Male,Australia,8/28/2020,Yearly
s19862,Amelia Verma,32,Other,Australia,11/20/2022,Yearly
s19863,Arjun Lee,24,Female,Germany,8/23/2019,Free
s19864,Arjun Patel,42,Female,Canada,4/16/2021,Monthly
s19865,Vihaan Walker,19,Female,UK,9/11/2019,Yearly
s19866,Meera Clark,20,Male,India,7/2/2020,Free
s19867,Olivia Taylor,19,Other,USA,2/13/2021,Monthly
s19868,Karan Taylor,26,Female,USA,5/1/2022,Free
s19869,Mia Taylor,26,Male,India,4/13/2019,Yearly
s19870,Mia Patel,31,Other,UK,10/9/2021,Yearly
s19871,Liam Singh,23,Other,India,4/20/2020,Yearly
s19872,Isabella Brown,19,Other,India,1/20/2021,Monthly
s19873,Lucas Hall,27,Female,Canada,6/5/2019,Monthly
s19874,Olivia Patel,23,Male,Germany,3/12/2020,Yearly
s19875,Benjamin Thomas,27,Other,India,2/26/2019,Monthly
s19876,Isabella Thomas,32,Other,Canada,11/29/2020,Monthly
s19877,Emma Patel,27,Other,UK,1/30/2022,Yearly
s19878,Karan Sharma,22,Female,Germany,12/11/2019,Monthly
s19879,Sophia Sharma,20,Other,Canada,5/2/2022,Monthly
s19880,Noah Lee,30,Female,Canada,9/30/2019,Free
s19881,Amelia Moore,21,Other,UK,9/2/2022,Free
s19882,Meera Thomas,20,Female,USA,1/6/2021,Free
s19883,Aarav Walker,28,Male,Germany,5/26/2021,Monthly
s19884,Benjamin Smith,22,Female,Germany,9/17/2022,Monthly
s19885,Olivia Smith,33,Male,Australia,6/17/2020,Yearly
s19886,Riya Lee,22,Other,India,12/7/2019,Monthly
s19887,Ethan Singh,22,Male,UK,8/31/2022,Monthly
s19888,Eva Martin,18,Other,USA,12/20/2020,Free
s19889,Emma Brown,24,Female,UK,11/6/2021,Monthly
s19890,Ethan Davis,43,Other,Canada,5/16/2020,Yearly
s19891,Arjun Davis,18,Male,Germany,1/13/2021,Free
s19892,Sophia Martin,27,Male,Germany,6/29/2020,Monthly
s19893,Sophia Verma,54,Other,Germany,5/31/2021,Free
s19894,Mia Clark,27,Other,India,11/3/2020,Monthly
s19895,Isabella Moore,20,Male,Germany,5/8/2019,Monthly
s19896,Riya Walker,25,Female,Germany,10/8/2022,Yearly
s19897,Lucas Lee,26,Male,Canada,6/25/2022,Yearly
s19898,Vihaan Taylor,25,Male,USA,8/26/2021,Yearly
s19899,Noah Martin,23,Female,USA,4/10/2022,Free
s19900,Eva Moore,56,Other,India,6/3/2019,Monthly
s19901,Lucas Wilson,24,Female,Germany,12/8/2020,Free
s19902,Amelia Singh,28,Male,Germany,6/30/2019,Monthly
s19903,Meera Patel,19,Female,USA,12/12/2019,Yearly
s19904,Arjun Thomas,19,Female,Canada,10/29/2020,Monthly
s19905,Benjamin Miller,48,Female,USA,2/24/2020,Free
s19906,Emma Martin,26,Female,USA,3/9/2020,Yearly
s19907,Emma Martin,21,Other,India,5/31/2020,Monthly
s19908,Arjun Moore,20,Male,Australia,4/14/2019,Monthly
s19909,Lucas Singh,24,Other,USA,1/24/2020,Yearly
s19910,Arjun Hall,22,Female,USA,5/11/2020,Yearly
s19911,Karan Martin,26,Other,Australia,8/13/2019,Yearly
s19912,Karan Lewis,18,Male,UK,7/24/2022,Yearly
s19913,Riya Anderson,27,Male,Canada,9/9/2019,Monthly
s19914,Amelia Hall,26,Other,Canada,9/27/2020,Yearly
s19915,Arjun Sharma,23,Female,Canada,2/3/2022,Free
s19916,Emma Sharma,18,Male,Canada,7/17/2021,Free
s19917,Benjamin Thomas,23,Male,Australia,3/1/2022,Free
s19918,Aanya Walker,40,Female,Germany,8/13/2019,Yearly
s19919,Aanya Thomas,20,Male,Germany,12/21/2022,Yearly
s19920,Noah Davis,64,Female,Australia,7/23/2020,Free
s19921,Sophia Walker,23,Male,Germany,12/20/2019,Yearly
s19922,Vihaan Taylor,22,Female,India,4/17/2019,Free
s19923,Aarav Brown,27,Other,USA,8/28/2020,Free
s19924,Mia Wilson,35,Male,Canada,10/11/2022,Yearly
s19925,Isabella Patel,43,Male,USA,12/6/2019,Monthly
s19926,Karan Wilson,22,Female,Australia,10/9/2019,Monthly
s19927,Noah Brown,22,Male,Australia,3/29/2020,Yearly
s19928,Olivia Smith,23,Female,UK,11/29/2022,Free
s19929,Vihaan Moore,20,Female,Canada,9/9/2019,Monthly
s19930,Noah Clark,35,Female,USA,7/31/2019,Free
s19931,Vihaan Walker,38,Female,UK,6/20/2021,Free
s19932,Emma Patel,26,Female,Australia,10/21/2022,Monthly
s19933,Olivia Patel,40,Other,Canada,9/24/2020,Free
s19934,Eva Moore,26,Female,India,1/27/2021,Monthly
s19935,Ethan Walker,39,Male,UK,5/27/2021,Yearly
s19936,Arjun Smith,27,Other,USA,4/15/2020,Yearly
s19937,Aarav Wilson,21,Other,India,3/31/2020,Free
s19938,Aanya Johnson,26,Female,UK,7/17/2019,Yearly
s19939,Karan Clark,21,Other,USA,3/31/2020,Yearly
s19940,Riya Wilson,28,Female,Canada,7/16/2021,Yearly
s19941,Isabella Smith,41,Male,Germany,10/17/2021,Monthly
s19942,Arjun Wilson,44,Male,Germany,11/19/2019,Monthly
s19943,Aanya Martin,23,Male,Australia,4/27/2022,Free
s19944,Karan Thomas,39,Female,Canada,5/2/2021,Free
s19945,Sophia Martin,34,Other,India,9/3/2022,Free
s19946,Eva Anderson,46,Female,India,11/14/2019,Monthly
s19947,Olivia Patel,36,Male,USA,8/22/2021,Monthly
s19948,Benjamin Thomas,31,Female,India,3/5/2020,Yearly
s19949,Ethan Brown,32,Female,India,10/22/2019,Monthly
s19950,Isabella Clark,27,Male,UK,7/2/2019,Free
s19951,Noah Thomas,25,Female,India,2/26/2020,Monthly
s19952,Noah Martin,29,Male,Australia,6/18/2021,Monthly
s19953,Karan Moore,27,Other,Australia,5/18/2019,Monthly
s19954,Ethan Hall,19,Other,Germany,3/20/2021,Yearly
s19955,Zara Lewis,26,Male,Australia,3/26/2019,Monthly
s19956,Arjun Smith,21,Other,India,12/8/2022,Yearly
s19957,Zara Miller,48,Other,Germany,6/7/2021,Yearly
s19958,Karan Lewis,20,Other,Germany,5/18/2022,Free
s19959,Mia Sharma,18,Male,India,1/16/2022,Monthly
s19960,Aarav Patel,21,Female,India,9/9/2021,Yearly
s19961,Eva Verma,19,Male,Australia,7/21/2022,Free
s19962,Amelia Sharma,44,Female,Australia,6/23/2021,Yearly
s19963,Liam Lee,42,Female,India,2/10/2022,Monthly
s19964,Arjun Hall,37,Male,Canada,6/3/2021,Monthly
s19965,Noah Martin,18,Male,India,7/5/2021,Monthly
s19966,Meera Thomas,19,Other,Canada,10/18/2020,Monthly
s19967,Lucas Clark,26,Other,USA,6/2/2020,Monthly
s19968,Arjun Verma,63,Other,Canada,10/23/2020,Monthly
s19969,Benjamin Thomas,19,Other,Australia,7/29/2020,Monthly
s19970,Noah Singh,22,Male,India,9/8/2021,Yearly
s19971,Noah Brown,60,Other,Germany,1/13/2021,Free
s19972,Karan Walker,24,Male,Germany,8/14/2022,Monthly
s19973,Vihaan Walker,24,Female,Canada,11/27/2019,Free
s19974,Aarav Singh,18,Other,Canada,2/13/2020,Free
s19975,Riya Brown,28,Male,Australia,1/28/2020,Yearly
s19976,Isabella Anderson,22,Female,Canada,10/2/2019,Free
s19977,Meera Brown,23,Female,UK,4/20/2020,Monthly
s19978,Liam Patel,20,Male,Australia,1/3/2021,Free
s19979,Lucas Smith,24,Female,Australia,8/15/2019,Free
s19980,Riya Patel,33,Female,India,3/18/2022,Free
s19981,Amelia Clark,24,Female,India,12/23/2021,Monthly
s19982,Vihaan Clark,25,Male,Canada,2/28/2020,Free
s19983,Noah Miller,60,Female,Australia,6/27/2020,Yearly
s19984,Ethan Brown,26,Other,USA,8/4/2019,Free
s19985,Lucas Brown,20,Female,Canada,12/27/2019,Free
s19986,Aanya Taylor,20,Female,Germany,8/16/2020,Monthly
s19987,Olivia Brown,50,Other,India,10/22/2020,Monthly
s19988,Isabella Wilson,23,Other,India,2/25/2020,Free
s19989,Mia Walker,26,Female,India,8/26/2022,Yearly
s19990,Riya Verma,46,Other,UK,2/13/2019,Free
s19991,Amelia Lewis,18,Female,USA,12/31/2020,Yearly
s19992,Riya Walker,27,Male,Germany,11/12/2019,Yearly
s19993,Arjun Singh,44,Male,USA,3/28/2021,Free
s19994,Benjamin Smith,44,Other,UK,9/16/2020,Free
s19995,Riya Johnson,66,Male,USA,10/28/2020,Monthly
s19996,Aarav Lee,27,Male,Canada,10/29/2021,Monthly
s19997,Vihaan Lewis,19,Female,UK,3/1/2022,Yearly
s19998,Eva Lee,48,Other,India,4/7/2020,Free
s19999,Lucas Hall,20,Other,India,12/20/2022,Yearly
s20000,Meera Lee,30,Female,India,2/12/2020,Free
s20001,Olivia Lewis,22,Female,India,1/24/2022,Free
s20002,Benjamin Miller,26,Male,Australia,3/14/2020,Monthly
s20003,Karan Anderson,28,Male,Germany,2/11/2021,Monthly
s20004,Eva Sharma,18,Other,USA,8/13/2022,Monthly
s20005,Ethan Hall,27,Other,Germany,3/6/2019,Yearly
s20006,Aanya Smith,40,Male,India,8/18/2020,Monthly
s20007,Amelia Verma,35,Male,India,9/16/2022,Monthly
s20008,Emma Davis,26,Other,Canada,7/22/2019,Monthly
s20009,Meera Walker,20,Female,India,5/27/2019,Yearly
s20010,Amelia Miller,43,Female,India,12/9/2020,Free
s20011,Zara Walker,38,Other,UK,5/20/2020,Free
s20012,Arjun Walker,40,Female,India,8/26/2019,Free
s20013,Lucas Lewis,46,Male,UK,11/1/2021,Yearly
s20014,Olivia Wilson,45,Female,Germany,5/1/2021,Free
s20015,Lucas Miller,26,Male,UK,10/3/2020,Free
s20016,Eva Walker,50,Other,UK,1/11/2020,Free
s20017,Emma Lewis,19,Other,UK,1/10/2021,Yearly
s20018,Mia Martin,26,Male,Australia,10/19/2019,Monthly
s20019,Noah Johnson,18,Other,Canada,10/5/2020,Free
s20020,Mia Anderson,20,Other,India,9/11/2020,Yearly
s20021,Eva Johnson,23,Male,Germany,9/14/2022,Yearly
s20022,Meera Sharma,42,Other,Germany,9/1/2022,Monthly
s20023,Lucas Johnson,25,Male,USA,5/29/2021,Yearly
s20024,Emma Wilson,22,Other,Germany,7/14/2021,Free
s20025,Aarav Wilson,33,Other,Germany,1/5/2019,Yearly
s20026,Zara Smith,21,Male,Canada,1/7/2021,Monthly
s20027,Zara Thomas,46,Female,UK,12/18/2020,Yearly
s20028,Emma Lee,56,Female,USA,12/28/2020,Monthly
s20029,Eva Lewis,19,Male,USA,12/30/2020,Free
s20030,Eva Singh,24,Male,Canada,2/11/2022,Monthly
s20031,Arjun Verma,27,Other,UK,4/7/2020,Free
s20032,Benjamin Martin,22,Other,India,1/6/2021,Free
s20033,Karan Johnson,20,Male,Germany,3/13/2022,Yearly
s20034,Riya Singh,25,Male,USA,12/20/2020,Monthly
s20035,Benjamin Lee,23,Male,UK,9/10/2020,Monthly
s20036,Mia Sharma,27,Female,UK,2/24/2022,Yearly
s20037,Benjamin Lewis,27,Other,Germany,5/10/2020,Yearly
s20038,Aanya Hall,22,Male,Canada,3/7/2022,Monthly
s20039,Liam Hall,24,Female,UK,2/1/2021,Yearly
s20040,Meera Thomas,33,Other,Australia,6/10/2020,Yearly
s20041,Aanya Patel,52,Female,Germany,10/1/2022,Monthly
s20042,Amelia Lewis,21,Male,Australia,2/15/2022,Monthly
s20043,Eva Martin,21,Male,Germany,9/18/2020,Monthly
s20044,Aanya Lewis,20,Male,Australia,12/13/2021,Yearly
s20045,Vihaan Singh,21,Female,Germany,7/30/2020,Yearly
s20046,Amelia Brown,21,Female,India,4/26/2021,Yearly
s20047,Riya Walker,35,Female,UK,7/15/2021,Free
s20048,Olivia Lewis,25,Other,Canada,4/21/2020,Monthly
s20049,Karan Moore,44,Female,Australia,10/6/2021,Free
s20050,Amelia Clark,39,Male,USA,4/5/2020,Free
s20051,Sophia Smith,31,Male,Australia,8/7/2021,Free
s20052,Olivia Lee,33,Female,India,6/2/2022,Free
s20053,Arjun Davis,28,Other,Germany,8/11/2020,Monthly
s20054,Zara Lee,35,Male,Canada,4/16/2022,Monthly
s20055,Sophia Davis,41,Other,USA,10/24/2022,Free
s20056,Lucas Thomas,40,Male,India,7/27/2019,Monthly
s20057,Lucas Patel,20,Male,UK,9/21/2021,Yearly
s20058,Lucas Verma,27,Male,Australia,7/5/2021,Monthly
s20059,Isabella Anderson,54,Female,USA,3/25/2021,Monthly
s20060,Arjun Singh,31,Female,Canada,3/7/2022,Free
s20061,Meera Verma,27,Female,Germany,10/1/2020,Yearly
s20062,Eva Clark,24,Female,USA,9/25/2022,Free
s20063,Meera Anderson,40,Male,UK,6/9/2020,Monthly
s20064,Noah Johnson,49,Female,Canada,6/12/2020,Free
s20065,Ethan Thomas,27,Other,USA,9/10/2021,Yearly
s20066,Lucas Clark,34,Other,UK,2/6/2021,Free
s20067,Zara Hall,22,Other,Australia,12/10/2019,Yearly
s20068,Noah Miller,23,Female,Canada,2/18/2019,Free
s20069,Zara Lee,55,Male,UK,1/27/2022,Monthly
s20070,Lucas Singh,22,Male,Australia,6/14/2021,Yearly
s20071,Zara Walker,20,Female,Australia,7/31/2021,Yearly
s20072,Sophia Clark,24,Female,India,11/26/2021,Yearly
s20073,Noah Lee,43,Male,UK,6/1/2019,Monthly
s20074,Vihaan Taylor,31,Female,Germany,11/21/2020,Yearly
s20075,Mia Anderson,36,Other,Canada,6/30/2022,Yearly
s20076,Vihaan Davis,31,Male,Germany,5/10/2019,Yearly
s20077,Meera Smith,38,Other,India,11/12/2022,Yearly
s20078,Arjun Johnson,19,Other,Germany,5/16/2021,Free
s20079,Amelia Thomas,46,Male,USA,2/19/2020,Free
s20080,Karan Walker,44,Female,Australia,5/27/2020,Monthly
s20081,Vihaan Anderson,18,Male,UK,1/18/2021,Free
s20082,Aanya Smith,38,Other,India,11/10/2019,Free
s20083,Riya Moore,27,Other,Canada,1/8/2020,Monthly
s20084,Riya Johnson,22,Female,India,6/26/2022,Monthly
s20085,Benjamin Verma,21,Female,Australia,10/26/2020,Yearly
s20086,Eva Miller,54,Male,Canada,4/11/2019,Yearly
s20087,Lucas Clark,21,Female,Canada,12/17/2021,Free
s20088,Noah Verma,34,Female,Canada,11/13/2021,Monthly
s20089,Meera Anderson,32,Other,UK,6/22/2020,Yearly
s20090,Riya Martin,27,Other,Germany,4/27/2022,Yearly
s20091,Aanya Brown,40,Female,UK,1/10/2021,Yearly
s20092,Arjun Sharma,18,Male,Australia,3/8/2022,Monthly
s20093,Ethan Miller,26,Female,Canada,6/3/2022,Yearly
s20094,Sophia Miller,25,Other,Canada,10/19/2021,Free
s20095,Meera Taylor,64,Male,Canada,6/20/2022,Free
s20096,Isabella Smith,47,Other,India,7/1/2019,Free
s20097,Sophia Moore,26,Female,Australia,8/24/2022,Free
s20098,Eva Brown,27,Male,Australia,12/27/2020,Monthly
s20099,Vihaan Miller,50,Other,USA,3/28/2021,Free
s20100,Amelia Johnson,23,Male,USA,3/29/2022,Yearly
s20101,Sophia Thomas,36,Female,UK,9/14/2019,Yearly
s20102,Riya Clark,25,Female,USA,1/25/2020,Monthly
s20103,Lucas Lee,18,Male,India,11/8/2020,Free
s20104,Olivia Anderson,39,Male,Canada,3/15/2021,Free
s20105,Mia Patel,39,Other,USA,5/29/2022,Monthly
s20106,Sophia Clark,19,Female,USA,5/6/2019,Yearly
s20107,Zara Lee,37,Male,Canada,3/14/2020,Free
s20108,Ethan Martin,38,Other,UK,10/28/2019,Free
s20109,Olivia Johnson,32,Male,Canada,9/2/2021,Monthly
s20110,Olivia Verma,26,Male,UK,7/1/2022,Monthly
s20111,Eva Johnson,38,Female,India,11/4/2021,Monthly
s20112,Meera Brown,22,Other,Germany,3/13/2020,Free
s20113,Lucas Moore,26,Other,Australia,2/23/2021,Monthly
s20114,Liam Miller,47,Male,UK,7/31/2020,Free
s20115,Isabella Verma,52,Male,USA,12/26/2020,Free
s20116,Eva Martin,22,Female,Australia,5/29/2021,Monthly
s20117,Isabella Wilson,23,Female,UK,1/27/2019,Monthly
s20118,Zara Walker,21,Male,Australia,8/14/2022,Monthly
s20119,Meera Thomas,50,Other,Germany,8/17/2021,Free
s20120,Benjamin Walker,42,Other,USA,6/19/2020,Yearly
s20121,Liam Singh,66,Female,Australia,9/15/2022,Monthly
s20122,Riya Sharma,48,Female,Australia,12/28/2019,Monthly
s20123,Mia Thomas,26,Female,Germany,1/21/2022,Free
s20124,Isabella Anderson,27,Other,Canada,11/14/2022,Free
s20125,Liam Wilson,18,Other,India,6/19/2022,Free
s20126,Riya Lewis,19,Female,USA,4/26/2019,Free
s20127,Aarav Verma,27,Female,Australia,8/31/2021,Yearly
s20128,Arjun Smith,24,Female,USA,10/5/2019,Yearly
s20129,Zara Martin,57,Female,Germany,12/7/2019,Monthly
s20130,Zara Sharma,19,Female,India,4/28/2019,Yearly
s20131,Sophia Lewis,63,Male,UK,5/29/2021,Monthly
s20132,Noah Clark,34,Other,India,10/5/2021,Free
s20133,Meera Wilson,18,Other,Canada,7/7/2019,Monthly
s20134,Karan Walker,42,Other,Canada,5/12/2022,Monthly
s20135,Amelia Lee,19,Female,UK,10/10/2021,Free
s20136,Lucas Johnson,35,Male,India,9/25/2020,Yearly
s20137,Riya Davis,18,Female,Germany,5/5/2020,Free
s20138,Aanya Lee,27,Other,Canada,10/25/2020,Monthly
s20139,Ethan Singh,18,Female,UK,1/29/2019,Yearly
s20140,Noah Johnson,21,Female,USA,3/11/2021,Free
s20141,Vihaan Moore,23,Female,Canada,8/30/2019,Monthly
s20142,Aarav Patel,42,Other,UK,4/30/2022,Monthly
s20143,Zara Davis,27,Female,Germany,5/19/2021,Free
s20144,Zara Miller,24,Other,Germany,2/14/2021,Yearly
s20145,Amelia Miller,19,Male,Germany,9/9/2021,Yearly
s20146,Aanya Martin,24,Female,UK,2/23/2020,Yearly
s20147,Zara Sharma,25,Other,India,6/6/2020,Yearly
s20148,Riya Anderson,20,Female,Australia,9/12/2020,Yearly
s20149,Vihaan Hall,18,Male,Germany,4/5/2022,Yearly
s20150,Zara Anderson,62,Male,UK,10/10/2020,Monthly
s20151,Noah Taylor,24,Other,Australia,7/18/2020,Monthly
s20152,Riya Moore,20,Other,USA,2/20/2019,Yearly
s20153,Lucas Singh,61,Other,Australia,6/17/2019,Monthly
s20154,Karan Anderson,44,Female,Canada,1/16/2020,Yearly
s20155,Ethan Brown,18,Male,India,4/21/2022,Monthly
s20156,Aanya Davis,27,Other,UK,8/12/2019,Monthly
s20157,Arjun Anderson,25,Male,USA,7/23/2022,Yearly
s20158,Isabella Martin,24,Female,India,4/15/2022,Monthly
s20159,Amelia Johnson,21,Other,Canada,1/26/2022,Free
s20160,Meera Moore,18,Female,Canada,9/2/2019,Yearly
s20161,Olivia Moore,20,Female,Canada,2/19/2022,Monthly
s20162,Lucas Hall,19,Male,UK,4/24/2019,Free
s20163,Noah Anderson,47,Male,USA,5/23/2021,Yearly
s20164,Aanya Singh,29,Other,UK,10/10/2019,Yearly
s20165,Karan Wilson,23,Male,USA,6/11/2020,Yearly
s20166,Riya Singh,29,Male,Australia,9/24/2022,Yearly
s20167,Amelia Taylor,41,Male,India,1/21/2020,Free
s20168,Karan Clark,54,Male,UK,10/24/2022,Yearly
s20169,Arjun Davis,23,Female,Canada,7/13/2022,Yearly
s20170,Riya Davis,36,Other,Australia,4/13/2021,Monthly
s20171,Liam Walker,35,Other,USA,8/29/2019,Monthly
s20172,Amelia Hall,53,Female,Australia,10/25/2019,Yearly
s20173,Ethan Verma,26,Female,USA,1/25/2021,Free
s20174,Amelia Moore,18,Female,Australia,3/19/2021,Free
s20175,Sophia Smith,26,Female,Australia,12/24/2022,Free
s20176,Zara Johnson,19,Female,UK,11/18/2022,Yearly
s20177,Amelia Wilson,23,Female,Germany,10/30/2021,Yearly
s20178,Mia Clark,18,Male,Australia,8/19/2019,Monthly
s20179,Benjamin Patel,25,Male,Australia,8/2/2022,Free
s20180,Ethan Verma,24,Other,Germany,3/11/2021,Monthly
s20181,Emma Brown,38,Female,Canada,1/29/2019,Monthly
s20182,Benjamin Thomas,35,Other,USA,6/18/2020,Free
s20183,Benjamin Wilson,46,Male,Canada,10/9/2022,Monthly
s20184,Riya Brown,44,Male,UK,5/25/2019,Monthly
s20185,Isabella Johnson,26,Male,Canada,4/27/2022,Free
s20186,Karan Martin,21,Male,USA,4/23/2021,Monthly
s20187,Sophia Johnson,26,Male,India,1/25/2022,Free
s20188,Benjamin Anderson,26,Other,Germany,5/10/2020,Monthly
s20189,Aanya Taylor,36,Female,UK,8/3/2019,Free
s20190,Olivia Johnson,25,Other,USA,9/21/2021,Monthly
s20191,Isabella Moore,18,Female,USA,12/16/2019,Free
s20192,Aarav Smith,47,Female,Australia,11/16/2021,Free
s20193,Sophia Clark,43,Male,Australia,7/18/2019,Monthly
s20194,Emma Verma,58,Female,Canada,11/7/2022,Free
s20195,Vihaan Lee,18,Other,Canada,6/28/2019,Monthly
s20196,Vihaan Anderson,26,Female,USA,5/29/2020,Monthly
s20197,Benjamin Lee,21,Male,Canada,10/15/2020,Free
s20198,Liam Hall,19,Male,USA,11/12/2022,Monthly
s20199,Meera Patel,28,Female,Germany,4/26/2019,Yearly
s20200,Aarav Wilson,26,Male,India,2/20/2021,Yearly
s20201,Emma Sharma,21,Female,Australia,11/28/2020,Free
s20202,Aarav Wilson,25,Female,Australia,4/9/2020,Yearly
s20203,Ethan Brown,41,Other,Canada,12/25/2019,Free
s20204,Meera Sharma,25,Female,UK,10/21/2022,Free
s20205,Riya Davis,25,Other,Canada,6/5/2020,Free
s20206,Aanya Taylor,44,Female,Australia,7/29/2021,Monthly
s20207,Karan Patel,22,Female,UK,9/1/2022,Yearly
s20208,Meera Walker,19,Female,Canada,1/17/2019,Monthly
s20209,Mia Verma,19,Other,Germany,7/23/2020,Yearly
s20210,Ethan Verma,33,Female,Australia,8/12/2022,Monthly
s20211,Sophia Clark,29,Other,Canada,2/10/2021,Yearly
s20212,Amelia Patel,24,Male,India,6/18/2022,Free
s20213,Noah Verma,25,Female,Canada,11/26/2022,Free
s20214,Noah Wilson,22,Other,India,10/24/2021,Free
s20215,Liam Martin,23,Male,UK,10/17/2021,Free
s20216,Benjamin Singh,24,Male,Canada,10/22/2021,Monthly
s20217,Aarav Martin,20,Other,USA,7/27/2021,Yearly
s20218,Emma Davis,29,Other,Canada,8/12/2022,Free
s20219,Karan Miller,40,Other,UK,3/23/2021,Free
s20220,Liam Singh,47,Female,UK,7/5/2021,Yearly
s20221,Emma Martin,29,Female,India,8/31/2022,Free
s20222,Ethan Verma,39,Other,Germany,9/19/2022,Free
s20223,Sophia Davis,22,Other,Germany,10/21/2022,Yearly
s20224,Mia Lewis,23,Female,Canada,9/17/2022,Monthly
s20225,Zara Smith,22,Female,Canada,11/8/2022,Yearly
s20226,Vihaan Taylor,31,Other,USA,1/23/2021,Yearly
s20227,Aarav Davis,37,Male,Germany,8/4/2021,Yearly
s20228,Benjamin Brown,35,Female,Canada,12/31/2020,Yearly
s20229,Aanya Sharma,26,Male,Canada,8/11/2021,Monthly
s20230,Mia Clark,36,Male,Canada,7/16/2021,Free
s20231,Olivia Patel,20,Female,India,10/11/2020,Free
s20232,Arjun Lee,22,Male,India,11/27/2020,Monthly
s20233,Ethan Hall,46,Male,Canada,6/22/2020,Yearly
s20234,Benjamin Lewis,22,Female,Canada,8/17/2019,Yearly
s20235,Lucas Moore,20,Female,Australia,3/6/2022,Monthly
s20236,Meera Thomas,21,Male,UK,8/22/2021,Yearly
s20237,Arjun Singh,21,Female,UK,6/22/2022,Yearly
s20238,Lucas Brown,21,Male,Australia,6/26/2020,Yearly
s20239,Liam Johnson,22,Male,Germany,8/16/2020,Free
s20240,Benjamin Clark,33,Male,Canada,12/1/2020,Monthly
s20241,Eva Wilson,24,Female,Australia,11/15/2022,Yearly
s20242,Meera Lee,22,Other,UK,2/7/2021,Free
s20243,Karan Miller,32,Male,UK,1/18/2022,Monthly
s20244,Liam Verma,62,Male,India,5/14/2020,Monthly
s20245,Lucas Hall,27,Female,India,1/31/2021,Monthly
s20246,Olivia Martin,30,Female,Germany,12/11/2021,Yearly
s20247,Riya Lee,22,Male,UK,5/6/2020,Free
s20248,Arjun Martin,30,Male,USA,3/9/2020,Free
s20249,Arjun Davis,24,Female,Germany,6/11/2021,Yearly
s20250,Mia Moore,19,Other,USA,6/12/2019,Monthly
s20251,Vihaan Verma,66,Other,Canada,1/18/2020,Yearly
s20252,Meera Brown,65,Other,UK,11/25/2019,Free
s20253,Liam Lewis,39,Male,USA,12/21/2020,Free
s20254,Ethan Anderson,30,Other,USA,8/10/2022,Monthly
s20255,Emma Singh,22,Other,UK,12/10/2022,Free
s20256,Olivia Anderson,54,Other,USA,7/16/2021,Free
s20257,Benjamin Lewis,22,Other,India,3/5/2022,Monthly
s20258,Riya Lewis,33,Male,Australia,3/29/2021,Yearly
s20259,Noah Patel,27,Other,USA,8/13/2020,Free
s20260,Arjun Thomas,18,Male,USA,5/7/2019,Free
s20261,Lucas Wilson,53,Female,Australia,10/1/2022,Monthly
s20262,Amelia Johnson,25,Female,India,5/21/2019,Free
s20263,Amelia Moore,30,Other,Australia,1/3/2021,Free
s20264,Arjun Thomas,20,Female,Australia,8/6/2022,Monthly
s20265,Zara Wilson,47,Other,Germany,2/26/2021,Monthly
s20266,Aanya Hall,28,Other,UK,6/14/2022,Monthly
s20267,Noah Moore,26,Other,Germany,3/11/2022,Monthly
s20268,Arjun Miller,19,Male,UK,1/28/2020,Monthly
s20269,Aanya Moore,20,Other,Germany,8/20/2022,Monthly
s20270,Zara Thomas,32,Other,Canada,5/18/2021,Yearly
s20271,Ethan Taylor,48,Male,Germany,6/11/2019,Monthly
s20272,Liam Patel,39,Male,UK,2/17/2022,Monthly
s20273,Mia Brown,26,Male,Australia,7/27/2019,Free
s20274,Ethan Hall,27,Male,India,6/20/2020,Yearly
s20275,Eva Verma,34,Other,Australia,12/29/2021,Yearly
s20276,Lucas Hall,19,Female,Australia,11/3/2019,Free
s20277,Karan Clark,42,Other,Australia,1/4/2021,Monthly
s20278,Vihaan Singh,57,Female,India,6/5/2022,Monthly
s20279,Sophia Patel,22,Male,Australia,1/6/2021,Yearly
s20280,Isabella Martin,26,Other,India,5/18/2019,Yearly
s20281,Vihaan Verma,19,Male,Australia,8/1/2022,Monthly
s20282,Zara Clark,66,Female,Australia,6/8/2019,Yearly
s20283,Liam Davis,26,Female,Germany,5/7/2019,Yearly
s20284,Ethan Anderson,25,Male,Canada,10/2/2020,Monthly
s20285,Riya Taylor,27,Female,USA,9/7/2019,Free
s20286,Lucas Verma,31,Other,Germany,11/27/2019,Free
s20287,Sophia Davis,31,Female,UK,2/2/2019,Monthly
s20288,Sophia Sharma,21,Other,India,5/31/2022,Monthly
s20289,Aarav Johnson,25,Other,Canada,8/3/2020,Monthly
s20290,Emma Verma,26,Female,India,3/7/2022,Monthly
s20291,Ethan Johnson,54,Other,Canada,6/3/2020,Free
s20292,Zara Walker,22,Other,USA,10/23/2022,Free
s20293,Amelia Wilson,25,Female,UK,10/3/2020,Yearly
s20294,Vihaan Hall,19,Other,Canada,4/29/2022,Monthly
s20295,Meera Wilson,27,Male,Australia,5/24/2020,Monthly
s20296,Vihaan Davis,24,Male,India,8/2/2022,Monthly
s20297,Mia Lewis,27,Female,Australia,7/19/2022,Yearly
s20298,Zara Sharma,18,Other,Germany,11/2/2021,Free
s20299,Liam Sharma,40,Other,India,5/9/2022,Monthly
s20300,Amelia Smith,21,Male,Australia,9/29/2021,Monthly
s20301,Vihaan Smith,21,Female,India,3/6/2022,Free
s20302,Riya Patel,21,Male,UK,9/3/2020,Yearly
s20303,Amelia Hall,20,Female,Canada,5/27/2022,Free
s20304,Olivia Martin,52,Female,Germany,11/7/2019,Free
s20305,Vihaan Clark,22,Female,Germany,1/12/2022,Free
s20306,Olivia Hall,22,Other,USA,3/14/2019,Yearly
s20307,Noah Smith,39,Male,UK,1/21/2020,Free
s20308,Lucas Johnson,49,Other,Australia,9/10/2020,Monthly
s20309,Emma Brown,23,Female,USA,11/4/2021,Monthly
s20310,Amelia Sharma,23,Male,USA,1/27/2019,Yearly
s20311,Zara Lee,26,Other,Canada,10/22/2022,Free
s20312,Vihaan Lewis,19,Other,India,10/2/2019,Free
s20313,Aarav Clark,20,Other,USA,5/10/2022,Monthly
s20314,Lucas Miller,31,Male,UK,5/19/2019,Free
s20315,Eva Hall,45,Male,Canada,7/22/2020,Monthly
s20316,Aarav Patel,19,Male,UK,4/12/2020,Monthly
s20317,Eva Patel,33,Male,Germany,6/19/2019,Monthly
s20318,Eva Martin,19,Female,Germany,7/30/2022,Free
s20319,Isabella Thomas,26,Male,Canada,4/1/2019,Yearly
s20320,Vihaan Miller,38,Other,UK,2/19/2019,Monthly
s20321,Noah Lewis,34,Male,Canada,4/16/2019,Free
s20322,Aarav Thomas,26,Male,UK,5/13/2022,Free
s20323,Arjun Clark,28,Other,USA,10/15/2019,Yearly
s20324,Emma Brown,25,Female,Germany,7/25/2020,Yearly
s20325,Vihaan Verma,33,Female,Germany,9/29/2022,Yearly
s20326,Sophia Clark,26,Other,India,3/6/2019,Free
s20327,Mia Davis,39,Male,Australia,12/1/2020,Monthly
s20328,Amelia Walker,45,Other,USA,1/6/2020,Yearly
s20329,Sophia Taylor,25,Other,USA,7/6/2022,Yearly
s20330,Arjun Sharma,26,Other,Australia,4/12/2019,Yearly
s20331,Olivia Verma,20,Other,India,6/8/2021,Monthly
s20332,Isabella Walker,27,Other,Germany,11/17/2022,Free
s20333,Riya Johnson,26,Male,Germany,4/9/2021,Yearly
s20334,Noah Clark,22,Other,Germany,3/26/2022,Yearly
s20335,Karan Verma,21,Female,Germany,12/9/2020,Free
s20336,Isabella Moore,39,Female,Australia,11/21/2019,Yearly
s20337,Lucas Johnson,27,Male,Germany,11/18/2019,Free
s20338,Riya Brown,29,Other,India,6/8/2022,Free
s20339,Amelia Anderson,20,Male,Canada,3/15/2020,Yearly
s20340,Arjun Walker,56,Other,UK,9/8/2020,Yearly
s20341,Mia Anderson,26,Female,Australia,7/11/2022,Free
s20342,Noah Clark,33,Other,USA,4/11/2021,Yearly
s20343,Mia Miller,20,Other,USA,12/6/2021,Free
s20344,Emma Patel,36,Male,Germany,1/14/2019,Free
s20345,Eva Lewis,41,Female,USA,8/24/2019,Free
s20346,Karan Smith,20,Male,USA,10/4/2022,Yearly
s20347,Riya Taylor,35,Male,USA,5/2/2022,Free
s20348,Vihaan Walker,22,Other,India,2/1/2022,Yearly
s20349,Aanya Anderson,18,Female,USA,7/15/2021,Free
s20350,Emma Taylor,24,Other,Australia,11/9/2021,Free
s20351,Meera Singh,46,Male,Germany,8/20/2022,Yearly
s20352,Zara Miller,65,Female,USA,4/10/2019,Yearly
s20353,Isabella Smith,24,Male,UK,3/23/2020,Yearly
s20354,Mia Sharma,29,Male,Canada,2/21/2020,Yearly
s20355,Noah Walker,61,Male,Canada,9/9/2021,Monthly
s20356,Isabella Anderson,43,Male,USA,7/10/2022,Free
s20357,Amelia Verma,19,Male,Canada,6/15/2022,Yearly
s20358,Amelia Walker,44,Other,Germany,6/23/2022,Monthly
s20359,Amelia Taylor,40,Male,Australia,10/6/2020,Monthly
s20360,Eva Sharma,21,Female,USA,12/26/2019,Yearly
s20361,Meera Smith,22,Male,USA,5/11/2019,Monthly
s20362,Olivia Singh,23,Female,Canada,11/13/2019,Monthly
s20363,Aanya Moore,36,Other,Germany,5/8/2020,Free
s20364,Aanya Taylor,30,Other,UK,4/25/2021,Free
s20365,Eva Thomas,28,Male,Germany,2/11/2022,Yearly
s20366,Emma Singh,43,Female,Germany,9/30/2021,Free
s20367,Vihaan Taylor,21,Male,UK,5/22/2022,Free
s20368,Olivia Sharma,27,Female,Canada,10/10/2021,Free
s20369,Ethan Patel,41,Other,Germany,1/12/2019,Monthly
s20370,Noah Martin,59,Male,Germany,8/1/2022,Monthly
s20371,Arjun Johnson,23,Male,Australia,8/30/2020,Free
s20372,Ethan Wilson,34,Male,USA,6/7/2020,Monthly
s20373,Mia Davis,22,Female,Germany,2/16/2019,Yearly
s20374,Amelia Martin,26,Other,Canada,8/19/2021,Yearly
s20375,Arjun Walker,24,Female,Canada,1/18/2020,Yearly
s20376,Vihaan Moore,19,Female,USA,7/26/2022,Yearly
s20377,Amelia Moore,26,Other,India,4/26/2021,Monthly
s20378,Riya Patel,38,Male,Canada,6/24/2021,Free
s20379,Emma Moore,28,Female,India,1/25/2019,Yearly
s20380,Aarav Johnson,19,Other,Australia,10/15/2019,Yearly
s20381,Karan Moore,19,Other,India,10/2/2020,Free
s20382,Arjun Thomas,26,Other,Germany,5/11/2022,Yearly
s20383,Mia Hall,24,Female,UK,3/2/2021,Yearly
s20384,Sophia Johnson,23,Other,Canada,8/12/2022,Monthly
s20385,Aanya Brown,22,Other,Germany,3/18/2019,Yearly
s20386,Vihaan Sharma,40,Other,Australia,3/4/2022,Yearly
s20387,Liam Lee,20,Male,Germany,6/13/2022,Monthly
s20388,Noah Brown,23,Male,Canada,1/3/2019,Monthly
s20389,Karan Davis,38,Female,Germany,11/17/2020,Monthly
s20390,Zara Verma,25,Other,Germany,9/10/2022,Yearly
s20391,Arjun Wilson,23,Male,USA,1/30/2020,Yearly
s20392,Eva Verma,21,Male,Germany,7/2/2019,Free
s20393,Riya Martin,20,Other,Germany,1/2/2019,Monthly
s20394,Arjun Walker,43,Other,UK,4/4/2020,Free
s20395,Meera Taylor,48,Female,USA,3/21/2019,Free
s20396,Noah Thomas,21,Other,Germany,3/24/2019,Yearly
s20397,Aanya Anderson,19,Female,India,5/19/2019,Monthly
s20398,Sophia Martin,41,Male,UK,8/19/2019,Monthly
s20399,Ethan Walker,26,Other,India,7/24/2021,Free
s20400,Sophia Hall,23,Other,UK,1/13/2021,Yearly
s20401,Zara Clark,45,Female,UK,4/3/2022,Yearly
s20402,Eva Anderson,22,Male,India,8/13/2021,Free
s20403,Zara Wilson,37,Female,UK,6/22/2022,Free
s20404,Zara Wilson,24,Female,Australia,7/6/2019,Free
s20405,Riya Johnson,18,Male,Australia,5/15/2019,Free
s20406,Sophia Martin,27,Other,Australia,3/14/2021,Free
s20407,Zara Johnson,24,Male,Canada,12/13/2019,Yearly
s20408,Benjamin Hall,38,Female,USA,2/2/2021,Yearly
s20409,Vihaan Taylor,18,Female,Germany,6/14/2021,Free
s20410,Olivia Singh,22,Female,Germany,10/24/2022,Free
s20411,Ethan Johnson,20,Male,Germany,12/20/2021,Free
s20412,Olivia Verma,65,Female,Australia,8/26/2020,Yearly
s20413,Riya Wilson,38,Male,Australia,5/13/2022,Free
s20414,Isabella Miller,40,Male,USA,7/15/2020,Yearly
s20415,Emma Sharma,42,Other,UK,10/25/2021,Free
s20416,Aanya Singh,21,Other,Germany,8/12/2019,Yearly
s20417,Aanya Smith,20,Other,Germany,11/3/2019,Free
s20418,Olivia Walker,21,Male,India,9/18/2022,Free
s20419,Emma Anderson,23,Male,Australia,4/29/2022,Free
s20420,Eva Thomas,25,Female,USA,1/5/2020,Free
s20421,Lucas Johnson,23,Other,Canada,5/20/2019,Yearly
s20422,Noah Verma,33,Female,Australia,6/1/2021,Free
s20423,Meera Hall,63,Other,Canada,11/16/2020,Monthly
s20424,Riya Martin,37,Other,USA,5/23/2021,Yearly
s20425,Aanya Miller,39,Female,India,9/19/2021,Free
s20426,Karan Walker,19,Other,USA,5/31/2022,Free
s20427,Liam Clark,22,Male,Australia,7/6/2021,Monthly
s20428,Meera Singh,26,Female,Canada,7/8/2022,Yearly
s20429,Riya Patel,28,Male,Germany,9/4/2022,Yearly
s20430,Mia Moore,21,Female,India,7/21/2022,Monthly
s20431,Olivia Davis,38,Other,Canada,3/1/2019,Yearly
s20432,Amelia Walker,20,Male,Australia,7/23/2021,Yearly
s20433,Meera Walker,22,Other,USA,1/29/2022,Yearly
s20434,Arjun Hall,30,Male,Germany,11/10/2020,Monthly
s20435,Mia Hall,18,Other,Canada,12/16/2021,Monthly
s20436,Noah Johnson,21,Female,India,5/19/2020,Free
s20437,Liam Brown,66,Female,India,12/13/2022,Monthly
s20438,Liam Hall,19,Female,UK,10/12/2019,Monthly
s20439,Zara Sharma,37,Female,Canada,2/5/2022,Monthly
s20440,Aanya Lewis,28,Other,India,2/19/2022,Free
s20441,Sophia Taylor,20,Other,Germany,2/2/2020,Yearly
s20442,Mia Hall,18,Other,USA,7/29/2022,Yearly
s20443,Benjamin Walker,21,Other,UK,8/15/2020,Monthly
s20444,Aarav Hall,44,Female,Germany,10/27/2021,Monthly
s20445,Emma Smith,22,Female,India,5/5/2021,Yearly
s20446,Amelia Thomas,20,Male,Australia,10/17/2020,Yearly
s20447,Noah Patel,23,Female,Germany,11/5/2020,Free
s20448,Emma Martin,50,Female,Australia,4/8/2021,Monthly
s20449,Noah Moore,35,Other,Australia,11/27/2020,Yearly
s20450,Mia Clark,35,Other,UK,12/12/2019,Yearly
s20451,Noah Patel,56,Other,USA,9/19/2022,Yearly
s20452,Meera Thomas,32,Male,Germany,1/14/2021,Monthly
s20453,Karan Wilson,44,Female,Australia,1/4/2022,Yearly
s20454,Benjamin Johnson,18,Male,Australia,11/25/2020,Yearly
s20455,Zara Lewis,56,Female,Australia,12/4/2021,Free
s20456,Aarav Martin,26,Male,USA,7/3/2022,Yearly
s20457,Liam Johnson,57,Other,USA,9/22/2022,Free
s20458,Amelia Lee,21,Other,USA,4/19/2021,Monthly
s20459,Sophia Anderson,55,Male,India,11/8/2020,Monthly
s20460,Noah Thomas,18,Other,Australia,5/20/2022,Free
s20461,Benjamin Lewis,54,Female,UK,6/30/2019,Yearly
s20462,Ethan Brown,45,Other,USA,2/7/2021,Free
s20463,Aanya Smith,21,Female,India,4/29/2021,Yearly
s20464,Karan Brown,40,Other,Germany,5/16/2022,Monthly
s20465,Lucas Taylor,26,Male,USA,10/5/2022,Monthly
s20466,Liam Davis,19,Female,Canada,7/10/2019,Yearly
s20467,Liam Walker,43,Male,Canada,3/7/2021,Monthly
s20468,Aarav Singh,18,Male,Germany,4/3/2019,Free
s20469,Isabella Davis,24,Female,UK,4/19/2019,Monthly
s20470,Aanya Thomas,29,Male,Australia,10/19/2021,Yearly
s20471,Lucas Miller,28,Other,Germany,3/16/2020,Free
s20472,Mia Smith,20,Female,Australia,3/20/2022,Monthly
s20473,Aarav Singh,53,Male,Germany,9/4/2022,Yearly
s20474,Emma Clark,31,Female,India,1/22/2021,Free
s20475,Noah Davis,38,Other,USA,8/23/2022,Monthly
s20476,Aarav Thomas,20,Male,USA,5/6/2020,Monthly
s20477,Eva Singh,32,Male,UK,12/4/2022,Free
s20478,Meera Davis,22,Female,UK,9/1/2019,Yearly
s20479,Zara Taylor,21,Other,India,1/24/2021,Monthly
s20480,Riya Patel,27,Female,Canada,5/23/2022,Monthly
s20481,Liam Anderson,21,Female,India,4/1/2021,Yearly
s20482,Karan Walker,47,Female,UK,2/12/2022,Yearly
s20483,Lucas Davis,19,Other,Germany,6/28/2020,Free
s20484,Karan Brown,20,Male,USA,4/23/2022,Monthly
s20485,Isabella Brown,40,Other,USA,1/24/2022,Yearly
s20486,Aanya Thomas,19,Female,USA,9/19/2021,Monthly
s20487,Meera Hall,63,Female,Canada,4/20/2021,Monthly
s20488,Riya Anderson,22,Other,USA,1/29/2019,Yearly
s20489,Sophia Taylor,19,Other,UK,2/5/2019,Free
s20490,Ethan Walker,43,Male,India,1/11/2021,Yearly
s20491,Olivia Lewis,29,Female,USA,12/2/2019,Yearly
s20492,Liam Anderson,26,Male,Canada,6/13/2019,Yearly
s20493,Benjamin Johnson,22,Male,India,10/6/2019,Monthly
s20494,Ethan Singh,43,Female,India,10/11/2020,Free
s20495,Zara Lee,56,Male,Canada,2/4/2019,Free
s20496,Zara Walker,42,Female,Germany,4/30/2020,Monthly
s20497,Emma Anderson,25,Other,Germany,2/20/2021,Monthly
s20498,Lucas Walker,18,Female,India,10/24/2022,Free
s20499,Eva Walker,25,Male,Canada,1/1/2019,Free
s20500,Arjun Anderson,19,Male,Germany,10/3/2022,Free
s20501,Liam Lee,61,Female,Germany,11/16/2019,Monthly
s20502,Arjun Brown,22,Female,Canada,2/15/2019,Yearly
s20503,Mia Davis,52,Female,Australia,2/5/2019,Free
s20504,Benjamin Brown,39,Male,UK,5/31/2019,Monthly
s20505,Noah Davis,37,Male,Germany,4/12/2020,Monthly
s20506,Noah Clark,18,Other,Australia,9/3/2021,Yearly
s20507,Sophia Moore,25,Male,Germany,10/17/2019,Monthly
s20508,Ethan Lee,23,Female,Germany,7/17/2019,Monthly
s20509,Benjamin Miller,50,Male,Australia,10/25/2021,Free
s20510,Aanya Johnson,32,Female,Canada,12/2/2020,Free
s20511,Sophia Wilson,25,Female,USA,2/4/2020,Yearly
s20512,Sophia Davis,22,Female,USA,9/14/2021,Monthly
s20513,Isabella Patel,20,Male,USA,7/8/2019,Monthly
s20514,Karan Taylor,43,Female,Australia,6/17/2021,Yearly
s20515,Riya Sharma,41,Female,Australia,4/11/2020,Monthly
s20516,Olivia Smith,52,Other,Germany,4/11/2022,Free
s20517,Emma Singh,27,Female,Australia,10/4/2019,Yearly
s20518,Riya Miller,31,Female,Germany,11/4/2022,Yearly
s20519,Eva Moore,34,Female,Germany,6/13/2022,Yearly
s20520,Noah Thomas,27,Other,USA,4/12/2022,Monthly
s20521,Karan Smith,61,Male,USA,11/19/2020,Yearly
s20522,Noah Lewis,30,Male,USA,9/7/2019,Free
s20523,Mia Moore,27,Male,Germany,10/26/2021,Yearly
s20524,Liam Lee,23,Other,Germany,1/5/2020,Free
s20525,Eva Thomas,20,Female,Canada,7/17/2022,Yearly
s20526,Emma Brown,25,Other,Australia,4/16/2022,Yearly
s20527,Mia Brown,27,Female,Germany,2/17/2021,Free
s20528,Vihaan Anderson,34,Female,USA,2/22/2021,Free
s20529,Isabella Patel,19,Female,Canada,4/29/2019,Free
s20530,Isabella Wilson,18,Female,USA,9/7/2020,Free
s20531,Benjamin Davis,21,Other,USA,7/16/2020,Monthly
s20532,Liam Brown,33,Female,India,4/9/2021,Free
s20533,Aanya Smith,19,Male,Australia,4/3/2022,Yearly
s20534,Riya Anderson,22,Other,UK,9/29/2020,Monthly
s20535,Olivia Sharma,53,Other,UK,3/7/2021,Free
s20536,Arjun Davis,22,Female,Canada,6/14/2019,Free
s20537,Vihaan Taylor,18,Male,India,11/28/2021,Free
s20538,Liam Clark,27,Female,USA,5/18/2019,Yearly
s20539,Riya Miller,25,Female,Australia,8/28/2022,Yearly
s20540,Emma Johnson,42,Female,Australia,9/7/2020,Monthly
s20541,Liam Taylor,40,Other,India,10/9/2022,Yearly
s20542,Liam Brown,25,Other,Germany,12/24/2020,Free
s20543,Amelia Walker,22,Female,Canada,3/26/2019,Yearly
s20544,Amelia Smith,25,Male,UK,4/30/2021,Yearly
s20545,Arjun Thomas,20,Male,Canada,4/3/2021,Free
s20546,Liam Wilson,42,Other,Australia,11/16/2019,Monthly
s20547,Arjun Wilson,38,Female,USA,8/9/2022,Monthly
s20548,Zara Hall,62,Female,Germany,10/10/2021,Monthly
s20549,Isabella Johnson,22,Female,Germany,9/19/2019,Monthly
s20550,Benjamin Brown,49,Male,Canada,3/10/2022,Free
s20551,Meera Thomas,26,Male,Canada,12/24/2019,Monthly
s20552,Mia Martin,56,Male,UK,4/25/2022,Yearly
s20553,Benjamin Sharma,28,Other,Australia,3/23/2022,Free
s20554,Riya Lee,25,Other,Germany,3/13/2019,Free
s20555,Eva Davis,23,Male,Australia,12/23/2021,Monthly
s20556,Mia Anderson,47,Other,India,8/24/2020,Monthly
s20557,Arjun Lee,47,Male,USA,3/1/2019,Monthly
s20558,Mia Sharma,24,Female,UK,3/23/2020,Free
s20559,Aarav Hall,18,Male,Germany,6/28/2019,Yearly
s20560,Noah Miller,20,Female,Germany,2/21/2020,Free
s20561,Aarav Martin,25,Male,UK,12/19/2019,Yearly
s20562,Ethan Davis,18,Female,UK,4/26/2021,Yearly
s20563,Sophia Hall,23,Female,UK,4/26/2020,Free
s20564,Karan Clark,18,Other,Australia,6/4/2021,Free
s20565,Liam Brown,23,Male,India,4/13/2022,Free
s20566,Aarav Verma,21,Male,USA,10/20/2022,Yearly
s20567,Karan Anderson,27,Male,Germany,5/26/2022,Free
s20568,Noah Anderson,26,Male,India,2/9/2022,Monthly
s20569,Amelia Moore,21,Female,India,10/11/2021,Free
s20570,Sophia Brown,47,Other,Canada,9/29/2021,Yearly
s20571,Ethan Hall,43,Female,Australia,11/29/2020,Free
s20572,Riya Walker,19,Male,USA,9/10/2020,Free
s20573,Emma Taylor,22,Male,Australia,9/10/2019,Yearly
s20574,Ethan Johnson,26,Female,Canada,10/29/2021,Yearly
s20575,Noah Brown,34,Other,USA,1/15/2019,Yearly
s20576,Mia Anderson,66,Other,Germany,6/12/2020,Free
s20577,Aarav Wilson,45,Other,India,11/2/2019,Monthly
s20578,Arjun Walker,22,Other,Canada,9/20/2022,Free
s20579,Isabella Hall,23,Female,India,10/26/2020,Yearly
s20580,Isabella Miller,18,Female,UK,8/7/2021,Monthly
s20581,Riya Anderson,47,Male,India,3/7/2021,Free
s20582,Isabella Miller,29,Other,UK,1/17/2019,Free
s20583,Emma Walker,38,Other,USA,6/21/2022,Monthly
s20584,Lucas Patel,26,Female,India,1/18/2021,Free
s20585,Sophia Martin,20,Other,Germany,3/7/2022,Yearly
s20586,Sophia Sharma,20,Male,Australia,1/25/2019,Free
s20587,Aarav Anderson,26,Other,Germany,5/4/2021,Monthly
s20588,Karan Lewis,67,Other,Germany,4/7/2021,Free
s20589,Arjun Johnson,29,Female,Germany,8/27/2021,Monthly
s20590,Lucas Brown,25,Other,Australia,8/19/2022,Monthly
s20591,Ethan Miller,20,Female,India,7/8/2019,Monthly
s20592,Mia Hall,52,Female,India,1/30/2022,Monthly
s20593,Karan Taylor,26,Female,Canada,9/1/2021,Monthly
s20594,Aarav Lee,53,Male,USA,10/20/2019,Monthly
s20595,Noah Clark,25,Male,USA,11/14/2021,Monthly
s20596,Vihaan Clark,39,Female,Germany,10/12/2022,Yearly
s20597,Emma Lee,21,Other,Canada,1/27/2022,Yearly
s20598,Emma Sharma,22,Female,Germany,10/30/2020,Yearly
s20599,Vihaan Anderson,44,Other,USA,3/7/2020,Yearly
s20600,Isabella Wilson,21,Other,Canada,11/29/2019,Free
s20601,Lucas Hall,43,Male,Germany,4/24/2022,Monthly
s20602,Amelia Davis,47,Other,UK,1/31/2022,Yearly
s20603,Zara Lee,42,Other,Australia,5/17/2019,Yearly
s20604,Noah Martin,51,Male,India,9/6/2019,Free
s20605,Ethan Miller,26,Other,India,2/9/2021,Yearly
s20606,Emma Brown,22,Male,India,11/2/2019,Free
s20607,Aarav Walker,45,Female,USA,10/28/2021,Yearly
s20608,Sophia Davis,47,Other,Canada,11/24/2019,Yearly
s20609,Isabella Smith,28,Male,Germany,2/3/2019,Free
s20610,Isabella Singh,23,Male,USA,9/4/2020,Free
s20611,Mia Taylor,47,Male,India,3/29/2022,Free
s20612,Aanya Taylor,23,Male,UK,3/30/2020,Free
s20613,Amelia Johnson,20,Female,Germany,4/27/2022,Free
s20614,Ethan Martin,21,Other,Australia,3/12/2019,Yearly
s20615,Vihaan Walker,30,Other,USA,9/3/2020,Free
s20616,Sophia Johnson,22,Male,USA,8/12/2022,Free
s20617,Mia Sharma,51,Other,Germany,10/18/2020,Free
s20618,Aarav Anderson,37,Male,Germany,8/22/2019,Free
s20619,Lucas Smith,23,Female,Germany,6/29/2021,Free
s20620,Isabella Miller,25,Female,Australia,12/20/2021,Monthly
s20621,Olivia Smith,25,Female,Germany,3/25/2020,Free
s20622,Aanya Martin,18,Female,Canada,8/23/2019,Yearly
s20623,Noah Moore,40,Male,Australia,7/13/2022,Yearly
s20624,Arjun Brown,27,Male,Canada,12/24/2019,Free
s20625,Liam Smith,26,Other,UK,11/2/2022,Monthly
s20626,Emma Lewis,25,Other,UK,8/21/2020,Free
s20627,Olivia Sharma,19,Other,Australia,6/16/2020,Monthly
s20628,Noah Martin,24,Female,Germany,12/2/2019,Yearly
s20629,Benjamin Clark,24,Other,Germany,10/21/2021,Free
s20630,Emma Wilson,27,Other,UK,4/26/2021,Free
s20631,Mia Singh,48,Other,India,4/3/2022,Yearly
s20632,Aanya Taylor,24,Female,Australia,5/22/2021,Yearly
s20633,Isabella Johnson,19,Male,UK,1/17/2021,Monthly
s20634,Emma Clark,24,Male,USA,9/1/2019,Yearly
s20635,Ethan Taylor,44,Female,UK,2/23/2019,Monthly
s20636,Mia Verma,21,Other,USA,3/23/2021,Yearly
s20637,Karan Sharma,50,Female,Germany,6/4/2020,Monthly
s20638,Aanya Patel,24,Male,Australia,9/28/2019,Monthly
s20639,Aarav Miller,19,Female,Australia,12/15/2019,Free
s20640,Eva Patel,18,Male,Germany,8/29/2019,Free
s20641,Benjamin Walker,26,Male,India,10/12/2019,Monthly
s20642,Zara Davis,25,Female,Germany,8/4/2019,Yearly
s20643,Isabella Sharma,44,Male,Australia,8/6/2019,Monthly
s20644,Emma Verma,22,Female,USA,11/14/2020,Yearly
s20645,Zara Smith,26,Other,USA,5/11/2020,Yearly
s20646,Emma Martin,24,Female,Canada,8/11/2021,Free
s20647,Amelia Clark,25,Male,USA,8/24/2021,Free
s20648,Riya Taylor,22,Male,Canada,7/5/2020,Monthly
s20649,Liam Anderson,27,Male,USA,2/27/2021,Free
s20650,Benjamin Sharma,26,Other,Canada,1/25/2022,Free
s20651,Sophia Patel,21,Other,India,11/8/2022,Monthly
s20652,Riya Brown,43,Female,Australia,10/16/2020,Monthly
s20653,Amelia Thomas,22,Female,Australia,1/21/2021,Yearly
s20654,Aanya Moore,18,Other,UK,1/20/2020,Monthly
s20655,Aanya Brown,42,Other,Australia,11/29/2021,Free
s20656,Karan Moore,26,Other,Australia,12/25/2021,Free
s20657,Karan Taylor,61,Female,India,5/25/2022,Free
s20658,Isabella Sharma,31,Male,Australia,6/15/2021,Yearly
s20659,Aanya Lewis,27,Male,Australia,1/16/2022,Monthly
s20660,Emma Walker,24,Female,India,8/17/2021,Yearly
s20661,Olivia Singh,54,Male,Canada,5/4/2021,Monthly
s20662,Noah Lewis,26,Male,India,1/9/2020,Free
s20663,Aarav Martin,40,Male,Germany,9/22/2022,Monthly
s20664,Mia Taylor,25,Male,Germany,3/28/2019,Free
s20665,Emma Wilson,27,Male,India,7/21/2019,Yearly
s20666,Riya Thomas,63,Other,Australia,7/12/2022,Free
s20667,Zara Smith,18,Male,Canada,7/10/2022,Free
s20668,Arjun Martin,27,Other,Germany,1/11/2022,Monthly
s20669,Karan Walker,23,Male,USA,11/15/2021,Monthly
s20670,Lucas Davis,24,Female,Germany,2/14/2020,Monthly
s20671,Riya Martin,41,Other,Germany,1/20/2019,Monthly
s20672,Sophia Clark,56,Female,Canada,6/17/2021,Yearly
s20673,Lucas Lewis,44,Female,USA,10/6/2019,Yearly
s20674,Vihaan Moore,39,Other,Canada,12/14/2019,Free
s20675,Ethan Miller,38,Male,UK,8/28/2019,Free
s20676,Meera Lee,40,Other,Australia,7/2/2022,Yearly
s20677,Meera Lewis,23,Male,India,11/12/2022,Yearly
s20678,Isabella Moore,44,Female,Germany,9/15/2019,Yearly
s20679,Aanya Smith,38,Other,India,9/16/2021,Yearly
s20680,Vihaan Taylor,27,Male,Canada,1/5/2019,Monthly
s20681,Olivia Sharma,42,Male,India,1/24/2020,Free
s20682,Karan Martin,18,Female,UK,8/30/2022,Free
s20683,Mia Davis,39,Other,Germany,9/15/2021,Yearly
s20684,Zara Davis,51,Male,Germany,10/6/2022,Free
s20685,Ethan Johnson,25,Male,Canada,12/26/2022,Monthly
s20686,Riya Hall,32,Other,Canada,6/20/2022,Free
s20687,Karan Hall,20,Other,UK,1/5/2020,Yearly
s20688,Karan Johnson,26,Male,USA,2/22/2020,Monthly
s20689,Arjun Johnson,51,Male,Canada,9/20/2021,Free
s20690,Emma Lee,46,Other,Germany,4/5/2022,Free
s20691,Olivia Hall,23,Male,UK,3/8/2021,Monthly
s20692,Riya Lewis,23,Female,USA,9/20/2019,Free
s20693,Meera Martin,23,Other,USA,9/26/2021,Yearly
s20694,Benjamin Thomas,25,Male,Canada,1/27/2021,Yearly
s20695,Eva Lee,19,Female,Canada,8/10/2022,Free
s20696,Isabella Moore,26,Male,Australia,2/1/2021,Yearly
s20697,Arjun Lee,39,Other,India,7/4/2020,Monthly
s20698,Amelia Walker,22,Female,Australia,7/27/2020,Yearly
s20699,Emma Hall,24,Other,UK,3/23/2019,Yearly
s20700,Mia Walker,23,Female,UK,2/7/2019,Free
s20701,Amelia Singh,65,Male,UK,12/12/2020,Monthly
s20702,Sophia Patel,26,Female,Australia,8/4/2022,Free
s20703,Arjun Taylor,46,Female,Germany,1/27/2021,Yearly
s20704,Aanya Thomas,23,Male,Canada,12/24/2021,Monthly
s20705,Vihaan Patel,18,Male,USA,1/4/2021,Monthly
s20706,Amelia Martin,66,Male,UK,10/23/2021,Free
s20707,Aarav Smith,40,Female,UK,2/17/2019,Free
s20708,Eva Martin,22,Other,UK,5/16/2021,Free
s20709,Amelia Thomas,58,Other,USA,2/29/2020,Monthly
s20710,Karan Davis,42,Other,Canada,6/6/2019,Yearly
s20711,Benjamin Anderson,22,Female,Canada,2/25/2020,Monthly
s20712,Sophia Smith,40,Other,Australia,2/20/2022,Free
s20713,Arjun Sharma,18,Male,India,5/10/2020,Monthly
s20714,Liam Sharma,30,Female,UK,1/1/2019,Yearly
s20715,Meera Lewis,23,Female,Australia,5/23/2022,Free
s20716,Mia Clark,25,Male,USA,9/23/2022,Yearly
s20717,Amelia Verma,27,Female,USA,3/5/2021,Monthly
s20718,Mia Miller,60,Female,India,11/12/2019,Yearly
s20719,Aanya Patel,38,Male,UK,8/12/2022,Monthly
s20720,Karan Wilson,33,Female,USA,11/22/2020,Yearly
s20721,Mia Wilson,25,Male,Australia,10/1/2020,Free
s20722,Olivia Clark,21,Male,Australia,7/27/2020,Yearly
s20723,Eva Anderson,26,Female,Canada,8/15/2019,Free
s20724,Emma Miller,20,Male,Germany,9/7/2020,Monthly
s20725,Emma Martin,31,Female,Canada,7/6/2019,Monthly
s20726,Karan Anderson,66,Male,UK,4/13/2021,Free
s20727,Zara Walker,29,Female,Germany,8/10/2021,Monthly
s20728,Noah Johnson,24,Female,USA,5/22/2022,Monthly
s20729,Benjamin Brown,19,Other,Germany,8/4/2022,Yearly
s20730,Arjun Smith,21,Other,Australia,3/8/2020,Yearly
s20731,Zara Wilson,65,Male,UK,1/4/2021,Yearly
s20732,Aarav Lewis,37,Male,Canada,3/29/2021,Free
s20733,Zara Walker,20,Male,UK,9/19/2021,Monthly
s20734,Riya Brown,23,Female,India,12/3/2020,Yearly
s20735,Zara Patel,26,Female,USA,12/31/2020,Yearly
s20736,Aanya Johnson,37,Male,Germany,4/29/2020,Free
s20737,Liam Walker,26,Other,India,1/21/2021,Monthly
s20738,Emma Verma,27,Other,India,9/28/2021,Free
s20739,Liam Johnson,33,Other,UK,6/30/2019,Free
s20740,Meera Lewis,33,Other,Australia,11/5/2022,Monthly
s20741,Isabella Thomas,61,Female,Australia,12/25/2022,Monthly
s20742,Olivia Moore,43,Male,India,11/6/2020,Monthly
s20743,Emma Clark,64,Male,UK,8/13/2019,Monthly
s20744,Aarav Martin,20,Other,India,5/17/2021,Free
s20745,Lucas Hall,24,Female,Germany,8/21/2020,Monthly
s20746,Riya Moore,62,Other,Canada,8/14/2019,Yearly
s20747,Isabella Davis,29,Male,USA,4/14/2021,Free
s20748,Arjun Clark,64,Other,UK,5/30/2022,Yearly
s20749,Lucas Anderson,33,Female,UK,11/10/2022,Free
s20750,Sophia Thomas,46,Male,Canada,7/9/2020,Yearly
s20751,Karan Johnson,65,Female,USA,12/1/2021,Monthly
s20752,Aanya Thomas,25,Male,USA,1/11/2021,Monthly
s20753,Karan Verma,45,Other,USA,4/4/2019,Monthly
s20754,Amelia Miller,20,Female,UK,6/2/2019,Free
s20755,Emma Smith,25,Female,Australia,3/3/2019,Monthly
s20756,Meera Johnson,43,Other,UK,7/22/2021,Yearly
s20757,Liam Singh,18,Female,Germany,2/10/2020,Monthly
s20758,Olivia Sharma,54,Male,USA,8/18/2020,Monthly
s20759,Benjamin Singh,29,Male,Canada,6/11/2019,Free
s20760,Liam Miller,29,Female,USA,4/22/2020,Monthly
s20761,Riya Clark,18,Other,USA,2/25/2022,Free
s20762,Eva Miller,19,Female,USA,1/14/2022,Free
s20763,Noah Lewis,21,Other,Australia,2/27/2021,Yearly
s20764,Isabella Lewis,20,Female,India,10/27/2020,Free
s20765,Emma Clark,19,Other,UK,12/17/2022,Free
s20766,Eva Anderson,21,Female,Germany,8/28/2019,Yearly
s20767,Zara Taylor,38,Other,India,12/15/2022,Yearly
s20768,Meera Patel,40,Other,Canada,12/11/2020,Yearly
s20769,Meera Johnson,64,Male,Australia,9/27/2021,Monthly
s20770,Arjun Verma,24,Other,USA,1/12/2019,Monthly
s20771,Lucas Anderson,22,Female,USA,8/7/2020,Yearly
s20772,Aarav Singh,40,Female,Australia,5/17/2019,Yearly
s20773,Sophia Clark,19,Other,Canada,1/5/2019,Monthly
s20774,Aarav Singh,48,Other,India,9/27/2020,Yearly
s20775,Noah Wilson,22,Other,India,2/14/2021,Free
s20776,Karan Verma,25,Male,India,8/20/2022,Monthly
s20777,Meera Davis,22,Female,USA,3/24/2021,Monthly
s20778,Noah Brown,44,Male,Canada,9/2/2021,Yearly
s20779,Lucas Clark,40,Male,India,1/21/2020,Yearly
s20780,Ethan Johnson,21,Female,UK,7/29/2022,Yearly
s20781,Aarav Walker,54,Female,USA,4/7/2019,Yearly
s20782,Amelia Sharma,18,Other,Canada,11/25/2020,Monthly
s20783,Aanya Walker,18,Male,Germany,7/12/2021,Free
s20784,Vihaan Anderson,22,Female,USA,7/10/2019,Free
s20785,Benjamin Thomas,33,Female,India,3/8/2021,Free
s20786,Benjamin Anderson,20,Male,Australia,4/5/2020,Monthly
s20787,Lucas Wilson,26,Other,India,4/12/2022,Monthly
s20788,Noah Thomas,19,Female,Germany,8/10/2020,Free
s20789,Isabella Patel,40,Other,Australia,10/15/2021,Monthly
s20790,Benjamin Taylor,18,Other,Germany,3/22/2021,Monthly
s20791,Eva Anderson,37,Other,Germany,6/15/2019,Free
s20792,Riya Davis,19,Male,UK,6/25/2019,Free
s20793,Aarav Davis,20,Male,UK,7/13/2021,Yearly
s20794,Eva Martin,20,Male,UK,7/16/2019,Yearly
s20795,Liam Lewis,18,Male,Canada,9/6/2022,Yearly
s20796,Sophia Sharma,39,Male,Australia,8/2/2022,Free
s20797,Mia Patel,20,Female,India,1/29/2019,Monthly
s20798,Zara Lee,21,Other,India,10/16/2021,Monthly
s20799,Olivia Anderson,32,Male,USA,7/13/2021,Free
s20800,Aarav Walker,41,Male,UK,9/14/2020,Free
s20801,Amelia Wilson,20,Female,Germany,10/31/2019,Monthly
s20802,Arjun Miller,23,Female,UK,6/11/2019,Monthly
s20803,Mia Thomas,18,Male,USA,1/9/2021,Free
s20804,Amelia Verma,65,Other,USA,10/27/2020,Free
s20805,Benjamin Walker,32,Other,USA,3/17/2021,Free
s20806,Amelia Anderson,35,Female,USA,2/17/2022,Yearly
s20807,Zara Singh,21,Other,India,12/7/2020,Monthly
s20808,Lucas Brown,20,Male,Canada,7/12/2021,Yearly
s20809,Meera Lee,23,Other,Canada,3/6/2019,Yearly
s20810,Mia Patel,34,Female,India,4/2/2022,Monthly
s20811,Vihaan Patel,22,Male,UK,1/30/2021,Monthly
s20812,Benjamin Moore,18,Female,Canada,2/24/2021,Free
s20813,Sophia Miller,27,Female,USA,1/26/2019,Yearly
s20814,Liam Lee,61,Male,India,11/12/2019,Yearly
s20815,Eva Hall,43,Female,USA,2/2/2022,Monthly
s20816,Eva Patel,18,Male,UK,12/8/2021,Monthly
s20817,Mia Clark,38,Female,Germany,9/25/2019,Free
s20818,Sophia Wilson,46,Other,USA,7/22/2020,Free
s20819,Amelia Brown,42,Male,Australia,4/11/2022,Monthly
s20820,Liam Hall,32,Male,Australia,10/22/2019,Yearly
s20821,Sophia Anderson,24,Male,Canada,8/17/2019,Yearly
s20822,Noah Wilson,21,Other,Canada,1/29/2019,Monthly
s20823,Amelia Walker,26,Female,UK,1/25/2022,Monthly
s20824,Zara Taylor,24,Male,Australia,1/9/2021,Monthly
s20825,Mia Verma,20,Female,Germany,9/28/2019,Yearly
s20826,Meera Lewis,24,Other,Germany,8/28/2020,Free
s20827,Karan Moore,21,Male,USA,6/27/2020,Yearly
s20828,Karan Johnson,18,Male,USA,11/4/2022,Free
s20829,Eva Patel,18,Female,Australia,1/28/2020,Yearly
s20830,Eva Miller,38,Male,USA,6/28/2022,Monthly
s20831,Vihaan Verma,25,Male,Germany,5/3/2019,Monthly
s20832,Riya Davis,26,Female,Canada,2/16/2019,Yearly
s20833,Riya Patel,24,Male,Germany,10/2/2022,Monthly
s20834,Zara Taylor,37,Other,India,11/15/2020,Yearly
s20835,Vihaan Brown,19,Other,Australia,2/4/2021,Yearly
s20836,Mia Anderson,23,Female,Australia,6/27/2021,Yearly
s20837,Eva Lee,43,Female,India,4/6/2019,Free
s20838,Vihaan Singh,41,Female,Australia,5/19/2021,Free
s20839,Zara Lewis,66,Male,UK,1/24/2022,Free
s20840,Amelia Verma,19,Male,Germany,3/19/2021,Monthly
s20841,Riya Davis,26,Other,Germany,11/12/2019,Monthly
s20842,Olivia Thomas,23,Female,India,9/5/2020,Yearly
s20843,Vihaan Brown,39,Other,India,6/14/2020,Free
s20844,Sophia Wilson,54,Other,Australia,3/20/2022,Free
s20845,Sophia Walker,55,Male,Canada,7/16/2020,Monthly
s20846,Zara Davis,34,Female,Germany,4/19/2019,Monthly
s20847,Vihaan Lewis,19,Male,Canada,10/1/2019,Monthly
s20848,Arjun Patel,29,Male,Germany,4/1/2019,Yearly
s20849,Meera Smith,25,Male,USA,10/21/2019,Yearly
s20850,Vihaan Brown,47,Other,UK,11/14/2022,Monthly
s20851,Liam Miller,25,Other,Canada,1/18/2019,Yearly
s20852,Olivia Walker,25,Male,USA,8/11/2022,Free
s20853,Benjamin Lee,22,Other,Australia,9/18/2020,Monthly
s20854,Liam Verma,29,Male,Canada,2/18/2019,Monthly
s20855,Riya Johnson,22,Female,Germany,6/21/2020,Monthly
s20856,Benjamin Walker,20,Other,Germany,8/26/2019,Monthly
s20857,Riya Brown,24,Male,USA,11/3/2019,Free
s20858,Zara Singh,21,Male,Germany,10/3/2021,Yearly
s20859,Ethan Hall,26,Male,Germany,5/2/2019,Yearly
s20860,Liam Smith,18,Male,Germany,4/20/2019,Free
s20861,Emma Singh,40,Other,Germany,1/22/2021,Yearly
s20862,Meera Martin,21,Female,USA,8/17/2020,Yearly
s20863,Mia Miller,23,Other,India,9/10/2021,Yearly
s20864,Arjun Thomas,31,Male,USA,9/18/2022,Free
s20865,Aarav Martin,64,Male,Canada,5/6/2020,Yearly
s20866,Riya Wilson,44,Female,Germany,11/16/2022,Monthly
s20867,Isabella Martin,50,Other,India,10/22/2021,Free
s20868,Lucas Martin,42,Female,UK,2/2/2021,Monthly
s20869,Olivia Miller,42,Male,Australia,2/26/2022,Free
s20870,Amelia Patel,28,Male,Germany,5/2/2022,Monthly
s20871,Vihaan Moore,22,Other,UK,5/4/2020,Free
s20872,Noah Wilson,20,Male,USA,2/10/2021,Free
s20873,Riya Walker,35,Other,Australia,12/17/2021,Free
s20874,Mia Sharma,39,Male,India,1/20/2020,Monthly
s20875,Zara Singh,18,Other,Canada,5/7/2019,Yearly
s20876,Benjamin Lewis,23,Other,Canada,1/24/2019,Monthly
s20877,Noah Clark,18,Other,UK,5/9/2020,Monthly
s20878,Aarav Johnson,42,Female,Germany,3/15/2021,Monthly
s20879,Aarav Sharma,22,Male,Germany,9/7/2020,Free
s20880,Sophia Verma,52,Male,UK,4/3/2019,Free
s20881,Benjamin Taylor,21,Female,UK,5/20/2020,Monthly
s20882,Lucas Moore,22,Male,India,1/30/2019,Yearly
s20883,Arjun Hall,21,Other,Canada,11/6/2022,Free
s20884,Isabella Hall,24,Other,Canada,7/17/2020,Yearly
s20885,Emma Verma,27,Other,UK,5/23/2021,Monthly
s20886,Benjamin Johnson,23,Male,Germany,3/19/2021,Free
s20887,Riya Lewis,44,Other,Germany,1/21/2022,Yearly
s20888,Eva Sharma,20,Male,Canada,1/26/2020,Monthly
s20889,Lucas Davis,43,Female,UK,11/11/2019,Monthly
s20890,Meera Wilson,23,Female,India,7/7/2021,Free
s20891,Olivia Moore,39,Other,India,2/11/2022,Free
s20892,Aanya Singh,44,Other,UK,9/22/2021,Monthly
s20893,Meera Walker,22,Other,India,6/14/2019,Free
s20894,Lucas Taylor,25,Female,UK,3/11/2021,Free
s20895,Meera Walker,58,Female,Australia,12/6/2021,Free
s20896,Emma Anderson,48,Male,USA,9/11/2021,Monthly
s20897,Aarav Moore,39,Male,Canada,6/9/2020,Free
s20898,Aarav Wilson,20,Other,Canada,6/27/2020,Yearly
s20899,Emma Davis,33,Female,Germany,9/27/2020,Free
s20900,Zara Moore,23,Male,Australia,4/19/2020,Free
s20901,Sophia Johnson,21,Male,Germany,10/6/2020,Free
s20902,Karan Miller,58,Female,India,5/29/2022,Free
s20903,Lucas Verma,26,Male,UK,2/4/2019,Free
s20904,Riya Brown,42,Female,USA,11/18/2020,Monthly
s20905,Mia Johnson,24,Other,India,2/25/2022,Monthly
s20906,Ethan Wilson,35,Female,USA,11/12/2019,Yearly
s20907,Riya Miller,33,Male,Australia,3/1/2021,Monthly
s20908,Arjun Sharma,21,Male,Germany,1/14/2019,Yearly
s20909,Karan Thomas,44,Male,UK,12/23/2020,Free
s20910,Mia Clark,41,Male,USA,8/22/2022,Yearly
s20911,Isabella Lee,27,Female,Germany,3/2/2022,Yearly
s20912,Zara Verma,36,Female,Australia,1/19/2020,Free
s20913,Lucas Singh,29,Male,USA,3/3/2020,Monthly
s20914,Mia Johnson,30,Male,USA,12/22/2019,Yearly
s20915,Liam Martin,23,Female,USA,10/9/2020,Monthly
s20916,Aarav Clark,34,Male,Canada,10/14/2021,Yearly
s20917,Zara Brown,28,Other,UK,7/18/2021,Yearly
s20918,Arjun Thomas,33,Male,UK,5/3/2020,Yearly
s20919,Eva Johnson,32,Female,Australia,12/7/2021,Yearly
s20920,Arjun Singh,41,Female,USA,7/31/2020,Yearly
s20921,Isabella Brown,21,Female,Canada,11/15/2021,Free
s20922,Aanya Hall,20,Other,Canada,11/21/2021,Monthly
s20923,Aarav Anderson,47,Male,UK,5/15/2019,Yearly
s20924,Meera Hall,19,Female,Germany,8/4/2021,Monthly
s20925,Eva Hall,22,Male,UK,11/16/2021,Free
s20926,Meera Smith,21,Other,Canada,10/28/2021,Yearly
s20927,Benjamin Clark,33,Male,UK,4/26/2019,Free
s20928,Aanya Anderson,33,Male,Australia,12/14/2022,Yearly
s20929,Mia Patel,43,Male,Australia,9/1/2019,Yearly
s20930,Olivia Moore,35,Other,UK,6/25/2022,Yearly
s20931,Mia Anderson,35,Female,UK,8/8/2022,Free
s20932,Amelia Sharma,18,Male,USA,1/30/2019,Monthly
s20933,Mia Thomas,27,Female,USA,9/29/2022,Free
s20934,Olivia Lee,25,Male,Canada,5/11/2020,Monthly
s20935,Aarav Walker,30,Other,UK,3/22/2020,Free
s20936,Aanya Verma,24,Male,India,10/12/2021,Free
s20937,Eva Singh,27,Other,USA,10/10/2022,Monthly
s20938,Olivia Sharma,19,Male,USA,2/22/2021,Monthly
s20939,Benjamin Smith,38,Female,Australia,2/2/2019,Yearly
s20940,Meera Singh,18,Female,UK,7/7/2022,Monthly
s20941,Noah Singh,20,Male,Germany,8/9/2019,Yearly
s20942,Eva Brown,24,Other,Germany,11/5/2019,Free
s20943,Eva Patel,24,Male,Canada,11/1/2019,Yearly
s20944,Lucas Miller,22,Female,Germany,1/10/2019,Monthly
s20945,Riya Miller,26,Male,USA,1/28/2022,Free
s20946,Arjun Verma,44,Female,USA,10/23/2022,Free
s20947,Sophia Thomas,20,Other,USA,3/7/2019,Yearly
s20948,Eva Thomas,20,Female,Germany,9/18/2019,Yearly
s20949,Eva Walker,27,Female,India,6/4/2019,Yearly
s20950,Ethan Wilson,43,Other,Canada,11/12/2021,Yearly
s20951,Liam Lee,21,Other,India,10/15/2020,Yearly
s20952,Sophia Davis,32,Male,India,2/14/2022,Yearly
s20953,Isabella Lewis,57,Other,Australia,6/2/2021,Yearly
s20954,Arjun Wilson,41,Male,Germany,8/24/2022,Yearly
s20955,Isabella Moore,18,Male,USA,12/18/2020,Monthly
s20956,Aarav Lee,24,Female,Canada,2/8/2021,Free
s20957,Lucas Lewis,22,Other,Canada,12/21/2019,Yearly
s20958,Isabella Hall,18,Female,UK,3/22/2019,Monthly
s20959,Noah Taylor,52,Female,India,2/28/2021,Monthly
s20960,Lucas Verma,46,Other,India,12/30/2020,Free
s20961,Ethan Miller,32,Other,USA,1/6/2020,Monthly
s20962,Eva Hall,24,Male,Australia,2/21/2020,Free
s20963,Amelia Anderson,26,Male,Canada,11/5/2022,Free
s20964,Lucas Lewis,24,Male,UK,9/2/2019,Monthly
s20965,Meera Miller,24,Male,Germany,5/12/2019,Monthly
s20966,Noah Singh,26,Male,USA,9/4/2019,Monthly
s20967,Riya Thomas,39,Female,UK,9/7/2021,Free
s20968,Mia Sharma,35,Other,Germany,3/27/2020,Free
s20969,Amelia Lewis,27,Other,UK,5/26/2021,Free
s20970,Vihaan Moore,31,Other,UK,9/2/2021,Monthly
s20971,Eva Verma,22,Other,UK,2/16/2020,Yearly
s20972,Benjamin Lewis,24,Female,Germany,12/24/2022,Yearly
s20973,Mia Smith,27,Other,Australia,8/1/2020,Free
s20974,Vihaan Moore,27,Female,USA,3/18/2019,Monthly
s20975,Zara Smith,18,Female,UK,9/5/2021,Yearly
s20976,Meera Thomas,64,Other,India,12/18/2022,Free
s20977,Isabella Anderson,26,Other,Germany,8/2/2022,Free
s20978,Olivia Sharma,22,Male,Germany,10/21/2022,Monthly
s20979,Emma Johnson,24,Male,UK,12/19/2019,Free
s20980,Isabella Clark,47,Female,UK,6/28/2022,Yearly
s20981,Zara Moore,23,Female,UK,9/23/2022,Free
s20982,Emma Brown,20,Male,Australia,6/7/2021,Free
s20983,Ethan Patel,30,Female,USA,1/31/2020,Free
s20984,Amelia Johnson,22,Female,UK,5/18/2022,Free
s20985,Arjun Davis,22,Other,Canada,8/20/2021,Monthly
s20986,Mia Anderson,25,Male,Germany,4/26/2021,Free
s20987,Lucas Clark,19,Female,USA,11/18/2020,Free
s20988,Sophia Anderson,24,Male,Australia,12/1/2020,Free
s20989,Karan Anderson,42,Female,India,9/20/2019,Monthly
s20990,Lucas Smith,32,Female,UK,9/13/2021,Yearly
s20991,Lucas Brown,31,Male,UK,8/23/2021,Yearly
s20992,Isabella Sharma,35,Male,USA,6/24/2020,Free
s20993,Benjamin Brown,19,Male,Australia,5/8/2022,Yearly
s20994,Lucas Sharma,21,Other,India,3/23/2022,Free
s20995,Arjun Wilson,19,Female,Germany,6/29/2021,Yearly
s20996,Karan Johnson,20,Female,UK,5/17/2022,Yearly
s20997,Eva Anderson,19,Male,India,3/25/2021,Monthly
s20998,Liam Patel,27,Male,UK,4/10/2022,Monthly
s20999,Mia Clark,20,Male,USA,8/14/2019,Yearly
s21000,Aarav Brown,37,Other,Australia,1/7/2021,Monthly
s21001,Karan Sharma,20,Other,India,7/16/2022,Monthly
s21002,Aarav Taylor,54,Male,USA,1/7/2021,Monthly
s21003,Zara Clark,60,Other,Australia,7/3/2020,Free
s21004,Eva Martin,27,Other,Canada,7/15/2021,Monthly
s21005,Zara Lee,41,Male,UK,11/22/2019,Monthly
s21006,Karan Verma,30,Female,Australia,8/21/2021,Free
s21007,Olivia Patel,24,Female,India,1/20/2022,Monthly
s21008,Zara Lewis,33,Male,India,5/30/2021,Free
s21009,Olivia Lewis,21,Female,India,5/8/2021,Yearly
s21010,Isabella Verma,38,Female,Australia,5/5/2022,Free
s21011,Karan Patel,19,Male,USA,3/19/2019,Free
s21012,Zara Smith,19,Female,USA,11/15/2020,Free
s21013,Liam Davis,25,Male,Germany,4/26/2022,Free
s21014,Isabella Wilson,40,Male,India,9/26/2019,Yearly
s21015,Benjamin Brown,20,Other,India,1/3/2020,Free
s21016,Mia Brown,45,Male,Australia,5/18/2021,Yearly
s21017,Meera Brown,23,Other,India,3/5/2020,Monthly
s21018,Benjamin Singh,20,Female,UK,11/30/2021,Free
s21019,Isabella Moore,54,Other,India,12/20/2021,Free
s21020,Isabella Patel,26,Male,Canada,8/27/2020,Monthly
s21021,Meera Davis,20,Female,USA,1/22/2020,Yearly
s21022,Lucas Miller,18,Female,UK,3/3/2022,Monthly
s21023,Amelia Hall,30,Other,Australia,4/4/2021,Yearly
s21024,Lucas Anderson,56,Female,India,10/9/2022,Yearly
s21025,Mia Moore,19,Male,UK,3/7/2022,Free
s21026,Ethan Sharma,29,Male,Canada,6/26/2021,Free
s21027,Riya Singh,27,Female,Australia,10/26/2021,Monthly
s21028,Noah Johnson,19,Female,Germany,12/6/2021,Free
s21029,Liam Patel,26,Female,USA,2/5/2019,Monthly
s21030,Lucas Smith,39,Female,India,4/15/2022,Yearly
s21031,Emma Clark,30,Male,Canada,8/23/2020,Free
s21032,Amelia Smith,27,Other,Australia,5/26/2022,Monthly
s21033,Emma Martin,25,Other,Canada,6/25/2021,Yearly
s21034,Zara Singh,19,Female,Australia,7/15/2019,Monthly
s21035,Mia Brown,54,Female,Australia,12/11/2019,Yearly
s21036,Isabella Davis,30,Male,UK,9/20/2019,Free
s21037,Amelia Anderson,18,Female,USA,3/2/2022,Free
s21038,Noah Martin,44,Other,Australia,3/3/2021,Yearly
s21039,Zara Smith,42,Other,Australia,5/25/2019,Monthly
s21040,Olivia Verma,19,Male,Canada,4/6/2019,Monthly
s21041,Amelia Smith,60,Female,Australia,11/3/2022,Yearly
s21042,Benjamin Verma,19,Female,Germany,4/20/2019,Monthly
s21043,Ethan Miller,35,Female,Australia,8/19/2019,Yearly
s21044,Eva Smith,44,Male,Germany,4/14/2019,Yearly
s21045,Mia Brown,49,Male,India,9/16/2020,Free
s21046,Olivia Verma,39,Male,USA,3/15/2019,Monthly
s21047,Amelia Moore,21,Male,Australia,2/5/2022,Free
s21048,Zara Taylor,19,Female,UK,1/19/2021,Monthly
s21049,Sophia Walker,58,Other,India,8/15/2022,Monthly
s21050,Aanya Patel,18,Male,Canada,5/21/2019,Monthly
s21051,Lucas Clark,27,Other,India,9/30/2020,Yearly
s21052,Olivia Taylor,22,Female,Canada,9/4/2022,Monthly
s21053,Noah Martin,20,Male,UK,6/7/2019,Monthly
s21054,Isabella Smith,55,Other,USA,5/27/2019,Free
s21055,Riya Martin,18,Other,Germany,5/20/2020,Free
s21056,Aanya Anderson,33,Female,Germany,1/25/2020,Monthly
s21057,Isabella Hall,26,Female,India,6/26/2022,Monthly
s21058,Emma Singh,50,Other,Germany,10/13/2020,Yearly
s21059,Liam Sharma,21,Other,USA,5/13/2019,Monthly
s21060,Olivia Patel,25,Other,USA,1/10/2019,Monthly
s21061,Vihaan Singh,25,Male,India,11/28/2022,Monthly
s21062,Isabella Singh,39,Male,Canada,3/17/2020,Yearly
s21063,Amelia Davis,28,Other,India,8/21/2020,Yearly
s21064,Arjun Lewis,39,Male,Germany,7/2/2020,Yearly
s21065,Eva Thomas,27,Male,USA,5/24/2021,Free
s21066,Isabella Davis,20,Other,Canada,9/6/2022,Monthly
s21067,Aanya Lewis,18,Other,Canada,3/22/2020,Yearly
s21068,Liam Davis,26,Male,Australia,5/11/2020,Monthly
s21069,Noah Wilson,34,Female,Canada,12/24/2021,Monthly
s21070,Karan Moore,18,Other,Australia,3/20/2019,Yearly
s21071,Aanya Sharma,19,Other,Australia,4/4/2020,Monthly
s21072,Ethan Lee,21,Male,Australia,1/12/2021,Free
s21073,Aanya Hall,44,Male,India,1/30/2022,Monthly
s21074,Isabella Smith,33,Female,India,9/29/2022,Free
s21075,Eva Verma,35,Female,Australia,9/2/2020,Yearly
s21076,Riya Patel,20,Other,USA,10/13/2022,Monthly
s21077,Noah Martin,20,Female,India,3/25/2019,Yearly
s21078,Arjun Martin,19,Female,Australia,4/17/2020,Free
s21079,Liam Patel,55,Other,India,2/20/2021,Yearly
s21080,Mia Brown,30,Female,India,10/21/2020,Monthly
s21081,Mia Davis,35,Male,India,4/1/2021,Monthly
s21082,Riya Anderson,64,Male,Germany,3/1/2020,Monthly
s21083,Eva Singh,24,Other,UK,1/14/2019,Monthly
s21084,Karan Walker,24,Female,USA,1/1/2022,Yearly
s21085,Olivia Miller,28,Other,India,10/26/2019,Monthly
s21086,Riya Martin,30,Male,USA,2/8/2019,Free
s21087,Amelia Miller,37,Female,Canada,12/5/2021,Monthly
s21088,Riya Davis,53,Male,UK,2/8/2021,Monthly
s21089,Noah Walker,25,Male,Germany,10/10/2020,Free
s21090,Meera Taylor,26,Female,Canada,1/19/2021,Monthly
s21091,Meera Hall,34,Male,UK,5/9/2020,Free
s21092,Emma Brown,24,Male,UK,7/18/2019,Yearly
s21093,Benjamin Taylor,26,Other,India,10/23/2020,Yearly
s21094,Riya Verma,24,Other,UK,10/31/2019,Monthly
s21095,Mia Smith,25,Other,Australia,5/15/2022,Monthly
s21096,Vihaan Singh,18,Male,India,12/18/2020,Yearly
s21097,Isabella Clark,47,Male,India,1/25/2021,Monthly
s21098,Arjun Brown,19,Female,UK,1/31/2022,Yearly
s21099,Vihaan Lewis,59,Female,Germany,4/20/2020,Free
s21100,Noah Hall,25,Other,Australia,4/5/2021,Free
s21101,Emma Smith,18,Male,USA,11/2/2022,Monthly
s21102,Arjun Verma,19,Male,Canada,6/30/2020,Yearly
s21103,Benjamin Thomas,19,Female,India,4/8/2021,Monthly
s21104,Arjun Anderson,20,Female,Australia,10/13/2021,Free
s21105,Mia Taylor,43,Female,India,6/18/2019,Monthly
s21106,Noah Moore,55,Other,Germany,5/7/2022,Monthly
s21107,Karan Thomas,25,Male,USA,1/8/2022,Monthly
s21108,Eva Taylor,26,Female,USA,2/17/2019,Yearly
s21109,Aarav Patel,25,Other,India,11/30/2020,Free
s21110,Liam Singh,23,Female,UK,9/10/2021,Yearly
s21111,Isabella Patel,23,Other,India,9/27/2021,Yearly
s21112,Sophia Brown,22,Male,India,10/29/2019,Yearly
s21113,Amelia Brown,22,Male,UK,10/11/2021,Monthly
s21114,Aanya Lewis,57,Male,Canada,5/4/2021,Monthly
s21115,Riya Brown,24,Other,Australia,8/27/2021,Monthly
s21116,Vihaan Lewis,55,Female,India,12/2/2020,Yearly
s21117,Eva Singh,22,Female,Germany,11/8/2022,Free
s21118,Sophia Walker,28,Female,UK,6/10/2020,Monthly
s21119,Amelia Brown,46,Other,India,8/18/2022,Yearly
s21120,Eva Martin,19,Female,India,10/11/2022,Free
s21121,Karan Thomas,44,Female,Australia,12/5/2022,Free
s21122,Aarav Moore,62,Other,USA,11/25/2022,Yearly
s21123,Noah Walker,21,Female,Australia,8/13/2020,Monthly
s21124,Noah Miller,23,Female,Germany,11/26/2021,Monthly
s21125,Eva Anderson,20,Female,USA,11/24/2022,Monthly
s21126,Karan Taylor,42,Male,USA,7/4/2021,Monthly
s21127,Mia Johnson,67,Other,Canada,8/6/2019,Monthly
s21128,Sophia Clark,21,Male,Canada,4/15/2021,Monthly
s21129,Emma Davis,26,Male,Canada,2/12/2019,Monthly
s21130,Emma Taylor,20,Other,Germany,2/11/2021,Yearly
s21131,Aarav Lewis,18,Male,UK,7/23/2019,Free
s21132,Olivia Clark,35,Male,Australia,8/26/2021,Yearly
s21133,Ethan Anderson,37,Other,India,9/18/2022,Yearly
s21134,Ethan Singh,24,Male,Germany,11/20/2021,Monthly
s21135,Noah Anderson,39,Female,Australia,7/12/2020,Free
s21136,Ethan Martin,38,Male,UK,7/28/2022,Monthly
s21137,Ethan Lee,39,Female,Germany,8/29/2022,Monthly
s21138,Ethan Brown,21,Male,USA,5/13/2022,Yearly
s21139,Benjamin Lee,23,Female,Canada,7/8/2020,Monthly
s21140,Arjun Verma,43,Male,Germany,1/1/2022,Free
s21141,Eva Sharma,21,Other,India,3/14/2021,Monthly
s21142,Isabella Johnson,21,Female,Australia,3/17/2022,Yearly
s21143,Benjamin Johnson,19,Male,India,2/21/2019,Monthly
s21144,Aanya Smith,21,Male,Australia,11/5/2020,Yearly
s21145,Emma Wilson,41,Male,USA,12/6/2022,Yearly
s21146,Aarav Martin,20,Male,Canada,3/17/2019,Free
s21147,Isabella Patel,46,Female,UK,4/5/2021,Free
s21148,Aarav Sharma,20,Other,Australia,2/25/2019,Free
s21149,Noah Miller,22,Female,UK,6/14/2020,Monthly
s21150,Arjun Johnson,22,Other,Canada,1/19/2021,Yearly
s21151,Eva Thomas,27,Male,UK,1/8/2020,Yearly
s21152,Meera Lewis,27,Female,India,11/13/2020,Free
s21153,Liam Moore,25,Other,USA,5/28/2022,Monthly
s21154,Arjun Thomas,44,Female,Canada,4/11/2019,Monthly
s21155,Mia Hall,18,Male,Australia,5/1/2022,Free
s21156,Zara Miller,55,Other,Germany,5/26/2019,Free
s21157,Liam Moore,41,Male,Australia,7/23/2020,Free
s21158,Ethan Walker,27,Male,India,1/11/2022,Yearly
s21159,Noah Miller,19,Other,Germany,2/10/2019,Monthly
s21160,Meera Martin,27,Other,Australia,7/14/2019,Monthly
s21161,Meera Sharma,45,Female,Australia,4/23/2019,Monthly
s21162,Olivia Patel,22,Female,India,3/1/2022,Monthly
s21163,Isabella Davis,24,Male,India,12/31/2021,Yearly
s21164,Karan Smith,64,Other,Canada,4/21/2021,Yearly
s21165,Arjun Singh,19,Female,Australia,3/14/2022,Yearly
s21166,Arjun Martin,22,Other,India,3/1/2019,Free
s21167,Mia Verma,26,Other,Australia,11/1/2020,Free
s21168,Benjamin Sharma,18,Male,Canada,8/7/2022,Yearly
s21169,Olivia Singh,23,Male,Canada,5/4/2021,Free
s21170,Eva Singh,25,Female,Canada,5/18/2019,Yearly
s21171,Olivia Moore,31,Other,Canada,5/13/2021,Yearly
s21172,Amelia Taylor,18,Female,UK,8/21/2022,Monthly
s21173,Olivia Clark,18,Male,UK,9/23/2019,Monthly
s21174,Meera Miller,31,Female,USA,2/29/2020,Monthly
s21175,Olivia Patel,21,Female,Canada,2/20/2021,Free
s21176,Lucas Lewis,41,Male,UK,8/4/2019,Monthly
s21177,Arjun Martin,20,Male,UK,11/11/2019,Yearly
s21178,Zara Taylor,41,Male,Australia,8/30/2019,Yearly
s21179,Isabella Johnson,24,Other,India,10/16/2022,Monthly
s21180,Sophia Wilson,43,Other,Germany,10/29/2021,Free
s21181,Ethan Taylor,42,Male,UK,11/6/2019,Monthly
s21182,Sophia Verma,22,Male,Canada,1/10/2020,Free
s21183,Riya Davis,58,Female,Germany,2/5/2020,Free
s21184,Meera Johnson,25,Female,India,7/11/2020,Monthly
s21185,Arjun Patel,19,Female,UK,3/4/2022,Free
s21186,Aarav Clark,20,Female,Canada,9/7/2019,Yearly
s21187,Sophia Miller,50,Male,India,8/6/2020,Yearly
s21188,Olivia Verma,26,Male,Germany,7/11/2020,Free
s21189,Isabella Brown,22,Other,USA,2/6/2019,Free
s21190,Lucas Thomas,60,Other,Germany,2/7/2021,Free
s21191,Benjamin Clark,60,Male,USA,12/12/2022,Monthly
s21192,Vihaan Clark,21,Male,UK,11/11/2020,Yearly
s21193,Zara Walker,56,Other,Australia,3/4/2022,Monthly
s21194,Olivia Smith,37,Female,USA,1/20/2022,Yearly
s21195,Ethan Clark,22,Female,USA,12/26/2021,Monthly
s21196,Olivia Patel,27,Other,India,9/12/2020,Free
s21197,Mia Davis,27,Male,UK,12/5/2021,Monthly
s21198,Isabella Taylor,27,Female,Germany,5/16/2021,Free
s21199,Karan Walker,22,Other,UK,10/16/2022,Monthly
s21200,Emma Sharma,19,Other,Canada,1/23/2019,Yearly
s21201,Lucas Lewis,24,Male,India,8/19/2019,Yearly
s21202,Noah Sharma,26,Female,UK,12/2/2020,Free
s21203,Karan Singh,24,Male,India,8/22/2021,Monthly
s21204,Aarav Smith,61,Female,Germany,6/12/2020,Free
s21205,Olivia Walker,26,Male,India,8/11/2019,Free
s21206,Isabella Taylor,46,Other,Canada,6/12/2019,Free
s21207,Arjun Singh,26,Other,Canada,10/25/2020,Free
s21208,Riya Singh,24,Other,Germany,10/25/2019,Yearly
s21209,Karan Clark,37,Male,USA,1/22/2019,Free
s21210,Aanya Smith,40,Female,UK,7/3/2021,Free
s21211,Aanya Moore,19,Male,Australia,11/7/2021,Monthly
s21212,Vihaan Clark,26,Female,India,2/10/2022,Monthly
s21213,Emma Lewis,20,Female,Canada,8/19/2020,Yearly
s21214,Vihaan Walker,24,Male,Australia,8/27/2020,Monthly
s21215,Sophia Singh,22,Other,UK,7/26/2019,Free
s21216,Liam Lewis,27,Other,Canada,5/29/2020,Monthly
s21217,Benjamin Sharma,20,Female,Canada,9/12/2021,Monthly
s21218,Meera Clark,46,Female,Canada,4/5/2019,Monthly
s21219,Liam Wilson,29,Female,USA,10/4/2019,Monthly
s21220,Olivia Johnson,27,Other,USA,10/16/2022,Monthly
s21221,Vihaan Moore,42,Female,UK,1/8/2020,Free
s21222,Karan Smith,27,Female,Australia,2/25/2020,Free
s21223,Eva Davis,60,Other,Germany,9/22/2019,Yearly
s21224,Zara Singh,53,Other,USA,7/18/2019,Monthly
s21225,Arjun Davis,57,Female,USA,5/18/2021,Yearly
s21226,Noah Lee,27,Other,Germany,7/7/2022,Yearly
s21227,Amelia Taylor,59,Other,Germany,3/21/2022,Free
s21228,Isabella Sharma,25,Other,India,7/10/2019,Monthly
s21229,Benjamin Davis,23,Female,Germany,8/28/2019,Free
s21230,Emma Johnson,27,Female,India,5/8/2021,Free
s21231,Zara Hall,32,Male,Germany,11/14/2020,Monthly
s21232,Vihaan Patel,39,Male,Germany,3/30/2021,Monthly
s21233,Vihaan Lewis,19,Other,Canada,7/8/2021,Free
s21234,Eva Moore,55,Other,USA,1/5/2019,Yearly
s21235,Aarav Lewis,19,Other,Germany,8/29/2021,Free
s21236,Noah Anderson,25,Female,USA,3/13/2020,Free
s21237,Meera Lewis,24,Other,India,6/28/2021,Free
s21238,Ethan Johnson,22,Male,Germany,10/25/2019,Free
s21239,Arjun Sharma,26,Other,UK,4/7/2021,Monthly
s21240,Aarav Patel,21,Other,Australia,6/11/2022,Yearly
s21241,Olivia Davis,23,Female,India,8/26/2020,Monthly
s21242,Mia Davis,27,Male,UK,1/28/2020,Free
s21243,Eva Miller,20,Other,Germany,5/6/2019,Monthly
s21244,Liam Johnson,34,Male,India,4/1/2020,Yearly
s21245,Benjamin Brown,41,Male,Canada,9/12/2019,Free
s21246,Karan Walker,26,Male,Germany,11/10/2019,Yearly
s21247,Liam Hall,32,Other,USA,3/2/2022,Free
s21248,Aarav Martin,22,Other,Germany,7/23/2021,Monthly
s21249,Aarav Martin,59,Male,UK,12/16/2019,Free
s21250,Zara Smith,54,Other,Canada,10/27/2022,Yearly
s21251,Arjun Brown,26,Female,Germany,5/4/2021,Yearly
s21252,Olivia Brown,24,Male,Australia,4/2/2019,Free
s21253,Karan Lee,64,Other,Australia,4/27/2022,Yearly
s21254,Aarav Walker,32,Male,USA,7/26/2021,Monthly
s21255,Olivia Thomas,34,Male,Germany,2/25/2021,Yearly
s21256,Isabella Singh,19,Male,Germany,3/1/2020,Yearly
s21257,Vihaan Johnson,22,Female,Germany,2/11/2020,Monthly
s21258,Olivia Miller,43,Other,Germany,9/13/2021,Monthly
s21259,Olivia Johnson,23,Other,Canada,3/18/2022,Monthly
s21260,Lucas Hall,27,Other,UK,4/15/2020,Yearly
s21261,Karan Smith,50,Female,UK,5/15/2020,Free
s21262,Zara Davis,26,Other,India,12/25/2022,Free
s21263,Ethan Patel,19,Female,UK,8/23/2022,Free
s21264,Vihaan Thomas,35,Other,Canada,2/7/2020,Free
s21265,Liam Singh,23,Male,UK,11/2/2020,Monthly
s21266,Olivia Taylor,20,Female,India,1/17/2020,Free
s21267,Zara Miller,24,Female,USA,1/9/2020,Yearly
s21268,Emma Johnson,39,Male,Canada,11/17/2019,Free
s21269,Riya Hall,24,Other,USA,4/29/2020,Yearly
s21270,Mia Lee,25,Other,UK,5/20/2019,Monthly
s21271,Aarav Sharma,26,Male,USA,8/29/2022,Free
s21272,Zara Lewis,22,Other,USA,11/11/2019,Monthly
s21273,Meera Clark,23,Other,Australia,3/24/2022,Monthly
s21274,Emma Brown,25,Female,Australia,11/11/2021,Yearly
s21275,Aanya Hall,20,Female,Germany,11/8/2021,Monthly
s21276,Sophia Patel,24,Female,Australia,7/29/2022,Free
s21277,Liam Lee,21,Male,UK,5/16/2021,Monthly
s21278,Meera Brown,44,Male,USA,7/2/2019,Free
s21279,Sophia Johnson,42,Other,UK,5/25/2021,Monthly
s21280,Sophia Anderson,18,Male,Canada,2/25/2022,Yearly
s21281,Lucas Thomas,49,Other,Australia,2/25/2021,Free
s21282,Liam Lewis,24,Other,USA,12/30/2020,Free
s21283,Benjamin Lewis,47,Female,Australia,2/12/2022,Yearly
s21284,Isabella Sharma,19,Male,Canada,6/24/2022,Monthly
s21285,Sophia Lewis,20,Other,USA,5/24/2021,Monthly
s21286,Lucas Hall,47,Male,Australia,12/12/2021,Free
s21287,Mia Johnson,22,Female,India,5/19/2021,Monthly
s21288,Amelia Wilson,39,Male,India,9/19/2020,Yearly
s21289,Aanya Singh,59,Other,India,2/16/2020,Yearly
s21290,Benjamin Johnson,21,Other,Canada,8/15/2021,Monthly
s21291,Arjun Lewis,25,Female,Canada,6/10/2021,Yearly
s21292,Noah Hall,60,Male,USA,12/8/2019,Monthly
s21293,Olivia Lewis,18,Male,Australia,12/22/2019,Monthly
s21294,Liam Anderson,25,Female,Germany,9/22/2022,Free
s21295,Liam Sharma,53,Female,India,5/22/2022,Free
s21296,Zara Davis,43,Female,USA,8/12/2022,Free
s21297,Aanya Lee,18,Male,Germany,7/27/2021,Monthly
s21298,Zara Lee,30,Male,Australia,10/11/2020,Yearly
s21299,Benjamin Brown,27,Other,India,4/24/2019,Free
s21300,Aanya Taylor,32,Other,Australia,12/10/2022,Free
s21301,Aanya Moore,23,Male,Germany,8/29/2021,Monthly
s21302,Mia Sharma,41,Female,USA,2/18/2019,Yearly
s21303,Aanya Lee,47,Female,Australia,10/29/2020,Monthly
s21304,Aanya Martin,21,Other,USA,1/3/2020,Free
s21305,Isabella Clark,36,Male,Germany,7/5/2020,Yearly
s21306,Amelia Davis,22,Other,Canada,2/17/2019,Free
s21307,Zara Singh,22,Other,UK,7/23/2020,Free
s21308,Meera Moore,32,Other,UK,7/28/2020,Free
s21309,Aarav Patel,19,Other,Germany,10/9/2020,Monthly
s21310,Karan Johnson,56,Female,Germany,11/12/2022,Yearly
s21311,Olivia Lewis,42,Other,Australia,8/14/2022,Monthly
s21312,Karan Singh,27,Other,USA,3/7/2021,Free
s21313,Lucas Lewis,21,Other,India,10/6/2019,Yearly
s21314,Lucas Lewis,21,Other,Canada,1/2/2019,Yearly
s21315,Noah Anderson,50,Other,Australia,4/8/2021,Free
s21316,Aarav Miller,64,Male,Australia,2/2/2022,Free
s21317,Benjamin Davis,18,Male,USA,11/18/2021,Yearly
s21318,Lucas Thomas,21,Male,Canada,10/13/2020,Yearly
s21319,Amelia Clark,25,Other,Australia,6/3/2022,Monthly
s21320,Mia Thomas,21,Male,Germany,6/11/2020,Free
s21321,Emma Hall,62,Other,India,7/19/2020,Monthly
s21322,Meera Singh,19,Other,USA,5/1/2021,Yearly
s21323,Amelia Davis,24,Female,Canada,1/26/2019,Yearly
s21324,Isabella Thomas,44,Female,Germany,4/29/2019,Monthly
s21325,Sophia Verma,37,Other,India,10/3/2022,Yearly
s21326,Vihaan Taylor,25,Male,Germany,5/14/2022,Free
s21327,Zara Lewis,46,Male,Canada,12/19/2020,Free
s21328,Isabella Brown,18,Other,USA,6/11/2020,Free
s21329,Olivia Moore,25,Female,India,6/18/2019,Monthly
s21330,Arjun Moore,32,Male,Australia,1/9/2022,Monthly
s21331,Benjamin Hall,27,Female,USA,12/14/2021,Monthly
s21332,Arjun Hall,19,Male,Australia,6/22/2019,Free
s21333,Riya Walker,46,Male,Canada,5/29/2019,Free
s21334,Meera Singh,24,Male,USA,9/22/2022,Monthly
s21335,Amelia Sharma,26,Female,Canada,4/23/2021,Monthly
s21336,Amelia Hall,19,Male,India,4/24/2022,Monthly
s21337,Aarav Martin,24,Male,Canada,6/24/2020,Free
s21338,Aanya Hall,23,Other,Australia,8/30/2019,Free
s21339,Aarav Lee,24,Male,India,10/4/2022,Yearly
s21340,Liam Brown,60,Other,Canada,8/21/2020,Yearly
s21341,Vihaan Walker,52,Female,UK,5/29/2019,Yearly
s21342,Ethan Sharma,21,Female,Australia,5/24/2019,Yearly
s21343,Noah Lewis,30,Female,Canada,11/14/2020,Free
s21344,Emma Wilson,19,Male,Australia,1/9/2022,Monthly
s21345,Riya Miller,22,Female,USA,7/21/2020,Free
s21346,Riya Lewis,19,Male,Germany,6/4/2022,Free
s21347,Ethan Wilson,23,Male,Germany,1/18/2020,Free
s21348,Aanya Brown,23,Male,UK,8/14/2020,Free
s21349,Olivia Verma,19,Female,USA,3/17/2020,Yearly
s21350,Emma Walker,63,Male,India,7/24/2020,Monthly
s21351,Zara Brown,22,Other,UK,7/15/2020,Yearly
s21352,Meera Lee,18,Female,USA,12/29/2021,Yearly
s21353,Lucas Davis,27,Female,UK,3/25/2021,Monthly
s21354,Ethan Verma,50,Female,UK,8/4/2019,Yearly
s21355,Aanya Singh,33,Other,India,11/17/2021,Monthly
s21356,Vihaan Martin,24,Male,Germany,8/10/2021,Free
s21357,Aarav Taylor,21,Female,USA,5/22/2022,Free
s21358,Eva Wilson,18,Female,Canada,12/11/2022,Free
s21359,Olivia Sharma,22,Other,USA,6/20/2021,Yearly
s21360,Meera Davis,32,Female,Canada,1/5/2022,Yearly
s21361,Benjamin Davis,21,Female,Germany,5/10/2019,Monthly
s21362,Emma Sharma,24,Female,Australia,8/2/2020,Monthly
s21363,Meera Martin,18,Female,Australia,8/21/2022,Monthly
s21364,Noah Wilson,26,Male,Germany,10/1/2022,Yearly
s21365,Sophia Wilson,27,Other,USA,5/24/2019,Yearly
s21366,Aanya Anderson,22,Female,UK,12/19/2021,Free
s21367,Ethan Smith,21,Male,Australia,3/5/2019,Monthly
s21368,Mia Patel,23,Female,Germany,3/31/2019,Monthly
s21369,Zara Davis,49,Other,Canada,8/28/2019,Free
s21370,Eva Davis,21,Female,USA,5/17/2020,Monthly
s21371,Noah Miller,25,Female,UK,3/9/2020,Monthly
s21372,Vihaan Wilson,27,Male,India,7/20/2020,Monthly
s21373,Olivia Moore,49,Male,USA,4/15/2020,Monthly
s21374,Emma Anderson,27,Female,Germany,9/3/2021,Free
s21375,Aanya Lewis,22,Other,Australia,9/9/2022,Free
s21376,Benjamin Taylor,26,Female,USA,8/6/2020,Yearly
s21377,Lucas Smith,24,Other,USA,12/13/2021,Free
s21378,Riya Davis,26,Male,UK,3/15/2019,Free
s21379,Emma Lewis,42,Female,India,10/1/2019,Monthly
s21380,Mia Walker,26,Male,UK,12/22/2019,Monthly
s21381,Noah Wilson,44,Other,UK,4/4/2022,Monthly
s21382,Benjamin Anderson,20,Female,India,9/19/2021,Monthly
s21383,Olivia Martin,22,Male,Australia,2/3/2019,Free
s21384,Ethan Singh,42,Female,USA,6/15/2021,Free
s21385,Aarav Sharma,20,Male,Canada,1/9/2019,Free
s21386,Olivia Miller,23,Male,Australia,12/17/2022,Yearly
s21387,Mia Sharma,43,Male,Canada,11/6/2021,Monthly
s21388,Zara Sharma,18,Male,India,4/30/2021,Yearly
s21389,Isabella Singh,23,Female,UK,3/21/2021,Free
s21390,Aarav Singh,37,Female,Germany,4/4/2019,Monthly
s21391,Aanya Verma,23,Male,USA,4/13/2021,Monthly
s21392,Sophia Wilson,24,Female,USA,1/3/2022,Yearly
s21393,Aarav Verma,35,Female,India,6/30/2019,Free
s21394,Aarav Anderson,24,Female,USA,8/16/2021,Yearly
s21395,Aanya Walker,20,Other,Germany,5/9/2022,Free
s21396,Olivia Johnson,19,Other,USA,5/27/2022,Monthly
s21397,Eva Taylor,25,Female,UK,3/27/2022,Free
s21398,Meera Walker,20,Other,Germany,1/2/2020,Free
s21399,Sophia Smith,22,Other,Australia,2/10/2020,Free
s21400,Aanya Smith,48,Female,UK,6/7/2021,Free
s21401,Lucas Lewis,22,Female,Germany,3/4/2020,Free
s21402,Liam Wilson,67,Other,Australia,2/10/2019,Yearly
s21403,Vihaan Johnson,22,Female,USA,9/15/2021,Monthly
s21404,Amelia Clark,18,Female,Canada,8/11/2022,Monthly
s21405,Lucas Lewis,66,Male,UK,7/19/2019,Monthly
s21406,Vihaan Verma,21,Female,Canada,6/10/2022,Monthly
s21407,Zara Moore,21,Female,India,12/23/2019,Monthly
s21408,Arjun Singh,24,Male,India,5/17/2021,Yearly
s21409,Aanya Brown,28,Other,Germany,2/23/2021,Monthly
s21410,Amelia Brown,33,Other,UK,5/30/2019,Monthly
s21411,Vihaan Smith,25,Female,Canada,12/12/2022,Monthly
s21412,Emma Lee,25,Other,USA,3/23/2020,Monthly
s21413,Ethan Johnson,40,Other,Germany,10/25/2020,Monthly
s21414,Vihaan Moore,31,Male,India,8/5/2021,Free
s21415,Mia Lee,41,Female,UK,7/27/2019,Free
s21416,Mia Anderson,27,Male,Australia,3/12/2020,Monthly
s21417,Liam Walker,24,Other,Australia,11/18/2020,Yearly
s21418,Liam Clark,44,Other,UK,2/21/2020,Monthly
s21419,Aanya Miller,21,Male,Germany,1/12/2022,Monthly
s21420,Olivia Walker,22,Male,Germany,8/24/2022,Free
s21421,Vihaan Taylor,58,Female,Canada,3/21/2022,Monthly
s21422,Emma Brown,19,Other,India,12/11/2021,Monthly
s21423,Ethan Martin,20,Male,Australia,2/28/2021,Monthly
s21424,Arjun Walker,34,Male,Canada,11/2/2020,Yearly
s21425,Lucas Smith,19,Other,India,8/12/2020,Free
s21426,Amelia Taylor,31,Male,India,7/24/2020,Free
s21427,Lucas Smith,19,Female,Germany,3/20/2021,Free
s21428,Isabella Patel,23,Female,USA,4/21/2022,Free
s21429,Emma Singh,35,Male,Canada,3/16/2020,Yearly
s21430,Aanya Hall,57,Other,Australia,1/19/2022,Free
s21431,Riya Singh,38,Other,Canada,5/4/2021,Monthly
s21432,Noah Smith,58,Female,USA,7/15/2021,Monthly
s21433,Emma Hall,39,Other,UK,1/29/2020,Yearly
s21434,Benjamin Singh,36,Other,Canada,11/14/2020,Monthly
s21435,Vihaan Martin,20,Female,Australia,11/9/2020,Free
s21436,Isabella Clark,18,Other,Germany,5/2/2019,Monthly
s21437,Meera Walker,18,Male,India,5/4/2022,Yearly
s21438,Lucas Clark,21,Female,India,1/17/2020,Free
s21439,Vihaan Singh,61,Other,USA,2/11/2021,Yearly
s21440,Lucas Miller,25,Other,UK,12/9/2019,Monthly
s21441,Isabella Lee,21,Male,USA,12/15/2021,Free
s21442,Arjun Johnson,25,Male,UK,8/17/2022,Monthly
s21443,Eva Sharma,18,Male,India,7/30/2020,Monthly
s21444,Aarav Lee,18,Female,Australia,11/25/2019,Free
s21445,Liam Martin,24,Female,Canada,5/4/2020,Free
s21446,Lucas Smith,27,Female,UK,7/14/2022,Free
s21447,Arjun Lee,40,Other,Canada,8/31/2021,Free
s21448,Aanya Thomas,27,Female,Germany,7/1/2021,Yearly
s21449,Aanya Anderson,41,Female,Germany,12/31/2021,Free
s21450,Ethan Walker,43,Female,India,2/15/2019,Yearly
s21451,Zara Lee,33,Other,USA,4/10/2021,Monthly
s21452,Noah Martin,37,Male,Germany,5/22/2019,Free
s21453,Ethan Anderson,20,Other,USA,2/19/2020,Yearly
s21454,Aanya Patel,24,Female,UK,3/22/2022,Yearly
s21455,Riya Clark,22,Female,Australia,9/6/2020,Free
s21456,Amelia Patel,19,Female,India,2/15/2019,Free
s21457,Noah Lewis,24,Male,Australia,12/18/2019,Monthly
s21458,Aarav Brown,29,Female,USA,10/14/2020,Yearly
s21459,Riya Verma,34,Female,Australia,10/20/2020,Free
s21460,Benjamin Moore,52,Female,USA,11/16/2022,Monthly
s21461,Arjun Miller,27,Female,USA,4/17/2020,Free
s21462,Eva Davis,18,Female,Canada,10/21/2020,Free
s21463,Mia Patel,26,Female,UK,5/21/2019,Yearly
s21464,Mia Clark,38,Other,Canada,2/13/2022,Free
s21465,Aanya Walker,39,Other,India,1/4/2022,Yearly
s21466,Benjamin Anderson,20,Male,Canada,12/14/2022,Yearly
s21467,Emma Smith,22,Other,Canada,7/10/2020,Monthly
s21468,Lucas Wilson,20,Other,USA,3/18/2021,Monthly
s21469,Mia Hall,36,Female,Germany,2/11/2021,Monthly
s21470,Olivia Johnson,24,Other,Canada,2/8/2019,Yearly
s21471,Noah Patel,20,Other,Germany,8/11/2021,Monthly
s21472,Sophia Johnson,35,Female,Canada,7/29/2019,Free
s21473,Arjun Brown,22,Female,USA,3/15/2020,Monthly
s21474,Meera Patel,26,Other,UK,10/29/2021,Free
s21475,Arjun Walker,36,Other,Canada,9/6/2021,Free
s21476,Benjamin Miller,24,Other,UK,3/4/2020,Monthly
s21477,Lucas Moore,20,Female,Germany,9/22/2022,Free
s21478,Ethan Wilson,23,Female,India,7/13/2019,Free
s21479,Noah Taylor,19,Male,Canada,6/21/2020,Free
s21480,Liam Wilson,25,Male,USA,10/15/2019,Monthly
s21481,Eva Anderson,22,Female,UK,10/30/2022,Free
s21482,Ethan Verma,52,Other,Canada,2/22/2019,Yearly
s21483,Arjun Miller,20,Female,Australia,11/24/2020,Free
s21484,Meera Johnson,25,Male,UK,2/22/2020,Yearly
s21485,Liam Moore,19,Other,Canada,11/28/2022,Monthly
s21486,Aarav Johnson,25,Male,Germany,3/27/2020,Free
s21487,Isabella Hall,26,Male,Canada,2/16/2019,Free
s21488,Sophia Johnson,24,Female,USA,1/12/2022,Free
s21489,Zara Patel,44,Other,Australia,11/26/2019,Monthly
s21490,Benjamin Smith,51,Male,Germany,12/15/2022,Free
s21491,Aarav Singh,45,Other,India,10/30/2021,Free
s21492,Vihaan Wilson,22,Other,India,4/7/2021,Free
s21493,Arjun Anderson,21,Male,India,10/6/2021,Yearly
s21494,Arjun Lee,40,Male,Germany,11/16/2021,Free
s21495,Aarav Patel,43,Female,USA,5/13/2022,Monthly
s21496,Vihaan Walker,63,Male,USA,12/17/2021,Yearly
s21497,Ethan Taylor,18,Female,Canada,10/14/2019,Monthly
s21498,Ethan Lewis,24,Female,Germany,4/27/2021,Yearly
s21499,Arjun Sharma,67,Other,Germany,5/6/2019,Yearly
s21500,Isabella Singh,27,Male,UK,6/5/2022,Monthly
s21501,Zara Taylor,46,Male,Germany,6/17/2021,Monthly
s21502,Aanya Hall,26,Other,USA,4/22/2021,Yearly
s21503,Benjamin Martin,24,Male,India,3/4/2021,Monthly
s21504,Riya Lee,26,Female,Germany,11/2/2022,Yearly
s21505,Lucas Anderson,25,Male,India,5/22/2019,Monthly
s21506,Aanya Martin,19,Other,Germany,11/16/2020,Free
s21507,Sophia Hall,23,Male,India,8/5/2019,Yearly
s21508,Eva Clark,24,Male,UK,1/14/2019,Monthly
s21509,Eva Moore,41,Female,Australia,12/16/2020,Yearly
s21510,Aarav Smith,21,Other,USA,8/27/2021,Yearly
s21511,Isabella Patel,22,Female,USA,11/29/2019,Monthly
s21512,Meera Moore,20,Male,Australia,4/20/2021,Monthly
s21513,Emma Singh,27,Other,India,9/24/2020,Yearly
s21514,Lucas Martin,22,Other,Canada,1/16/2019,Free
s21515,Zara Singh,26,Other,USA,3/12/2022,Yearly
s21516,Lucas Sharma,25,Female,UK,12/5/2020,Yearly
s21517,Lucas Patel,24,Female,Australia,8/11/2020,Monthly
s21518,Liam Walker,24,Other,USA,7/28/2022,Monthly
s21519,Arjun Johnson,27,Male,Canada,3/30/2022,Free
s21520,Aarav Walker,29,Other,Canada,7/27/2022,Monthly
s21521,Benjamin Johnson,18,Female,Australia,12/9/2021,Monthly
s21522,Benjamin Smith,40,Female,India,10/27/2020,Yearly
s21523,Riya Sharma,39,Other,UK,5/24/2020,Monthly
s21524,Eva Smith,60,Female,UK,1/3/2022,Free
s21525,Emma Patel,21,Other,UK,5/25/2022,Monthly
s21526,Riya Lewis,34,Other,India,10/12/2020,Monthly
s21527,Zara Hall,21,Female,Germany,9/29/2019,Monthly
s21528,Riya Hall,31,Male,USA,9/17/2020,Yearly
s21529,Ethan Verma,43,Other,USA,2/11/2022,Monthly
s21530,Arjun Taylor,24,Female,Canada,5/11/2020,Free
s21531,Aanya Davis,31,Male,UK,11/8/2022,Monthly
s21532,Sophia Martin,20,Male,UK,2/22/2021,Yearly
s21533,Noah Thomas,44,Male,USA,7/18/2022,Yearly
s21534,Meera Johnson,18,Male,India,5/6/2021,Free
s21535,Emma Hall,23,Female,USA,5/5/2019,Yearly
s21536,Karan Lee,34,Other,India,11/25/2021,Yearly
s21537,Lucas Davis,27,Other,Australia,11/10/2022,Monthly
s21538,Olivia Brown,24,Other,Germany,1/18/2021,Monthly
s21539,Mia Miller,19,Female,Australia,5/9/2019,Monthly
s21540,Arjun Wilson,63,Other,USA,3/11/2020,Monthly
s21541,Lucas Smith,25,Female,India,1/18/2021,Yearly
s21542,Mia Lewis,32,Other,USA,11/20/2021,Free
s21543,Olivia Moore,19,Male,USA,6/12/2021,Yearly
s21544,Isabella Lewis,27,Male,India,8/15/2020,Free
s21545,Liam Brown,33,Male,Germany,12/10/2021,Free
s21546,Sophia Patel,35,Male,Australia,12/17/2020,Yearly
s21547,Vihaan Clark,24,Female,UK,4/26/2019,Free
s21548,Aarav Miller,20,Male,Germany,4/11/2022,Free
s21549,Sophia Davis,67,Male,Germany,4/7/2022,Yearly
s21550,Zara Johnson,21,Male,USA,9/1/2022,Yearly
s21551,Vihaan Davis,22,Female,UK,7/24/2021,Free
s21552,Isabella Smith,18,Male,India,3/30/2021,Free
s21553,Mia Smith,33,Female,USA,5/30/2021,Yearly
s21554,Riya Moore,20,Other,Germany,2/26/2020,Free
s21555,Isabella Smith,22,Other,USA,10/20/2022,Free
s21556,Lucas Singh,26,Female,Canada,11/2/2019,Monthly
s21557,Liam Moore,26,Other,Germany,7/8/2021,Free
s21558,Ethan Davis,33,Male,USA,4/23/2020,Yearly
s21559,Arjun Johnson,27,Female,India,7/5/2021,Monthly
s21560,Benjamin Lee,21,Other,Canada,11/19/2019,Free
s21561,Mia Hall,39,Male,India,2/24/2020,Yearly
s21562,Isabella Taylor,27,Female,Germany,7/19/2021,Yearly
s21563,Karan Smith,24,Other,Canada,1/10/2021,Yearly
s21564,Isabella Miller,19,Male,UK,10/8/2022,Yearly
s21565,Karan Davis,25,Female,USA,3/20/2022,Yearly
s21566,Mia Walker,39,Male,Canada,4/29/2022,Monthly
s21567,Noah Smith,22,Male,USA,11/5/2021,Free
s21568,Zara Sharma,23,Male,Australia,6/13/2021,Yearly
s21569,Aarav Sharma,37,Female,Canada,11/25/2020,Yearly
s21570,Liam Singh,34,Male,UK,12/13/2022,Monthly
s21571,Riya Wilson,24,Female,Germany,1/3/2019,Yearly
s21572,Noah Clark,53,Female,Australia,11/25/2019,Free
s21573,Vihaan Lewis,37,Female,USA,11/25/2020,Monthly
s21574,Isabella Anderson,43,Female,UK,2/23/2022,Monthly
s21575,Isabella Patel,20,Male,India,12/29/2021,Free
s21576,Olivia Johnson,21,Female,Germany,8/9/2021,Monthly
s21577,Meera Brown,57,Male,Australia,9/26/2022,Yearly
s21578,Amelia Singh,24,Other,India,3/25/2021,Monthly
s21579,Vihaan Singh,31,Female,USA,1/29/2021,Monthly
s21580,Olivia Smith,67,Other,Australia,10/17/2019,Monthly
s21581,Benjamin Clark,21,Female,Australia,8/3/2020,Free
s21582,Liam Smith,21,Male,Germany,5/18/2019,Free
s21583,Zara Miller,59,Other,USA,2/15/2021,Yearly
s21584,Noah Anderson,65,Other,UK,1/7/2020,Yearly
s21585,Riya Patel,24,Other,India,12/24/2022,Monthly
s21586,Sophia Patel,23,Female,USA,12/27/2019,Yearly
s21587,Benjamin Martin,31,Other,India,4/23/2019,Free
s21588,Vihaan Walker,22,Other,Australia,8/13/2020,Yearly
s21589,Ethan Anderson,22,Female,Australia,12/3/2020,Yearly
s21590,Meera Clark,47,Other,USA,12/27/2019,Free
s21591,Vihaan Hall,25,Male,India,9/7/2022,Monthly
s21592,Olivia Hall,26,Other,Canada,5/18/2019,Free
s21593,Amelia Smith,34,Other,USA,12/23/2021,Free
s21594,Aanya Davis,27,Male,UK,6/29/2021,Free
s21595,Riya Moore,20,Other,Germany,1/11/2022,Yearly
s21596,Amelia Thomas,21,Male,Canada,10/23/2022,Yearly
s21597,Emma Smith,44,Other,Germany,8/9/2020,Free
s21598,Amelia Davis,19,Other,Germany,6/5/2022,Free
s21599,Aanya Martin,26,Male,UK,9/15/2021,Monthly
s21600,Isabella Thomas,61,Male,Germany,10/3/2021,Yearly
s21601,Ethan Davis,24,Female,India,2/17/2022,Monthly
s21602,Eva Smith,47,Other,Canada,6/8/2021,Free
s21603,Karan Martin,21,Male,India,9/25/2019,Yearly
s21604,Zara Taylor,36,Male,Canada,2/28/2020,Free
s21605,Liam Miller,45,Other,UK,1/28/2021,Monthly
s21606,Riya Walker,26,Male,India,8/30/2020,Monthly
s21607,Aarav Clark,60,Female,India,7/28/2020,Free
s21608,Aarav Moore,26,Female,Canada,2/17/2020,Yearly
s21609,Ethan Davis,23,Male,Australia,3/4/2021,Monthly
s21610,Olivia Thomas,38,Male,India,10/8/2020,Yearly
s21611,Sophia Walker,22,Other,Canada,7/16/2020,Yearly
s21612,Mia Johnson,25,Female,USA,1/30/2020,Yearly
s21613,Ethan Hall,22,Other,Canada,3/29/2022,Free
s21614,Benjamin Lewis,21,Other,Germany,1/26/2021,Yearly
s21615,Liam Patel,39,Other,India,12/7/2019,Monthly
s21616,Benjamin Wilson,30,Female,USA,12/1/2020,Yearly
s21617,Aarav Miller,22,Male,India,11/27/2022,Monthly
s21618,Noah Taylor,42,Male,India,10/30/2021,Monthly
s21619,Liam Brown,23,Male,Canada,7/19/2019,Yearly
s21620,Olivia Lee,47,Male,Australia,2/4/2020,Monthly
s21621,Liam Lewis,21,Male,Canada,9/23/2019,Monthly
s21622,Sophia Brown,24,Other,Germany,4/9/2021,Monthly
s21623,Vihaan Walker,27,Other,Australia,2/28/2022,Yearly
s21624,Noah Singh,23,Female,UK,11/18/2020,Monthly
s21625,Sophia Patel,28,Other,India,2/8/2021,Monthly
s21626,Sophia Brown,35,Female,Australia,11/27/2020,Monthly
s21627,Ethan Martin,29,Male,USA,1/18/2021,Yearly
s21628,Meera Patel,21,Other,Australia,8/20/2020,Monthly
s21629,Noah Smith,25,Female,Canada,5/24/2020,Free
s21630,Benjamin Hall,39,Female,UK,7/26/2022,Monthly
s21631,Liam Davis,25,Other,Australia,1/7/2019,Free
s21632,Zara Davis,58,Male,Canada,1/4/2020,Yearly
s21633,Aarav Martin,28,Female,India,1/2/2022,Yearly
s21634,Noah Miller,30,Female,USA,5/5/2022,Free
s21635,Zara Patel,20,Other,Canada,4/28/2019,Free
s21636,Benjamin Taylor,19,Male,Canada,11/8/2022,Free
s21637,Arjun Clark,18,Other,Canada,5/10/2022,Monthly
s21638,Olivia Martin,26,Male,Australia,10/16/2022,Monthly
s21639,Amelia Taylor,26,Male,Germany,7/1/2021,Monthly
s21640,Vihaan Taylor,24,Other,Canada,9/4/2022,Free
s21641,Olivia Brown,23,Female,Canada,7/8/2021,Monthly
s21642,Lucas Martin,28,Male,Canada,12/3/2020,Free
s21643,Mia Singh,21,Other,USA,12/16/2021,Yearly
s21644,Ethan Brown,25,Other,UK,2/5/2022,Free
s21645,Meera Brown,33,Other,India,1/26/2022,Yearly
s21646,Aanya Hall,22,Other,India,3/17/2019,Monthly
s21647,Emma Lewis,46,Male,USA,6/13/2022,Free
s21648,Amelia Brown,34,Female,Canada,6/2/2019,Monthly
s21649,Aarav Patel,37,Other,Germany,12/26/2021,Yearly
s21650,Vihaan Thomas,38,Female,UK,11/2/2019,Monthly
s21651,Sophia Davis,23,Female,Canada,6/18/2022,Monthly
s21652,Meera Verma,25,Other,India,2/21/2022,Free
s21653,Liam Taylor,24,Female,USA,5/17/2019,Free
s21654,Karan Moore,19,Female,Canada,9/17/2022,Free
s21655,Meera Miller,40,Female,Germany,9/16/2022,Monthly
s21656,Isabella Martin,59,Female,Canada,1/22/2020,Free
s21657,Aarav Verma,26,Male,Germany,10/13/2019,Monthly
s21658,Benjamin Martin,24,Other,Canada,7/22/2020,Free
s21659,Isabella Lewis,38,Male,USA,11/23/2022,Free
s21660,Olivia Thomas,23,Female,Canada,5/9/2021,Yearly
s21661,Benjamin Singh,46,Female,UK,1/23/2021,Yearly
s21662,Meera Lee,49,Male,Canada,5/5/2020,Yearly
s21663,Meera Wilson,26,Male,USA,4/3/2020,Yearly
s21664,Riya Davis,36,Male,Canada,3/10/2021,Free
s21665,Olivia Thomas,21,Other,Australia,7/7/2019,Yearly
s21666,Aarav Hall,20,Male,UK,10/14/2020,Yearly
s21667,Amelia Lewis,22,Female,UK,5/16/2021,Yearly
s21668,Benjamin Moore,38,Male,Australia,6/13/2019,Free
s21669,Riya Thomas,20,Other,USA,3/13/2020,Free
s21670,Eva Lewis,66,Female,UK,10/1/2019,Monthly
s21671,Vihaan Smith,25,Other,USA,9/11/2019,Free
s21672,Riya Singh,41,Other,UK,1/20/2022,Free
s21673,Noah Moore,18,Male,UK,7/1/2019,Yearly
s21674,Sophia Wilson,22,Other,India,6/10/2021,Yearly
s21675,Meera Verma,25,Male,Germany,2/1/2021,Yearly
s21676,Noah Hall,27,Other,India,4/14/2022,Yearly
s21677,Olivia Hall,23,Other,India,5/25/2020,Free
s21678,Olivia Hall,19,Other,UK,10/13/2020,Yearly
s21679,Aarav Anderson,21,Other,UK,2/18/2022,Monthly
s21680,Riya Lee,26,Female,Canada,10/2/2020,Free
s21681,Noah Taylor,18,Female,Australia,10/11/2022,Free
s21682,Aanya Smith,18,Other,Australia,9/12/2021,Monthly
s21683,Amelia Wilson,21,Other,Germany,2/12/2021,Monthly
s21684,Liam Martin,45,Other,India,11/16/2019,Free
s21685,Aanya Lee,23,Other,Canada,7/13/2021,Free
s21686,Arjun Lee,19,Other,USA,1/2/2019,Yearly
s21687,Sophia Hall,18,Male,USA,7/15/2022,Free
s21688,Benjamin Hall,21,Other,Germany,9/30/2022,Monthly
s21689,Sophia Patel,21,Male,Germany,3/15/2020,Free
s21690,Aanya Thomas,42,Female,Australia,11/22/2021,Monthly
s21691,Vihaan Singh,55,Male,UK,10/27/2020,Yearly
s21692,Amelia Wilson,33,Male,India,9/3/2021,Monthly
s21693,Riya Patel,22,Female,Australia,11/26/2022,Yearly
s21694,Isabella Miller,24,Other,Germany,5/7/2020,Yearly
s21695,Mia Martin,40,Female,Canada,6/20/2022,Monthly
s21696,Sophia Martin,27,Male,USA,12/5/2020,Yearly
s21697,Isabella Taylor,21,Female,USA,1/7/2019,Free
s21698,Isabella Johnson,19,Other,India,10/12/2021,Monthly
s21699,Ethan Lewis,18,Female,India,8/25/2022,Free
s21700,Ethan Thomas,28,Female,Germany,3/9/2021,Yearly
s21701,Vihaan Johnson,29,Female,India,2/19/2022,Monthly
s21702,Meera Wilson,24,Male,UK,9/6/2021,Free
s21703,Arjun Walker,21,Female,Australia,7/10/2022,Yearly
s21704,Olivia Lewis,27,Female,Canada,7/16/2019,Monthly
s21705,Emma Lewis,19,Other,UK,6/13/2022,Free
s21706,Aanya Thomas,33,Male,India,5/2/2020,Free
s21707,Sophia Smith,25,Female,Germany,4/26/2020,Yearly
s21708,Sophia Singh,28,Other,USA,6/29/2019,Free
s21709,Sophia Sharma,20,Male,Canada,11/9/2019,Free
s21710,Olivia Walker,24,Female,USA,9/1/2021,Yearly
s21711,Eva Miller,21,Male,Canada,4/4/2020,Free
s21712,Karan Martin,21,Other,Australia,4/13/2021,Monthly
s21713,Amelia Taylor,18,Female,UK,1/17/2019,Monthly
s21714,Olivia Moore,25,Male,USA,12/9/2021,Yearly
s21715,Meera Walker,37,Male,Canada,5/7/2021,Yearly
s21716,Aarav Lee,19,Male,USA,12/4/2020,Yearly
s21717,Arjun Hall,19,Other,UK,6/2/2019,Yearly
s21718,Eva Anderson,33,Male,Germany,12/9/2020,Free
s21719,Olivia Thomas,24,Other,Germany,12/3/2022,Free
s21720,Noah Lee,21,Female,Canada,6/2/2021,Free
s21721,Meera Martin,19,Female,UK,6/12/2021,Yearly
s21722,Arjun Thomas,30,Female,USA,11/21/2019,Yearly
s21723,Ethan Davis,27,Male,Germany,2/10/2021,Yearly
s21724,Arjun Taylor,27,Female,USA,4/12/2022,Free
s21725,Liam Sharma,36,Male,Germany,1/19/2020,Yearly
s21726,Liam Brown,18,Other,Australia,11/28/2020,Yearly
s21727,Arjun Lewis,27,Other,Germany,1/17/2019,Monthly
s21728,Sophia Patel,41,Female,USA,6/11/2020,Monthly
s21729,Meera Verma,29,Other,Canada,1/2/2022,Yearly
s21730,Eva Anderson,27,Other,India,8/22/2020,Yearly
s21731,Emma Anderson,58,Female,USA,3/19/2019,Monthly
s21732,Vihaan Singh,27,Other,India,11/14/2022,Free
s21733,Liam Smith,21,Other,Germany,11/20/2020,Free
s21734,Aanya Wilson,25,Female,USA,7/3/2020,Free
s21735,Riya Lewis,25,Male,Canada,5/15/2020,Yearly
s21736,Lucas Verma,21,Other,Canada,5/14/2019,Yearly
s21737,Benjamin Patel,43,Other,Germany,1/14/2021,Monthly
s21738,Arjun Anderson,59,Male,Germany,5/11/2020,Free
s21739,Vihaan Johnson,18,Other,India,6/6/2021,Monthly
s21740,Riya Smith,21,Female,Germany,8/1/2020,Monthly
s21741,Meera Davis,41,Female,Germany,3/3/2022,Yearly
s21742,Meera Lewis,50,Male,USA,8/22/2022,Free
s21743,Olivia Verma,49,Other,UK,6/30/2022,Free
s21744,Benjamin Verma,19,Other,USA,7/9/2019,Monthly
s21745,Sophia Thomas,40,Female,Canada,9/10/2022,Monthly
s21746,Vihaan Wilson,19,Male,Canada,2/8/2021,Monthly
s21747,Vihaan Wilson,66,Other,Germany,11/2/2019,Free
s21748,Vihaan Miller,20,Other,Canada,2/12/2019,Monthly
s21749,Zara Moore,22,Female,Australia,4/29/2021,Yearly
s21750,Liam Davis,24,Female,Germany,2/6/2022,Yearly
s21751,Vihaan Lee,49,Male,Australia,1/28/2021,Monthly
s21752,Karan Singh,34,Male,India,11/28/2019,Free
s21753,Emma Smith,18,Male,USA,7/13/2022,Monthly
s21754,Emma Sharma,20,Female,India,10/29/2021,Monthly
s21755,Isabella Walker,38,Female,UK,4/14/2021,Free
s21756,Lucas Johnson,18,Female,Germany,9/24/2022,Free
s21757,Emma Hall,57,Other,USA,7/27/2022,Monthly
s21758,Emma Wilson,21,Other,Germany,10/13/2021,Free
s21759,Isabella Walker,27,Other,India,11/23/2019,Free
s21760,Eva Clark,27,Other,USA,12/20/2022,Yearly
s21761,Zara Taylor,35,Female,Australia,10/4/2021,Yearly
s21762,Isabella Davis,29,Female,UK,5/28/2019,Yearly
s21763,Eva Brown,20,Other,USA,11/6/2022,Monthly
s21764,Isabella Miller,21,Other,Australia,12/17/2019,Yearly
s21765,Arjun Verma,20,Female,USA,12/31/2021,Monthly
s21766,Lucas Sharma,24,Other,Germany,10/1/2020,Yearly
s21767,Eva Anderson,25,Other,India,11/29/2019,Free
s21768,Isabella Davis,31,Male,UK,8/15/2021,Free
s21769,Ethan Martin,20,Female,Australia,7/15/2020,Free
s21770,Eva Smith,67,Other,Canada,4/27/2020,Free
s21771,Arjun Clark,23,Other,Australia,1/29/2021,Monthly
s21772,Karan Moore,19,Female,Germany,6/8/2019,Free
s21773,Vihaan Smith,43,Other,USA,9/8/2020,Monthly
s21774,Arjun Thomas,21,Female,UK,9/10/2020,Free
s21775,Mia Walker,19,Male,Australia,3/19/2020,Monthly
s21776,Karan Smith,47,Male,Canada,2/10/2020,Yearly
s21777,Liam Verma,26,Female,UK,4/3/2020,Yearly
s21778,Amelia Sharma,19,Female,India,2/5/2021,Yearly
s21779,Isabella Smith,36,Other,USA,2/25/2022,Free
s21780,Mia Hall,65,Female,India,7/13/2019,Free
s21781,Ethan Smith,26,Male,India,9/26/2021,Monthly
s21782,Meera Taylor,21,Female,Australia,4/11/2019,Yearly
s21783,Noah Sharma,28,Female,USA,11/24/2019,Free
s21784,Sophia Patel,23,Other,Canada,3/16/2022,Monthly
s21785,Zara Wilson,19,Female,India,1/26/2021,Yearly
s21786,Meera Smith,46,Male,Germany,7/30/2021,Free
s21787,Olivia Hall,20,Male,Germany,5/6/2019,Free
s21788,Arjun Brown,27,Male,UK,4/13/2020,Monthly
s21789,Vihaan Thomas,50,Other,Germany,7/13/2020,Monthly
s21790,Amelia Lewis,23,Other,USA,12/5/2020,Monthly
s21791,Olivia Singh,25,Female,Germany,1/9/2020,Yearly
s21792,Olivia Verma,37,Male,Canada,9/28/2022,Free
s21793,Isabella Smith,23,Male,UK,10/2/2021,Yearly
s21794,Sophia Johnson,42,Male,USA,1/19/2020,Monthly
s21795,Mia Walker,24,Other,Germany,3/5/2022,Monthly
s21796,Zara Patel,18,Other,Germany,10/29/2021,Monthly
s21797,Lucas Clark,62,Female,Australia,1/8/2020,Yearly
s21798,Vihaan Davis,42,Male,Germany,10/27/2022,Yearly
s21799,Vihaan Hall,38,Other,India,2/17/2019,Yearly
s21800,Sophia Johnson,44,Other,Australia,6/21/2021,Yearly
s21801,Zara Sharma,24,Female,USA,10/18/2022,Free
s21802,Liam Patel,20,Male,India,8/15/2021,Yearly
s21803,Arjun Verma,27,Female,USA,12/13/2019,Free
s21804,Aanya Thomas,25,Other,Germany,8/3/2022,Yearly
s21805,Riya Verma,25,Other,Australia,5/23/2022,Yearly
s21806,Benjamin Thomas,21,Other,USA,9/4/2021,Yearly
s21807,Liam Walker,20,Other,Australia,9/12/2019,Monthly
s21808,Isabella Walker,31,Male,UK,11/1/2019,Yearly
s21809,Eva Walker,20,Female,UK,3/4/2022,Yearly
s21810,Noah Anderson,18,Male,UK,2/18/2022,Free
s21811,Meera Walker,35,Male,Germany,9/23/2019,Monthly
s21812,Vihaan Lee,25,Other,UK,9/11/2019,Yearly
s21813,Isabella Patel,52,Female,Canada,12/7/2022,Monthly
s21814,Ethan Martin,27,Male,India,11/11/2022,Yearly
s21815,Eva Smith,26,Other,India,6/16/2021,Free
s21816,Zara Lewis,21,Other,USA,7/28/2021,Yearly
s21817,Sophia Davis,66,Male,India,6/21/2021,Free
s21818,Emma Wilson,46,Male,Germany,1/15/2020,Free
s21819,Vihaan Moore,37,Male,Germany,4/15/2019,Free
s21820,Vihaan Smith,20,Female,USA,2/2/2019,Yearly
s21821,Ethan Wilson,19,Other,India,7/10/2019,Free
s21822,Riya Verma,21,Male,Germany,4/6/2021,Monthly
s21823,Arjun Moore,21,Other,Germany,3/23/2019,Yearly
s21824,Liam Martin,22,Other,Australia,9/2/2022,Yearly
s21825,Ethan Johnson,51,Other,Canada,1/16/2021,Free
s21826,Lucas Thomas,20,Male,UK,2/7/2020,Monthly
s21827,Benjamin Smith,47,Other,Australia,7/2/2022,Free
s21828,Isabella Sharma,57,Male,UK,12/10/2022,Free
s21829,Mia Thomas,24,Male,Germany,5/3/2021,Yearly
s21830,Arjun Lee,20,Female,UK,11/17/2019,Free
s21831,Noah Verma,18,Female,UK,10/21/2020,Yearly
s21832,Aarav Hall,40,Male,UK,3/24/2019,Free
s21833,Aanya Lee,22,Female,India,11/26/2020,Free
s21834,Mia Lewis,21,Other,USA,9/7/2022,Yearly
s21835,Riya Lewis,43,Other,Germany,2/27/2022,Yearly
s21836,Lucas Miller,18,Female,UK,12/7/2022,Monthly
s21837,Benjamin Singh,20,Male,Germany,6/15/2021,Free
s21838,Aarav Thomas,26,Male,Germany,7/13/2021,Yearly
s21839,Lucas Hall,20,Female,USA,4/26/2019,Monthly
s21840,Karan Johnson,47,Other,Germany,12/17/2019,Yearly
s21841,Aanya Davis,35,Female,USA,8/10/2022,Yearly
s21842,Aarav Clark,22,Male,Germany,8/19/2020,Yearly
s21843,Aarav Miller,21,Other,UK,12/4/2021,Yearly
s21844,Aanya Wilson,21,Other,UK,6/26/2020,Yearly
s21845,Benjamin Walker,27,Male,Canada,10/1/2019,Free
s21846,Riya Lewis,22,Other,India,10/19/2020,Free
s21847,Arjun Brown,25,Male,India,6/6/2022,Yearly
s21848,Lucas Anderson,19,Female,UK,8/22/2020,Yearly
s21849,Mia Anderson,21,Other,Australia,2/15/2020,Yearly
s21850,Benjamin Thomas,25,Female,UK,7/29/2021,Yearly
s21851,Arjun Singh,18,Male,Australia,12/24/2022,Monthly
s21852,Emma Clark,26,Male,USA,12/1/2019,Yearly
s21853,Zara Anderson,47,Male,USA,3/21/2021,Yearly
s21854,Emma Wilson,30,Male,UK,12/29/2019,Yearly
s21855,Eva Miller,21,Female,UK,6/1/2022,Free
s21856,Noah Lewis,32,Female,India,1/28/2022,Free
s21857,Emma Walker,54,Male,India,11/19/2019,Free
s21858,Amelia Miller,20,Male,UK,11/19/2021,Yearly
s21859,Ethan Brown,25,Female,India,2/14/2020,Free
s21860,Liam Brown,22,Male,India,9/22/2020,Monthly
s21861,Mia Clark,25,Female,USA,8/20/2019,Monthly
s21862,Olivia Smith,19,Other,USA,3/1/2020,Free
s21863,Arjun Wilson,24,Female,Australia,3/14/2019,Free
s21864,Liam Lewis,38,Male,Canada,9/23/2021,Free
s21865,Amelia Anderson,44,Female,USA,4/5/2022,Free
s21866,Aanya Patel,27,Male,UK,12/24/2022,Monthly
s21867,Meera Patel,27,Male,Canada,5/22/2019,Monthly
s21868,Noah Taylor,42,Male,India,5/11/2019,Free
s21869,Noah Johnson,24,Other,Australia,11/16/2022,Free
s21870,Sophia Clark,30,Female,Canada,6/17/2020,Yearly
s21871,Benjamin Anderson,39,Male,Canada,7/31/2019,Monthly
s21872,Liam Anderson,26,Male,UK,8/28/2020,Yearly
s21873,Eva Clark,18,Female,India,4/26/2019,Free
s21874,Benjamin Clark,25,Female,India,1/27/2022,Monthly
s21875,Meera Brown,48,Other,India,9/28/2022,Yearly
s21876,Aanya Martin,20,Male,Australia,12/17/2019,Yearly
s21877,Aanya Anderson,26,Other,UK,3/19/2020,Yearly
s21878,Emma Johnson,19,Male,Canada,1/1/2021,Yearly
s21879,Amelia Thomas,26,Female,India,11/5/2021,Yearly
s21880,Sophia Miller,27,Female,UK,4/1/2022,Free
s21881,Lucas Verma,45,Male,India,6/21/2020,Free
s21882,Aarav Johnson,26,Female,USA,4/26/2021,Free
s21883,Vihaan Verma,26,Male,UK,8/17/2022,Yearly
s21884,Karan Lewis,23,Male,Germany,5/22/2022,Yearly
s21885,Vihaan Davis,58,Other,Australia,10/15/2019,Yearly
s21886,Benjamin Brown,22,Female,USA,8/1/2022,Free
s21887,Meera Davis,20,Other,Germany,1/27/2019,Monthly
s21888,Aanya Lee,19,Female,Canada,6/4/2022,Free
s21889,Arjun Davis,36,Other,Germany,8/21/2020,Yearly
s21890,Karan Davis,24,Female,USA,8/10/2021,Monthly
s21891,Vihaan Thomas,26,Other,India,5/7/2021,Free
s21892,Liam Patel,65,Other,USA,11/11/2020,Free
s21893,Isabella Lee,19,Female,USA,10/15/2021,Monthly
s21894,Liam Moore,41,Female,Australia,12/18/2019,Monthly
s21895,Lucas Wilson,18,Male,Canada,1/25/2022,Yearly
s21896,Olivia Wilson,19,Female,UK,10/22/2019,Free
s21897,Aanya Clark,24,Other,Canada,4/27/2022,Yearly
s21898,Aanya Miller,63,Female,Australia,3/9/2019,Yearly
s21899,Emma Davis,49,Male,USA,2/9/2022,Yearly
s21900,Mia Clark,26,Other,UK,5/31/2021,Yearly
s21901,Aanya Lee,24,Other,USA,11/25/2019,Free
s21902,Karan Singh,23,Other,Germany,6/15/2022,Monthly
s21903,Arjun Johnson,20,Other,India,12/22/2019,Yearly
s21904,Noah Thomas,22,Male,India,6/10/2022,Yearly
s21905,Olivia Miller,33,Other,USA,6/19/2020,Free
s21906,Emma Thomas,21,Female,UK,1/28/2022,Yearly
s21907,Emma Miller,40,Male,USA,5/9/2019,Free
s21908,Benjamin Moore,35,Male,Canada,11/21/2021,Free
s21909,Mia Patel,23,Female,Australia,4/2/2021,Monthly
s21910,Ethan Verma,26,Other,UK,4/22/2021,Monthly
s21911,Arjun Martin,32,Female,Canada,10/20/2019,Monthly
s21912,Liam Verma,26,Male,USA,5/22/2021,Yearly
s21913,Emma Verma,25,Male,USA,11/12/2022,Yearly
s21914,Eva Wilson,23,Male,USA,9/22/2021,Free
s21915,Vihaan Verma,34,Male,Germany,4/22/2020,Yearly
s21916,Liam Verma,29,Male,Canada,10/21/2021,Yearly
s21917,Karan Walker,18,Female,UK,7/13/2022,Yearly
s21918,Lucas Brown,23,Male,USA,7/26/2022,Monthly
s21919,Noah Martin,44,Male,Canada,1/18/2022,Free
s21920,Eva Lee,42,Male,India,3/30/2019,Monthly
s21921,Olivia Davis,24,Female,India,4/6/2022,Free
s21922,Amelia Taylor,26,Other,USA,9/21/2022,Free
s21923,Benjamin Thomas,27,Other,USA,1/8/2021,Monthly
s21924,Eva Thomas,24,Male,USA,8/5/2019,Yearly
s21925,Zara Moore,44,Male,India,3/21/2021,Free
s21926,Zara Singh,42,Female,UK,6/21/2019,Free
s21927,Liam Patel,26,Other,Germany,6/9/2019,Yearly
s21928,Aarav Patel,18,Female,Australia,2/15/2020,Yearly
s21929,Aarav Smith,40,Other,USA,5/23/2019,Monthly
s21930,Sophia Clark,28,Male,Canada,1/4/2020,Yearly
s21931,Mia Thomas,25,Other,UK,7/11/2020,Free
s21932,Eva Davis,18,Female,India,2/14/2021,Monthly
s21933,Meera Brown,18,Female,Australia,9/7/2019,Monthly
s21934,Lucas Johnson,26,Male,USA,9/11/2022,Free
s21935,Aarav Smith,19,Female,USA,3/30/2022,Monthly
s21936,Olivia Hall,26,Male,UK,7/29/2021,Free
s21937,Sophia Thomas,34,Other,USA,8/26/2021,Monthly
s21938,Vihaan Anderson,27,Male,USA,4/14/2019,Monthly
s21939,Eva Johnson,42,Other,Germany,11/9/2019,Monthly
s21940,Olivia Singh,18,Other,Canada,3/13/2022,Yearly
s21941,Lucas Smith,33,Other,Canada,4/22/2019,Yearly
s21942,Riya Clark,22,Female,Australia,7/23/2020,Yearly
s21943,Lucas Singh,22,Other,USA,2/8/2022,Monthly
s21944,Riya Brown,22,Male,India,5/27/2019,Yearly
s21945,Aanya Lee,25,Male,UK,12/17/2020,Monthly
s21946,Karan Verma,26,Male,Australia,6/14/2022,Yearly
s21947,Lucas Johnson,28,Male,UK,4/11/2022,Monthly
s21948,Vihaan Lewis,33,Male,Germany,11/19/2021,Yearly
s21949,Ethan Hall,19,Other,India,8/30/2020,Free
s21950,Mia Verma,26,Female,UK,4/12/2021,Monthly
s21951,Zara Smith,26,Other,Australia,6/29/2019,Free
s21952,Aarav Lee,35,Male,USA,6/22/2019,Monthly
s21953,Zara Martin,21,Male,India,10/18/2021,Yearly
s21954,Isabella Miller,23,Female,Germany,4/23/2022,Free
s21955,Isabella Moore,21,Female,Canada,3/12/2019,Yearly
s21956,Eva Martin,23,Other,India,6/8/2020,Yearly
s21957,Amelia Verma,27,Other,India,4/3/2021,Free
s21958,Aanya Johnson,39,Male,USA,9/11/2020,Monthly
s21959,Sophia Lewis,30,Female,Canada,9/21/2022,Monthly
s21960,Liam Verma,19,Female,UK,10/10/2020,Free
s21961,Ethan Moore,25,Other,India,12/11/2022,Yearly
s21962,Eva Anderson,18,Other,USA,5/1/2019,Yearly
s21963,Liam Singh,21,Male,Canada,6/7/2022,Yearly
s21964,Riya Martin,41,Female,Germany,9/13/2020,Yearly
s21965,Karan Thomas,20,Male,UK,10/9/2021,Monthly
s21966,Arjun Smith,40,Female,India,12/5/2021,Monthly
s21967,Riya Walker,19,Female,UK,10/12/2022,Free
s21968,Meera Clark,52,Female,Germany,5/1/2022,Yearly
s21969,Zara Miller,18,Other,India,5/18/2022,Monthly
s21970,Karan Clark,18,Male,Canada,2/10/2022,Yearly
s21971,Liam Verma,24,Male,Germany,7/10/2022,Free
s21972,Olivia Singh,24,Male,India,5/28/2021,Monthly
s21973,Aanya Sharma,43,Male,India,9/15/2022,Free
s21974,Aarav Thomas,24,Male,USA,7/13/2021,Monthly
s21975,Noah Singh,19,Female,India,4/25/2020,Free
s21976,Mia Hall,20,Female,UK,11/13/2020,Yearly
s21977,Liam Singh,20,Other,Australia,1/28/2020,Monthly
s21978,Noah Wilson,27,Other,UK,11/25/2021,Yearly
s21979,Emma Wilson,35,Other,Germany,3/17/2022,Free
s21980,Isabella Verma,22,Female,UK,2/5/2019,Yearly
s21981,Zara Lewis,24,Other,Australia,7/13/2021,Monthly
s21982,Olivia Miller,50,Male,Canada,11/17/2022,Free
s21983,Olivia Taylor,21,Other,USA,6/9/2019,Monthly
s21984,Emma Anderson,30,Other,India,6/25/2021,Yearly
s21985,Karan Singh,54,Male,India,12/17/2022,Yearly
s21986,Emma Clark,65,Male,UK,6/2/2019,Yearly
s21987,Sophia Singh,19,Other,India,4/12/2019,Yearly
s21988,Olivia Walker,39,Other,UK,2/23/2020,Free
s21989,Liam Martin,22,Male,Canada,5/29/2022,Free
s21990,Noah Davis,21,Male,India,11/22/2020,Yearly
s21991,Sophia Taylor,19,Other,Germany,1/2/2021,Free
s21992,Riya Patel,24,Other,Canada,6/23/2020,Yearly
s21993,Sophia Anderson,43,Female,Germany,9/3/2022,Free
s21994,Mia Smith,26,Other,USA,1/16/2022,Monthly
s21995,Ethan Anderson,39,Other,USA,4/24/2019,Yearly
s21996,Eva Hall,29,Female,Australia,1/15/2021,Monthly
s21997,Aarav Lee,24,Other,Australia,4/7/2019,Free
s21998,Amelia Clark,23,Other,Germany,2/26/2021,Monthly
s21999,Eva Lee,32,Other,Germany,2/18/2022,Yearly
s22000,Emma Smith,20,Female,Germany,3/25/2022,Yearly
s22001,Mia Brown,44,Other,UK,4/3/2022,Monthly
s22002,Lucas Martin,29,Other,UK,2/27/2020,Free
s22003,Mia Moore,34,Female,UK,10/11/2019,Monthly
s22004,Emma Anderson,33,Female,Germany,8/14/2020,Free
s22005,Liam Lee,36,Male,India,5/6/2021,Yearly
s22006,Eva Moore,22,Female,UK,3/28/2020,Free
s22007,Lucas Hall,23,Male,Australia,5/18/2022,Free
s22008,Noah Brown,23,Male,USA,8/4/2022,Yearly
s22009,Sophia Taylor,42,Other,UK,6/30/2019,Free
s22010,Ethan Thomas,21,Female,India,7/24/2020,Yearly
s22011,Aanya Singh,19,Female,India,9/24/2020,Monthly
s22012,Meera Miller,30,Male,USA,5/1/2022,Monthly
s22013,Vihaan Taylor,26,Female,Australia,2/8/2020,Free
s22014,Amelia Miller,30,Female,USA,7/30/2020,Yearly
s22015,Karan Anderson,34,Female,Germany,1/19/2021,Monthly
s22016,Benjamin Brown,23,Male,India,4/13/2019,Free
s22017,Benjamin Lewis,23,Other,Canada,10/27/2020,Yearly
s22018,Isabella Smith,22,Other,UK,12/28/2022,Yearly
s22019,Arjun Miller,60,Female,Australia,6/9/2020,Monthly
s22020,Olivia Wilson,20,Male,Canada,6/12/2021,Free
s22021,Lucas Sharma,28,Other,Australia,10/9/2021,Yearly
s22022,Liam Miller,45,Male,Canada,6/27/2021,Yearly
s22023,Noah Lewis,21,Male,Canada,10/17/2019,Monthly
s22024,Aanya Miller,54,Other,Germany,11/21/2020,Monthly
s22025,Sophia Smith,29,Other,UK,11/7/2021,Yearly
s22026,Noah Johnson,27,Female,India,8/16/2020,Free
s22027,Aarav Martin,24,Male,UK,8/29/2019,Free
s22028,Aanya Taylor,45,Other,Germany,3/17/2021,Free
s22029,Ethan Wilson,33,Female,Germany,1/12/2019,Monthly
s22030,Karan Lewis,24,Female,UK,9/27/2021,Yearly
s22031,Amelia Anderson,23,Other,India,10/31/2019,Yearly
s22032,Olivia Singh,21,Other,USA,7/7/2020,Monthly
s22033,Olivia Singh,59,Other,Australia,3/28/2020,Yearly
s22034,Zara Johnson,24,Female,India,3/18/2022,Free
s22035,Aanya Sharma,24,Other,India,9/2/2019,Monthly
s22036,Karan Moore,24,Male,India,5/8/2020,Yearly
s22037,Amelia Lee,19,Other,Australia,7/23/2019,Free
s22038,Liam Smith,18,Other,Germany,1/3/2022,Free
s22039,Mia Davis,19,Male,UK,10/10/2019,Free
s22040,Isabella Hall,43,Male,Australia,7/4/2022,Yearly
s22041,Arjun Brown,34,Other,Australia,2/6/2019,Monthly
s22042,Benjamin Verma,23,Male,India,8/31/2019,Monthly
s22043,Meera Taylor,21,Female,USA,12/23/2022,Yearly
s22044,Eva Anderson,31,Male,USA,4/22/2019,Yearly
s22045,Ethan Anderson,35,Other,USA,2/20/2021,Monthly
s22046,Aarav Verma,21,Male,Canada,11/16/2021,Free
s22047,Emma Verma,23,Other,Australia,9/30/2020,Yearly
s22048,Arjun Martin,20,Male,Australia,2/22/2022,Yearly
s22049,Sophia Taylor,19,Other,USA,4/3/2019,Free
s22050,Benjamin Patel,18,Female,Australia,10/22/2021,Yearly
s22051,Olivia Sharma,41,Female,USA,9/24/2020,Monthly
s22052,Lucas Singh,22,Male,India,3/5/2019,Free
s22053,Meera Johnson,41,Female,Germany,12/15/2019,Free
s22054,Karan Verma,19,Male,Australia,3/25/2022,Monthly
s22055,Ethan Hall,23,Female,UK,8/20/2021,Yearly
s22056,Mia Anderson,24,Female,India,9/24/2020,Free
s22057,Olivia Singh,28,Other,Canada,7/20/2020,Free
s22058,Lucas Brown,47,Other,India,2/14/2022,Monthly
s22059,Ethan Anderson,26,Male,Canada,7/3/2019,Free
s22060,Liam Moore,27,Female,India,8/17/2019,Monthly
s22061,Noah Lewis,40,Other,Canada,4/21/2019,Monthly
s22062,Benjamin Verma,56,Other,Germany,10/11/2020,Free
s22063,Vihaan Walker,18,Female,India,12/1/2022,Yearly
s22064,Aarav Smith,27,Male,India,12/5/2022,Yearly
s22065,Noah Lee,23,Male,Germany,1/24/2019,Monthly
s22066,Noah Smith,35,Male,Canada,9/28/2020,Monthly
s22067,Arjun Smith,23,Female,USA,2/13/2021,Monthly
s22068,Amelia Hall,46,Female,Canada,5/25/2019,Yearly
s22069,Riya Wilson,27,Other,USA,10/6/2019,Monthly
s22070,Benjamin Martin,25,Other,Germany,3/21/2022,Monthly
s22071,Meera Taylor,26,Female,Australia,8/15/2020,Free
s22072,Liam Taylor,36,Female,Germany,2/4/2022,Monthly
s22073,Aanya Hall,26,Female,Canada,11/1/2019,Monthly
s22074,Emma Lee,23,Female,Germany,3/22/2020,Yearly
s22075,Isabella Walker,18,Male,USA,7/3/2020,Yearly
s22076,Ethan Sharma,27,Male,UK,6/27/2020,Yearly
s22077,Riya Martin,19,Female,Australia,8/4/2022,Free
s22078,Benjamin Brown,26,Other,UK,7/15/2022,Monthly
s22079,Olivia Thomas,51,Other,India,4/9/2022,Monthly
s22080,Arjun Brown,22,Female,India,1/15/2019,Monthly
s22081,Riya Lee,27,Female,Canada,1/13/2020,Yearly
s22082,Isabella Smith,21,Male,Germany,12/15/2021,Monthly
s22083,Zara Brown,33,Other,Germany,12/26/2020,Monthly
s22084,Liam Martin,24,Female,India,5/10/2019,Yearly
s22085,Aanya Clark,20,Female,Canada,1/13/2019,Monthly
s22086,Mia Patel,25,Female,UK,1/22/2021,Yearly
s22087,Amelia Brown,42,Female,Germany,4/26/2020,Free
s22088,Eva Miller,39,Female,India,1/10/2020,Free
s22089,Lucas Martin,20,Male,USA,8/4/2022,Free
s22090,Emma Clark,42,Female,UK,12/20/2020,Free
s22091,Arjun Verma,36,Male,USA,10/3/2021,Free
s22092,Olivia Davis,19,Other,USA,3/25/2020,Free
s22093,Lucas Sharma,23,Male,UK,1/31/2022,Monthly
s22094,Amelia Davis,26,Male,UK,10/21/2021,Free
s22095,Noah Martin,67,Male,Germany,7/7/2021,Free
s22096,Olivia Hall,42,Other,India,11/20/2022,Monthly
s22097,Emma Lewis,20,Male,UK,3/14/2019,Free
s22098,Karan Hall,33,Female,UK,12/15/2021,Monthly
s22099,Meera Taylor,27,Female,Canada,9/23/2019,Free
s22100,Aarav Davis,25,Male,USA,8/27/2020,Monthly
s22101,Isabella Walker,32,Other,UK,3/13/2022,Free
s22102,Eva Brown,19,Male,Canada,3/31/2019,Free
s22103,Lucas Smith,18,Male,Australia,8/27/2021,Free
s22104,Mia Lee,21,Other,Canada,3/19/2022,Yearly
s22105,Benjamin Miller,21,Male,Germany,3/16/2022,Free
s22106,Aarav Brown,27,Other,UK,6/2/2021,Yearly
s22107,Emma Wilson,37,Male,UK,9/30/2020,Monthly
s22108,Noah Lee,19,Other,USA,1/12/2020,Yearly
s22109,Sophia Martin,24,Female,India,11/6/2022,Free
s22110,Sophia Walker,37,Female,Canada,8/20/2021,Free
s22111,Riya Lee,18,Male,Canada,8/27/2019,Yearly
s22112,Aanya Johnson,34,Female,India,2/26/2022,Yearly
s22113,Benjamin Walker,47,Female,Canada,4/9/2021,Monthly
s22114,Eva Sharma,43,Female,Australia,8/30/2021,Free
s22115,Karan Smith,25,Female,Germany,2/20/2020,Free
s22116,Emma Walker,18,Female,India,2/12/2021,Free
s22117,Sophia Lee,33,Male,Canada,9/21/2019,Free
s22118,Olivia Walker,23,Male,Germany,11/13/2022,Free
s22119,Lucas Sharma,20,Female,Canada,9/14/2021,Free
s22120,Aanya Anderson,24,Other,Australia,3/18/2022,Yearly
s22121,Benjamin Walker,20,Other,India,2/10/2021,Free
s22122,Aanya Davis,19,Male,Australia,11/11/2022,Monthly
s22123,Amelia Singh,21,Male,USA,9/3/2022,Yearly
s22124,Karan Sharma,24,Other,India,6/15/2020,Free
s22125,Sophia Patel,26,Female,Germany,10/28/2020,Monthly
s22126,Meera Miller,20,Other,UK,2/13/2020,Yearly
s22127,Zara Davis,26,Female,Australia,6/29/2021,Monthly
s22128,Lucas Johnson,24,Female,UK,1/3/2022,Yearly
s22129,Arjun Brown,27,Other,UK,3/19/2021,Monthly
s22130,Amelia Lewis,20,Female,Canada,10/16/2022,Monthly
s22131,Aarav Moore,24,Male,Canada,2/13/2021,Monthly
s22132,Isabella Moore,21,Female,Canada,8/8/2020,Monthly
s22133,Lucas Miller,57,Other,USA,10/25/2021,Yearly
s22134,Vihaan Johnson,27,Female,Australia,8/9/2022,Free
s22135,Aarav Lewis,54,Other,Germany,3/15/2021,Yearly
s22136,Zara Wilson,23,Other,UK,6/30/2021,Yearly
s22137,Liam Anderson,59,Female,Canada,6/17/2020,Free
s22138,Isabella Thomas,23,Female,UK,5/19/2020,Monthly
s22139,Zara Davis,37,Female,Canada,5/27/2022,Free
s22140,Mia Walker,19,Male,Canada,10/10/2021,Monthly
s22141,Amelia Martin,18,Male,Australia,9/28/2022,Yearly
s22142,Liam Clark,29,Other,Australia,12/2/2020,Monthly
s22143,Vihaan Smith,18,Female,Canada,9/10/2021,Yearly
s22144,Aarav Singh,22,Other,USA,2/26/2019,Free
s22145,Noah Lewis,35,Female,UK,10/13/2021,Monthly
s22146,Karan Hall,32,Male,USA,4/3/2021,Free
s22147,Noah Davis,27,Male,USA,3/8/2022,Yearly
s22148,Liam Martin,24,Other,Canada,9/18/2020,Monthly
s22149,Ethan Singh,20,Male,Canada,12/3/2019,Yearly
s22150,Amelia Walker,25,Other,Canada,8/30/2021,Yearly
s22151,Meera Verma,20,Male,Australia,5/28/2021,Monthly
s22152,Liam Lee,22,Other,USA,3/20/2022,Yearly
s22153,Liam Thomas,19,Other,Germany,4/21/2021,Yearly
s22154,Ethan Davis,24,Female,India,8/1/2022,Monthly
s22155,Ethan Clark,31,Other,UK,5/19/2022,Yearly
s22156,Olivia Verma,30,Male,UK,12/31/2020,Yearly
s22157,Emma Lee,36,Female,Germany,11/1/2021,Yearly
s22158,Meera Lee,60,Other,Australia,7/15/2020,Yearly
s22159,Ethan Taylor,21,Female,UK,2/7/2019,Free
s22160,Meera Sharma,18,Male,Australia,7/10/2019,Free
s22161,Benjamin Davis,22,Female,USA,6/4/2021,Yearly
s22162,Aanya Hall,26,Male,Germany,11/10/2020,Yearly
s22163,Aarav Smith,23,Other,India,1/21/2020,Yearly
s22164,Arjun Taylor,24,Female,India,1/30/2021,Monthly
s22165,Meera Walker,27,Female,Australia,12/20/2022,Monthly
s22166,Aanya Walker,32,Other,India,1/20/2022,Monthly
s22167,Eva Sharma,45,Female,Canada,12/5/2022,Yearly
s22168,Zara Clark,24,Female,Germany,7/9/2022,Monthly
s22169,Aarav Thomas,27,Male,Australia,4/3/2022,Free
s22170,Zara Lee,47,Male,USA,7/10/2021,Monthly
s22171,Isabella Miller,19,Other,Canada,5/24/2020,Yearly
s22172,Ethan Sharma,46,Male,Germany,3/12/2020,Yearly
s22173,Isabella Walker,54,Female,USA,8/8/2019,Yearly
s22174,Arjun Moore,27,Male,UK,1/22/2021,Monthly
s22175,Lucas Hall,20,Male,UK,7/4/2019,Yearly
s22176,Amelia Thomas,24,Female,India,6/10/2019,Yearly
s22177,Eva Verma,21,Female,Canada,3/1/2019,Monthly
s22178,Zara Martin,20,Female,India,2/24/2019,Yearly
s22179,Eva Sharma,19,Other,USA,12/18/2020,Free
s22180,Isabella Lewis,42,Female,Australia,7/22/2022,Free
s22181,Sophia Brown,18,Other,Germany,5/27/2020,Monthly
s22182,Vihaan Moore,24,Male,Canada,11/16/2021,Free
s22183,Emma Patel,52,Other,UK,7/26/2019,Monthly
s22184,Amelia Hall,25,Female,Australia,5/29/2022,Free
s22185,Liam Miller,32,Female,UK,7/9/2021,Yearly
s22186,Aarav Lee,18,Other,USA,7/13/2022,Monthly
s22187,Olivia Moore,30,Male,India,2/21/2020,Free
s22188,Isabella Patel,21,Other,USA,3/18/2019,Free
s22189,Ethan Verma,33,Female,India,8/1/2021,Yearly
s22190,Emma Thomas,22,Other,Australia,12/7/2021,Free
s22191,Noah Lee,25,Other,UK,9/20/2019,Free
s22192,Zara Davis,44,Female,Germany,2/13/2021,Free
s22193,Karan Taylor,23,Male,Canada,10/4/2021,Yearly
s22194,Eva Lewis,23,Female,UK,4/19/2022,Monthly
s22195,Karan Brown,24,Female,India,9/1/2019,Monthly
s22196,Isabella Moore,19,Female,India,12/24/2022,Monthly
s22197,Arjun Walker,22,Male,Canada,6/14/2022,Monthly
s22198,Ethan Walker,22,Female,USA,9/12/2021,Yearly
s22199,Aarav Verma,38,Other,USA,2/9/2019,Free
s22200,Noah Patel,42,Other,Germany,3/28/2022,Monthly
s22201,Karan Martin,52,Male,USA,4/18/2020,Yearly
s22202,Olivia Martin,18,Female,India,7/9/2020,Yearly
s22203,Zara Smith,25,Other,Canada,8/23/2020,Monthly
s22204,Emma Anderson,20,Female,Australia,12/20/2020,Free
s22205,Lucas Thomas,23,Female,India,8/23/2021,Yearly
s22206,Vihaan Hall,28,Other,Germany,8/9/2020,Monthly
s22207,Ethan Anderson,22,Female,India,1/29/2019,Yearly
s22208,Sophia Brown,22,Other,UK,2/21/2022,Monthly
s22209,Ethan Wilson,36,Male,Germany,12/21/2021,Free
s22210,Noah Lee,22,Female,USA,6/14/2021,Free
s22211,Ethan Lewis,26,Male,UK,1/29/2022,Monthly
s22212,Olivia Clark,24,Female,UK,12/29/2019,Yearly
s22213,Riya Davis,20,Other,Australia,2/23/2019,Free
s22214,Karan Thomas,26,Other,USA,8/3/2022,Yearly
s22215,Benjamin Lee,19,Female,India,9/18/2019,Yearly
s22216,Zara Anderson,22,Other,Germany,7/15/2022,Yearly
s22217,Mia Walker,19,Female,Australia,9/16/2022,Free
s22218,Noah Miller,37,Female,Canada,11/15/2019,Monthly
s22219,Benjamin Martin,39,Male,Australia,7/15/2022,Yearly
s22220,Lucas Taylor,20,Male,Germany,9/3/2019,Free
s22221,Mia Lewis,37,Female,India,2/4/2022,Free
s22222,Arjun Moore,23,Other,USA,11/18/2022,Free
s22223,Mia Moore,23,Female,Canada,11/14/2022,Yearly
s22224,Karan Brown,23,Male,India,3/31/2020,Monthly
s22225,Vihaan Johnson,61,Male,USA,5/20/2019,Monthly
s22226,Eva Smith,23,Female,India,11/23/2019,Free
s22227,Olivia Brown,38,Male,Australia,6/13/2020,Yearly
s22228,Noah Clark,19,Female,UK,7/15/2022,Free
s22229,Mia Martin,19,Other,Germany,4/14/2020,Monthly
s22230,Karan Wilson,36,Female,Canada,2/12/2020,Monthly
s22231,Emma Brown,55,Female,Canada,4/8/2020,Free
s22232,Riya Anderson,23,Male,India,9/13/2021,Yearly
s22233,Aanya Miller,20,Female,UK,7/12/2022,Monthly
s22234,Emma Smith,34,Male,India,10/21/2022,Free
s22235,Eva Thomas,24,Other,USA,4/6/2022,Monthly
s22236,Aarav Miller,28,Other,Germany,5/22/2019,Free
s22237,Sophia Hall,44,Male,USA,3/7/2021,Free
s22238,Arjun Walker,24,Male,India,6/28/2020,Yearly
s22239,Noah Johnson,47,Male,Australia,2/26/2022,Yearly
s22240,Karan Patel,21,Female,India,10/23/2021,Yearly
s22241,Ethan Martin,25,Other,Australia,4/29/2022,Monthly
s22242,Lucas Wilson,55,Female,Germany,10/15/2019,Monthly
s22243,Sophia Brown,34,Male,India,3/12/2021,Yearly
s22244,Riya Sharma,38,Other,USA,5/19/2022,Yearly
s22245,Meera Verma,18,Female,Australia,1/22/2022,Free
s22246,Mia Verma,19,Male,India,5/15/2021,Free
s22247,Benjamin Patel,20,Female,Canada,1/29/2021,Free
s22248,Liam Walker,25,Female,India,7/6/2021,Monthly
s22249,Emma Singh,21,Female,Australia,9/23/2019,Monthly
s22250,Olivia Johnson,34,Female,Australia,8/20/2020,Monthly
s22251,Mia Lee,36,Male,USA,7/2/2021,Monthly
s22252,Eva Verma,51,Other,India,1/16/2019,Free
s22253,Karan Verma,24,Female,UK,2/28/2019,Free
s22254,Benjamin Hall,22,Other,USA,12/28/2019,Yearly
s22255,Riya Lee,23,Male,UK,3/26/2021,Yearly
s22256,Aarav Johnson,27,Male,Germany,7/25/2021,Monthly
s22257,Eva Taylor,40,Other,UK,3/3/2021,Free
s22258,Sophia Moore,18,Other,UK,11/19/2022,Monthly
s22259,Eva Martin,46,Female,UK,6/8/2021,Free
s22260,Benjamin Lee,47,Male,India,9/25/2020,Yearly
s22261,Riya Brown,43,Female,Germany,10/21/2020,Yearly
s22262,Sophia Sharma,21,Male,India,9/15/2020,Monthly
s22263,Isabella Moore,20,Other,USA,1/12/2019,Free
s22264,Ethan Taylor,27,Female,Germany,3/24/2022,Yearly
s22265,Arjun Sharma,42,Other,USA,9/19/2021,Monthly
s22266,Meera Martin,55,Female,Germany,7/19/2019,Free
s22267,Emma Hall,24,Male,Germany,10/4/2022,Monthly
s22268,Isabella Clark,25,Other,UK,12/26/2020,Yearly
s22269,Zara Anderson,20,Male,India,11/18/2019,Yearly
s22270,Sophia Johnson,33,Male,UK,5/1/2021,Yearly
s22271,Zara Hall,21,Male,Canada,8/6/2021,Free
s22272,Mia Miller,27,Female,Canada,11/25/2019,Yearly
s22273,Benjamin Miller,25,Other,USA,7/23/2022,Yearly
s22274,Lucas Brown,21,Female,USA,12/8/2019,Yearly
s22275,Arjun Brown,21,Female,Germany,9/16/2022,Monthly
s22276,Karan Verma,34,Male,USA,5/30/2021,Free
s22277,Aanya Singh,43,Male,Australia,5/30/2019,Free
s22278,Isabella Wilson,22,Female,Canada,9/5/2019,Monthly
s22279,Aarav Patel,19,Female,Canada,7/30/2021,Yearly
s22280,Zara Davis,33,Female,India,4/3/2021,Monthly
s22281,Sophia Davis,24,Female,Germany,5/25/2019,Yearly
s22282,Mia Wilson,27,Male,Australia,3/23/2021,Yearly
s22283,Isabella Sharma,21,Other,Canada,1/18/2019,Yearly
s22284,Eva Taylor,25,Female,India,5/26/2020,Free
s22285,Zara Singh,20,Male,Canada,8/1/2021,Free
s22286,Isabella Thomas,49,Male,Germany,3/25/2022,Free
s22287,Eva Singh,25,Female,UK,3/6/2020,Monthly
s22288,Zara Clark,27,Other,USA,5/22/2022,Monthly
s22289,Liam Miller,26,Male,Canada,7/18/2019,Yearly
s22290,Karan Thomas,37,Female,Germany,12/5/2019,Monthly
s22291,Zara Thomas,19,Male,USA,7/2/2022,Yearly
s22292,Noah Sharma,20,Other,USA,3/21/2020,Monthly
s22293,Lucas Singh,42,Female,Australia,10/6/2019,Monthly
s22294,Meera Johnson,44,Female,Canada,1/31/2019,Free
s22295,Eva Singh,22,Other,Australia,6/21/2020,Yearly
s22296,Noah Hall,45,Male,India,3/5/2019,Free
s22297,Amelia Singh,23,Female,India,7/15/2019,Yearly
s22298,Arjun Clark,21,Other,India,3/30/2019,Free
s22299,Ethan Brown,18,Other,India,9/25/2021,Free
s22300,Eva Johnson,20,Male,India,12/24/2019,Yearly
s22301,Ethan Hall,39,Female,Canada,3/17/2019,Monthly
s22302,Vihaan Wilson,58,Other,Australia,1/26/2020,Monthly
s22303,Amelia Moore,49,Female,Australia,10/29/2021,Monthly
s22304,Benjamin Anderson,26,Male,UK,12/16/2022,Monthly
s22305,Riya Walker,22,Female,UK,11/2/2022,Monthly
s22306,Isabella Anderson,19,Other,India,11/10/2019,Free
s22307,Aanya Lee,30,Male,Canada,3/11/2019,Free
s22308,Liam Anderson,25,Female,Germany,10/17/2020,Monthly
s22309,Ethan Thomas,24,Other,Canada,1/28/2020,Free
s22310,Sophia Lee,43,Male,Canada,3/26/2021,Yearly
s22311,Benjamin Johnson,55,Female,Australia,12/22/2021,Yearly
s22312,Ethan Anderson,23,Other,UK,1/31/2020,Yearly
s22313,Eva Lee,19,Male,UK,10/29/2020,Free
s22314,Eva Johnson,28,Other,UK,4/10/2021,Free
s22315,Aarav Clark,20,Male,Germany,4/19/2022,Free
s22316,Isabella Taylor,46,Male,USA,2/21/2022,Yearly
s22317,Lucas Martin,37,Female,Canada,9/10/2021,Yearly
s22318,Sophia Miller,26,Female,Germany,3/27/2019,Monthly
s22319,Eva Anderson,57,Male,Germany,7/17/2019,Monthly
s22320,Liam Clark,21,Other,India,3/3/2020,Yearly
s22321,Olivia Davis,64,Other,Canada,10/26/2022,Free
s22322,Riya Lee,19,Female,UK,6/18/2022,Monthly
s22323,Lucas Martin,25,Male,UK,5/29/2021,Free
s22324,Noah Clark,19,Female,USA,10/1/2021,Monthly
s22325,Mia Martin,61,Other,Germany,8/27/2020,Free
s22326,Sophia Brown,24,Male,UK,10/3/2020,Monthly
s22327,Arjun Anderson,27,Male,USA,9/21/2021,Yearly
s22328,Meera Patel,19,Male,India,3/18/2022,Free
s22329,Arjun Clark,22,Male,Canada,6/10/2022,Free
s22330,Vihaan Clark,53,Female,USA,9/21/2021,Free
s22331,Olivia Miller,36,Female,Australia,5/1/2020,Monthly
s22332,Benjamin Moore,40,Female,India,1/13/2019,Free
s22333,Arjun Sharma,21,Female,Canada,12/23/2019,Monthly
s22334,Amelia Lewis,25,Other,USA,11/28/2021,Monthly
s22335,Aarav Hall,26,Female,Germany,5/28/2022,Monthly
s22336,Olivia Clark,26,Male,Canada,11/21/2021,Monthly
s22337,Ethan Anderson,24,Female,UK,1/29/2020,Free
s22338,Benjamin Anderson,18,Female,Australia,2/11/2019,Monthly
s22339,Noah Anderson,23,Male,Australia,4/5/2022,Free
s22340,Isabella Verma,24,Other,UK,3/8/2020,Yearly
s22341,Meera Wilson,47,Male,Canada,8/27/2021,Monthly
s22342,Liam Anderson,41,Other,USA,12/15/2020,Monthly
s22343,Aarav Clark,27,Other,Canada,3/18/2019,Monthly
s22344,Amelia Davis,22,Other,Australia,11/8/2021,Yearly
s22345,Emma Thomas,19,Female,Canada,9/12/2021,Monthly
s22346,Vihaan Clark,26,Female,Australia,10/12/2021,Yearly
s22347,Zara Walker,21,Female,Canada,5/26/2020,Monthly
s22348,Noah Davis,19,Other,Germany,12/13/2020,Free
s22349,Eva Verma,21,Other,India,12/3/2021,Free
s22350,Meera Anderson,23,Other,Canada,12/19/2022,Free
s22351,Sophia Lewis,47,Female,India,9/17/2022,Monthly
s22352,Liam Davis,45,Female,Canada,7/6/2019,Yearly
s22353,Ethan Davis,18,Male,Australia,1/14/2019,Monthly
s22354,Emma Lewis,27,Other,India,5/6/2019,Yearly
s22355,Vihaan Lee,22,Female,Canada,5/21/2020,Yearly
s22356,Mia Taylor,20,Other,UK,1/22/2020,Monthly
s22357,Olivia Smith,24,Male,USA,5/1/2019,Free
s22358,Ethan Miller,27,Female,India,11/19/2020,Free
s22359,Aarav Hall,22,Female,USA,8/28/2022,Free
s22360,Lucas Johnson,26,Male,Germany,10/12/2020,Monthly
s22361,Vihaan Hall,21,Female,India,9/19/2020,Monthly
s22362,Meera Wilson,24,Female,Germany,2/12/2019,Free
s22363,Ethan Hall,26,Other,USA,12/17/2022,Monthly
s22364,Amelia Miller,21,Other,UK,7/19/2020,Free
s22365,Olivia Lewis,25,Other,UK,6/13/2019,Monthly
s22366,Aanya Moore,20,Female,Germany,3/29/2022,Monthly
s22367,Eva Lewis,23,Female,India,9/26/2022,Yearly
s22368,Vihaan Lewis,24,Female,Australia,1/7/2020,Yearly
s22369,Karan Lewis,33,Male,Germany,12/26/2021,Monthly
s22370,Meera Clark,25,Male,Australia,12/29/2021,Yearly
s22371,Lucas Taylor,40,Male,Australia,4/4/2019,Yearly
s22372,Ethan Singh,19,Male,USA,8/16/2022,Monthly
s22373,Riya Anderson,26,Male,India,3/28/2019,Monthly
s22374,Benjamin Patel,18,Other,Canada,2/4/2022,Free
s22375,Aanya Johnson,24,Male,UK,12/31/2021,Free
s22376,Isabella Johnson,28,Female,Australia,10/11/2021,Yearly
s22377,Liam Taylor,19,Female,USA,5/15/2022,Monthly
s22378,Isabella Clark,32,Male,Australia,1/13/2020,Monthly
s22379,Mia Thomas,47,Male,Australia,10/6/2019,Monthly
s22380,Noah Miller,24,Other,USA,12/28/2020,Yearly
s22381,Amelia Smith,19,Female,UK,5/22/2020,Yearly
s22382,Liam Singh,47,Female,UK,7/6/2022,Free
s22383,Karan Patel,62,Other,India,10/24/2022,Yearly
s22384,Meera Clark,25,Other,India,8/28/2022,Monthly
s22385,Isabella Martin,19,Other,Germany,3/31/2019,Yearly
s22386,Olivia Lewis,23,Other,USA,5/18/2019,Monthly
s22387,Mia Wilson,43,Male,UK,3/16/2020,Yearly
s22388,Vihaan Verma,38,Other,UK,3/1/2019,Free
s22389,Lucas Anderson,25,Other,USA,9/8/2020,Monthly
s22390,Eva Singh,19,Male,Australia,3/25/2021,Yearly
s22391,Amelia Moore,42,Male,UK,4/3/2022,Monthly
s22392,Meera Anderson,23,Male,UK,4/16/2022,Monthly
s22393,Amelia Smith,40,Female,Australia,2/22/2020,Monthly
s22394,Aarav Martin,26,Other,UK,7/11/2020,Yearly
s22395,Amelia Clark,42,Male,UK,10/28/2019,Free
s22396,Riya Hall,18,Female,Australia,10/11/2021,Monthly
s22397,Lucas Thomas,22,Other,Canada,9/8/2022,Monthly
s22398,Aarav Verma,27,Female,USA,9/1/2019,Free
s22399,Mia Anderson,64,Female,Germany,3/28/2019,Free
s22400,Olivia Smith,22,Male,India,2/5/2022,Monthly
s22401,Aanya Brown,25,Male,Australia,11/16/2021,Free
s22402,Ethan Hall,19,Other,UK,12/7/2022,Monthly
s22403,Zara Verma,35,Female,Germany,11/16/2021,Yearly
s22404,Liam Moore,21,Female,USA,2/7/2021,Free
s22405,Noah Clark,60,Other,Canada,5/6/2021,Yearly
s22406,Mia Sharma,24,Male,India,8/31/2021,Free
s22407,Karan Sharma,34,Female,Australia,8/27/2022,Yearly
s22408,Riya Johnson,18,Male,Germany,5/7/2020,Yearly
s22409,Riya Singh,25,Male,India,8/25/2019,Yearly
s22410,Karan Clark,51,Other,Germany,2/5/2019,Yearly
s22411,Noah Wilson,22,Female,Germany,11/21/2020,Yearly
s22412,Noah Verma,18,Male,Australia,3/12/2020,Monthly
s22413,Vihaan Brown,51,Female,USA,5/17/2020,Monthly
s22414,Aarav Taylor,20,Male,Germany,11/13/2021,Free
s22415,Zara Martin,27,Male,Canada,12/17/2019,Yearly
s22416,Olivia Anderson,27,Other,India,8/27/2022,Yearly
s22417,Karan Wilson,53,Male,Australia,2/3/2021,Monthly
s22418,Sophia Walker,19,Male,UK,1/12/2022,Monthly
s22419,Emma Thomas,27,Female,India,12/28/2022,Free
s22420,Meera Johnson,60,Male,USA,3/7/2019,Yearly
s22421,Arjun Patel,40,Female,Canada,2/29/2020,Yearly
s22422,Olivia Johnson,33,Male,UK,5/30/2022,Free
s22423,Riya Lewis,20,Female,USA,8/27/2021,Free
s22424,Emma Thomas,33,Male,UK,4/8/2021,Monthly
s22425,Arjun Singh,25,Female,Germany,2/15/2020,Free
s22426,Riya Singh,26,Male,Canada,7/23/2022,Monthly
s22427,Zara Johnson,21,Other,USA,7/7/2019,Monthly
s22428,Arjun Lewis,60,Other,India,12/26/2020,Monthly
s22429,Eva Moore,34,Other,Germany,1/5/2020,Monthly
s22430,Olivia Smith,18,Male,USA,12/7/2019,Monthly
s22431,Emma Brown,44,Female,USA,11/26/2020,Yearly
s22432,Aarav Miller,21,Other,India,12/30/2022,Yearly
s22433,Noah Miller,42,Other,USA,5/13/2019,Free
s22434,Isabella Taylor,27,Male,Australia,12/29/2019,Monthly
s22435,Aarav Patel,24,Male,USA,2/7/2022,Free
s22436,Liam Walker,27,Other,Canada,7/15/2019,Yearly
s22437,Noah Wilson,21,Other,India,9/22/2022,Yearly
s22438,Olivia Moore,21,Male,Australia,12/24/2019,Monthly
s22439,Noah Walker,29,Other,Germany,4/19/2019,Yearly
s22440,Zara Lewis,46,Other,USA,1/9/2022,Yearly
s22441,Amelia Sharma,32,Female,USA,8/29/2020,Free
s22442,Emma Wilson,54,Female,Germany,9/4/2021,Monthly
s22443,Ethan Hall,44,Other,UK,8/22/2020,Monthly
s22444,Aarav Clark,32,Male,UK,9/4/2020,Yearly
s22445,Aanya Miller,19,Female,USA,9/29/2021,Free
s22446,Riya Hall,25,Female,USA,8/27/2021,Monthly
s22447,Lucas Clark,67,Other,Canada,10/30/2021,Yearly
s22448,Noah Anderson,26,Other,Australia,4/11/2021,Free
s22449,Ethan Brown,28,Male,India,10/23/2019,Yearly
s22450,Emma Wilson,24,Other,India,9/11/2019,Yearly
s22451,Isabella Smith,26,Other,Australia,3/8/2019,Monthly
s22452,Benjamin Hall,19,Other,Germany,9/8/2021,Monthly
s22453,Emma Verma,39,Female,Australia,10/26/2019,Yearly
s22454,Aanya Smith,52,Male,Canada,9/20/2022,Yearly
s22455,Riya Sharma,24,Male,Canada,3/3/2020,Free
s22456,Arjun Clark,32,Male,Canada,3/5/2020,Free
s22457,Vihaan Singh,44,Other,India,7/20/2021,Free
s22458,Eva Sharma,24,Male,Australia,8/6/2019,Yearly
s22459,Aanya Brown,19,Male,Australia,4/10/2022,Yearly
s22460,Eva Davis,20,Male,Australia,11/14/2022,Monthly
s22461,Riya Walker,30,Female,India,1/25/2020,Free
s22462,Benjamin Johnson,51,Female,UK,12/9/2019,Monthly
s22463,Aanya Anderson,27,Female,UK,8/7/2019,Free
s22464,Isabella Clark,18,Male,Germany,2/13/2020,Monthly
s22465,Arjun Smith,37,Male,USA,7/19/2020,Monthly
s22466,Noah Johnson,22,Male,Germany,9/6/2019,Free
s22467,Noah Walker,22,Other,Canada,1/30/2021,Monthly
s22468,Mia Walker,44,Other,UK,11/17/2019,Free
s22469,Karan Lee,39,Female,Australia,8/19/2021,Free
s22470,Olivia Lee,24,Male,UK,9/27/2019,Free
s22471,Noah Johnson,22,Male,USA,5/7/2020,Monthly
s22472,Benjamin Wilson,43,Other,Australia,12/21/2020,Monthly
s22473,Aanya Anderson,20,Female,India,7/4/2021,Yearly
s22474,Arjun Lewis,59,Male,Canada,6/30/2021,Monthly
s22475,Eva Johnson,26,Female,Germany,2/3/2022,Monthly
s22476,Lucas Thomas,41,Male,Australia,8/17/2022,Free
s22477,Benjamin Taylor,19,Male,Canada,5/30/2019,Yearly
s22478,Vihaan Patel,26,Male,Australia,12/18/2021,Monthly
s22479,Olivia Singh,58,Female,India,12/10/2022,Monthly
s22480,Olivia Moore,24,Female,Germany,1/10/2020,Monthly
s22481,Zara Moore,26,Other,Australia,3/15/2021,Yearly
s22482,Olivia Johnson,20,Other,Australia,1/15/2019,Monthly
s22483,Aarav Brown,31,Other,Canada,7/30/2020,Monthly
s22484,Benjamin Taylor,30,Male,USA,4/5/2019,Yearly
s22485,Mia Smith,43,Female,USA,6/20/2022,Yearly
s22486,Riya Moore,28,Female,UK,3/25/2019,Yearly
s22487,Benjamin Thomas,38,Other,Canada,5/8/2020,Yearly
s22488,Eva Lewis,21,Male,Germany,11/28/2022,Free
s22489,Mia Moore,21,Male,Germany,10/24/2021,Free
s22490,Arjun Patel,34,Other,Germany,12/25/2020,Monthly
s22491,Aarav Patel,30,Male,Canada,10/22/2019,Monthly
s22492,Mia Thomas,65,Female,India,6/27/2022,Monthly
s22493,Vihaan Singh,19,Other,India,6/21/2019,Yearly
s22494,Liam Smith,38,Female,Canada,8/29/2019,Monthly
s22495,Meera Brown,42,Female,UK,4/16/2020,Yearly
s22496,Benjamin Martin,22,Other,Germany,1/1/2019,Free
s22497,Riya Walker,21,Female,India,5/13/2022,Monthly
s22498,Aarav Lewis,18,Male,Australia,11/8/2019,Yearly
s22499,Karan Taylor,19,Female,Canada,10/31/2019,Free
s22500,Lucas Walker,32,Female,Australia,1/8/2021,Free
s22501,Mia Davis,38,Other,Australia,7/4/2020,Yearly
s22502,Aanya Taylor,27,Male,Germany,1/26/2020,Yearly
s22503,Karan Sharma,38,Male,India,10/17/2020,Free
s22504,Noah Wilson,64,Other,Australia,8/12/2019,Monthly
s22505,Meera Martin,18,Female,Germany,12/8/2022,Free
s22506,Zara Clark,19,Other,Australia,6/2/2020,Yearly
s22507,Sophia Moore,33,Female,Australia,5/7/2022,Yearly
s22508,Liam Patel,27,Other,UK,7/16/2019,Yearly
s22509,Vihaan Martin,32,Other,Germany,11/30/2022,Free
s22510,Arjun Brown,19,Female,USA,6/23/2022,Free
s22511,Benjamin Davis,19,Other,India,9/16/2022,Free
s22512,Meera Patel,22,Male,Germany,8/28/2019,Free
s22513,Mia Brown,26,Female,Germany,5/23/2020,Free
s22514,Lucas Walker,19,Female,Canada,10/1/2019,Yearly
s22515,Ethan Anderson,27,Male,India,7/3/2020,Yearly
s22516,Aanya Sharma,59,Male,Canada,3/6/2021,Monthly
s22517,Ethan Lewis,26,Male,Canada,1/12/2019,Free
s22518,Benjamin Martin,23,Female,UK,6/28/2022,Monthly
s22519,Emma Miller,22,Other,Germany,8/26/2021,Yearly
s22520,Amelia Davis,29,Male,Germany,7/26/2022,Monthly
s22521,Emma Hall,26,Other,UK,10/21/2022,Free
s22522,Amelia Moore,52,Male,India,10/9/2019,Monthly
s22523,Riya Anderson,25,Other,USA,4/20/2022,Yearly
s22524,Eva Smith,35,Female,Canada,7/2/2019,Monthly
s22525,Vihaan Thomas,26,Other,Germany,12/5/2020,Free
s22526,Emma Smith,21,Male,Canada,5/18/2020,Yearly
s22527,Amelia Patel,47,Female,Germany,7/9/2021,Yearly
s22528,Lucas Hall,43,Male,India,6/12/2022,Free
s22529,Isabella Lewis,49,Female,UK,5/5/2022,Monthly
s22530,Eva Johnson,23,Other,USA,6/12/2021,Monthly
s22531,Benjamin Lee,24,Female,Canada,11/21/2019,Monthly
s22532,Eva Lee,30,Male,Canada,9/20/2022,Yearly
s22533,Lucas Johnson,21,Male,Germany,6/1/2022,Yearly
s22534,Meera Johnson,27,Other,USA,12/4/2020,Monthly
s22535,Olivia Martin,27,Female,India,11/24/2020,Monthly
s22536,Karan Clark,26,Female,UK,5/18/2019,Yearly
s22537,Aarav Brown,45,Male,Australia,9/25/2022,Monthly
s22538,Aarav Lee,27,Other,Germany,2/26/2019,Free
s22539,Meera Lee,40,Other,India,12/26/2019,Yearly
s22540,Lucas Moore,61,Female,Germany,11/7/2021,Free
s22541,Eva Moore,24,Male,USA,7/16/2019,Free
s22542,Liam Martin,24,Female,Australia,10/24/2020,Free
s22543,Karan Anderson,23,Other,USA,3/18/2021,Monthly
s22544,Vihaan Smith,34,Other,Germany,3/3/2020,Yearly
s22545,Aanya Hall,25,Female,UK,9/6/2020,Yearly
s22546,Aarav Davis,48,Female,India,3/16/2021,Yearly
s22547,Benjamin Lee,33,Female,Canada,4/14/2020,Monthly
s22548,Eva Johnson,20,Other,USA,2/25/2019,Yearly
s22549,Meera Johnson,39,Other,USA,9/13/2019,Monthly
s22550,Meera Brown,34,Female,India,12/11/2020,Yearly
s22551,Aanya Johnson,62,Female,Australia,9/10/2022,Yearly
s22552,Isabella Martin,19,Other,India,10/10/2020,Monthly
s22553,Zara Thomas,60,Other,Canada,5/12/2022,Yearly
s22554,Isabella Sharma,21,Other,India,2/8/2019,Free
s22555,Zara Sharma,35,Other,Canada,7/4/2020,Yearly
s22556,Lucas Verma,21,Female,Australia,7/20/2019,Free
s22557,Emma Wilson,46,Male,Germany,4/25/2020,Monthly
s22558,Aarav Sharma,20,Other,USA,12/19/2022,Monthly
s22559,Eva Clark,25,Female,Australia,6/11/2019,Yearly
s22560,Arjun Lee,18,Female,UK,5/18/2022,Yearly
s22561,Emma Lee,33,Male,USA,3/8/2021,Free
s22562,Sophia Johnson,22,Other,USA,7/23/2019,Yearly
s22563,Riya Sharma,18,Male,Australia,8/20/2021,Free
s22564,Sophia Patel,19,Male,India,7/19/2019,Yearly
s22565,Riya Martin,25,Male,UK,7/14/2021,Yearly
s22566,Riya Brown,24,Female,Australia,10/12/2021,Monthly
s22567,Benjamin Wilson,32,Female,USA,5/25/2022,Yearly
s22568,Benjamin Patel,24,Male,Australia,8/19/2021,Monthly
s22569,Mia Taylor,33,Other,India,7/10/2020,Free
s22570,Ethan Wilson,23,Other,Canada,11/2/2022,Free
s22571,Olivia Davis,25,Female,India,10/29/2022,Yearly
s22572,Arjun Johnson,40,Other,UK,9/22/2020,Free
s22573,Olivia Thomas,26,Female,USA,5/13/2020,Monthly
s22574,Karan Moore,23,Other,India,12/1/2021,Free
s22575,Lucas Walker,26,Male,Canada,5/15/2021,Monthly
s22576,Benjamin Davis,27,Other,Germany,9/17/2022,Yearly
s22577,Aarav Walker,55,Female,UK,7/26/2019,Yearly
s22578,Sophia Anderson,25,Male,Germany,1/20/2022,Yearly
s22579,Lucas Thomas,34,Other,India,4/11/2020,Yearly
s22580,Ethan Smith,18,Female,USA,8/25/2020,Yearly
s22581,Karan Lewis,25,Female,Australia,8/4/2019,Free
s22582,Riya Anderson,36,Female,Australia,5/22/2021,Yearly
s22583,Lucas Lee,67,Other,Australia,2/24/2022,Monthly
s22584,Lucas Taylor,33,Other,India,2/2/2021,Free
s22585,Riya Moore,24,Male,Australia,12/27/2021,Yearly
s22586,Noah Miller,34,Male,Canada,9/3/2019,Free
s22587,Meera Patel,23,Female,India,7/22/2021,Free
s22588,Lucas Taylor,20,Other,Germany,11/16/2019,Monthly
s22589,Arjun Wilson,30,Other,UK,6/12/2019,Yearly
s22590,Mia Johnson,22,Female,UK,4/26/2022,Free
s22591,Zara Lee,38,Female,India,11/5/2020,Free
s22592,Arjun Walker,29,Female,Germany,10/11/2019,Yearly
s22593,Vihaan Lee,20,Other,USA,2/22/2020,Monthly
s22594,Vihaan Hall,44,Other,Germany,4/14/2021,Yearly
s22595,Aanya Moore,24,Other,UK,7/25/2020,Free
s22596,Benjamin Smith,18,Male,Australia,11/17/2019,Yearly
s22597,Lucas Smith,35,Female,India,2/13/2022,Monthly
s22598,Mia Lee,23,Female,India,1/15/2022,Yearly
s22599,Riya Verma,42,Other,Australia,2/20/2020,Free
s22600,Eva Singh,45,Male,USA,4/5/2021,Free
s22601,Zara Davis,41,Male,India,7/27/2021,Yearly
s22602,Meera Martin,45,Male,Canada,2/8/2020,Yearly
s22603,Karan Clark,59,Female,Canada,6/29/2021,Monthly
s22604,Karan Wilson,28,Female,India,11/27/2021,Free
s22605,Mia Hall,25,Female,Canada,2/27/2019,Monthly
s22606,Isabella Verma,63,Female,Germany,10/31/2020,Yearly
s22607,Eva Patel,39,Male,USA,12/4/2021,Yearly
s22608,Olivia Davis,25,Male,Canada,7/24/2019,Yearly
s22609,Isabella Johnson,29,Male,Australia,12/21/2020,Yearly
s22610,Ethan Johnson,22,Male,USA,1/18/2019,Free
s22611,Zara Moore,24,Male,Germany,2/9/2020,Free
s22612,Noah Sharma,34,Male,Australia,6/24/2022,Monthly
s22613,Ethan Brown,61,Female,India,4/13/2021,Monthly
s22614,Karan Wilson,20,Female,India,1/26/2019,Free
s22615,Meera Thomas,18,Other,India,10/27/2019,Monthly
s22616,Meera Thomas,35,Female,USA,12/2/2020,Free
s22617,Meera Sharma,19,Other,Australia,1/30/2020,Monthly
s22618,Sophia Clark,38,Male,Australia,11/28/2022,Yearly
s22619,Karan Johnson,63,Male,Germany,2/16/2019,Yearly
s22620,Amelia Walker,64,Other,Australia,12/27/2020,Free
s22621,Noah Thomas,24,Other,Germany,9/29/2022,Monthly
s22622,Riya Thomas,18,Other,Canada,9/30/2019,Monthly
s22623,Olivia Clark,34,Male,Canada,4/15/2022,Free
s22624,Emma Johnson,42,Male,Canada,1/5/2019,Free
s22625,Meera Smith,27,Female,USA,8/5/2020,Monthly
s22626,Arjun Brown,23,Female,Canada,2/1/2021,Yearly
s22627,Arjun Moore,21,Male,India,3/29/2022,Free
s22628,Ethan Hall,19,Male,Germany,5/24/2019,Yearly
s22629,Aanya Lewis,54,Other,USA,1/27/2019,Monthly
s22630,Meera Miller,22,Other,Australia,5/29/2019,Yearly
s22631,Eva Singh,31,Other,USA,4/27/2022,Monthly
s22632,Eva Martin,32,Female,USA,12/23/2020,Yearly
s22633,Olivia Clark,23,Other,Australia,9/3/2020,Free
s22634,Eva Sharma,21,Female,UK,7/17/2021,Yearly
s22635,Meera Miller,25,Other,UK,9/23/2021,Yearly
s22636,Isabella Sharma,40,Male,UK,2/11/2020,Monthly
s22637,Sophia Clark,19,Female,USA,1/23/2019,Monthly
s22638,Noah Moore,25,Other,UK,1/29/2021,Monthly
s22639,Zara Lee,25,Other,Australia,11/3/2022,Monthly
s22640,Karan Anderson,26,Female,USA,6/2/2020,Free
s22641,Aanya Clark,19,Female,India,7/6/2021,Free
s22642,Mia Patel,30,Other,USA,12/8/2019,Monthly
s22643,Aarav Lee,26,Male,Germany,2/3/2019,Monthly
s22644,Eva Thomas,23,Female,USA,7/14/2020,Monthly
s22645,Benjamin Smith,19,Male,Germany,10/29/2019,Yearly
s22646,Sophia Hall,18,Other,India,11/30/2020,Yearly
s22647,Sophia Anderson,33,Female,UK,2/9/2021,Free
s22648,Isabella Sharma,47,Female,Germany,5/27/2020,Yearly
s22649,Noah Clark,26,Other,Germany,2/26/2021,Free
s22650,Arjun Anderson,34,Male,Germany,10/7/2019,Free
s22651,Lucas Walker,38,Other,UK,12/29/2020,Free
s22652,Isabella Hall,19,Other,Germany,8/17/2022,Yearly
s22653,Eva Lee,65,Other,Australia,11/11/2020,Monthly
s22654,Olivia Smith,39,Female,Canada,12/12/2022,Yearly
s22655,Sophia Thomas,21,Male,USA,6/24/2021,Free
s22656,Isabella Davis,22,Male,Australia,10/23/2020,Free
s22657,Zara Moore,21,Male,Australia,11/26/2020,Yearly
s22658,Zara Miller,27,Male,Australia,5/11/2020,Free
s22659,Arjun Miller,27,Female,Australia,4/4/2020,Yearly
s22660,Olivia Martin,25,Other,Canada,3/11/2021,Free
s22661,Eva Wilson,19,Male,India,3/10/2019,Free
s22662,Isabella Clark,41,Male,India,8/29/2019,Monthly
s22663,Liam Moore,63,Male,Germany,8/30/2019,Monthly
s22664,Ethan Smith,24,Male,USA,9/21/2021,Free
s22665,Aanya Brown,18,Female,UK,1/28/2022,Yearly
s22666,Liam Singh,51,Other,India,8/21/2022,Yearly
s22667,Vihaan Patel,25,Male,Canada,10/17/2022,Free
s22668,Mia Clark,55,Female,India,6/7/2022,Monthly
s22669,Zara Lewis,21,Female,Germany,10/4/2022,Monthly
s22670,Amelia Hall,67,Male,India,4/5/2019,Free
s22671,Noah Davis,39,Other,UK,9/16/2020,Monthly
s22672,Riya Brown,19,Female,UK,9/3/2022,Yearly
s22673,Noah Verma,24,Male,India,11/28/2019,Yearly
s22674,Aarav Anderson,49,Other,Canada,1/22/2020,Monthly
s22675,Olivia Clark,26,Female,Canada,8/18/2020,Monthly
s22676,Liam Smith,40,Female,Germany,4/9/2022,Free
s22677,Isabella Smith,22,Male,Germany,8/26/2022,Free
s22678,Ethan Davis,19,Other,Germany,6/1/2021,Free
s22679,Zara Verma,19,Male,USA,3/17/2022,Yearly
s22680,Eva Smith,25,Other,UK,3/2/2020,Yearly
s22681,Liam Verma,38,Other,UK,11/18/2020,Monthly
s22682,Aanya Taylor,51,Other,Germany,6/27/2021,Free
s22683,Amelia Clark,56,Male,Germany,4/19/2020,Monthly
s22684,Sophia Walker,33,Male,UK,6/13/2020,Monthly
s22685,Olivia Hall,21,Other,India,8/25/2021,Yearly
s22686,Benjamin Lewis,20,Other,Australia,9/21/2020,Free
s22687,Ethan Hall,24,Male,Germany,5/28/2019,Free
s22688,Aarav Martin,42,Male,India,5/13/2020,Yearly
s22689,Mia Sharma,43,Female,Germany,3/31/2022,Free
s22690,Isabella Miller,21,Male,Canada,12/12/2019,Free
s22691,Meera Taylor,27,Female,Canada,11/12/2019,Free
s22692,Isabella Moore,24,Female,USA,3/24/2019,Free
s22693,Aarav Clark,18,Other,Australia,2/28/2019,Free
s22694,Amelia Smith,45,Male,Australia,9/7/2019,Yearly
s22695,Aanya Lewis,42,Female,Australia,2/19/2022,Yearly
s22696,Liam Johnson,21,Male,Canada,11/26/2019,Yearly
s22697,Aarav Moore,18,Female,USA,9/17/2021,Yearly
s22698,Amelia Davis,21,Female,Canada,4/2/2019,Monthly
s22699,Ethan Thomas,20,Other,USA,5/9/2019,Yearly
s22700,Emma Anderson,23,Male,India,11/23/2021,Monthly
s22701,Ethan Sharma,23,Other,Australia,1/10/2021,Yearly
s22702,Meera Davis,18,Other,Canada,8/3/2020,Yearly
s22703,Karan Verma,26,Other,UK,5/13/2021,Monthly
s22704,Liam Smith,22,Other,India,12/14/2020,Yearly
s22705,Aarav Davis,47,Male,UK,5/22/2019,Yearly
s22706,Aarav Miller,43,Female,Germany,3/25/2020,Yearly
s22707,Ethan Moore,27,Other,Germany,5/1/2019,Yearly
s22708,Aarav Anderson,20,Other,UK,7/9/2019,Monthly
s22709,Vihaan Hall,53,Female,UK,5/15/2020,Free
s22710,Riya Lee,22,Male,Australia,8/8/2022,Free
s22711,Riya Wilson,19,Other,India,7/22/2022,Yearly
s22712,Lucas Taylor,22,Male,India,8/19/2019,Yearly
s22713,Aarav Moore,36,Male,India,8/31/2020,Yearly
s22714,Liam Lee,19,Male,India,7/13/2020,Yearly
s22715,Isabella Moore,23,Other,Canada,12/6/2020,Yearly
s22716,Sophia Patel,26,Female,Germany,9/7/2021,Monthly
s22717,Liam Johnson,45,Male,India,3/4/2022,Free
s22718,Liam Taylor,38,Female,Canada,8/25/2022,Monthly
s22719,Meera Lee,19,Other,India,9/3/2021,Free
s22720,Isabella Walker,18,Male,Australia,12/29/2019,Free
s22721,Amelia Martin,26,Female,Germany,7/30/2019,Yearly
s22722,Aanya Clark,23,Other,UK,5/16/2020,Free
s22723,Benjamin Davis,42,Other,Germany,4/16/2019,Monthly
s22724,Lucas Clark,54,Other,Germany,5/24/2019,Monthly
s22725,Arjun Thomas,39,Male,Australia,3/30/2019,Free
s22726,Karan Wilson,25,Male,USA,1/14/2022,Free
s22727,Karan Walker,18,Male,Australia,7/5/2019,Yearly
s22728,Karan Moore,35,Female,Australia,7/16/2020,Yearly
s22729,Isabella Brown,31,Other,USA,12/17/2019,Free
s22730,Vihaan Moore,47,Male,India,3/31/2019,Free
s22731,Ethan Moore,22,Other,UK,8/25/2020,Monthly
s22732,Isabella Wilson,24,Male,UK,5/19/2021,Monthly
s22733,Vihaan Walker,31,Female,Canada,11/1/2021,Free
s22734,Benjamin Martin,32,Male,Australia,12/24/2020,Yearly
s22735,Liam Sharma,22,Female,India,1/27/2022,Yearly
s22736,Olivia Verma,23,Other,Germany,4/9/2019,Free
s22737,Zara Miller,27,Male,USA,8/9/2019,Monthly
s22738,Zara Martin,59,Female,India,11/19/2022,Yearly
s22739,Sophia Singh,18,Male,USA,11/18/2019,Free
s22740,Noah Lewis,29,Male,Australia,2/5/2022,Monthly
s22741,Benjamin Moore,35,Other,UK,6/16/2019,Yearly
s22742,Ethan Lewis,24,Female,Australia,2/29/2020,Monthly
s22743,Sophia Brown,19,Other,Australia,6/16/2021,Monthly
s22744,Karan Martin,26,Female,USA,11/15/2022,Yearly
s22745,Isabella Hall,67,Female,USA,1/2/2020,Free
s22746,Arjun Taylor,25,Other,Australia,4/28/2022,Yearly
s22747,Arjun Clark,43,Female,India,8/30/2022,Yearly
s22748,Eva Anderson,18,Male,UK,5/28/2021,Monthly
s22749,Olivia Verma,27,Female,UK,8/13/2019,Yearly
s22750,Emma Walker,20,Other,UK,10/21/2019,Free
s22751,Arjun Lee,18,Male,Germany,4/24/2019,Monthly
s22752,Karan Lewis,36,Other,Germany,10/19/2022,Monthly
s22753,Aanya Sharma,20,Other,USA,8/20/2019,Monthly
s22754,Vihaan Miller,18,Male,Canada,2/9/2022,Monthly
s22755,Olivia Sharma,22,Male,USA,4/8/2019,Free
s22756,Lucas Johnson,27,Female,USA,1/21/2022,Yearly
s22757,Riya Brown,27,Female,UK,9/16/2021,Monthly
s22758,Sophia Walker,50,Male,Germany,9/1/2021,Free
s22759,Ethan Lee,65,Other,India,2/14/2022,Free
s22760,Lucas Patel,23,Male,UK,8/3/2020,Yearly
s22761,Liam Johnson,45,Other,USA,12/5/2020,Free
s22762,Sophia Moore,38,Other,USA,4/9/2021,Monthly
s22763,Mia Lee,24,Other,USA,2/6/2022,Yearly
s22764,Zara Verma,23,Female,India,12/8/2022,Yearly
s22765,Meera Verma,22,Other,India,9/2/2021,Free
s22766,Vihaan Anderson,27,Male,India,2/17/2020,Free
s22767,Aanya Thomas,20,Male,Germany,8/28/2019,Free
s22768,Eva Lewis,25,Other,UK,10/16/2021,Yearly
s22769,Amelia Hall,21,Female,Germany,6/23/2019,Yearly
s22770,Aanya Singh,64,Female,India,7/15/2019,Yearly
s22771,Arjun Patel,42,Other,Germany,7/31/2022,Free
s22772,Emma Taylor,20,Male,Germany,2/12/2020,Yearly
s22773,Eva Wilson,35,Female,Australia,2/25/2020,Free
s22774,Amelia Lewis,25,Female,Canada,1/28/2022,Yearly
s22775,Sophia Verma,66,Male,USA,12/15/2021,Yearly
s22776,Amelia Martin,21,Female,Australia,7/6/2022,Free
s22777,Amelia Sharma,45,Male,USA,3/19/2020,Yearly
s22778,Amelia Clark,18,Female,Australia,10/2/2020,Free
s22779,Liam Lee,48,Other,Australia,10/14/2020,Monthly
s22780,Aanya Singh,24,Other,India,5/7/2022,Yearly
s22781,Lucas Martin,42,Other,Australia,4/6/2020,Yearly
s22782,Zara Martin,19,Female,UK,8/9/2022,Monthly
s22783,Olivia Davis,21,Other,Canada,12/10/2020,Monthly
s22784,Zara Hall,47,Female,USA,1/26/2022,Monthly
s22785,Noah Johnson,19,Other,USA,12/19/2022,Free
s22786,Riya Taylor,49,Female,UK,7/9/2021,Yearly
s22787,Arjun Thomas,21,Male,Germany,12/11/2022,Yearly
s22788,Lucas Moore,25,Female,India,10/27/2020,Monthly
s22789,Benjamin Brown,23,Male,Australia,7/23/2020,Yearly
s22790,Eva Clark,27,Female,Germany,10/19/2021,Yearly
s22791,Riya Anderson,18,Female,Australia,5/15/2021,Free
s22792,Emma Lee,35,Male,Australia,8/15/2020,Monthly
s22793,Zara Smith,20,Other,Australia,6/13/2022,Monthly
s22794,Mia Clark,18,Other,UK,1/26/2020,Free
s22795,Riya Verma,26,Female,Canada,1/6/2022,Monthly
s22796,Isabella Davis,20,Other,Germany,4/18/2022,Yearly
s22797,Benjamin Brown,24,Female,India,5/9/2021,Free
s22798,Zara Walker,27,Female,Germany,8/8/2022,Yearly
s22799,Emma Davis,31,Male,Australia,10/24/2019,Free
s22800,Karan Lewis,22,Female,Canada,8/18/2022,Monthly
s22801,Karan Thomas,25,Male,Germany,12/4/2019,Yearly
s22802,Karan Smith,43,Female,Canada,6/29/2021,Monthly
s22803,Sophia Lee,20,Male,UK,3/24/2019,Free
s22804,Eva Walker,21,Female,Canada,10/24/2022,Monthly
s22805,Meera Anderson,19,Other,Germany,7/1/2021,Yearly
s22806,Noah Wilson,29,Other,USA,6/3/2021,Free
s22807,Riya Wilson,57,Male,USA,10/21/2021,Monthly
s22808,Benjamin Wilson,60,Other,Australia,4/6/2021,Free
s22809,Riya Lee,20,Male,Germany,5/2/2021,Monthly
s22810,Emma Verma,55,Other,USA,11/5/2020,Free
s22811,Vihaan Lee,18,Female,India,10/30/2022,Yearly
s22812,Aarav Moore,32,Other,USA,5/29/2022,Monthly
s22813,Olivia Walker,25,Other,Germany,3/10/2019,Yearly
s22814,Mia Clark,20,Female,UK,11/28/2020,Monthly
s22815,Aarav Lewis,47,Other,USA,12/15/2022,Free
s22816,Aarav Sharma,39,Female,USA,8/26/2022,Monthly
s22817,Aanya Smith,25,Female,Australia,1/18/2019,Free
s22818,Noah Lewis,24,Female,Germany,5/5/2022,Yearly
s22819,Amelia Singh,23,Male,Germany,2/3/2021,Monthly
s22820,Karan Brown,51,Other,India,1/11/2022,Yearly
s22821,Noah Johnson,25,Female,Germany,10/1/2021,Monthly
s22822,Riya Singh,27,Male,Germany,3/4/2020,Yearly
s22823,Emma Johnson,20,Male,UK,3/15/2020,Yearly
s22824,Olivia Anderson,22,Other,USA,12/21/2020,Yearly
s22825,Liam Martin,43,Other,Australia,4/6/2022,Yearly
s22826,Meera Sharma,40,Other,USA,10/16/2021,Monthly
s22827,Isabella Sharma,29,Male,Germany,5/30/2022,Yearly
s22828,Arjun Wilson,33,Male,India,12/5/2022,Yearly
s22829,Noah Sharma,40,Female,India,6/19/2021,Yearly
s22830,Zara Walker,25,Male,USA,3/1/2022,Monthly
s22831,Liam Brown,21,Male,India,5/15/2021,Yearly
s22832,Sophia Moore,26,Other,Canada,10/19/2020,Monthly
s22833,Zara Martin,19,Other,India,5/16/2019,Free
s22834,Zara Clark,32,Other,UK,11/2/2022,Monthly
s22835,Sophia Lee,66,Male,USA,12/26/2021,Monthly
s22836,Ethan Verma,39,Female,Germany,9/9/2022,Yearly
s22837,Aarav Smith,21,Other,USA,5/18/2021,Monthly
s22838,Emma Lewis,62,Other,Canada,12/4/2021,Free
s22839,Liam Taylor,38,Female,Canada,11/19/2022,Free
s22840,Arjun Brown,19,Female,Australia,4/9/2020,Yearly
s22841,Isabella Johnson,56,Other,India,10/10/2022,Monthly
s22842,Arjun Sharma,50,Other,Germany,3/29/2021,Free
s22843,Lucas Clark,62,Other,UK,8/17/2021,Free
s22844,Arjun Verma,20,Male,Australia,3/12/2021,Monthly
s22845,Noah Patel,20,Other,USA,3/4/2022,Yearly
s22846,Olivia Walker,19,Other,UK,2/12/2022,Yearly
s22847,Arjun Wilson,23,Other,India,10/14/2022,Monthly
s22848,Meera Clark,21,Female,India,7/15/2020,Free
s22849,Isabella Singh,54,Male,UK,4/29/2020,Monthly
s22850,Aarav Davis,22,Male,UK,8/31/2019,Yearly
s22851,Riya Johnson,31,Female,India,11/16/2022,Monthly
s22852,Benjamin Lewis,22,Male,Germany,10/30/2021,Free
s22853,Emma Thomas,22,Other,India,2/15/2021,Yearly
s22854,Zara Smith,18,Other,USA,12/25/2019,Free
s22855,Riya Thomas,20,Male,Germany,2/23/2020,Monthly
s22856,Emma Taylor,20,Male,UK,5/20/2022,Yearly
s22857,Vihaan Verma,23,Male,Canada,10/2/2022,Monthly
s22858,Sophia Patel,22,Female,UK,11/12/2022,Monthly
s22859,Emma Moore,39,Male,Canada,3/25/2022,Monthly
s22860,Noah Miller,27,Female,Australia,7/4/2022,Free
s22861,Benjamin Smith,24,Female,Canada,5/5/2022,Yearly
s22862,Liam Singh,27,Female,Australia,9/7/2021,Monthly
s22863,Eva Verma,21,Male,India,3/26/2021,Yearly
s22864,Vihaan Johnson,18,Female,Canada,5/6/2021,Free
s22865,Riya Taylor,47,Other,India,6/5/2021,Monthly
s22866,Riya Patel,22,Other,India,9/3/2021,Monthly
s22867,Ethan Walker,47,Male,Australia,12/3/2022,Yearly
s22868,Emma Thomas,27,Female,USA,6/21/2020,Monthly
s22869,Liam Wilson,47,Male,India,7/29/2021,Yearly
s22870,Vihaan Clark,67,Male,Germany,11/7/2019,Yearly
s22871,Zara Miller,27,Female,Germany,12/10/2022,Yearly
s22872,Meera Wilson,21,Other,USA,1/31/2022,Yearly
s22873,Isabella Davis,27,Other,Australia,9/19/2020,Yearly
s22874,Amelia Anderson,26,Other,Germany,5/2/2022,Free
s22875,Eva Lewis,23,Other,UK,6/18/2022,Yearly
s22876,Zara Singh,21,Female,Germany,3/30/2021,Free
s22877,Lucas Clark,22,Other,Germany,9/18/2022,Yearly
s22878,Liam Wilson,21,Other,Australia,12/26/2019,Free
s22879,Vihaan Clark,47,Female,USA,12/21/2020,Yearly
s22880,Karan Anderson,46,Female,India,6/3/2019,Yearly
s22881,Ethan Smith,18,Female,USA,7/21/2020,Yearly
s22882,Noah Walker,33,Female,Germany,3/20/2021,Monthly
s22883,Amelia Singh,20,Other,USA,9/21/2021,Yearly
s22884,Benjamin Davis,24,Male,Canada,5/12/2021,Yearly
s22885,Emma Moore,19,Female,Germany,3/17/2019,Monthly
s22886,Sophia Brown,18,Male,Canada,4/5/2022,Monthly
s22887,Zara Singh,19,Female,Germany,5/11/2020,Monthly
s22888,Karan Smith,22,Female,India,5/12/2020,Free
s22889,Aarav Hall,22,Other,Germany,4/21/2022,Monthly
s22890,Vihaan Martin,26,Female,Canada,12/15/2019,Monthly
s22891,Eva Brown,45,Male,UK,9/12/2020,Free
s22892,Karan Walker,40,Male,India,2/6/2021,Monthly
s22893,Arjun Singh,25,Female,UK,5/14/2020,Free
s22894,Vihaan Taylor,58,Female,Canada,11/10/2019,Free
s22895,Riya Moore,36,Other,India,10/8/2020,Free
s22896,Arjun Johnson,46,Female,Germany,2/18/2020,Monthly
s22897,Noah Wilson,23,Male,Australia,10/23/2021,Yearly
s22898,Noah Moore,23,Female,USA,11/29/2020,Yearly
s22899,Riya Brown,24,Other,Canada,8/22/2020,Free
s22900,Noah Clark,25,Other,India,9/13/2021,Free
s22901,Lucas Brown,19,Female,Canada,3/26/2022,Monthly
s22902,Arjun Smith,24,Female,UK,10/2/2019,Monthly
s22903,Riya Lewis,19,Male,USA,1/30/2019,Monthly
s22904,Riya Singh,19,Female,USA,6/5/2021,Monthly
s22905,Amelia Davis,24,Male,Canada,9/23/2021,Free
s22906,Mia Miller,26,Other,Germany,10/20/2020,Free
s22907,Lucas Johnson,23,Other,Germany,4/8/2022,Monthly
s22908,Noah Davis,22,Male,USA,10/4/2022,Monthly
s22909,Vihaan Patel,18,Male,India,3/13/2020,Monthly
s22910,Emma Walker,23,Female,USA,10/26/2019,Free
s22911,Vihaan Wilson,27,Other,Germany,7/5/2021,Monthly
s22912,Meera Smith,53,Other,Canada,12/10/2021,Yearly
s22913,Aarav Anderson,20,Other,Germany,6/11/2021,Yearly
s22914,Isabella Clark,27,Female,UK,11/12/2020,Free
s22915,Liam Martin,26,Female,Canada,2/5/2020,Monthly
s22916,Sophia Johnson,25,Male,Canada,3/7/2022,Free
s22917,Aarav Sharma,55,Male,Germany,11/18/2019,Free
s22918,Olivia Clark,27,Male,Germany,1/7/2020,Free
s22919,Zara Verma,22,Female,USA,10/31/2021,Yearly
s22920,Vihaan Wilson,26,Male,Germany,5/16/2021,Free
s22921,Arjun Wilson,24,Other,Australia,3/16/2022,Yearly
s22922,Aarav Smith,20,Male,USA,5/20/2019,Free
s22923,Isabella Thomas,27,Male,Australia,4/8/2021,Monthly
s22924,Amelia Patel,23,Male,Germany,1/2/2020,Free
s22925,Benjamin Martin,22,Male,UK,6/5/2020,Yearly
s22926,Isabella Brown,19,Male,Germany,3/29/2020,Yearly
s22927,Riya Verma,35,Other,UK,3/2/2021,Monthly
s22928,Aarav Thomas,25,Female,Canada,1/6/2020,Free
s22929,Vihaan Singh,27,Other,Canada,1/3/2021,Monthly
s22930,Zara Walker,65,Other,India,12/17/2022,Yearly
s22931,Amelia Lee,27,Male,India,8/15/2022,Monthly
s22932,Liam Singh,21,Female,Australia,1/30/2019,Monthly
s22933,Liam Thomas,21,Other,Australia,1/12/2020,Yearly
s22934,Aarav Lewis,40,Other,Germany,3/14/2021,Free
s22935,Emma Taylor,21,Male,Canada,12/28/2021,Yearly
s22936,Emma Johnson,20,Female,Canada,1/29/2020,Free
s22937,Mia Martin,21,Other,Canada,12/30/2020,Yearly
s22938,Emma Lee,24,Female,Canada,1/19/2019,Yearly
s22939,Eva Patel,19,Male,Canada,5/4/2022,Yearly
s22940,Meera Singh,27,Other,UK,2/13/2019,Monthly
s22941,Ethan Clark,64,Male,Canada,7/4/2020,Yearly
s22942,Ethan Walker,31,Male,Germany,1/28/2020,Yearly
s22943,Noah Taylor,29,Female,Australia,5/23/2021,Yearly
s22944,Liam Verma,25,Female,UK,1/14/2021,Free
s22945,Sophia Martin,18,Other,UK,12/23/2019,Monthly
s22946,Mia Hall,26,Female,Canada,3/13/2022,Free
s22947,Amelia Singh,22,Male,Canada,12/29/2021,Free
s22948,Amelia Smith,21,Male,USA,8/23/2019,Yearly
s22949,Arjun Patel,58,Male,Australia,8/26/2021,Monthly
s22950,Aanya Walker,21,Other,Germany,12/16/2019,Yearly
s22951,Vihaan Smith,65,Other,USA,8/4/2021,Free
s22952,Aarav Walker,24,Female,USA,3/30/2019,Monthly
s22953,Vihaan Smith,64,Other,USA,2/25/2021,Free
s22954,Emma Hall,45,Female,Germany,3/26/2022,Monthly
s22955,Noah Johnson,40,Female,Canada,1/15/2020,Yearly
s22956,Meera Davis,27,Male,Germany,5/26/2019,Monthly
s22957,Olivia Walker,27,Male,UK,9/20/2021,Monthly
s22958,Vihaan Smith,19,Female,Canada,7/4/2020,Monthly
s22959,Riya Wilson,66,Female,Australia,12/10/2022,Yearly
s22960,Noah Lee,30,Other,USA,7/18/2019,Free
s22961,Noah Walker,20,Male,USA,6/2/2022,Monthly
s22962,Amelia Patel,45,Male,Canada,11/9/2022,Yearly
s22963,Mia Taylor,18,Male,USA,10/23/2021,Yearly
s22964,Karan Smith,22,Other,UK,7/16/2019,Yearly
s22965,Meera Wilson,32,Female,India,1/13/2019,Monthly
s22966,Riya Thomas,23,Male,UK,2/6/2020,Yearly
s22967,Noah Singh,46,Female,India,2/18/2020,Free
s22968,Vihaan Smith,36,Other,India,6/1/2022,Yearly
s22969,Noah Taylor,34,Female,Germany,9/7/2021,Free
s22970,Amelia Martin,27,Male,UK,4/3/2021,Free
s22971,Aarav Brown,19,Female,Australia,8/31/2020,Free
s22972,Liam Walker,36,Female,Germany,5/5/2020,Free
s22973,Arjun Miller,24,Male,India,4/10/2019,Yearly
s22974,Emma Thomas,25,Other,Germany,9/5/2019,Yearly
s22975,Vihaan Verma,39,Female,Germany,8/23/2019,Monthly
s22976,Emma Wilson,54,Male,India,10/23/2022,Free
s22977,Benjamin Patel,23,Male,Australia,2/1/2019,Yearly
s22978,Sophia Hall,23,Female,India,10/22/2020,Free
s22979,Aanya Verma,31,Other,UK,9/5/2021,Yearly
s22980,Lucas Sharma,46,Male,UK,4/3/2019,Free
s22981,Sophia Miller,22,Female,Germany,6/16/2022,Yearly
s22982,Eva Davis,25,Female,UK,6/6/2022,Free
s22983,Zara Sharma,21,Female,Australia,12/23/2019,Free
s22984,Isabella Moore,19,Male,Germany,1/10/2019,Monthly
s22985,Vihaan Moore,21,Male,Australia,8/2/2022,Free
s22986,Arjun Davis,45,Other,India,5/19/2020,Yearly
s22987,Amelia Walker,18,Other,Germany,2/26/2019,Yearly
s22988,Meera Sharma,28,Female,USA,8/28/2020,Yearly
s22989,Mia Johnson,25,Male,Germany,6/25/2021,Yearly
s22990,Emma Johnson,55,Female,India,10/13/2019,Yearly
s22991,Karan Moore,27,Male,USA,2/2/2020,Yearly
s22992,Emma Verma,46,Male,India,9/29/2021,Monthly
s22993,Arjun Davis,28,Male,UK,5/29/2021,Monthly
s22994,Aarav Martin,36,Female,Canada,4/9/2020,Yearly
s22995,Karan Miller,43,Other,UK,12/3/2020,Free
s22996,Lucas Anderson,27,Female,Canada,10/2/2020,Monthly
s22997,Amelia Lee,34,Other,Canada,1/26/2021,Free
s22998,Isabella Walker,29,Female,UK,8/15/2019,Monthly
s22999,Liam Brown,19,Other,UK,8/2/2019,Monthly
s23000,Vihaan Hall,21,Female,Germany,2/17/2021,Monthly
s23001,Aanya Verma,27,Other,India,9/17/2020,Monthly
s23002,Riya Davis,23,Male,USA,12/8/2021,Free
s23003,Olivia Clark,22,Female,USA,6/14/2019,Free
s23004,Aanya Moore,29,Female,Canada,9/10/2022,Monthly
s23005,Liam Verma,41,Male,Canada,2/19/2021,Free
s23006,Meera Patel,22,Male,USA,2/8/2021,Monthly
s23007,Aanya Clark,19,Other,Canada,6/19/2021,Yearly
s23008,Olivia Lee,38,Other,Australia,3/21/2021,Yearly
s23009,Noah Thomas,59,Male,USA,11/11/2021,Yearly
s23010,Mia Verma,66,Other,Germany,10/9/2021,Yearly
s23011,Ethan Lee,22,Male,Germany,7/7/2020,Free
s23012,Aarav Martin,23,Female,Germany,4/15/2021,Free
s23013,Meera Walker,25,Other,UK,6/1/2019,Monthly
s23014,Riya Anderson,43,Female,UK,7/29/2021,Monthly
s23015,Aanya Johnson,27,Male,USA,9/24/2019,Yearly
s23016,Lucas Miller,33,Male,Australia,7/1/2022,Monthly
s23017,Mia Singh,18,Male,Australia,8/16/2020,Monthly
s23018,Mia Lewis,27,Other,India,7/9/2019,Monthly
s23019,Riya Martin,20,Other,USA,1/9/2019,Free
s23020,Lucas Moore,26,Female,UK,10/28/2020,Free
s23021,Liam Martin,22,Male,UK,5/3/2022,Monthly
s23022,Meera Smith,26,Other,Australia,4/10/2020,Yearly
s23023,Vihaan Walker,26,Female,Australia,12/19/2022,Free
s23024,Ethan Anderson,18,Other,India,1/23/2021,Free
s23025,Zara Anderson,23,Other,Canada,8/7/2020,Free
s23026,Olivia Hall,19,Female,UK,4/14/2021,Yearly
s23027,Zara Sharma,20,Female,Canada,8/6/2022,Monthly
s23028,Noah Anderson,31,Female,USA,12/31/2021,Free
s23029,Karan Anderson,42,Male,UK,10/29/2022,Monthly
s23030,Riya Moore,25,Male,Australia,12/15/2021,Yearly
s23031,Isabella Brown,35,Female,UK,8/13/2022,Monthly
s23032,Aanya Davis,23,Female,Germany,12/9/2022,Free
s23033,Meera Miller,44,Other,USA,1/1/2020,Yearly
s23034,Ethan Davis,25,Female,Australia,4/3/2019,Monthly
s23035,Olivia Verma,22,Other,India,12/1/2021,Free
s23036,Vihaan Verma,44,Male,USA,10/4/2019,Free
s23037,Olivia Davis,27,Other,USA,10/9/2022,Yearly
s23038,Noah Smith,34,Male,UK,5/19/2019,Free
s23039,Riya Davis,19,Male,USA,3/29/2020,Monthly
s23040,Eva Lewis,67,Female,Canada,1/1/2021,Monthly
s23041,Aanya Hall,47,Male,USA,9/26/2021,Yearly
s23042,Olivia Patel,23,Male,India,2/6/2022,Monthly
s23043,Vihaan Brown,26,Female,Australia,8/28/2021,Monthly
s23044,Aarav Lewis,19,Female,Germany,1/21/2020,Free
s23045,Noah Miller,24,Other,Australia,11/17/2021,Free
s23046,Riya Smith,28,Female,USA,11/23/2020,Yearly
s23047,Aanya Smith,25,Male,Canada,12/7/2021,Yearly
s23048,Meera Martin,23,Other,Germany,11/4/2020,Monthly
s23049,Emma Moore,22,Female,USA,1/29/2020,Monthly
s23050,Mia Smith,24,Female,India,9/26/2022,Free
s23051,Sophia Brown,18,Male,UK,8/18/2022,Free
s23052,Riya Singh,39,Female,Germany,12/31/2021,Free
s23053,Zara Clark,23,Other,Canada,12/16/2019,Yearly
s23054,Karan Patel,27,Other,Germany,8/23/2022,Free
s23055,Aarav Martin,42,Male,Germany,6/19/2022,Yearly
s23056,Emma Patel,27,Male,Canada,3/27/2021,Monthly
s23057,Karan Walker,19,Female,UK,5/18/2020,Free
s23058,Liam Hall,27,Male,India,3/30/2021,Free
s23059,Noah Lee,18,Male,Australia,3/14/2020,Yearly
s23060,Eva Smith,21,Female,India,10/6/2020,Yearly
s23061,Liam Moore,19,Female,UK,3/8/2019,Yearly
s23062,Vihaan Smith,19,Other,Canada,6/23/2020,Yearly
s23063,Vihaan Taylor,19,Female,USA,3/21/2020,Free
s23064,Olivia Johnson,24,Male,USA,11/5/2019,Monthly
s23065,Zara Singh,22,Female,Australia,12/21/2019,Free
s23066,Mia Anderson,24,Male,USA,6/4/2020,Yearly
s23067,Eva Davis,29,Male,Canada,4/16/2020,Monthly
s23068,Olivia Lewis,31,Female,India,11/29/2022,Monthly
s23069,Riya Lee,27,Other,Germany,3/30/2022,Yearly
s23070,Isabella Moore,18,Other,Australia,7/7/2020,Free
s23071,Sophia Miller,23,Male,Germany,2/13/2020,Monthly
s23072,Riya Brown,19,Other,USA,7/4/2021,Monthly
s23073,Riya Walker,24,Other,Canada,5/7/2021,Monthly
s23074,Amelia Walker,34,Other,UK,4/25/2021,Monthly
s23075,Riya Moore,61,Female,USA,2/26/2021,Free
s23076,Ethan Taylor,24,Male,India,9/1/2019,Monthly
s23077,Riya Martin,43,Female,Canada,10/6/2021,Monthly
s23078,Riya Anderson,18,Female,Canada,1/2/2020,Free
s23079,Emma Singh,35,Female,Canada,12/30/2020,Free
s23080,Meera Brown,24,Female,Canada,5/21/2020,Yearly
s23081,Benjamin Wilson,31,Other,UK,11/29/2020,Free
s23082,Emma Anderson,26,Female,Germany,7/11/2019,Yearly
s23083,Emma Singh,27,Other,Australia,6/25/2021,Free
s23084,Aarav Clark,20,Male,USA,9/2/2020,Yearly
s23085,Sophia Martin,29,Male,Germany,5/18/2021,Yearly
s23086,Noah Thomas,42,Female,Canada,4/10/2019,Monthly
s23087,Isabella Lee,20,Male,Germany,9/17/2020,Monthly
s23088,Arjun Patel,30,Female,Canada,3/25/2021,Free
s23089,Isabella Martin,19,Female,India,3/10/2020,Yearly
s23090,Olivia Davis,20,Other,Canada,4/3/2022,Monthly
s23091,Olivia Singh,36,Female,USA,7/22/2021,Monthly
s23092,Noah Lee,26,Other,UK,6/23/2022,Yearly
s23093,Amelia Walker,57,Male,UK,2/13/2021,Free
s23094,Aanya Verma,20,Other,Australia,5/10/2020,Free
s23095,Aanya Anderson,27,Female,UK,5/24/2020,Yearly
s23096,Liam Smith,25,Male,India,3/21/2020,Yearly
s23097,Vihaan Brown,25,Other,UK,12/20/2020,Free
s23098,Zara Martin,21,Female,India,6/6/2022,Free
s23099,Zara Brown,27,Other,India,2/27/2020,Monthly
s23100,Zara Lee,26,Male,Germany,10/13/2020,Free
s23101,Liam Miller,52,Female,Canada,3/23/2021,Free
s23102,Aanya Singh,23,Other,USA,9/3/2019,Free
s23103,Eva Lewis,35,Female,India,2/22/2021,Monthly
s23104,Noah Miller,47,Female,USA,3/27/2022,Monthly
s23105,Sophia Anderson,52,Male,Australia,12/16/2019,Monthly
s23106,Benjamin Johnson,45,Female,UK,1/8/2022,Yearly
s23107,Isabella Verma,18,Female,USA,5/31/2019,Free
s23108,Meera Johnson,19,Male,USA,12/31/2019,Monthly
s23109,Karan Thomas,18,Other,Australia,6/16/2020,Monthly
s23110,Vihaan Lewis,20,Female,Australia,1/21/2020,Free
s23111,Liam Taylor,23,Female,Australia,12/2/2019,Monthly
s23112,Benjamin Smith,64,Other,USA,4/27/2020,Free
s23113,Noah Clark,27,Other,USA,7/26/2020,Monthly
s23114,Arjun Thomas,19,Male,Germany,8/23/2020,Monthly
s23115,Olivia Hall,26,Other,India,10/29/2019,Free
s23116,Liam Sharma,22,Female,Canada,9/20/2020,Monthly
s23117,Zara Martin,21,Other,UK,6/11/2021,Free
s23118,Ethan Brown,22,Other,Australia,11/24/2020,Monthly
s23119,Karan Smith,25,Other,Canada,6/15/2019,Yearly
s23120,Isabella Singh,60,Other,UK,1/29/2022,Monthly
s23121,Amelia Miller,36,Male,UK,1/23/2022,Free
s23122,Liam Wilson,27,Other,USA,12/9/2021,Yearly
s23123,Olivia Lee,37,Female,USA,11/1/2019,Monthly
s23124,Isabella Anderson,23,Male,USA,8/9/2019,Monthly
s23125,Benjamin Moore,19,Male,UK,4/14/2022,Free
s23126,Meera Sharma,26,Other,Germany,6/12/2021,Monthly
s23127,Arjun Martin,18,Other,India,3/7/2022,Free
s23128,Benjamin Martin,54,Other,Australia,12/13/2019,Monthly
s23129,Riya Davis,56,Male,USA,11/13/2021,Monthly
s23130,Olivia Sharma,36,Other,India,5/2/2021,Yearly
s23131,Riya Miller,23,Male,Germany,6/22/2021,Free
s23132,Arjun Anderson,67,Other,Canada,8/30/2020,Monthly
s23133,Arjun Johnson,24,Other,Germany,11/1/2019,Yearly
s23134,Benjamin Lewis,21,Female,USA,2/3/2022,Free
s23135,Benjamin Taylor,61,Female,Canada,9/1/2021,Free
s23136,Eva Lewis,32,Other,Canada,5/4/2019,Free
s23137,Mia Moore,19,Female,Canada,5/13/2019,Yearly
s23138,Meera Brown,45,Male,UK,4/1/2022,Free
s23139,Liam Wilson,37,Other,Germany,10/29/2021,Monthly
s23140,Benjamin Lewis,23,Other,Germany,3/27/2020,Yearly
s23141,Ethan Sharma,45,Male,Australia,7/28/2021,Free
s23142,Liam Brown,24,Male,Australia,11/11/2022,Yearly
s23143,Sophia Martin,25,Male,India,11/24/2021,Free
s23144,Noah Taylor,22,Female,USA,7/28/2019,Free
s23145,Lucas Brown,67,Other,UK,11/19/2021,Monthly
s23146,Emma Miller,27,Male,UK,11/12/2019,Monthly
s23147,Meera Brown,19,Other,Germany,12/1/2021,Free
s23148,Lucas Verma,29,Male,Canada,9/22/2019,Monthly
s23149,Amelia Patel,22,Male,Canada,8/10/2021,Yearly
s23150,Riya Singh,31,Other,Germany,11/20/2020,Free
s23151,Riya Smith,22,Male,USA,12/15/2020,Free
s23152,Riya Anderson,25,Female,India,6/21/2021,Monthly
s23153,Aanya Smith,23,Other,Australia,10/25/2020,Monthly
s23154,Vihaan Lee,23,Other,Canada,9/3/2022,Monthly
s23155,Riya Miller,22,Male,India,5/4/2021,Free
s23156,Lucas Martin,24,Female,USA,9/21/2020,Free
s23157,Arjun Moore,19,Other,India,7/14/2021,Yearly
s23158,Aarav Smith,39,Female,India,3/4/2020,Yearly
s23159,Eva Thomas,29,Female,Canada,1/4/2022,Free
s23160,Isabella Sharma,34,Other,Australia,1/8/2021,Monthly
s23161,Olivia Johnson,47,Other,Australia,8/16/2020,Free
s23162,Olivia Johnson,46,Male,USA,9/1/2021,Yearly
s23163,Noah Singh,21,Other,Canada,2/25/2021,Yearly
s23164,Sophia Smith,22,Female,Germany,6/10/2022,Monthly
s23165,Liam Miller,37,Female,USA,5/31/2020,Monthly
s23166,Noah Thomas,64,Female,India,8/5/2022,Free
s23167,Isabella Verma,23,Other,USA,5/20/2021,Yearly
s23168,Ethan Wilson,25,Female,UK,9/19/2021,Yearly
s23169,Ethan Verma,24,Female,India,7/22/2019,Yearly
s23170,Meera Wilson,24,Other,Australia,9/12/2021,Monthly
s23171,Emma Singh,45,Other,USA,2/1/2022,Yearly
s23172,Meera Miller,24,Male,India,1/5/2019,Yearly
s23173,Karan Sharma,27,Female,Canada,12/26/2019,Monthly
s23174,Mia Sharma,30,Male,Australia,8/31/2019,Free
s23175,Aanya Smith,23,Male,Germany,9/29/2019,Free
s23176,Emma Johnson,39,Female,USA,3/30/2021,Yearly
s23177,Noah Patel,32,Other,UK,10/20/2019,Monthly
s23178,Benjamin Johnson,20,Female,India,10/1/2021,Monthly
s23179,Zara Singh,21,Male,Australia,8/17/2022,Monthly
s23180,Amelia Sharma,39,Other,UK,7/6/2022,Free
s23181,Isabella Clark,24,Female,India,6/2/2021,Yearly
s23182,Aanya Sharma,57,Other,India,1/26/2020,Free
s23183,Liam Thomas,20,Other,USA,1/8/2021,Free
s23184,Vihaan Johnson,37,Male,Germany,7/20/2020,Free
s23185,Ethan Singh,23,Male,UK,1/18/2019,Yearly
s23186,Noah Miller,23,Other,USA,11/2/2021,Monthly
s23187,Isabella Patel,49,Male,USA,4/9/2019,Monthly
s23188,Arjun Davis,42,Other,India,1/9/2019,Free
s23189,Aanya Singh,21,Other,USA,3/12/2022,Monthly
s23190,Emma Wilson,27,Other,UK,12/14/2022,Monthly
s23191,Lucas Clark,39,Female,Australia,5/31/2019,Free
s23192,Lucas Smith,19,Female,Germany,11/20/2020,Monthly
s23193,Zara Smith,33,Female,USA,10/27/2019,Free
s23194,Aanya Lee,42,Female,Canada,1/4/2022,Monthly
s23195,Mia Taylor,19,Female,India,4/10/2021,Yearly
s23196,Sophia Sharma,19,Other,India,1/23/2020,Free
s23197,Riya Davis,60,Male,Germany,6/3/2019,Free
s23198,Ethan Verma,59,Male,Canada,9/21/2021,Monthly
s23199,Vihaan Taylor,21,Female,India,1/4/2019,Monthly
s23200,Olivia Walker,22,Other,Germany,12/26/2021,Monthly
s23201,Mia Clark,21,Female,USA,6/10/2020,Yearly
s23202,Amelia Lewis,44,Female,UK,11/7/2020,Free
s23203,Meera Moore,38,Male,USA,1/28/2020,Monthly
s23204,Noah Clark,21,Male,USA,12/29/2021,Free
s23205,Olivia Smith,25,Male,Germany,8/1/2021,Free
s23206,Karan Walker,20,Male,Germany,12/30/2022,Yearly
s23207,Liam Davis,36,Male,Canada,6/7/2022,Monthly
s23208,Riya Verma,20,Male,India,11/29/2022,Monthly
s23209,Karan Patel,18,Female,Canada,2/2/2022,Yearly
s23210,Mia Johnson,25,Other,India,11/25/2019,Yearly
s23211,Riya Patel,38,Other,Australia,3/6/2020,Monthly
s23212,Lucas Johnson,26,Male,Canada,6/7/2021,Free
s23213,Emma Lee,27,Male,Canada,6/14/2020,Monthly
s23214,Amelia Singh,21,Male,Germany,12/21/2020,Yearly
s23215,Noah Verma,27,Other,Canada,2/3/2021,Free
s23216,Aarav Sharma,45,Other,Australia,1/20/2020,Free
s23217,Sophia Lewis,25,Female,India,10/26/2021,Monthly
s23218,Zara Clark,25,Female,Canada,2/10/2022,Monthly
s23219,Isabella Thomas,22,Female,India,1/3/2019,Free
s23220,Aanya Clark,28,Male,Australia,1/22/2020,Yearly
s23221,Zara Taylor,36,Male,UK,5/1/2022,Monthly
s23222,Riya Davis,41,Female,Canada,10/28/2020,Free
s23223,Benjamin Lewis,21,Male,India,11/26/2020,Free
s23224,Mia Johnson,21,Male,USA,5/17/2022,Free
s23225,Mia Taylor,20,Male,Germany,7/8/2021,Free
s23226,Zara Sharma,21,Other,Australia,5/26/2021,Free
s23227,Lucas Johnson,51,Other,USA,7/25/2019,Yearly
s23228,Aarav Lewis,19,Female,Australia,4/30/2021,Free
s23229,Benjamin Brown,43,Female,UK,11/19/2022,Yearly
s23230,Lucas Singh,41,Male,India,9/11/2020,Yearly
s23231,Zara Miller,25,Male,UK,4/24/2021,Yearly
s23232,Meera Johnson,41,Male,India,12/26/2019,Free
s23233,Vihaan Sharma,37,Female,USA,9/3/2021,Free
s23234,Mia Sharma,67,Other,Germany,5/28/2021,Free
s23235,Meera Clark,32,Female,Canada,1/12/2022,Free
s23236,Isabella Davis,18,Male,Canada,3/30/2022,Yearly
s23237,Aanya Anderson,45,Female,India,10/7/2020,Yearly
s23238,Karan Singh,22,Male,India,12/11/2022,Yearly
s23239,Riya Singh,18,Female,Australia,1/17/2020,Yearly
s23240,Sophia Martin,19,Other,Canada,6/2/2021,Free
s23241,Amelia Davis,27,Other,Canada,7/24/2020,Monthly
s23242,Meera Sharma,28,Male,UK,4/3/2020,Yearly
s23243,Aarav Lewis,33,Male,Germany,8/4/2021,Yearly
s23244,Lucas Patel,38,Other,USA,11/22/2021,Free
s23245,Ethan Walker,43,Other,Australia,8/13/2020,Free
s23246,Lucas Johnson,27,Male,USA,5/15/2022,Yearly
s23247,Vihaan Hall,42,Female,India,3/26/2021,Monthly
s23248,Meera Johnson,27,Other,India,9/3/2019,Monthly
s23249,Amelia Verma,18,Male,USA,12/5/2019,Free
s23250,Sophia Hall,18,Other,UK,9/7/2020,Monthly
s23251,Sophia Thomas,23,Female,Canada,12/24/2020,Yearly
s23252,Aarav Lee,46,Other,Germany,8/22/2021,Yearly
s23253,Lucas Miller,20,Female,Canada,2/7/2019,Monthly
s23254,Eva Lee,31,Female,UK,11/10/2020,Free
s23255,Emma Smith,33,Male,UK,9/18/2020,Monthly
s23256,Karan Lee,24,Other,Germany,12/7/2021,Free
s23257,Mia Verma,48,Male,India,5/29/2019,Free
s23258,Benjamin Moore,43,Other,UK,12/6/2020,Free
s23259,Benjamin Davis,42,Other,Canada,4/17/2021,Yearly
s23260,Aarav Walker,41,Other,Canada,5/11/2020,Free
s23261,Sophia Brown,24,Female,India,12/13/2020,Monthly
s23262,Lucas Martin,42,Other,Australia,5/30/2021,Yearly
s23263,Emma Lewis,46,Female,UK,9/27/2021,Yearly
s23264,Amelia Sharma,19,Other,Germany,4/17/2021,Free
s23265,Benjamin Clark,22,Other,Canada,8/10/2019,Monthly
s23266,Benjamin Verma,18,Male,Canada,4/5/2022,Free
s23267,Ethan Martin,27,Male,Germany,6/25/2020,Yearly
s23268,Ethan Moore,39,Male,Australia,5/18/2020,Yearly
s23269,Aanya Thomas,46,Male,Canada,10/27/2019,Yearly
s23270,Vihaan Moore,26,Other,UK,3/14/2021,Monthly
s23271,Sophia Miller,19,Other,UK,4/18/2019,Monthly
s23272,Arjun Walker,19,Male,Germany,8/20/2020,Free
s23273,Meera Thomas,20,Female,Australia,4/27/2021,Yearly
s23274,Benjamin Smith,24,Male,Australia,4/4/2020,Monthly
s23275,Mia Walker,19,Female,UK,12/30/2021,Monthly
s23276,Vihaan Miller,19,Other,Germany,9/10/2021,Free
s23277,Isabella Smith,27,Male,India,1/17/2022,Monthly
s23278,Lucas Anderson,27,Other,Germany,9/6/2019,Monthly
s23279,Zara Sharma,18,Male,Canada,3/2/2019,Yearly
s23280,Noah Wilson,25,Other,Australia,5/24/2022,Free
s23281,Vihaan Wilson,19,Female,Germany,2/17/2020,Yearly
s23282,Riya Sharma,56,Other,Germany,5/3/2020,Free
s23283,Ethan Moore,22,Female,UK,6/8/2020,Monthly
s23284,Isabella Martin,24,Male,India,8/29/2019,Yearly
s23285,Benjamin Clark,18,Other,Canada,11/5/2019,Yearly
s23286,Sophia Clark,26,Other,Germany,8/22/2020,Free
s23287,Vihaan Clark,47,Female,UK,9/24/2022,Free
s23288,Ethan Thomas,36,Female,USA,11/9/2022,Yearly
s23289,Isabella Miller,24,Female,Canada,9/6/2019,Yearly
s23290,Riya Taylor,27,Male,USA,11/27/2019,Monthly
s23291,Isabella Anderson,22,Male,Germany,12/6/2019,Free
s23292,Zara Hall,31,Female,Canada,5/8/2020,Monthly
s23293,Aanya Verma,23,Female,USA,11/30/2021,Free
s23294,Amelia Sharma,31,Male,USA,1/7/2021,Free
s23295,Mia Johnson,39,Female,India,7/10/2022,Yearly
s23296,Aarav Verma,60,Female,India,10/25/2021,Yearly
s23297,Sophia Walker,18,Male,USA,2/28/2019,Free
s23298,Zara Smith,25,Female,Germany,1/1/2022,Monthly
s23299,Emma Smith,59,Female,USA,12/27/2019,Free
s23300,Vihaan Singh,27,Male,Canada,12/26/2019,Free
s23301,Zara Wilson,25,Female,USA,3/14/2022,Monthly
s23302,Vihaan Lewis,21,Female,Germany,11/20/2022,Monthly
s23303,Emma Patel,25,Male,Germany,3/17/2020,Free
s23304,Mia Lee,18,Female,Australia,8/30/2022,Monthly
s23305,Zara Thomas,43,Male,India,2/13/2020,Yearly
s23306,Liam Smith,25,Other,USA,12/7/2021,Monthly
s23307,Eva Clark,27,Female,India,5/16/2022,Yearly
s23308,Aarav Hall,27,Other,India,7/5/2021,Free
s23309,Eva Sharma,65,Male,UK,7/23/2021,Free
s23310,Mia Davis,26,Female,India,3/23/2022,Yearly
s23311,Liam Taylor,18,Other,Australia,6/27/2019,Monthly
s23312,Isabella Verma,59,Male,Australia,11/1/2021,Monthly
s23313,Amelia Lee,20,Female,Australia,7/3/2021,Yearly
s23314,Isabella Smith,25,Female,Canada,5/19/2021,Monthly
s23315,Karan Walker,22,Other,Germany,5/18/2022,Free
s23316,Emma Brown,26,Male,Germany,11/17/2020,Free
s23317,Riya Hall,40,Female,India,7/26/2022,Monthly
s23318,Eva Davis,20,Male,Australia,7/21/2021,Free
s23319,Benjamin Verma,23,Female,Germany,2/18/2022,Yearly
s23320,Arjun Sharma,46,Female,Canada,4/7/2022,Yearly
s23321,Benjamin Hall,35,Other,Australia,8/29/2022,Free
s23322,Sophia Taylor,42,Male,Australia,6/2/2022,Free
s23323,Benjamin Clark,18,Female,Australia,5/25/2019,Monthly
s23324,Karan Sharma,38,Female,Canada,8/11/2021,Free
s23325,Liam Sharma,54,Other,USA,7/24/2019,Monthly
s23326,Aanya Sharma,45,Male,Australia,12/10/2019,Free
s23327,Olivia Martin,23,Other,Australia,5/23/2019,Free
s23328,Ethan Verma,32,Other,Canada,5/1/2021,Free
s23329,Lucas Brown,26,Male,UK,4/21/2020,Free
s23330,Vihaan Patel,26,Other,Canada,1/2/2019,Monthly
s23331,Emma Moore,24,Male,Canada,3/15/2022,Yearly
s23332,Lucas Anderson,23,Female,UK,8/24/2020,Monthly
s23333,Isabella Davis,25,Other,India,2/20/2019,Monthly
s23334,Zara Smith,18,Female,Australia,2/3/2022,Monthly
s23335,Ethan Sharma,25,Other,Australia,6/26/2021,Yearly
s23336,Zara Patel,31,Male,UK,9/4/2020,Monthly
s23337,Meera Patel,18,Male,UK,2/28/2020,Yearly
s23338,Noah Patel,20,Female,UK,7/18/2019,Yearly
s23339,Lucas Anderson,27,Female,Canada,5/16/2021,Free
s23340,Vihaan Brown,37,Other,Australia,1/16/2019,Monthly
s23341,Mia Clark,26,Other,UK,12/27/2019,Monthly
s23342,Isabella Lee,23,Female,India,9/12/2021,Yearly
s23343,Aarav Verma,19,Other,UK,7/29/2020,Free
s23344,Benjamin Moore,19,Other,Germany,8/11/2020,Yearly
s23345,Meera Moore,60,Female,Canada,1/16/2022,Free
s23346,Emma Davis,27,Female,India,9/30/2021,Free
s23347,Vihaan Singh,18,Female,Australia,2/22/2022,Free
s23348,Emma Hall,43,Other,USA,1/11/2020,Monthly
s23349,Benjamin Brown,62,Female,Australia,2/16/2022,Free
s23350,Zara Verma,32,Female,India,6/26/2019,Monthly
s23351,Meera Thomas,24,Other,USA,9/10/2021,Monthly
s23352,Benjamin Walker,24,Female,India,5/25/2020,Yearly
s23353,Olivia Johnson,26,Male,Canada,4/12/2021,Monthly
s23354,Aanya Anderson,31,Other,Germany,5/18/2020,Free
s23355,Mia Lewis,26,Other,Canada,5/23/2021,Yearly
s23356,Meera Sharma,20,Male,UK,7/15/2021,Yearly
s23357,Emma Thomas,45,Other,Australia,8/17/2022,Free
s23358,Mia Lewis,49,Female,Germany,8/27/2022,Yearly
s23359,Benjamin Patel,62,Male,UK,10/11/2021,Monthly
s23360,Noah Hall,20,Male,UK,1/14/2019,Free
s23361,Zara Miller,18,Female,USA,5/11/2019,Monthly
s23362,Riya Singh,53,Other,Canada,5/20/2020,Monthly
s23363,Sophia Clark,55,Other,UK,1/1/2020,Yearly
s23364,Noah Brown,26,Female,UK,3/18/2020,Monthly
s23365,Arjun Walker,18,Male,Canada,4/7/2020,Free
s23366,Ethan Walker,39,Male,UK,9/18/2019,Yearly
s23367,Aanya Anderson,54,Female,UK,11/11/2019,Free
s23368,Liam Johnson,19,Other,India,9/7/2022,Free
s23369,Eva Clark,42,Female,UK,3/9/2021,Free
s23370,Emma Anderson,23,Female,Australia,11/18/2021,Free
s23371,Arjun Taylor,66,Other,India,2/9/2019,Yearly
s23372,Zara Thomas,22,Female,USA,8/4/2020,Yearly
s23373,Aanya Smith,46,Female,UK,4/21/2019,Monthly
s23374,Eva Taylor,41,Other,Germany,7/19/2021,Monthly
s23375,Meera Sharma,26,Male,Germany,8/14/2021,Yearly
s23376,Olivia Sharma,28,Male,UK,10/25/2019,Yearly
s23377,Liam Moore,21,Male,Canada,1/24/2020,Free
s23378,Isabella Johnson,42,Female,UK,3/2/2019,Free
s23379,Aanya Hall,18,Female,UK,6/29/2022,Free
s23380,Eva Singh,38,Male,Australia,7/12/2021,Yearly
s23381,Ethan Anderson,25,Male,USA,2/4/2019,Free
s23382,Zara Walker,20,Other,Australia,1/23/2020,Monthly
s23383,Isabella Thomas,57,Female,UK,8/27/2020,Yearly
s23384,Noah Taylor,40,Male,Canada,11/7/2022,Monthly
s23385,Amelia Verma,25,Female,UK,4/1/2019,Monthly
s23386,Emma Hall,22,Female,UK,5/23/2020,Monthly
s23387,Eva Thomas,19,Female,UK,1/8/2022,Yearly
s23388,Vihaan Sharma,24,Female,USA,11/6/2019,Monthly
s23389,Amelia Brown,39,Female,Germany,6/16/2021,Monthly
s23390,Mia Taylor,32,Male,USA,1/2/2020,Free
s23391,Meera Anderson,25,Other,Germany,7/16/2021,Free
s23392,Benjamin Miller,27,Female,USA,5/28/2019,Free
s23393,Mia Taylor,33,Male,USA,9/7/2019,Yearly
s23394,Benjamin Davis,21,Male,Germany,3/9/2020,Monthly
s23395,Sophia Thomas,25,Male,USA,1/21/2022,Monthly
s23396,Sophia Hall,37,Other,Canada,10/11/2021,Free
s23397,Sophia Hall,29,Female,India,1/16/2022,Free
s23398,Liam Thomas,22,Male,Germany,10/23/2021,Monthly
s23399,Riya Lee,43,Other,Germany,8/4/2021,Yearly
s23400,Olivia Smith,39,Other,UK,9/19/2020,Free
s23401,Zara Martin,40,Other,Australia,2/3/2020,Free
s23402,Mia Walker,35,Other,Australia,8/16/2020,Free
s23403,Noah Lee,40,Male,India,1/7/2019,Monthly
s23404,Mia Anderson,19,Other,Australia,6/26/2022,Yearly
s23405,Aanya Sharma,44,Other,USA,4/20/2021,Free
s23406,Isabella Moore,32,Male,Australia,4/27/2019,Free
s23407,Meera Lee,22,Other,USA,4/20/2020,Free
s23408,Olivia Smith,30,Female,India,2/26/2020,Free
s23409,Arjun Martin,25,Female,Canada,3/23/2020,Monthly
s23410,Isabella Clark,33,Other,Germany,4/18/2022,Free
s23411,Olivia Patel,27,Female,USA,6/1/2019,Yearly
s23412,Ethan Anderson,50,Female,Germany,2/14/2022,Yearly
s23413,Arjun Singh,19,Other,UK,9/15/2022,Free
s23414,Amelia Thomas,21,Other,USA,3/7/2020,Yearly
s23415,Isabella Patel,42,Other,Canada,4/14/2022,Monthly
s23416,Isabella Taylor,27,Other,Australia,1/5/2019,Free
s23417,Eva Patel,32,Female,Australia,1/25/2020,Monthly
s23418,Benjamin Taylor,33,Other,Australia,8/2/2019,Yearly
s23419,Eva Johnson,40,Other,India,2/11/2022,Free
s23420,Riya Thomas,22,Male,USA,7/21/2021,Free
s23421,Emma Wilson,27,Female,UK,11/8/2021,Free
s23422,Ethan Brown,39,Other,India,2/28/2021,Monthly
s23423,Aanya Johnson,24,Female,USA,6/2/2020,Free
s23424,Aanya Martin,47,Female,Canada,2/6/2022,Yearly
s23425,Karan Anderson,42,Other,India,4/23/2022,Free
s23426,Benjamin Moore,25,Other,USA,12/3/2019,Monthly
s23427,Mia Sharma,27,Male,India,11/6/2022,Free
s23428,Liam Singh,21,Female,Germany,7/29/2021,Monthly
s23429,Aanya Lee,23,Male,India,6/15/2019,Monthly
s23430,Benjamin Martin,30,Female,Germany,7/2/2021,Yearly
s23431,Aarav Singh,53,Female,Canada,10/18/2019,Free
s23432,Arjun Hall,65,Female,Australia,4/13/2019,Monthly
s23433,Karan Johnson,26,Male,Germany,1/20/2020,Monthly
s23434,Ethan Lee,22,Female,UK,1/20/2021,Yearly
s23435,Liam Patel,27,Male,UK,9/30/2021,Monthly
s23436,Benjamin Clark,26,Other,USA,5/23/2020,Yearly
s23437,Olivia Thomas,44,Female,Australia,5/6/2022,Yearly
s23438,Isabella Davis,23,Male,India,7/31/2021,Free
s23439,Liam Anderson,20,Female,India,11/13/2021,Yearly
s23440,Noah Clark,18,Other,USA,2/18/2020,Monthly
s23441,Lucas Patel,32,Other,Germany,4/13/2021,Free
s23442,Lucas Brown,23,Female,Canada,6/28/2020,Monthly
s23443,Aarav Martin,39,Female,India,3/3/2019,Monthly
s23444,Mia Wilson,21,Male,Australia,4/8/2021,Monthly
s23445,Aarav Wilson,30,Male,UK,9/19/2020,Yearly
s23446,Karan Moore,18,Other,UK,6/13/2019,Monthly
s23447,Noah Anderson,27,Male,Germany,8/25/2022,Yearly
s23448,Sophia Thomas,52,Female,India,10/28/2021,Yearly
s23449,Arjun Davis,23,Male,Canada,4/8/2022,Free
s23450,Karan Lewis,24,Female,UK,8/11/2022,Monthly
s23451,Olivia Sharma,21,Other,India,7/16/2021,Free
s23452,Isabella Thomas,25,Other,Germany,12/3/2022,Yearly
s23453,Aarav Brown,43,Female,Australia,8/15/2020,Yearly
s23454,Aanya Walker,30,Other,Canada,3/15/2019,Free
s23455,Isabella Clark,26,Female,Canada,4/6/2022,Monthly
s23456,Isabella Davis,22,Male,Australia,1/25/2021,Yearly
s23457,Riya Smith,41,Male,UK,7/9/2021,Monthly
s23458,Aanya Martin,19,Male,USA,11/22/2019,Yearly
s23459,Ethan Moore,27,Female,Australia,9/21/2022,Monthly
s23460,Isabella Clark,47,Male,Canada,3/3/2020,Monthly
s23461,Isabella Wilson,19,Male,Germany,4/22/2020,Monthly
s23462,Zara Hall,34,Other,UK,10/21/2022,Free
s23463,Vihaan Brown,48,Other,USA,6/26/2022,Free
s23464,Karan Moore,26,Male,USA,10/7/2022,Free
s23465,Aarav Anderson,30,Other,Canada,1/7/2020,Free
s23466,Arjun Moore,32,Female,Canada,6/21/2021,Free
s23467,Emma Sharma,58,Male,UK,12/3/2019,Yearly
s23468,Riya Lewis,41,Other,UK,12/8/2020,Yearly
s23469,Sophia Singh,26,Female,India,1/15/2019,Yearly
s23470,Isabella Miller,43,Female,Australia,2/21/2021,Free
s23471,Zara Anderson,27,Male,Australia,12/31/2019,Yearly
s23472,Amelia Verma,61,Male,Australia,5/25/2022,Monthly
s23473,Aanya Lee,36,Other,Germany,9/17/2022,Monthly
s23474,Olivia Miller,20,Female,Australia,9/21/2022,Monthly
s23475,Benjamin Johnson,39,Male,UK,4/19/2020,Monthly
s23476,Karan Singh,24,Female,UK,8/27/2020,Monthly
s23477,Mia Brown,62,Other,Canada,2/22/2019,Free
s23478,Meera Lee,26,Male,India,1/28/2019,Monthly
s23479,Lucas Smith,59,Female,Australia,8/6/2020,Free
s23480,Ethan Thomas,24,Male,Australia,6/6/2022,Free
s23481,Aarav Wilson,23,Other,Germany,8/2/2020,Yearly
s23482,Noah Anderson,22,Male,Canada,4/11/2020,Yearly
s23483,Lucas Davis,24,Male,UK,12/1/2021,Monthly
s23484,Olivia Anderson,61,Male,USA,10/19/2020,Free
s23485,Eva Anderson,21,Female,Canada,6/3/2019,Free
s23486,Sophia Walker,26,Other,India,3/29/2020,Free
s23487,Sophia Wilson,20,Male,Germany,9/5/2021,Free
s23488,Amelia Verma,35,Other,Canada,9/20/2019,Monthly
s23489,Noah Brown,24,Male,Germany,10/12/2021,Free
s23490,Aanya Martin,36,Female,USA,5/10/2020,Yearly
s23491,Aarav Smith,18,Other,Canada,8/18/2022,Monthly
s23492,Aarav Walker,46,Male,India,8/14/2022,Free
s23493,Ethan Patel,40,Female,UK,3/17/2021,Free
s23494,Arjun Patel,27,Other,Australia,3/23/2019,Yearly
s23495,Vihaan Sharma,42,Female,Canada,6/28/2019,Yearly
s23496,Ethan Thomas,19,Other,Australia,7/1/2021,Free
s23497,Emma Thomas,25,Male,Canada,5/15/2021,Free
s23498,Olivia Miller,43,Male,UK,11/5/2019,Yearly
s23499,Vihaan Lewis,27,Male,Canada,4/30/2022,Monthly
s23500,Liam Walker,37,Female,India,11/16/2020,Yearly
s23501,Isabella Taylor,18,Male,Canada,3/23/2022,Monthly
s23502,Liam Smith,31,Other,Germany,12/23/2021,Monthly
s23503,Aarav Taylor,20,Other,Canada,2/18/2021,Free
s23504,Zara Davis,36,Other,Australia,1/23/2019,Free
s23505,Karan Clark,27,Female,UK,3/18/2021,Free
s23506,Isabella Clark,20,Female,UK,7/24/2022,Yearly
s23507,Aarav Verma,31,Other,India,2/1/2020,Monthly
s23508,Riya Taylor,39,Other,India,9/27/2019,Yearly
s23509,Zara Walker,22,Male,Germany,8/3/2019,Yearly
s23510,Zara Lee,38,Other,USA,9/17/2019,Free
s23511,Zara Clark,42,Male,UK,5/26/2021,Monthly
s23512,Amelia Patel,22,Female,India,1/6/2020,Monthly
s23513,Karan Brown,56,Male,India,3/29/2019,Free
s23514,Liam Verma,52,Other,Australia,1/14/2019,Yearly
s23515,Vihaan Anderson,23,Other,Australia,11/13/2019,Monthly
s23516,Isabella Lewis,34,Female,UK,8/12/2021,Yearly
s23517,Noah Johnson,25,Male,Germany,10/10/2019,Free
s23518,Benjamin Wilson,23,Male,Canada,9/11/2022,Monthly
s23519,Karan Hall,24,Male,Australia,5/30/2021,Free
s23520,Zara Clark,52,Male,India,6/6/2019,Monthly
s23521,Mia Miller,25,Male,UK,12/7/2019,Yearly
s23522,Benjamin Hall,21,Other,India,2/28/2019,Free
s23523,Ethan Hall,19,Male,Canada,3/7/2020,Free
s23524,Ethan Wilson,31,Other,UK,10/17/2021,Free
s23525,Liam Lewis,37,Male,Germany,7/29/2020,Yearly
s23526,Eva Thomas,41,Female,Canada,3/17/2019,Yearly
s23527,Ethan Taylor,19,Female,USA,8/31/2022,Monthly
s23528,Zara Martin,19,Other,Canada,8/9/2022,Free
s23529,Karan Lee,25,Male,UK,11/22/2021,Yearly
s23530,Meera Johnson,18,Other,Canada,5/25/2020,Monthly
s23531,Sophia Singh,25,Female,Germany,9/4/2019,Yearly
s23532,Zara Thomas,39,Male,USA,8/3/2019,Free
s23533,Sophia Martin,29,Male,Canada,7/26/2022,Monthly
s23534,Riya Clark,23,Other,Germany,2/27/2019,Monthly
s23535,Aarav Sharma,23,Other,Australia,9/19/2019,Monthly
s23536,Olivia Lewis,19,Other,India,9/19/2019,Monthly
s23537,Zara Smith,19,Female,Germany,1/8/2020,Monthly
s23538,Ethan Davis,21,Female,Canada,7/12/2021,Free
s23539,Benjamin Lewis,56,Other,Canada,10/7/2022,Yearly
s23540,Meera Wilson,25,Female,Canada,4/27/2019,Monthly
s23541,Arjun Smith,23,Female,UK,3/22/2020,Yearly
s23542,Isabella Johnson,19,Other,Germany,2/15/2019,Yearly
s23543,Benjamin Wilson,26,Other,UK,11/25/2022,Free
s23544,Amelia Thomas,34,Other,UK,1/31/2021,Monthly
s23545,Riya Hall,20,Other,Canada,1/25/2022,Yearly
s23546,Zara Martin,31,Male,India,4/28/2022,Yearly
s23547,Vihaan Davis,59,Female,UK,7/12/2020,Monthly
s23548,Liam Davis,20,Other,Australia,3/21/2019,Monthly
s23549,Lucas Singh,20,Female,Canada,9/25/2022,Free
s23550,Noah Verma,19,Female,UK,11/19/2022,Monthly
s23551,Mia Hall,36,Other,Germany,1/28/2020,Free
s23552,Zara Clark,22,Other,USA,1/21/2022,Monthly
s23553,Liam Taylor,30,Other,Australia,10/13/2020,Monthly
s23554,Ethan Moore,27,Male,India,5/19/2022,Free
s23555,Eva Johnson,45,Male,Australia,2/24/2019,Free
s23556,Karan Singh,25,Other,Germany,10/18/2022,Free
s23557,Emma Singh,26,Female,USA,10/26/2022,Yearly
s23558,Olivia Sharma,22,Other,USA,8/31/2020,Monthly
s23559,Isabella Brown,32,Other,UK,5/13/2021,Monthly
s23560,Liam Brown,21,Female,UK,10/3/2019,Monthly
s23561,Mia Clark,28,Male,Canada,3/3/2019,Free
s23562,Ethan Brown,27,Other,USA,11/2/2022,Free
s23563,Amelia Hall,24,Other,USA,6/6/2019,Yearly
s23564,Sophia Verma,37,Female,India,10/8/2019,Monthly
s23565,Emma Sharma,24,Male,Australia,1/29/2021,Free
s23566,Lucas Brown,28,Female,Australia,5/27/2020,Free
s23567,Karan Anderson,18,Male,Germany,4/5/2020,Yearly
s23568,Emma Thomas,28,Male,UK,5/11/2021,Free
s23569,Arjun Moore,22,Other,UK,8/24/2021,Yearly
s23570,Aarav Wilson,24,Female,Germany,6/15/2022,Free
s23571,Vihaan Taylor,44,Female,Canada,10/7/2021,Free
s23572,Sophia Smith,34,Male,India,3/5/2022,Monthly
s23573,Benjamin Thomas,20,Male,USA,11/8/2021,Yearly
s23574,Meera Patel,20,Female,Germany,11/3/2021,Free
s23575,Riya Clark,20,Male,Canada,10/24/2020,Yearly
s23576,Riya Smith,49,Male,USA,10/31/2019,Free
s23577,Zara Moore,21,Female,Germany,12/16/2019,Monthly
s23578,Lucas Davis,33,Female,UK,6/15/2020,Yearly
s23579,Amelia Smith,34,Female,Canada,9/26/2022,Monthly
s23580,Riya Thomas,36,Other,Germany,8/31/2019,Yearly
s23581,Zara Davis,20,Male,UK,6/1/2020,Monthly
s23582,Lucas Clark,27,Female,Australia,9/21/2021,Yearly
s23583,Mia Lee,29,Male,Germany,10/10/2022,Monthly
s23584,Aanya Martin,26,Male,USA,4/9/2021,Yearly
s23585,Olivia Wilson,42,Male,Germany,2/26/2021,Free
s23586,Aarav Singh,31,Male,India,5/3/2019,Free
s23587,Benjamin Lewis,63,Female,UK,12/5/2019,Free
s23588,Benjamin Wilson,26,Other,UK,7/13/2019,Monthly
s23589,Mia Martin,39,Female,India,7/9/2020,Monthly
s23590,Noah Johnson,20,Female,Germany,7/7/2020,Yearly
s23591,Benjamin Walker,45,Female,Australia,12/18/2022,Monthly
s23592,Benjamin Miller,18,Female,UK,10/1/2020,Yearly
s23593,Emma Clark,50,Male,USA,1/9/2019,Free
s23594,Aanya Brown,43,Female,USA,10/24/2020,Monthly
s23595,Aarav Walker,28,Male,USA,8/24/2021,Yearly
s23596,Lucas Miller,40,Male,USA,7/18/2022,Free
s23597,Zara Wilson,48,Other,UK,8/29/2020,Yearly
s23598,Aarav Davis,20,Female,Australia,10/29/2021,Monthly
s23599,Meera Moore,26,Female,India,6/4/2022,Free
s23600,Vihaan Walker,23,Female,Germany,7/30/2019,Yearly
s23601,Aarav Lewis,52,Male,UK,1/30/2022,Free
s23602,Olivia Miller,26,Male,UK,4/4/2021,Yearly
s23603,Vihaan Moore,25,Male,UK,5/8/2021,Monthly
s23604,Meera Verma,31,Female,USA,3/8/2022,Monthly
s23605,Liam Thomas,34,Other,Canada,8/25/2021,Yearly
s23606,Zara Davis,19,Female,Australia,10/21/2020,Monthly
s23607,Isabella Clark,26,Male,USA,1/7/2022,Yearly
s23608,Aarav Lewis,24,Other,Germany,6/15/2020,Monthly
s23609,Riya Moore,26,Female,Canada,2/27/2022,Yearly
s23610,Vihaan Brown,55,Female,Germany,6/25/2019,Monthly
s23611,Eva Sharma,18,Female,UK,5/20/2021,Free
s23612,Isabella Hall,45,Male,Australia,12/26/2019,Yearly
s23613,Eva Lee,27,Female,Canada,7/27/2019,Yearly
s23614,Zara Verma,50,Other,UK,8/29/2019,Yearly
s23615,Sophia Verma,20,Other,UK,6/9/2022,Yearly
s23616,Olivia Lewis,63,Female,Canada,12/2/2019,Free
s23617,Noah Johnson,34,Male,Germany,6/21/2022,Free
s23618,Isabella Sharma,46,Male,UK,2/15/2019,Yearly
s23619,Mia Davis,26,Female,USA,5/19/2020,Monthly
s23620,Zara Lewis,25,Other,UK,2/20/2019,Monthly
s23621,Amelia Martin,58,Male,UK,7/18/2021,Yearly
s23622,Liam Clark,23,Other,Germany,5/20/2022,Free
s23623,Lucas Singh,23,Other,Germany,4/6/2022,Monthly
s23624,Riya Smith,24,Female,Canada,12/18/2019,Yearly
s23625,Arjun Moore,26,Female,UK,1/15/2019,Yearly
s23626,Isabella Verma,21,Male,Australia,9/19/2019,Yearly
s23627,Eva Lewis,27,Other,Germany,12/4/2020,Monthly
s23628,Eva Verma,18,Male,Germany,3/22/2019,Free
s23629,Meera Miller,26,Male,UK,10/15/2021,Yearly
s23630,Ethan Anderson,63,Female,Germany,6/17/2022,Monthly
s23631,Amelia Verma,25,Male,India,4/18/2021,Monthly
s23632,Mia Lee,25,Other,Germany,4/11/2021,Monthly
s23633,Zara Thomas,22,Female,USA,8/4/2022,Monthly
s23634,Emma Moore,49,Female,UK,2/9/2020,Monthly
s23635,Sophia Moore,27,Male,USA,3/22/2022,Yearly
s23636,Olivia Verma,25,Female,UK,12/20/2021,Free
s23637,Noah Wilson,21,Other,Germany,7/3/2022,Free
s23638,Sophia Singh,19,Female,UK,6/24/2021,Monthly
s23639,Mia Davis,36,Other,India,8/21/2019,Free
s23640,Isabella Moore,56,Male,Canada,12/10/2022,Yearly
s23641,Amelia Davis,34,Male,Australia,5/7/2021,Free
s23642,Lucas Johnson,27,Male,India,12/6/2019,Free
s23643,Eva Walker,22,Other,Germany,7/14/2022,Monthly
s23644,Lucas Davis,21,Female,USA,3/2/2022,Free
s23645,Mia Walker,27,Male,Canada,2/12/2021,Yearly
s23646,Meera Lee,38,Female,Canada,7/26/2019,Monthly
s23647,Sophia Lee,33,Other,Australia,1/1/2019,Yearly
s23648,Sophia Wilson,47,Other,USA,3/17/2020,Free
s23649,Eva Brown,35,Other,USA,9/15/2020,Free
s23650,Karan Lee,19,Female,Canada,5/23/2019,Free
s23651,Liam Patel,39,Male,USA,5/13/2019,Yearly
s23652,Ethan Lewis,27,Female,Australia,10/2/2020,Free
s23653,Noah Taylor,20,Male,UK,6/22/2021,Yearly
s23654,Vihaan Moore,19,Male,Australia,7/27/2020,Monthly
s23655,Vihaan Verma,19,Other,Germany,8/17/2022,Free
s23656,Mia Taylor,59,Female,UK,1/23/2022,Yearly
s23657,Liam Singh,22,Female,UK,12/28/2021,Free
s23658,Emma Sharma,20,Other,India,10/29/2020,Free
s23659,Karan Brown,19,Male,India,11/3/2020,Monthly
s23660,Isabella Walker,31,Other,Canada,4/30/2020,Yearly
s23661,Riya Smith,20,Female,Australia,10/21/2020,Monthly
s23662,Noah Patel,41,Other,India,5/28/2020,Yearly
s23663,Aanya Martin,22,Male,UK,2/7/2020,Monthly
s23664,Liam Patel,54,Other,Australia,5/30/2021,Monthly
s23665,Amelia Lewis,18,Other,India,8/30/2022,Yearly
s23666,Ethan Verma,26,Male,India,4/19/2020,Monthly
s23667,Vihaan Anderson,22,Other,UK,8/10/2021,Free
s23668,Arjun Martin,41,Male,Australia,9/23/2022,Yearly
s23669,Sophia Lewis,37,Other,India,1/5/2022,Monthly
s23670,Aarav Miller,41,Female,Australia,8/23/2019,Free
s23671,Zara Miller,44,Female,Germany,3/5/2021,Monthly
s23672,Mia Wilson,22,Female,Germany,12/17/2022,Monthly
s23673,Vihaan Davis,25,Other,USA,6/25/2020,Monthly
s23674,Eva Verma,25,Female,Canada,3/13/2022,Yearly
s23675,Amelia Hall,21,Male,India,1/4/2020,Yearly
s23676,Aanya Singh,26,Male,UK,2/16/2019,Yearly
s23677,Vihaan Lee,64,Male,Germany,8/24/2019,Yearly
s23678,Benjamin Smith,20,Female,UK,8/1/2021,Free
s23679,Riya Johnson,41,Other,India,3/11/2022,Free
s23680,Vihaan Davis,25,Male,UK,1/21/2021,Free
s23681,Riya Anderson,43,Female,USA,4/15/2020,Yearly
s23682,Olivia Davis,20,Male,UK,4/20/2021,Free
s23683,Emma Wilson,41,Other,USA,12/30/2022,Monthly
s23684,Vihaan Walker,21,Male,UK,12/16/2022,Yearly
s23685,Vihaan Brown,22,Other,Canada,10/6/2019,Free
s23686,Olivia Smith,23,Female,USA,7/30/2022,Free
s23687,Zara Johnson,18,Female,UK,10/8/2020,Free
s23688,Olivia Verma,38,Other,India,4/25/2019,Free
s23689,Aarav Lee,25,Other,Canada,12/5/2022,Monthly
s23690,Meera Lewis,19,Male,India,3/29/2020,Yearly
s23691,Meera Patel,18,Other,USA,5/14/2020,Yearly
s23692,Emma Sharma,23,Male,Canada,5/2/2021,Free
s23693,Liam Johnson,26,Female,UK,8/30/2019,Yearly
s23694,Olivia Davis,44,Other,Canada,3/19/2022,Monthly
s23695,Amelia Wilson,25,Other,USA,10/5/2020,Free
s23696,Arjun Lee,28,Other,Germany,6/13/2020,Yearly
s23697,Sophia Verma,20,Male,USA,9/1/2022,Yearly
s23698,Mia Wilson,31,Female,Australia,11/27/2020,Monthly
s23699,Karan Taylor,27,Other,India,5/28/2021,Monthly
s23700,Arjun Verma,25,Female,Australia,4/4/2020,Free
s23701,Meera Taylor,22,Female,UK,5/21/2020,Free
s23702,Meera Martin,52,Female,USA,4/24/2022,Monthly
s23703,Aarav Taylor,26,Female,Canada,11/20/2020,Monthly
s23704,Vihaan Verma,51,Male,Australia,6/27/2022,Yearly
s23705,Aarav Thomas,25,Female,Canada,2/9/2022,Yearly
s23706,Ethan Anderson,38,Male,India,7/31/2019,Monthly
s23707,Arjun Walker,19,Male,UK,7/24/2022,Monthly
s23708,Lucas Smith,42,Female,USA,3/12/2021,Yearly
s23709,Aarav Thomas,19,Female,UK,9/14/2020,Free
s23710,Amelia Walker,26,Female,Canada,8/27/2019,Yearly
s23711,Karan Lewis,48,Other,Canada,12/14/2021,Monthly
s23712,Karan Smith,34,Male,UK,12/1/2019,Monthly
s23713,Isabella Taylor,66,Male,USA,9/11/2019,Free
s23714,Amelia Singh,22,Female,USA,11/23/2020,Yearly
s23715,Aanya Patel,42,Male,India,3/21/2020,Free
s23716,Lucas Hall,27,Female,Germany,10/29/2020,Yearly
s23717,Emma Lewis,24,Male,UK,4/22/2020,Free
s23718,Karan Singh,25,Female,Canada,6/4/2020,Free
s23719,Mia Patel,24,Female,Australia,3/17/2022,Free
s23720,Noah Hall,24,Female,UK,12/11/2022,Free
s23721,Zara Anderson,23,Other,USA,11/17/2021,Yearly
s23722,Isabella Singh,46,Female,Australia,1/30/2022,Free
s23723,Aarav Hall,33,Male,USA,4/5/2022,Free
s23724,Zara Wilson,28,Other,India,10/26/2019,Monthly
s23725,Eva Moore,38,Other,Australia,3/20/2020,Monthly
s23726,Emma Martin,39,Female,Australia,1/16/2020,Monthly
s23727,Meera Sharma,28,Male,Australia,1/25/2022,Yearly
s23728,Liam Miller,23,Female,Canada,9/17/2022,Free
s23729,Meera Davis,49,Female,USA,2/22/2020,Free
s23730,Aanya Walker,20,Other,Canada,1/29/2020,Free
s23731,Noah Smith,18,Male,India,3/8/2019,Yearly
s23732,Mia Sharma,23,Male,India,9/27/2019,Yearly
s23733,Riya Taylor,27,Other,UK,6/6/2020,Monthly
s23734,Meera Taylor,34,Female,Canada,6/22/2020,Yearly
s23735,Lucas Clark,61,Other,Australia,5/25/2020,Free
s23736,Liam Walker,23,Other,Australia,8/28/2021,Monthly
s23737,Aanya Thomas,21,Other,Canada,5/3/2022,Monthly
s23738,Karan Sharma,65,Male,Germany,4/9/2022,Yearly
s23739,Isabella Clark,36,Male,UK,10/29/2020,Free
s23740,Vihaan Martin,65,Male,Canada,11/7/2022,Yearly
s23741,Sophia Taylor,20,Male,India,8/15/2022,Monthly
s23742,Noah Thomas,19,Male,India,6/15/2021,Free
s23743,Riya Brown,51,Other,Canada,11/7/2019,Yearly
s23744,Lucas Patel,47,Male,Canada,3/5/2019,Monthly
s23745,Amelia Moore,25,Other,Germany,7/16/2021,Free
s23746,Lucas Clark,23,Other,India,12/15/2020,Monthly
s23747,Noah Lee,60,Other,Germany,5/8/2019,Free
s23748,Benjamin Anderson,25,Female,Germany,9/2/2019,Yearly
s23749,Ethan Lewis,40,Female,USA,6/19/2020,Monthly
s23750,Lucas Davis,26,Female,Australia,1/9/2022,Monthly
s23751,Vihaan Davis,45,Male,India,8/4/2022,Yearly
s23752,Benjamin Davis,24,Other,Germany,5/28/2021,Yearly
s23753,Noah Thomas,24,Other,Canada,9/15/2021,Yearly
s23754,Aarav Johnson,25,Female,USA,11/1/2021,Yearly
s23755,Eva Wilson,31,Female,USA,1/6/2022,Monthly
s23756,Arjun Sharma,25,Other,Germany,3/24/2020,Free
s23757,Emma Sharma,32,Female,India,11/12/2022,Yearly
s23758,Meera Anderson,25,Female,India,12/17/2022,Monthly
s23759,Emma Sharma,22,Other,India,1/13/2022,Monthly
s23760,Vihaan Martin,40,Male,Australia,12/7/2020,Free
s23761,Arjun Miller,19,Male,Germany,11/16/2021,Yearly
s23762,Meera Walker,26,Male,Australia,11/10/2022,Monthly
s23763,Amelia Thomas,24,Female,Australia,8/27/2019,Free
s23764,Aanya Taylor,20,Female,Canada,9/10/2021,Monthly
s23765,Benjamin Clark,23,Male,Australia,3/16/2020,Free
s23766,Olivia Verma,43,Female,Canada,12/4/2022,Free
s23767,Emma Hall,20,Female,USA,10/2/2019,Free
s23768,Emma Johnson,24,Female,Canada,11/3/2021,Monthly
s23769,Karan Martin,26,Male,USA,5/26/2020,Monthly
s23770,Emma Walker,57,Female,Canada,7/28/2022,Yearly
s23771,Isabella Taylor,32,Other,India,5/24/2022,Free
s23772,Vihaan Brown,43,Other,Germany,3/13/2022,Free
s23773,Amelia Clark,23,Male,India,5/16/2021,Free
s23774,Meera Walker,31,Other,USA,10/23/2019,Yearly
s23775,Noah Davis,19,Female,Australia,2/19/2019,Monthly
s23776,Aarav Clark,28,Male,Canada,11/29/2021,Monthly
s23777,Aarav Anderson,23,Female,UK,11/7/2022,Free
s23778,Isabella Wilson,19,Other,UK,6/18/2021,Yearly
s23779,Noah Lee,34,Other,Australia,2/7/2022,Monthly
s23780,Benjamin Wilson,27,Male,India,3/2/2020,Free
s23781,Benjamin Clark,55,Male,Canada,6/2/2021,Monthly
s23782,Amelia Walker,27,Female,Germany,7/12/2022,Free
s23783,Eva Taylor,46,Male,USA,7/15/2022,Yearly
s23784,Eva Anderson,29,Male,Canada,1/16/2022,Free
s23785,Amelia Walker,19,Female,Canada,6/14/2020,Free
s23786,Amelia Hall,57,Male,Germany,8/3/2022,Free
s23787,Benjamin Wilson,47,Male,India,3/24/2020,Monthly
s23788,Ethan Walker,59,Female,USA,11/16/2022,Free
s23789,Zara Johnson,48,Other,USA,12/11/2020,Yearly
s23790,Aarav Thomas,20,Male,India,6/30/2019,Monthly
s23791,Zara Moore,34,Female,Canada,11/24/2022,Yearly
s23792,Liam Wilson,27,Male,UK,1/11/2019,Yearly
s23793,Arjun Miller,19,Male,Germany,2/6/2022,Free
s23794,Sophia Wilson,25,Male,Australia,7/11/2019,Monthly
s23795,Olivia Johnson,24,Male,India,9/6/2021,Yearly
s23796,Aarav Walker,38,Female,USA,4/12/2022,Free
s23797,Ethan Verma,47,Other,Germany,5/11/2019,Monthly
s23798,Liam Clark,20,Female,Canada,7/29/2020,Yearly
s23799,Riya Johnson,21,Male,USA,11/7/2020,Monthly
s23800,Isabella Miller,19,Other,Australia,3/8/2021,Free
s23801,Emma Brown,21,Male,Canada,6/2/2019,Free
s23802,Zara Johnson,25,Male,Germany,2/21/2022,Free
s23803,Sophia Verma,35,Other,UK,10/29/2021,Free
s23804,Sophia Lee,40,Other,USA,8/17/2021,Yearly
s23805,Isabella Moore,23,Male,Germany,12/28/2021,Free
s23806,Meera Miller,18,Female,Germany,4/4/2021,Monthly
s23807,Arjun Lewis,24,Female,Canada,6/23/2022,Free
s23808,Sophia Lee,27,Male,Germany,4/8/2019,Free
s23809,Aanya Brown,20,Other,USA,3/28/2019,Monthly
s23810,Riya Clark,22,Female,USA,6/5/2019,Yearly
s23811,Mia Lee,66,Male,USA,7/21/2021,Monthly
s23812,Noah Johnson,19,Female,Australia,11/14/2019,Monthly
s23813,Arjun Miller,60,Female,USA,12/9/2020,Yearly
s23814,Isabella Lee,33,Other,UK,11/3/2019,Free
s23815,Riya Martin,32,Other,Canada,4/28/2020,Yearly
s23816,Sophia Taylor,26,Other,India,6/28/2019,Free
s23817,Zara Verma,20,Female,USA,12/2/2021,Yearly
s23818,Olivia Anderson,60,Male,Germany,5/28/2019,Monthly
s23819,Aanya Moore,23,Male,India,11/1/2019,Yearly
s23820,Emma Clark,31,Other,Australia,10/18/2022,Yearly
s23821,Noah Walker,44,Female,India,10/29/2022,Free
s23822,Liam Miller,52,Female,India,5/29/2020,Monthly
s23823,Aanya Wilson,23,Other,Australia,10/7/2021,Yearly
s23824,Benjamin Hall,18,Other,Canada,11/22/2020,Monthly
s23825,Olivia Lewis,28,Other,USA,1/27/2022,Free
s23826,Mia Singh,49,Female,Germany,9/3/2021,Monthly
s23827,Meera Patel,18,Male,Canada,8/24/2020,Yearly
s23828,Eva Miller,55,Other,Australia,8/6/2019,Free
s23829,Vihaan Brown,22,Female,Germany,11/11/2020,Monthly
s23830,Arjun Johnson,22,Female,Canada,9/25/2022,Yearly
s23831,Zara Wilson,32,Male,USA,1/20/2019,Yearly
s23832,Karan Walker,48,Other,USA,8/20/2019,Yearly
s23833,Zara Patel,22,Female,Germany,7/31/2021,Yearly
s23834,Emma Sharma,20,Male,UK,8/31/2021,Free
s23835,Liam Anderson,23,Male,Canada,10/11/2022,Monthly
s23836,Noah Lee,42,Female,USA,8/25/2022,Monthly
s23837,Noah Taylor,64,Female,Australia,1/27/2022,Monthly
s23838,Sophia Davis,19,Other,USA,1/10/2019,Free
s23839,Mia Wilson,29,Other,Canada,3/11/2022,Free
s23840,Karan Sharma,23,Other,USA,4/11/2019,Free
s23841,Benjamin Anderson,23,Female,Australia,3/22/2022,Yearly
s23842,Emma Singh,24,Female,UK,3/20/2021,Free
s23843,Emma Moore,19,Male,India,8/17/2020,Free
s23844,Vihaan Thomas,47,Male,UK,12/30/2020,Monthly
s23845,Lucas Hall,22,Female,Germany,11/23/2019,Monthly
s23846,Karan Miller,19,Other,USA,6/29/2022,Monthly
s23847,Riya Smith,26,Other,Germany,6/1/2019,Free
s23848,Eva Hall,18,Male,UK,10/28/2021,Yearly
s23849,Eva Wilson,31,Other,Australia,1/7/2019,Yearly
s23850,Isabella Miller,20,Other,Germany,4/13/2020,Monthly
s23851,Arjun Moore,19,Other,Australia,4/1/2022,Yearly
s23852,Liam Clark,21,Female,USA,6/20/2021,Yearly
s23853,Zara Verma,47,Male,Australia,1/5/2019,Free
s23854,Olivia Moore,24,Male,USA,12/1/2021,Monthly
s23855,Arjun Johnson,45,Other,Canada,7/16/2022,Yearly
s23856,Vihaan Wilson,29,Male,India,12/30/2022,Yearly
s23857,Amelia Singh,24,Other,USA,3/27/2021,Free
s23858,Zara Wilson,26,Female,Australia,3/26/2021,Yearly
s23859,Isabella Miller,24,Other,India,9/2/2019,Yearly
s23860,Vihaan Verma,37,Male,India,5/28/2019,Yearly
s23861,Liam Moore,20,Male,India,3/19/2020,Free
s23862,Zara Wilson,21,Other,Germany,3/18/2022,Monthly
s23863,Aarav Sharma,23,Other,Australia,10/23/2021,Yearly
s23864,Isabella Johnson,40,Other,Australia,3/31/2020,Yearly
s23865,Sophia Walker,54,Female,Australia,9/21/2021,Yearly
s23866,Isabella Martin,22,Other,India,11/18/2020,Yearly
s23867,Vihaan Wilson,26,Male,USA,6/28/2022,Monthly
s23868,Mia Moore,27,Other,USA,7/12/2019,Yearly
s23869,Arjun Sharma,46,Female,Canada,12/3/2021,Yearly
s23870,Emma Smith,18,Female,UK,1/8/2020,Free
s23871,Isabella Brown,18,Female,USA,7/12/2019,Free
s23872,Isabella Taylor,24,Other,India,1/1/2022,Free
s23873,Benjamin Smith,34,Other,UK,9/5/2019,Free
s23874,Meera Brown,27,Other,India,7/17/2020,Free
s23875,Arjun Verma,19,Male,Australia,3/29/2019,Free
s23876,Riya Patel,24,Other,UK,3/29/2019,Free
s23877,Eva Wilson,30,Male,India,4/17/2019,Monthly
s23878,Meera Martin,26,Other,Canada,8/1/2020,Monthly
s23879,Riya Wilson,42,Male,USA,11/29/2022,Monthly
s23880,Vihaan Sharma,41,Female,Germany,10/4/2019,Monthly
s23881,Aarav Smith,24,Other,Canada,9/2/2019,Yearly
s23882,Vihaan Moore,27,Male,India,9/17/2022,Free
s23883,Liam Clark,24,Other,India,5/22/2019,Free
s23884,Isabella Martin,19,Other,Germany,4/23/2021,Monthly
s23885,Isabella Johnson,54,Other,UK,7/3/2021,Yearly
s23886,Amelia Walker,66,Male,USA,8/16/2019,Monthly
s23887,Zara Johnson,20,Female,India,7/28/2020,Free
s23888,Eva Sharma,18,Other,India,12/1/2022,Free
s23889,Karan Hall,36,Other,USA,10/23/2020,Monthly
s23890,Amelia Hall,27,Female,Canada,7/9/2020,Yearly
s23891,Eva Lee,30,Other,USA,10/28/2020,Yearly
s23892,Aanya Brown,67,Male,UK,4/13/2020,Free
s23893,Meera Smith,61,Female,USA,2/4/2019,Yearly
s23894,Mia Miller,25,Other,UK,4/18/2020,Monthly
s23895,Riya Singh,21,Other,Germany,11/24/2021,Monthly
s23896,Arjun Walker,30,Female,Australia,7/13/2022,Monthly
s23897,Amelia Lewis,32,Female,Germany,3/25/2021,Free
s23898,Ethan Anderson,23,Female,Australia,4/1/2022,Free
s23899,Olivia Johnson,24,Other,UK,11/10/2019,Free
s23900,Liam Johnson,36,Other,Australia,8/19/2021,Monthly
s23901,Eva Lewis,63,Female,Canada,12/20/2022,Yearly
s23902,Riya Walker,32,Female,USA,12/30/2019,Yearly
s23903,Meera Wilson,21,Male,Canada,11/11/2021,Yearly
s23904,Mia Patel,45,Female,Germany,1/17/2021,Free
s23905,Liam Brown,42,Other,Canada,4/13/2019,Monthly
s23906,Vihaan Patel,18,Other,Canada,6/27/2019,Monthly
s23907,Meera Taylor,40,Female,Australia,8/30/2021,Monthly
s23908,Riya Taylor,66,Male,Canada,5/14/2021,Monthly
s23909,Benjamin Anderson,25,Male,India,2/15/2021,Monthly
s23910,Riya Anderson,40,Male,Canada,2/1/2020,Yearly
s23911,Meera Lee,26,Female,Germany,11/7/2022,Yearly
s23912,Arjun Moore,23,Male,Australia,4/16/2021,Free
s23913,Karan Sharma,22,Female,Germany,8/16/2019,Yearly
s23914,Lucas Wilson,65,Female,UK,1/23/2020,Yearly
s23915,Zara Martin,18,Female,India,9/14/2021,Free
s23916,Karan Davis,64,Female,India,5/16/2020,Free
s23917,Lucas Sharma,20,Other,Germany,3/26/2022,Yearly
s23918,Noah Moore,30,Female,UK,9/5/2021,Yearly
s23919,Olivia Walker,22,Other,UK,5/19/2020,Monthly
s23920,Vihaan Anderson,44,Other,India,6/18/2021,Monthly
s23921,Emma Smith,21,Male,Australia,6/27/2022,Free
s23922,Olivia Taylor,20,Male,USA,1/21/2021,Yearly
s23923,Vihaan Johnson,21,Female,Germany,6/28/2022,Free
s23924,Arjun Brown,21,Other,UK,11/19/2019,Monthly
s23925,Karan Martin,47,Female,UK,4/23/2021,Yearly
s23926,Arjun Hall,59,Other,UK,8/23/2022,Free
s23927,Benjamin Singh,38,Other,USA,10/28/2021,Monthly
s23928,Liam Hall,22,Female,Germany,2/6/2022,Monthly
s23929,Noah Brown,27,Other,Germany,2/11/2019,Free
s23930,Emma Wilson,47,Male,Canada,8/30/2019,Monthly
s23931,Arjun Hall,39,Male,Canada,12/17/2022,Free
s23932,Riya Wilson,59,Male,Germany,10/11/2020,Yearly
s23933,Vihaan Clark,24,Male,UK,3/9/2021,Monthly
s23934,Benjamin Wilson,19,Other,Australia,2/13/2019,Yearly
s23935,Zara Hall,20,Male,Australia,1/25/2019,Yearly
s23936,Vihaan Brown,18,Other,USA,1/30/2020,Free
s23937,Ethan Walker,58,Other,India,4/2/2022,Monthly
s23938,Zara Clark,26,Male,UK,11/10/2019,Monthly
s23939,Noah Lewis,18,Male,Australia,7/14/2022,Free
s23940,Riya Thomas,28,Other,Germany,7/19/2021,Yearly
s23941,Ethan Anderson,55,Other,Australia,3/6/2020,Free
s23942,Ethan Patel,24,Female,UK,3/16/2020,Monthly
s23943,Liam Moore,67,Other,UK,12/18/2021,Yearly
s23944,Liam Moore,43,Male,Canada,9/8/2019,Yearly
s23945,Sophia Smith,26,Female,Germany,8/5/2020,Free
s23946,Emma Smith,32,Male,India,12/14/2022,Free
s23947,Liam Hall,23,Other,Australia,5/11/2022,Yearly
s23948,Emma Smith,63,Female,Canada,1/1/2021,Monthly
s23949,Karan Taylor,22,Other,USA,7/11/2021,Yearly
s23950,Meera Walker,18,Male,UK,7/12/2022,Monthly
s23951,Meera Verma,19,Other,India,7/4/2020,Free
s23952,Karan Martin,19,Male,Canada,6/4/2019,Yearly
s23953,Noah Lewis,59,Other,UK,5/17/2019,Yearly
s23954,Lucas Lee,22,Other,India,8/13/2019,Free
s23955,Zara Martin,21,Female,USA,3/21/2022,Monthly
s23956,Emma Patel,18,Other,Germany,6/18/2019,Yearly
s23957,Meera Sharma,18,Other,UK,1/7/2019,Monthly
s23958,Isabella Lee,36,Male,USA,10/18/2022,Yearly
s23959,Lucas Lewis,30,Other,USA,10/1/2020,Yearly
s23960,Eva Anderson,40,Female,Canada,8/19/2020,Free
s23961,Noah Wilson,24,Female,Canada,1/26/2021,Free
s23962,Vihaan Walker,21,Other,Canada,4/17/2021,Yearly
s23963,Lucas Verma,22,Female,Australia,5/10/2021,Free
s23964,Aarav Sharma,21,Male,UK,3/22/2021,Yearly
s23965,Zara Lewis,29,Female,UK,10/26/2021,Monthly
s23966,Meera Miller,27,Other,India,6/10/2021,Free
s23967,Olivia Clark,23,Other,USA,12/3/2022,Yearly
s23968,Ethan Walker,19,Male,Canada,10/7/2022,Free
s23969,Aanya Lewis,18,Male,Canada,7/19/2022,Yearly
s23970,Olivia Anderson,20,Female,UK,7/21/2021,Free
s23971,Liam Anderson,39,Other,UK,9/14/2021,Monthly
s23972,Noah Smith,38,Female,Canada,4/9/2022,Yearly
s23973,Noah Davis,26,Female,Canada,12/2/2020,Monthly
s23974,Liam Sharma,23,Female,UK,12/31/2020,Yearly
s23975,Liam Anderson,23,Male,USA,2/10/2020,Free
s23976,Liam Clark,27,Other,UK,9/8/2022,Free
s23977,Aanya Brown,21,Female,Germany,12/4/2022,Yearly
s23978,Meera Hall,27,Male,USA,3/7/2019,Monthly
s23979,Aarav Sharma,19,Female,USA,9/3/2021,Monthly
s23980,Riya Sharma,41,Other,Australia,10/27/2022,Yearly
s23981,Benjamin Smith,63,Female,Germany,8/28/2021,Monthly
s23982,Aarav Brown,18,Female,Australia,12/9/2020,Yearly
s23983,Mia Thomas,25,Male,Canada,7/26/2022,Free
s23984,Ethan Davis,66,Other,Germany,9/2/2022,Free
s23985,Karan Anderson,52,Female,UK,9/24/2019,Free
s23986,Mia Moore,30,Other,UK,2/13/2019,Monthly
s23987,Liam Wilson,33,Female,India,9/2/2020,Free
s23988,Eva Miller,20,Male,Australia,6/1/2021,Yearly
s23989,Meera Martin,47,Male,UK,6/18/2022,Yearly
s23990,Liam Singh,22,Other,Canada,6/27/2020,Monthly
s23991,Mia Lee,41,Female,India,10/26/2020,Monthly
s23992,Liam Patel,46,Female,Germany,10/19/2021,Free
s23993,Eva Davis,27,Female,Canada,10/4/2020,Free
s23994,Noah Taylor,25,Male,USA,3/28/2019,Monthly
s23995,Mia Patel,21,Other,Australia,4/2/2019,Free
s23996,Meera Taylor,27,Male,Canada,3/28/2021,Monthly
s23997,Arjun Verma,40,Other,UK,9/24/2022,Free
s23998,Lucas Sharma,38,Female,India,1/22/2022,Yearly
s23999,Benjamin Singh,23,Female,UK,5/14/2021,Yearly
s24000,Zara Sharma,41,Other,India,12/14/2021,Free
s24001,Emma Hall,27,Female,Australia,9/7/2022,Free
s24002,Emma Martin,32,Other,Germany,8/22/2022,Yearly
s24003,Zara Singh,27,Female,Australia,5/3/2021,Monthly
s24004,Meera Thomas,52,Other,USA,11/26/2021,Monthly
s24005,Lucas Verma,42,Female,India,7/6/2021,Free
s24006,Vihaan Brown,39,Other,Australia,7/6/2020,Monthly
s24007,Riya Davis,27,Other,UK,12/13/2019,Yearly
s24008,Arjun Lewis,46,Male,Canada,3/21/2020,Free
s24009,Isabella Verma,26,Female,Germany,5/8/2019,Free
s24010,Benjamin Davis,22,Female,UK,10/12/2022,Yearly
s24011,Olivia Thomas,21,Female,Australia,5/1/2020,Monthly
s24012,Lucas Singh,20,Female,Australia,10/26/2019,Free
s24013,Emma Sharma,59,Female,USA,8/14/2021,Yearly
s24014,Karan Anderson,22,Other,USA,6/15/2021,Monthly
s24015,Meera Smith,63,Other,UK,9/8/2021,Yearly
s24016,Mia Moore,19,Other,Canada,11/11/2021,Monthly
s24017,Karan Taylor,26,Other,UK,12/11/2019,Monthly
s24018,Liam Brown,29,Other,Germany,3/4/2021,Free
s24019,Eva Davis,26,Other,Australia,6/18/2020,Monthly
s24020,Vihaan Patel,27,Male,India,9/5/2021,Free
s24021,Zara Walker,47,Female,Germany,3/25/2022,Free
s24022,Arjun Anderson,21,Male,Canada,11/9/2021,Monthly
s24023,Aanya Wilson,61,Male,UK,11/12/2020,Free
s24024,Karan Lee,44,Male,USA,2/12/2019,Yearly
s24025,Lucas Hall,38,Male,India,11/7/2021,Monthly
s24026,Karan Lewis,23,Other,India,11/7/2021,Yearly
s24027,Aanya Martin,28,Male,UK,5/17/2022,Free
s24028,Ethan Miller,60,Other,India,10/12/2019,Free
s24029,Mia Davis,27,Other,Australia,11/29/2019,Yearly
s24030,Aarav Moore,32,Male,USA,8/15/2022,Monthly
s24031,Eva Johnson,20,Male,Australia,8/3/2022,Free
s24032,Aanya Brown,66,Other,India,12/12/2021,Free
s24033,Eva Hall,25,Female,Canada,2/4/2022,Monthly
s24034,Aarav Clark,65,Male,UK,6/21/2021,Free
s24035,Zara Hall,21,Female,USA,3/25/2021,Monthly
s24036,Eva Singh,26,Male,USA,4/7/2022,Monthly
s24037,Vihaan Miller,23,Other,Germany,3/18/2019,Free
s24038,Benjamin Martin,39,Male,India,11/27/2020,Free
s24039,Benjamin Wilson,21,Male,USA,11/29/2021,Free
s24040,Lucas Lewis,20,Male,USA,9/12/2020,Yearly
s24041,Meera Brown,66,Female,Australia,7/24/2022,Monthly
s24042,Sophia Moore,20,Other,India,9/6/2022,Monthly
s24043,Olivia Davis,57,Female,UK,6/17/2021,Free
s24044,Riya Verma,37,Male,Australia,1/5/2020,Yearly
s24045,Noah Hall,30,Male,India,8/18/2020,Free
s24046,Zara Singh,39,Other,Germany,5/6/2022,Monthly
s24047,Amelia Clark,24,Other,Germany,12/21/2022,Monthly
s24048,Noah Taylor,34,Other,USA,11/5/2022,Free
s24049,Riya Anderson,29,Male,UK,3/3/2022,Yearly
s24050,Karan Patel,65,Male,Canada,5/10/2021,Yearly
s24051,Vihaan Wilson,31,Female,UK,12/5/2020,Monthly
s24052,Liam Anderson,27,Female,Germany,3/19/2019,Free
s24053,Isabella Taylor,46,Male,Australia,9/6/2021,Free
s24054,Mia Lewis,30,Other,Canada,11/19/2020,Monthly
s24055,Arjun Davis,37,Female,Germany,3/15/2022,Free
s24056,Isabella Martin,26,Male,Australia,7/17/2021,Yearly
s24057,Isabella Johnson,52,Other,India,11/20/2020,Free
s24058,Emma Smith,22,Other,Germany,2/10/2019,Monthly
s24059,Amelia Verma,41,Female,Canada,4/20/2021,Monthly
s24060,Lucas Lee,47,Female,Germany,2/3/2019,Monthly
s24061,Liam Brown,18,Female,Australia,1/19/2021,Monthly
s24062,Aarav Thomas,20,Female,India,12/10/2021,Monthly
s24063,Riya Verma,29,Female,USA,3/29/2019,Free
s24064,Isabella Walker,26,Male,Australia,1/25/2020,Free
s24065,Benjamin Verma,24,Male,Australia,3/26/2019,Monthly
s24066,Eva Singh,67,Male,Australia,2/2/2019,Free
s24067,Noah Taylor,52,Other,USA,4/17/2022,Free
s24068,Karan Patel,25,Male,Germany,7/7/2022,Yearly
s24069,Lucas Patel,67,Female,USA,3/11/2022,Free
s24070,Karan Verma,20,Male,USA,8/20/2020,Yearly
s24071,Lucas Clark,21,Female,Germany,11/21/2021,Free
s24072,Mia Anderson,25,Female,UK,7/26/2020,Monthly
s24073,Amelia Verma,29,Female,Australia,5/26/2021,Free
s24074,Vihaan Clark,22,Female,India,4/11/2021,Free
s24075,Karan Martin,42,Other,Germany,7/11/2020,Free
s24076,Isabella Martin,25,Male,USA,12/18/2022,Monthly
s24077,Amelia Wilson,24,Male,Germany,1/6/2021,Monthly
s24078,Aanya Moore,34,Other,USA,8/17/2021,Yearly
s24079,Liam Thomas,23,Female,Australia,5/13/2020,Free
s24080,Mia Clark,35,Female,Canada,9/6/2022,Yearly
s24081,Sophia Patel,34,Male,Australia,7/1/2021,Monthly
s24082,Mia Wilson,46,Male,Australia,8/16/2022,Monthly
s24083,Aarav Hall,48,Female,USA,10/7/2019,Monthly
s24084,Amelia Lee,28,Male,UK,5/27/2020,Free
s24085,Noah Smith,27,Other,India,12/9/2020,Free
s24086,Karan Davis,22,Female,Germany,2/22/2022,Free
s24087,Benjamin Johnson,21,Female,Germany,12/3/2020,Yearly
s24088,Noah Singh,53,Male,Australia,7/26/2020,Free
s24089,Vihaan Johnson,37,Female,USA,12/21/2019,Monthly
s24090,Karan Miller,47,Male,Australia,5/13/2019,Yearly
s24091,Sophia Walker,20,Male,UK,12/31/2020,Free
s24092,Arjun Clark,38,Male,USA,7/14/2021,Monthly
s24093,Liam Brown,38,Male,UK,11/2/2020,Free
s24094,Mia Martin,44,Female,Germany,1/20/2022,Monthly
s24095,Aarav Singh,23,Female,Germany,6/26/2020,Yearly
s24096,Emma Walker,34,Other,Germany,1/7/2022,Monthly
s24097,Aarav Johnson,22,Male,USA,2/15/2019,Yearly
s24098,Benjamin Moore,19,Male,USA,3/25/2019,Monthly
s24099,Eva Sharma,59,Female,India,11/26/2022,Free
s24100,Eva Taylor,23,Male,Germany,6/11/2020,Free
s24101,Olivia Davis,26,Male,Germany,3/9/2020,Monthly
s24102,Emma Verma,63,Male,Germany,4/3/2022,Yearly
s24103,Eva Wilson,22,Other,UK,12/17/2021,Free
s24104,Aarav Miller,19,Female,UK,7/11/2021,Free
s24105,Mia Taylor,46,Male,Canada,10/17/2019,Yearly
s24106,Benjamin Sharma,18,Other,Germany,7/25/2020,Yearly
s24107,Aarav Clark,37,Male,Canada,2/10/2019,Free
s24108,Eva Davis,24,Other,Germany,6/4/2021,Yearly
s24109,Arjun Smith,18,Other,USA,12/20/2020,Yearly
s24110,Noah Brown,26,Male,India,1/5/2020,Monthly
s24111,Karan Patel,20,Other,India,12/4/2022,Monthly
s24112,Vihaan Brown,18,Male,UK,4/22/2022,Free
s24113,Ethan Wilson,58,Male,UK,1/26/2020,Free
s24114,Aarav Martin,20,Female,UK,8/20/2021,Free
s24115,Emma Taylor,20,Female,Canada,10/18/2019,Monthly
s24116,Mia Smith,22,Male,Germany,11/21/2021,Monthly
s24117,Liam Taylor,42,Female,USA,10/6/2022,Free
s24118,Meera Taylor,22,Female,UK,10/5/2021,Free
s24119,Aarav Wilson,47,Other,UK,11/3/2019,Monthly
s24120,Aanya Wilson,27,Female,India,3/11/2020,Yearly
s24121,Olivia Martin,34,Female,India,8/10/2021,Free
s24122,Riya Taylor,43,Male,India,3/21/2020,Yearly
s24123,Liam Singh,28,Male,Canada,8/1/2021,Yearly
s24124,Benjamin Anderson,49,Other,USA,11/2/2022,Free
s24125,Vihaan Thomas,32,Other,Australia,1/28/2022,Monthly
s24126,Benjamin Singh,53,Other,UK,8/1/2021,Monthly
s24127,Vihaan Thomas,43,Other,India,2/1/2020,Yearly
s24128,Emma Walker,42,Male,Australia,10/14/2021,Yearly
s24129,Aanya Taylor,27,Female,India,1/14/2019,Free
s24130,Emma Clark,19,Male,Canada,10/22/2022,Yearly
s24131,Karan Singh,48,Other,USA,6/25/2022,Free
s24132,Liam Johnson,32,Other,USA,1/15/2019,Monthly
s24133,Sophia Singh,20,Female,UK,5/10/2019,Yearly
s24134,Aarav Moore,33,Male,Germany,3/6/2019,Free
s24135,Mia Lewis,23,Female,UK,11/25/2020,Monthly
s24136,Isabella Thomas,22,Male,Canada,1/27/2021,Free
s24137,Arjun Martin,21,Male,Canada,10/31/2021,Yearly
s24138,Zara Hall,27,Female,Canada,1/20/2021,Yearly
s24139,Aanya Patel,20,Female,Germany,5/22/2020,Free
s24140,Aarav Martin,43,Male,Australia,1/2/2020,Free
s24141,Riya Anderson,40,Other,UK,7/26/2019,Monthly
s24142,Eva Hall,26,Male,India,8/10/2022,Monthly
s24143,Liam Walker,18,Female,Canada,1/27/2022,Monthly
s24144,Olivia Taylor,23,Male,Australia,5/7/2020,Monthly
s24145,Mia Davis,20,Other,UK,4/9/2022,Free
s24146,Vihaan Moore,30,Female,UK,11/8/2022,Yearly
s24147,Olivia Sharma,22,Male,Germany,10/13/2019,Free
s24148,Meera Singh,61,Other,Australia,3/3/2020,Free
s24149,Arjun Smith,47,Other,USA,6/26/2019,Yearly
s24150,Aarav Taylor,26,Male,UK,9/20/2022,Free
s24151,Eva Moore,22,Male,Canada,10/2/2019,Monthly
s24152,Eva Lewis,26,Female,Germany,12/23/2020,Free
s24153,Noah Singh,28,Female,Germany,1/11/2020,Monthly
s24154,Meera Smith,56,Female,Canada,2/5/2020,Free
s24155,Riya Brown,35,Male,Canada,8/11/2022,Monthly
s24156,Meera Johnson,26,Other,UK,3/27/2022,Yearly
s24157,Ethan Martin,44,Female,Germany,6/7/2022,Yearly
s24158,Eva Lewis,31,Other,USA,8/3/2020,Yearly
s24159,Zara Patel,24,Other,Australia,5/8/2022,Free
s24160,Isabella Clark,18,Other,UK,5/24/2019,Free
s24161,Arjun Anderson,24,Other,USA,9/3/2019,Free
s24162,Sophia Lewis,44,Female,Canada,5/20/2022,Yearly
s24163,Mia Taylor,46,Other,India,8/6/2019,Monthly
s24164,Emma Miller,24,Male,Germany,5/13/2020,Monthly
s24165,Aarav Miller,23,Male,India,3/13/2022,Free
s24166,Ethan Clark,19,Other,Australia,9/4/2021,Yearly
s24167,Mia Martin,26,Other,Canada,5/29/2021,Free
s24168,Aarav Thomas,25,Female,Australia,6/4/2019,Yearly
s24169,Aarav Thomas,26,Other,USA,12/12/2019,Monthly
s24170,Meera Taylor,19,Other,India,9/6/2019,Yearly
s24171,Karan Walker,42,Male,Australia,1/11/2019,Free
s24172,Sophia Hall,43,Female,UK,3/31/2019,Monthly
s24173,Isabella Lewis,23,Other,Germany,7/6/2020,Free
s24174,Eva Taylor,18,Female,UK,2/20/2022,Yearly
s24175,Riya Martin,28,Other,Canada,12/30/2020,Monthly
s24176,Emma Taylor,27,Other,USA,10/29/2021,Monthly
s24177,Vihaan Miller,24,Male,UK,1/14/2022,Yearly
s24178,Emma Martin,23,Other,Germany,6/18/2022,Free
s24179,Noah Sharma,34,Female,Australia,1/13/2022,Free
s24180,Eva Wilson,21,Male,Canada,11/20/2020,Monthly
s24181,Vihaan Sharma,19,Female,Australia,6/16/2022,Free
s24182,Noah Singh,23,Male,Australia,10/13/2019,Yearly
s24183,Emma Johnson,20,Female,UK,4/11/2021,Free
s24184,Vihaan Brown,24,Male,USA,12/8/2019,Yearly
s24185,Meera Singh,18,Male,Germany,10/7/2020,Yearly
s24186,Karan Brown,21,Female,India,8/30/2021,Yearly
s24187,Meera Walker,18,Male,USA,5/1/2022,Free
s24188,Ethan Thomas,59,Male,USA,11/30/2022,Yearly
s24189,Lucas Johnson,62,Other,USA,6/2/2019,Monthly
s24190,Benjamin Verma,20,Male,UK,11/30/2020,Monthly
s24191,Noah Verma,32,Male,Germany,8/11/2021,Monthly
s24192,Benjamin Brown,21,Male,India,10/29/2019,Free
s24193,Aarav Walker,25,Male,Australia,12/4/2022,Yearly
s24194,Arjun Lewis,27,Male,UK,3/23/2019,Monthly
s24195,Isabella Johnson,20,Female,Australia,4/3/2021,Yearly
s24196,Vihaan Lewis,23,Other,Australia,1/2/2019,Yearly
s24197,Mia Clark,33,Other,India,8/19/2022,Monthly
s24198,Noah Patel,26,Female,India,2/8/2022,Free
s24199,Amelia Davis,18,Other,USA,2/19/2020,Yearly
s24200,Aarav Anderson,27,Female,Germany,5/20/2019,Monthly
s24201,Eva Brown,22,Male,Australia,8/27/2020,Monthly
s24202,Arjun Davis,23,Male,Germany,12/7/2022,Free
s24203,Mia Clark,20,Male,Germany,10/25/2022,Monthly
s24204,Benjamin Thomas,41,Other,USA,8/21/2019,Monthly
s24205,Vihaan Davis,26,Female,UK,2/4/2021,Monthly
s24206,Arjun Wilson,44,Female,Australia,4/2/2020,Monthly
s24207,Lucas Anderson,39,Female,UK,9/9/2020,Monthly
s24208,Olivia Walker,25,Male,India,5/9/2022,Monthly
s24209,Arjun Johnson,21,Male,Germany,3/16/2019,Monthly
s24210,Vihaan Brown,31,Female,India,1/2/2021,Yearly
s24211,Arjun Martin,25,Male,USA,5/20/2020,Free
s24212,Vihaan Lewis,35,Male,UK,2/23/2019,Yearly
s24213,Aarav Walker,24,Female,USA,12/25/2022,Free
s24214,Sophia Taylor,25,Male,India,1/24/2022,Free
s24215,Emma Davis,48,Female,Australia,11/18/2019,Monthly
s24216,Isabella Anderson,23,Female,Australia,8/7/2019,Free
s24217,Olivia Singh,27,Female,India,9/26/2019,Free
s24218,Sophia Taylor,23,Other,USA,4/27/2020,Yearly
s24219,Meera Patel,25,Female,Canada,7/6/2020,Free
s24220,Meera Hall,22,Other,UK,4/14/2019,Monthly
s24221,Riya Singh,44,Male,UK,3/19/2022,Monthly
s24222,Aanya Anderson,20,Other,India,9/25/2020,Yearly
s24223,Benjamin Johnson,18,Female,USA,9/18/2019,Yearly
s24224,Sophia Miller,37,Male,India,3/9/2020,Yearly
s24225,Arjun Johnson,19,Male,USA,3/14/2021,Monthly
s24226,Vihaan Davis,44,Female,UK,2/3/2021,Free
s24227,Arjun Patel,18,Female,Australia,3/31/2021,Monthly
s24228,Benjamin Smith,20,Other,USA,10/6/2020,Monthly
s24229,Aanya Miller,19,Male,Canada,6/19/2019,Monthly
s24230,Noah Wilson,61,Female,UK,4/17/2022,Monthly
s24231,Vihaan Brown,31,Female,Canada,12/14/2020,Yearly
s24232,Zara Wilson,23,Female,India,10/9/2022,Free
s24233,Isabella Lewis,66,Male,Australia,4/3/2019,Free
s24234,Isabella Singh,47,Female,UK,1/21/2019,Monthly
s24235,Benjamin Brown,19,Female,Germany,4/28/2019,Yearly
s24236,Liam Taylor,25,Male,UK,10/22/2021,Free
s24237,Meera Wilson,27,Male,India,5/6/2019,Yearly
s24238,Meera Verma,40,Other,Australia,4/28/2022,Yearly
s24239,Riya Taylor,23,Other,India,2/1/2021,Monthly
s24240,Amelia Wilson,41,Female,USA,4/20/2019,Yearly
s24241,Noah Verma,18,Male,UK,1/18/2020,Free
s24242,Eva Lewis,58,Male,India,1/26/2020,Yearly
s24243,Eva Patel,30,Female,UK,12/10/2020,Yearly
s24244,Sophia Moore,27,Other,USA,9/16/2020,Monthly
s24245,Mia Sharma,47,Other,Australia,5/11/2022,Monthly
s24246,Lucas Thomas,27,Female,India,1/12/2021,Yearly
s24247,Ethan Smith,44,Other,India,6/8/2022,Free
s24248,Aarav Walker,31,Female,Australia,6/26/2020,Yearly
s24249,Arjun Davis,27,Other,India,12/11/2019,Yearly
s24250,Benjamin Brown,24,Other,Canada,9/3/2022,Yearly
s24251,Amelia Lee,23,Other,UK,1/28/2019,Free
s24252,Vihaan Clark,33,Female,UK,7/16/2019,Yearly
s24253,Arjun Patel,35,Male,UK,12/1/2020,Yearly
s24254,Benjamin Moore,27,Male,Australia,2/4/2020,Yearly
s24255,Isabella Wilson,18,Female,Germany,4/10/2021,Yearly
s24256,Isabella Smith,20,Female,Germany,4/6/2022,Free
s24257,Benjamin Taylor,43,Male,UK,7/22/2021,Monthly
s24258,Riya Moore,19,Other,UK,5/18/2020,Free
s24259,Olivia Davis,57,Female,USA,9/13/2019,Monthly
s24260,Vihaan Hall,40,Other,India,12/6/2022,Monthly
s24261,Ethan Singh,21,Male,Australia,11/30/2021,Yearly
s24262,Aanya Smith,38,Male,Canada,10/13/2020,Yearly
s24263,Eva Sharma,55,Other,UK,1/31/2020,Yearly
s24264,Noah Anderson,25,Female,India,9/9/2021,Yearly
s24265,Noah Lee,27,Other,Australia,10/13/2020,Monthly
s24266,Aanya Moore,18,Female,Canada,1/29/2021,Free
s24267,Riya Brown,20,Other,Canada,11/26/2019,Yearly
s24268,Aarav Lee,45,Other,Germany,12/6/2022,Yearly
s24269,Eva Clark,40,Female,Canada,10/7/2022,Yearly
s24270,Sophia Singh,24,Other,UK,5/21/2020,Monthly
s24271,Amelia Lewis,54,Male,UK,1/17/2021,Free
s24272,Vihaan Taylor,56,Male,Australia,6/8/2019,Free
s24273,Meera Moore,24,Male,India,2/29/2020,Yearly
s24274,Arjun Brown,19,Male,India,11/26/2020,Free
s24275,Meera Lee,23,Female,Canada,11/7/2019,Free
s24276,Karan Smith,25,Female,USA,8/11/2022,Yearly
s24277,Sophia Johnson,22,Female,Germany,4/21/2022,Monthly
s24278,Vihaan Smith,24,Female,USA,9/19/2021,Yearly
s24279,Karan Taylor,41,Other,USA,12/20/2019,Free
s24280,Aarav Miller,19,Other,Germany,8/7/2019,Free
s24281,Lucas Thomas,26,Male,India,10/6/2022,Yearly
s24282,Vihaan Martin,30,Other,UK,7/13/2022,Monthly
s24283,Ethan Martin,21,Male,USA,3/24/2019,Free
s24284,Eva Martin,24,Male,Canada,3/6/2020,Free
s24285,Aarav Sharma,32,Female,Canada,4/1/2022,Free
s24286,Emma Anderson,26,Other,Canada,5/19/2022,Free
s24287,Karan Johnson,18,Male,UK,7/13/2021,Monthly
s24288,Amelia Patel,27,Other,Germany,4/29/2021,Yearly
s24289,Olivia Lewis,25,Other,UK,11/5/2021,Yearly
s24290,Karan Singh,60,Female,Australia,12/21/2022,Yearly
s24291,Liam Sharma,32,Male,India,12/24/2020,Free
s24292,Mia Taylor,18,Other,India,2/13/2020,Yearly
s24293,Mia Clark,44,Female,USA,6/14/2019,Monthly
s24294,Ethan Hall,45,Male,Australia,2/16/2019,Free
s24295,Meera Walker,46,Other,Australia,8/12/2022,Yearly
s24296,Vihaan Martin,23,Other,Australia,1/12/2020,Yearly
s24297,Noah Davis,24,Male,UK,1/17/2019,Yearly
s24298,Olivia Sharma,18,Male,Australia,5/25/2022,Yearly
s24299,Karan Brown,29,Other,Germany,6/23/2019,Yearly
s24300,Eva Hall,21,Male,USA,3/11/2019,Free
s24301,Riya Patel,49,Male,UK,12/13/2020,Free
s24302,Liam Walker,60,Male,UK,7/26/2022,Free
s24303,Emma Verma,23,Female,UK,11/7/2019,Free
s24304,Ethan Johnson,27,Other,USA,12/15/2021,Free
s24305,Aarav Hall,23,Male,Canada,12/26/2022,Monthly
s24306,Emma Brown,20,Female,Australia,7/19/2021,Free
s24307,Aanya Singh,24,Female,Germany,6/27/2020,Free
s24308,Meera Sharma,50,Female,UK,10/28/2019,Monthly
s24309,Vihaan Smith,21,Other,UK,5/10/2019,Yearly
s24310,Zara Miller,25,Male,Canada,11/16/2021,Yearly
s24311,Ethan Davis,24,Other,Australia,12/30/2022,Monthly
s24312,Olivia Martin,46,Other,USA,1/1/2019,Monthly
s24313,Benjamin Lewis,23,Other,UK,9/9/2020,Free
s24314,Olivia Walker,23,Other,USA,11/8/2021,Free
s24315,Amelia Martin,24,Female,India,2/14/2022,Yearly
s24316,Zara Johnson,36,Other,Canada,5/24/2019,Monthly
s24317,Amelia Anderson,47,Female,Germany,10/17/2021,Monthly
s24318,Aarav Lewis,28,Male,USA,6/13/2022,Free
s24319,Lucas Sharma,32,Female,Germany,5/20/2021,Free
s24320,Benjamin Martin,18,Male,Australia,9/28/2020,Free
s24321,Sophia Lewis,42,Other,Germany,3/19/2021,Monthly
s24322,Arjun Sharma,18,Other,Canada,2/8/2020,Yearly
s24323,Emma Verma,18,Other,USA,12/24/2019,Free
s24324,Aanya Verma,47,Male,USA,1/21/2019,Free
s24325,Noah Johnson,24,Female,USA,6/3/2020,Yearly
s24326,Lucas Verma,63,Male,Canada,5/29/2022,Yearly
s24327,Arjun Thomas,27,Female,USA,5/22/2019,Free
s24328,Isabella Brown,26,Other,USA,1/15/2022,Free
s24329,Meera Taylor,23,Male,Germany,11/14/2022,Free
s24330,Zara Smith,25,Male,UK,11/12/2019,Monthly
s24331,Vihaan Smith,33,Female,USA,10/19/2021,Yearly
s24332,Isabella Sharma,26,Other,Germany,9/16/2020,Monthly
s24333,Arjun Walker,23,Other,India,10/12/2021,Yearly
s24334,Vihaan Smith,38,Male,India,6/19/2022,Yearly
s24335,Arjun Walker,33,Other,Germany,2/28/2020,Yearly
s24336,Karan Wilson,46,Other,Germany,4/9/2022,Yearly
s24337,Amelia Singh,23,Female,UK,5/10/2020,Free
s24338,Zara Sharma,25,Female,India,2/27/2019,Monthly
s24339,Ethan Patel,38,Male,Germany,11/23/2019,Free
s24340,Aanya Singh,38,Female,USA,11/12/2021,Monthly
s24341,Sophia Taylor,24,Female,India,9/17/2019,Free
s24342,Isabella Patel,29,Female,Canada,4/9/2019,Monthly
s24343,Olivia Brown,45,Female,Germany,3/30/2019,Free
s24344,Noah Anderson,21,Male,Canada,8/15/2021,Free
s24345,Karan Davis,18,Female,USA,8/10/2022,Free
s24346,Aarav Thomas,24,Other,India,1/27/2021,Free
s24347,Benjamin Davis,22,Male,Germany,4/28/2020,Free
s24348,Lucas Moore,36,Male,Germany,10/5/2021,Yearly
s24349,Riya Singh,39,Male,Germany,11/3/2020,Free
s24350,Benjamin Davis,24,Female,Australia,12/12/2019,Free
s24351,Olivia Miller,35,Other,Canada,2/9/2019,Free
s24352,Zara Smith,29,Male,India,1/9/2021,Free
s24353,Eva Verma,19,Male,UK,10/18/2021,Free
s24354,Benjamin Martin,23,Male,India,2/5/2021,Yearly
s24355,Noah Smith,23,Other,USA,6/22/2019,Yearly
s24356,Isabella Thomas,24,Other,Germany,3/24/2020,Free
s24357,Emma Davis,24,Other,India,2/1/2019,Free
s24358,Vihaan Clark,22,Male,India,8/16/2021,Yearly
s24359,Ethan Thomas,26,Other,Australia,6/4/2019,Monthly
s24360,Emma Moore,21,Other,Canada,2/24/2019,Monthly
s24361,Arjun Taylor,43,Male,India,6/9/2022,Yearly
s24362,Isabella Sharma,21,Male,Germany,4/2/2020,Monthly
s24363,Ethan Davis,25,Other,India,7/21/2021,Free
s24364,Aarav Miller,22,Other,UK,3/4/2021,Free
s24365,Benjamin Brown,25,Other,Germany,1/5/2022,Free
s24366,Lucas Wilson,24,Female,India,2/8/2019,Free
s24367,Riya Martin,21,Other,Australia,10/22/2019,Yearly
s24368,Vihaan Lewis,18,Male,Canada,12/12/2022,Monthly
s24369,Zara Lewis,19,Male,Canada,4/8/2021,Monthly
s24370,Isabella Lewis,21,Other,USA,2/21/2019,Yearly
s24371,Vihaan Lee,63,Female,India,8/7/2022,Monthly
s24372,Benjamin Walker,18,Male,UK,10/9/2022,Monthly
s24373,Mia Lewis,18,Other,Germany,7/29/2020,Monthly
s24374,Isabella Moore,35,Other,Germany,12/9/2019,Monthly
s24375,Lucas Davis,46,Male,UK,10/8/2020,Free
s24376,Aarav Davis,25,Male,UK,7/11/2022,Yearly
s24377,Vihaan Thomas,30,Other,UK,1/4/2021,Monthly
s24378,Amelia Walker,35,Male,UK,10/3/2020,Monthly
s24379,Benjamin Moore,26,Other,UK,10/30/2021,Free
s24380,Mia Martin,21,Female,USA,2/20/2019,Monthly
s24381,Amelia Martin,20,Male,Germany,2/9/2021,Monthly
s24382,Isabella Thomas,63,Female,Canada,5/27/2019,Free
s24383,Karan Martin,24,Male,Australia,10/13/2020,Yearly
s24384,Liam Lewis,32,Other,Germany,2/29/2020,Free
s24385,Ethan Martin,24,Male,Canada,8/22/2021,Monthly
s24386,Amelia Miller,22,Other,Canada,4/28/2019,Free
s24387,Meera Patel,31,Female,Canada,10/20/2019,Yearly
s24388,Zara Hall,31,Female,Australia,3/9/2020,Monthly
s24389,Noah Lewis,21,Male,India,1/28/2021,Yearly
s24390,Aanya Davis,25,Female,Canada,9/1/2022,Free
s24391,Liam Davis,36,Female,Australia,10/31/2022,Yearly
s24392,Sophia Verma,35,Other,UK,5/10/2019,Free
s24393,Olivia Lewis,49,Male,USA,4/15/2021,Monthly
s24394,Karan Wilson,19,Male,Germany,2/14/2022,Yearly
s24395,Eva Wilson,25,Other,Canada,8/10/2022,Yearly
s24396,Vihaan Lewis,29,Female,Canada,4/4/2022,Yearly
s24397,Vihaan Taylor,26,Female,Australia,3/1/2020,Yearly
s24398,Meera Smith,22,Male,Germany,4/21/2019,Free
s24399,Arjun Lewis,64,Male,Canada,4/10/2019,Free
s24400,Emma Thomas,19,Other,USA,8/3/2022,Yearly
s24401,Ethan Davis,20,Other,UK,10/6/2022,Monthly
s24402,Zara Miller,21,Male,USA,11/23/2020,Free
s24403,Benjamin Lee,31,Male,India,6/7/2022,Free
s24404,Benjamin Wilson,24,Other,UK,10/15/2020,Monthly
s24405,Vihaan Verma,25,Female,UK,9/21/2019,Free
s24406,Riya Brown,41,Other,USA,5/15/2019,Monthly
s24407,Eva Patel,43,Other,India,11/29/2019,Yearly
s24408,Meera Davis,19,Male,UK,6/4/2022,Yearly
s24409,Vihaan Thomas,44,Female,USA,12/27/2019,Free
s24410,Vihaan Davis,24,Male,UK,3/31/2020,Monthly
s24411,Isabella Verma,30,Other,UK,2/28/2022,Yearly
s24412,Aanya Patel,26,Other,UK,5/3/2020,Yearly
s24413,Aarav Brown,27,Female,Australia,7/10/2020,Yearly
s24414,Liam Lee,47,Other,India,5/17/2021,Yearly
s24415,Meera Clark,25,Other,USA,4/2/2019,Yearly
s24416,Karan Davis,23,Female,USA,4/16/2022,Monthly
s24417,Amelia Johnson,35,Female,Australia,9/5/2022,Monthly
s24418,Sophia Miller,62,Other,UK,10/4/2022,Free
s24419,Meera Walker,23,Other,India,1/29/2020,Yearly
s24420,Sophia Verma,27,Female,UK,9/11/2021,Yearly
s24421,Amelia Hall,23,Other,UK,8/18/2020,Monthly
s24422,Aarav Taylor,26,Female,Canada,3/4/2022,Free
s24423,Liam Lee,49,Female,Australia,5/19/2021,Monthly
s24424,Aanya Johnson,19,Female,UK,11/18/2022,Yearly
s24425,Mia Anderson,19,Male,Australia,7/15/2019,Free
s24426,Sophia Anderson,41,Male,Canada,11/13/2021,Free
s24427,Liam Clark,20,Other,India,11/9/2022,Monthly
s24428,Lucas Brown,32,Other,Australia,1/2/2021,Free
s24429,Arjun Moore,19,Male,Canada,2/5/2019,Monthly
s24430,Eva Brown,52,Female,India,5/6/2021,Monthly
s24431,Emma Hall,20,Male,Germany,12/25/2021,Free
s24432,Emma Walker,22,Female,Canada,9/21/2022,Yearly
s24433,Ethan Patel,43,Female,Australia,1/5/2022,Monthly
s24434,Emma Thomas,19,Male,India,8/5/2022,Free
s24435,Lucas Moore,32,Other,Australia,3/3/2021,Yearly
s24436,Liam Verma,27,Other,Australia,4/23/2019,Yearly
s24437,Aarav Lee,48,Other,UK,9/21/2020,Free
s24438,Zara Patel,23,Male,Canada,10/10/2019,Free
s24439,Ethan Hall,27,Female,Australia,9/28/2021,Monthly
s24440,Liam Johnson,26,Male,UK,8/1/2021,Free
s24441,Aarav Anderson,20,Other,India,10/21/2020,Free
s24442,Amelia Anderson,32,Female,USA,7/13/2021,Yearly
s24443,Riya Clark,36,Other,Germany,7/16/2021,Yearly
s24444,Mia Taylor,51,Other,UK,12/15/2019,Free
s24445,Arjun Lee,35,Female,Germany,12/5/2020,Monthly
s24446,Liam Martin,30,Female,UK,7/9/2021,Monthly
s24447,Eva Walker,58,Male,Germany,3/24/2019,Monthly
s24448,Karan Lewis,43,Male,Germany,2/1/2019,Monthly
s24449,Mia Davis,21,Other,India,3/3/2019,Free
s24450,Aanya Walker,37,Male,Canada,11/26/2022,Free
s24451,Vihaan Moore,41,Female,Germany,1/2/2021,Monthly
s24452,Vihaan Verma,29,Other,Canada,12/20/2019,Yearly
s24453,Isabella Anderson,30,Other,Germany,12/13/2021,Yearly
s24454,Sophia Lewis,28,Female,Canada,3/6/2019,Monthly
s24455,Emma Taylor,35,Other,Australia,1/24/2021,Monthly
s24456,Amelia Martin,19,Other,India,10/12/2019,Monthly
s24457,Aanya Davis,36,Female,USA,8/2/2019,Monthly
s24458,Riya Taylor,32,Female,Canada,10/3/2021,Monthly
s24459,Benjamin Verma,25,Male,Australia,6/17/2020,Free
s24460,Emma Taylor,19,Male,USA,3/20/2021,Free
s24461,Olivia Lee,26,Male,India,7/14/2019,Yearly
s24462,Aarav Davis,25,Female,Canada,8/2/2021,Monthly
s24463,Amelia Smith,28,Male,India,2/13/2021,Yearly
s24464,Aanya Moore,27,Other,Australia,11/26/2021,Yearly
s24465,Arjun Singh,21,Male,India,11/25/2021,Yearly
s24466,Ethan Martin,46,Other,Germany,2/28/2019,Free
s24467,Vihaan Lee,59,Female,Germany,6/12/2020,Monthly
s24468,Amelia Patel,18,Other,Australia,7/21/2019,Monthly
s24469,Karan Hall,24,Female,Canada,2/11/2022,Free
s24470,Vihaan Wilson,23,Other,Germany,1/4/2020,Free
s24471,Liam Walker,33,Male,Australia,7/12/2022,Yearly
s24472,Liam Thomas,45,Female,UK,6/3/2021,Monthly
s24473,Zara Lewis,27,Other,India,11/5/2022,Free
s24474,Isabella Clark,25,Male,USA,12/26/2022,Free
s24475,Noah Taylor,26,Other,UK,12/19/2020,Free
s24476,Olivia Singh,30,Other,Canada,4/13/2022,Free
s24477,Vihaan Clark,40,Female,India,6/11/2020,Monthly
s24478,Liam Thomas,47,Male,Canada,3/26/2021,Free
s24479,Eva Clark,31,Male,Australia,10/11/2021,Free
s24480,Eva Walker,20,Female,UK,9/5/2022,Monthly
s24481,Benjamin Patel,41,Other,Germany,3/8/2022,Yearly
s24482,Meera Martin,18,Other,India,1/16/2020,Monthly
s24483,Ethan Sharma,57,Other,Australia,12/1/2019,Yearly
s24484,Sophia Taylor,19,Male,UK,10/17/2021,Free
s24485,Aarav Moore,19,Male,India,8/30/2020,Monthly
s24486,Olivia Lewis,21,Male,Canada,2/6/2022,Yearly
s24487,Emma Walker,26,Male,Germany,2/4/2020,Yearly
s24488,Arjun Anderson,25,Male,Canada,10/28/2020,Monthly
s24489,Mia Sharma,25,Other,UK,5/10/2022,Monthly
s24490,Zara Brown,23,Other,Germany,6/15/2022,Free
s24491,Karan Thomas,46,Female,UK,3/25/2020,Free
s24492,Aanya Walker,35,Female,India,4/11/2022,Yearly
s24493,Liam Martin,23,Male,UK,5/22/2019,Free
s24494,Aarav Walker,25,Female,Australia,9/11/2019,Monthly
s24495,Isabella Anderson,37,Male,Australia,8/31/2021,Monthly
s24496,Ethan Clark,38,Male,USA,11/18/2020,Monthly
s24497,Aarav Martin,23,Other,Germany,3/9/2019,Yearly
s24498,Ethan Wilson,21,Female,Canada,4/5/2021,Yearly
s24499,Benjamin Miller,29,Female,Germany,6/11/2021,Free
s24500,Olivia Lee,25,Female,Australia,12/5/2019,Free
s24501,Riya Verma,34,Male,Germany,8/3/2020,Monthly
s24502,Isabella Smith,18,Other,USA,4/19/2022,Yearly
s24503,Ethan Anderson,26,Male,UK,5/28/2019,Free
s24504,Riya Johnson,34,Other,India,10/17/2021,Monthly
s24505,Arjun Anderson,22,Other,USA,9/2/2022,Monthly
s24506,Mia Sharma,21,Other,USA,5/15/2022,Free
s24507,Karan Anderson,58,Other,Canada,12/13/2019,Free
s24508,Riya Hall,40,Male,USA,2/20/2020,Monthly
s24509,Aarav Smith,24,Other,USA,2/3/2019,Yearly
s24510,Riya Martin,31,Male,Germany,9/3/2019,Free
s24511,Mia Walker,19,Male,UK,8/27/2021,Free
s24512,Amelia Smith,27,Male,India,7/31/2021,Yearly
s24513,Zara Lewis,26,Male,USA,7/30/2020,Free
s24514,Karan Thomas,30,Female,Australia,7/13/2021,Monthly
s24515,Riya Clark,60,Other,USA,11/22/2021,Free
s24516,Riya Verma,22,Female,USA,8/14/2022,Monthly
s24517,Vihaan Verma,25,Female,USA,8/26/2022,Monthly
s24518,Mia Johnson,21,Female,Canada,11/6/2020,Yearly
s24519,Karan Brown,24,Male,USA,8/14/2020,Monthly
s24520,Meera Wilson,25,Female,Germany,6/27/2019,Yearly
s24521,Aanya Wilson,22,Female,India,1/4/2021,Yearly
s24522,Eva Lee,22,Female,Germany,1/12/2019,Monthly
s24523,Emma Anderson,20,Other,Germany,8/4/2021,Free
s24524,Sophia Thomas,22,Other,India,12/27/2021,Yearly
s24525,Noah Smith,45,Other,UK,7/23/2019,Yearly
s24526,Emma Brown,28,Male,USA,5/30/2019,Monthly
s24527,Sophia Johnson,22,Female,Canada,9/4/2020,Yearly
s24528,Arjun Moore,34,Female,India,3/8/2022,Free
s24529,Aarav Walker,39,Male,Germany,10/27/2020,Yearly
s24530,Mia Davis,21,Other,USA,3/15/2021,Yearly
s24531,Riya Lee,21,Other,India,12/21/2021,Free
s24532,Vihaan Brown,22,Other,Australia,5/16/2020,Yearly
s24533,Noah Clark,21,Male,India,10/4/2021,Yearly
s24534,Olivia Hall,26,Other,India,2/5/2022,Free
s24535,Mia Moore,24,Male,Germany,11/4/2019,Yearly
s24536,Benjamin Sharma,27,Female,Canada,4/21/2022,Yearly
s24537,Isabella Walker,25,Female,USA,6/17/2022,Monthly
s24538,Lucas Patel,42,Other,India,6/16/2020,Yearly
s24539,Emma Lee,25,Other,UK,10/30/2020,Free
s24540,Ethan Martin,27,Other,India,12/4/2020,Monthly
s24541,Isabella Anderson,22,Male,USA,12/29/2019,Monthly
s24542,Aarav Sharma,21,Female,Germany,11/12/2020,Monthly
s24543,Emma Taylor,42,Female,UK,2/14/2022,Yearly
s24544,Aarav Lee,30,Male,USA,9/27/2020,Free
s24545,Vihaan Verma,32,Other,Australia,1/14/2022,Monthly
s24546,Amelia Smith,19,Other,UK,11/17/2019,Free
s24547,Lucas Thomas,26,Other,Germany,6/21/2022,Yearly
s24548,Ethan Martin,18,Female,Australia,7/7/2020,Yearly
s24549,Zara Verma,26,Female,UK,2/18/2020,Free
s24550,Arjun Moore,22,Male,Australia,5/12/2022,Free
s24551,Ethan Smith,27,Male,India,2/5/2022,Yearly
s24552,Meera Thomas,23,Male,India,7/13/2021,Monthly
s24553,Aanya Anderson,24,Male,UK,8/19/2019,Free
s24554,Aarav Anderson,40,Other,Germany,1/9/2021,Monthly
s24555,Karan Wilson,37,Other,Australia,8/24/2020,Yearly
s24556,Riya Lee,39,Other,India,3/4/2020,Monthly
s24557,Zara Lee,27,Female,UK,10/29/2022,Yearly
s24558,Mia Clark,33,Male,Canada,9/13/2021,Monthly
s24559,Benjamin Walker,43,Female,USA,7/16/2019,Free
s24560,Amelia Singh,22,Male,India,2/10/2021,Yearly
s24561,Vihaan Patel,27,Other,Canada,3/10/2021,Yearly
s24562,Aanya Brown,23,Female,Australia,12/7/2020,Yearly
s24563,Isabella Sharma,34,Male,USA,2/18/2019,Yearly
s24564,Eva Johnson,29,Other,Canada,6/28/2021,Monthly
s24565,Liam Walker,46,Male,Germany,11/1/2021,Free
s24566,Isabella Thomas,26,Female,Germany,2/1/2020,Yearly
s24567,Noah Wilson,18,Other,Canada,12/27/2022,Monthly
s24568,Isabella Moore,23,Male,India,4/15/2020,Free
s24569,Meera Walker,31,Other,USA,11/2/2019,Yearly
s24570,Sophia Hall,25,Female,UK,12/9/2021,Yearly
s24571,Benjamin Walker,21,Male,Australia,12/3/2019,Free
s24572,Benjamin Walker,21,Female,Australia,10/24/2022,Yearly
s24573,Isabella Walker,26,Female,Canada,1/26/2022,Monthly
s24574,Riya Singh,26,Male,USA,2/20/2022,Monthly
s24575,Aanya Davis,30,Other,UK,9/1/2022,Monthly
s24576,Olivia Hall,39,Male,USA,9/29/2020,Yearly
s24577,Vihaan Clark,24,Other,Australia,11/21/2020,Yearly
s24578,Arjun Smith,26,Other,India,11/13/2019,Free
s24579,Aarav Singh,28,Female,UK,10/20/2021,Free
s24580,Zara Anderson,26,Other,UK,10/2/2020,Yearly
s24581,Amelia Thomas,23,Other,USA,11/17/2019,Yearly
s24582,Arjun Davis,21,Male,Australia,11/5/2022,Monthly
s24583,Vihaan Davis,21,Female,Germany,5/28/2021,Monthly
s24584,Lucas Johnson,65,Other,Australia,12/5/2019,Monthly
s24585,Zara Martin,48,Female,Australia,5/19/2019,Monthly
s24586,Noah Miller,27,Male,Canada,8/20/2021,Free
s24587,Karan Lewis,44,Female,UK,6/26/2022,Monthly
s24588,Isabella Clark,34,Other,Canada,11/27/2022,Monthly
s24589,Isabella Smith,21,Other,Australia,8/2/2019,Monthly
s24590,Aanya Clark,26,Female,Australia,11/9/2020,Free
s24591,Noah Johnson,62,Male,Australia,6/27/2020,Monthly
s24592,Amelia Sharma,26,Male,Germany,9/10/2020,Monthly
s24593,Noah Smith,19,Male,India,8/18/2019,Monthly
s24594,Riya Thomas,32,Female,UK,6/4/2022,Free
s24595,Zara Taylor,23,Male,Australia,7/24/2019,Yearly
s24596,Ethan Sharma,19,Male,UK,5/3/2022,Monthly
s24597,Mia Martin,27,Other,USA,2/24/2020,Free
s24598,Vihaan Johnson,20,Other,Australia,11/2/2019,Monthly
s24599,Karan Martin,18,Female,Germany,2/21/2020,Monthly
s24600,Emma Hall,19,Female,USA,5/9/2022,Yearly
s24601,Riya Verma,61,Female,India,7/2/2019,Monthly
s24602,Meera Thomas,25,Female,Canada,4/10/2022,Monthly
s24603,Sophia Miller,47,Male,Germany,1/6/2022,Yearly
s24604,Emma Miller,24,Female,Germany,11/20/2021,Monthly
s24605,Karan Wilson,27,Male,USA,6/20/2022,Monthly
s24606,Liam Sharma,60,Other,USA,9/19/2021,Free
s24607,Mia Verma,21,Other,Germany,5/1/2019,Monthly
s24608,Lucas Taylor,23,Other,India,8/14/2020,Yearly
s24609,Emma Clark,23,Female,India,9/2/2021,Yearly
s24610,Meera Johnson,25,Other,USA,6/30/2022,Free
s24611,Arjun Anderson,26,Male,India,11/1/2019,Yearly
s24612,Isabella Smith,40,Male,USA,3/7/2022,Yearly
s24613,Emma Anderson,21,Male,USA,1/28/2019,Free
s24614,Ethan Hall,25,Male,USA,2/1/2021,Yearly
s24615,Vihaan Clark,62,Other,India,8/10/2020,Monthly
s24616,Liam Johnson,48,Female,UK,2/9/2021,Yearly
s24617,Emma Lewis,34,Male,USA,9/3/2022,Monthly
s24618,Isabella Davis,42,Male,India,7/16/2020,Yearly
s24619,Noah Davis,25,Other,India,9/8/2019,Yearly
s24620,Amelia Moore,28,Male,Germany,4/9/2020,Yearly
s24621,Riya Verma,47,Male,Canada,7/28/2020,Free
s24622,Arjun Wilson,44,Male,India,7/24/2022,Yearly
s24623,Riya Sharma,24,Male,Australia,8/15/2019,Yearly
s24624,Isabella Smith,67,Female,USA,8/10/2020,Yearly
s24625,Emma Patel,19,Other,Australia,5/4/2020,Monthly
s24626,Ethan Martin,63,Other,Canada,9/22/2019,Monthly
s24627,Vihaan Verma,23,Other,Australia,7/12/2022,Free
s24628,Aanya Smith,46,Female,Australia,10/13/2019,Yearly
s24629,Vihaan Johnson,27,Other,USA,2/23/2022,Monthly
s24630,Noah Clark,18,Female,India,12/21/2021,Free
s24631,Sophia Davis,27,Male,Australia,5/12/2019,Yearly
s24632,Karan Lewis,24,Male,UK,9/6/2019,Free
s24633,Arjun Sharma,26,Male,UK,9/26/2019,Monthly
s24634,Arjun Miller,25,Other,Australia,5/13/2020,Free
s24635,Emma Brown,23,Female,Australia,1/13/2020,Free
s24636,Aanya Davis,27,Male,Australia,4/16/2021,Free
s24637,Arjun Hall,20,Female,UK,2/22/2021,Free
s24638,Aarav Brown,25,Male,Australia,2/26/2021,Yearly
s24639,Zara Clark,45,Other,UK,11/4/2019,Free
s24640,Riya Patel,34,Other,UK,2/5/2021,Monthly
s24641,Liam Johnson,44,Female,Canada,5/22/2021,Monthly
s24642,Aarav Lewis,25,Male,India,7/23/2019,Monthly
s24643,Riya Martin,59,Female,Canada,9/3/2021,Free
s24644,Karan Anderson,44,Female,Canada,4/10/2022,Monthly
s24645,Aanya Singh,46,Male,Australia,2/19/2019,Monthly
s24646,Riya Brown,26,Female,UK,6/24/2021,Monthly
s24647,Lucas Moore,22,Male,Germany,11/14/2020,Free
s24648,Aarav Thomas,31,Male,Germany,3/20/2019,Monthly
s24649,Riya Singh,62,Male,USA,6/6/2022,Monthly
s24650,Meera Brown,30,Male,Australia,9/14/2019,Free
s24651,Sophia Johnson,20,Male,India,4/28/2020,Monthly
s24652,Zara Taylor,23,Female,UK,10/21/2021,Yearly
s24653,Riya Smith,20,Male,USA,6/20/2021,Yearly
s24654,Emma Hall,22,Other,USA,11/29/2019,Monthly
s24655,Meera Smith,22,Other,Canada,3/10/2020,Monthly
s24656,Olivia Smith,18,Male,Australia,6/2/2020,Monthly
s24657,Lucas Smith,59,Female,India,11/30/2020,Monthly
s24658,Vihaan Johnson,24,Other,Germany,2/2/2021,Yearly
s24659,Riya Miller,23,Other,Australia,1/10/2022,Free
s24660,Lucas Walker,18,Male,USA,7/21/2019,Free
s24661,Lucas Davis,57,Male,Australia,9/3/2021,Monthly
s24662,Emma Smith,29,Female,USA,5/23/2019,Free
s24663,Isabella Verma,34,Male,India,10/7/2020,Monthly
s24664,Sophia Patel,27,Male,Canada,1/13/2020,Free
s24665,Noah Johnson,45,Other,Australia,12/1/2022,Free
s24666,Karan Anderson,25,Female,Canada,3/9/2021,Monthly
s24667,Sophia Lewis,36,Male,USA,7/29/2022,Monthly
s24668,Riya Anderson,23,Other,USA,8/8/2020,Monthly
s24669,Riya Brown,65,Male,USA,2/10/2019,Monthly
s24670,Ethan Lee,42,Female,Germany,9/8/2022,Monthly
s24671,Isabella Sharma,27,Other,India,5/4/2022,Free
s24672,Aarav Brown,22,Other,Australia,7/4/2021,Free
s24673,Noah Walker,30,Male,Australia,4/17/2021,Free
s24674,Meera Smith,21,Male,Canada,2/15/2022,Monthly
s24675,Noah Walker,64,Other,Australia,6/6/2021,Yearly
s24676,Ethan Smith,22,Male,USA,8/19/2019,Yearly
s24677,Emma Clark,19,Male,Australia,9/22/2022,Yearly
s24678,Isabella Wilson,25,Male,Germany,10/14/2021,Monthly
s24679,Mia Smith,43,Other,Australia,3/23/2022,Yearly
s24680,Karan Hall,40,Other,UK,8/29/2021,Yearly
s24681,Riya Singh,36,Other,India,12/26/2020,Monthly
s24682,Vihaan Verma,50,Male,Australia,12/19/2022,Free
s24683,Noah Brown,30,Female,Australia,12/17/2022,Free
s24684,Noah Lee,61,Other,UK,6/25/2020,Monthly
s24685,Aanya Lewis,21,Other,Germany,1/18/2022,Yearly
s24686,Benjamin Wilson,24,Male,Australia,4/7/2021,Yearly
s24687,Eva Taylor,58,Other,India,8/13/2019,Monthly
s24688,Aarav Martin,67,Female,India,1/19/2021,Free
s24689,Eva Wilson,26,Male,Australia,7/19/2022,Yearly
s24690,Benjamin Wilson,30,Female,USA,3/28/2022,Free
s24691,Riya Anderson,27,Male,USA,7/13/2020,Monthly
s24692,Emma Davis,25,Other,UK,7/29/2022,Monthly
s24693,Eva Taylor,19,Other,USA,5/10/2020,Free
s24694,Riya Verma,31,Other,Canada,3/30/2022,Monthly
s24695,Vihaan Miller,23,Male,USA,5/15/2022,Monthly
s24696,Aarav Johnson,65,Other,UK,10/29/2022,Monthly
s24697,Amelia Verma,21,Male,Germany,12/18/2019,Yearly
s24698,Vihaan Wilson,60,Other,UK,9/25/2022,Free
s24699,Amelia Singh,27,Other,Germany,2/27/2019,Free
s24700,Lucas Wilson,24,Other,Canada,1/7/2021,Yearly
s24701,Sophia Anderson,19,Male,UK,6/9/2021,Monthly
s24702,Arjun Patel,29,Male,UK,8/6/2021,Yearly
s24703,Karan Anderson,30,Other,Canada,11/26/2020,Monthly
s24704,Riya Clark,19,Other,India,5/3/2021,Monthly
s24705,Emma Brown,39,Female,Germany,5/18/2022,Yearly
s24706,Karan Wilson,43,Male,Canada,7/17/2022,Yearly
s24707,Zara Smith,50,Female,Canada,10/27/2019,Yearly
s24708,Benjamin Clark,22,Female,USA,8/25/2019,Yearly
s24709,Riya Patel,26,Female,UK,11/16/2022,Yearly
s24710,Meera Lee,19,Other,USA,11/23/2019,Yearly
s24711,Lucas Anderson,23,Other,India,2/16/2020,Yearly
s24712,Riya Lewis,21,Male,India,8/8/2021,Monthly
s24713,Karan Verma,25,Other,UK,4/16/2022,Yearly
s24714,Benjamin Taylor,29,Male,Canada,9/12/2019,Yearly
s24715,Eva Singh,26,Other,Australia,6/12/2020,Free
s24716,Isabella Brown,31,Other,Germany,12/19/2020,Yearly
s24717,Benjamin Verma,22,Female,India,7/12/2019,Free
s24718,Karan Brown,57,Female,Germany,10/25/2019,Monthly
s24719,Emma Davis,44,Male,UK,5/3/2020,Yearly
s24720,Olivia Patel,21,Female,UK,8/19/2021,Free
s24721,Mia Verma,19,Other,UK,11/20/2020,Yearly
s24722,Arjun Miller,25,Male,Australia,11/26/2020,Yearly
s24723,Liam Smith,29,Female,UK,5/9/2021,Yearly
s24724,Zara Lewis,30,Male,UK,9/25/2019,Monthly
s24725,Zara Thomas,24,Male,India,12/11/2021,Free
s24726,Emma Miller,39,Male,Australia,10/22/2021,Monthly
s24727,Karan Walker,25,Other,USA,10/12/2022,Free
s24728,Aanya Brown,21,Other,UK,5/17/2020,Yearly
s24729,Eva Davis,27,Male,USA,9/5/2022,Monthly
s24730,Sophia Sharma,24,Female,Germany,10/12/2019,Yearly
s24731,Benjamin Smith,23,Female,Australia,6/23/2020,Yearly
s24732,Benjamin Hall,36,Male,Canada,6/17/2021,Free
s24733,Lucas Patel,44,Female,Australia,4/17/2022,Monthly
s24734,Arjun Wilson,61,Male,Canada,12/21/2021,Monthly
s24735,Liam Thomas,25,Female,Canada,7/18/2021,Yearly
s24736,Noah Miller,24,Other,Canada,3/19/2022,Free
s24737,Benjamin Anderson,41,Male,Germany,9/16/2022,Monthly
s24738,Olivia Thomas,45,Female,UK,1/29/2020,Monthly
s24739,Vihaan Patel,43,Male,Germany,7/6/2022,Yearly
s24740,Liam Lee,18,Other,Germany,10/2/2019,Free
s24741,Karan Miller,28,Male,UK,11/28/2022,Free
s24742,Karan Smith,18,Male,Australia,1/26/2022,Free
s24743,Aarav Patel,47,Female,India,1/22/2022,Yearly
s24744,Aarav Singh,45,Male,Canada,4/10/2022,Free
s24745,Sophia Martin,63,Male,India,8/23/2020,Yearly
s24746,Aanya Verma,41,Other,Germany,2/1/2022,Monthly
s24747,Olivia Miller,43,Female,Australia,2/19/2019,Free
s24748,Liam Davis,29,Male,USA,4/7/2021,Monthly
s24749,Benjamin Walker,47,Male,Canada,10/7/2020,Monthly
s24750,Emma Martin,18,Female,India,12/2/2019,Monthly
s24751,Zara Singh,25,Female,UK,7/16/2019,Monthly
s24752,Karan Singh,18,Male,UK,5/22/2021,Yearly
s24753,Lucas Sharma,19,Female,Australia,12/3/2019,Yearly
s24754,Amelia Sharma,18,Male,India,1/13/2019,Yearly
s24755,Zara Patel,30,Female,Australia,3/11/2022,Yearly
s24756,Benjamin Davis,43,Other,UK,2/23/2022,Yearly
s24757,Arjun Davis,25,Male,Australia,3/16/2021,Monthly
s24758,Riya Walker,60,Male,Canada,2/9/2019,Monthly
s24759,Sophia Hall,23,Other,Australia,7/19/2021,Free
s24760,Arjun Martin,28,Other,USA,5/8/2021,Free
s24761,Aarav Davis,41,Female,Germany,10/7/2022,Free
s24762,Olivia Sharma,36,Other,Australia,12/15/2021,Yearly
s24763,Riya Miller,23,Other,Australia,5/13/2020,Yearly
s24764,Sophia Brown,25,Other,UK,10/7/2020,Monthly
s24765,Benjamin Singh,34,Other,Canada,11/24/2020,Yearly
s24766,Aarav Singh,19,Other,Canada,9/7/2022,Free
s24767,Amelia Lee,21,Other,UK,5/22/2021,Monthly
s24768,Isabella Verma,39,Female,UK,1/30/2019,Yearly
s24769,Mia Smith,24,Male,Australia,8/27/2019,Monthly
s24770,Ethan Johnson,19,Other,Canada,6/5/2020,Monthly
s24771,Meera Clark,47,Female,USA,5/13/2020,Free
s24772,Emma Taylor,41,Female,Germany,12/31/2020,Free
s24773,Arjun Brown,27,Female,Australia,6/19/2022,Free
s24774,Meera Taylor,25,Female,UK,5/26/2022,Monthly
s24775,Sophia Patel,27,Other,Australia,1/11/2020,Yearly
s24776,Vihaan Singh,22,Male,UK,12/10/2022,Free
s24777,Sophia Lee,38,Male,USA,12/13/2019,Monthly
s24778,Aarav Singh,27,Other,Australia,7/13/2022,Yearly
s24779,Karan Singh,22,Male,UK,10/10/2021,Monthly
s24780,Liam Clark,44,Female,Germany,10/26/2021,Yearly
s24781,Lucas Lee,24,Female,India,1/2/2020,Yearly
s24782,Amelia Miller,33,Male,UK,9/7/2021,Monthly
s24783,Vihaan Lewis,26,Female,USA,2/3/2019,Monthly
s24784,Noah Lewis,30,Female,Germany,5/28/2020,Yearly
s24785,Aarav Moore,35,Female,Australia,3/19/2022,Monthly
s24786,Karan Clark,26,Other,Australia,7/25/2022,Yearly
s24787,Isabella Johnson,21,Other,Germany,5/16/2021,Monthly
s24788,Noah Singh,41,Other,USA,5/18/2019,Monthly
s24789,Aarav Thomas,46,Female,Germany,4/1/2022,Monthly
s24790,Amelia Martin,21,Male,UK,8/30/2020,Free
s24791,Sophia Clark,21,Male,Canada,3/4/2022,Free
s24792,Zara Walker,42,Other,Germany,5/26/2019,Free
s24793,Noah Patel,20,Other,Australia,9/7/2019,Monthly
s24794,Aanya Miller,23,Other,Australia,3/12/2021,Free
s24795,Lucas Anderson,46,Other,USA,1/22/2019,Monthly
s24796,Zara Smith,26,Other,Australia,3/16/2022,Yearly
s24797,Vihaan Wilson,24,Male,Australia,12/12/2021,Free
s24798,Benjamin Verma,24,Female,Australia,6/9/2019,Free
s24799,Sophia Hall,25,Female,Australia,10/20/2019,Yearly
s24800,Zara Lee,34,Male,Australia,1/14/2019,Monthly
s24801,Amelia Lee,40,Male,Australia,5/21/2020,Monthly
s24802,Sophia Brown,19,Other,UK,6/17/2021,Free
s24803,Olivia Singh,29,Male,USA,7/6/2021,Free
s24804,Eva Verma,60,Male,UK,11/4/2019,Monthly
s24805,Aarav Singh,43,Female,Germany,3/6/2019,Monthly
s24806,Arjun Martin,20,Other,Germany,7/16/2022,Free
s24807,Eva Verma,52,Male,Australia,3/20/2019,Monthly
s24808,Noah Lee,22,Other,India,3/8/2020,Monthly
s24809,Lucas Brown,57,Female,India,1/11/2019,Yearly
s24810,Eva Sharma,22,Other,USA,6/27/2021,Monthly
s24811,Benjamin Hall,28,Male,Germany,3/19/2022,Monthly
s24812,Sophia Taylor,46,Male,Canada,1/11/2020,Free
s24813,Lucas Patel,25,Female,Germany,8/23/2019,Monthly
s24814,Zara Wilson,36,Female,UK,12/1/2019,Monthly
s24815,Zara Wilson,29,Male,USA,3/26/2021,Free
s24816,Aarav Singh,46,Male,Germany,1/5/2021,Yearly
s24817,Eva Anderson,41,Male,Australia,11/5/2021,Yearly
s24818,Amelia Davis,26,Other,India,11/18/2019,Free
s24819,Mia Thomas,24,Other,USA,5/4/2019,Monthly
s24820,Sophia Smith,44,Other,Germany,2/12/2022,Free
s24821,Sophia Taylor,37,Male,Germany,11/23/2021,Monthly
s24822,Olivia Moore,23,Female,Canada,10/23/2020,Yearly
s24823,Eva Thomas,22,Female,UK,5/8/2020,Free
s24824,Vihaan Walker,58,Other,Germany,6/27/2019,Yearly
s24825,Benjamin Hall,19,Male,Australia,10/12/2019,Monthly
s24826,Zara Brown,21,Female,India,4/4/2021,Free
s24827,Zara Singh,22,Female,Canada,5/8/2022,Yearly
s24828,Isabella Verma,40,Male,UK,10/16/2020,Yearly
s24829,Aarav Davis,25,Female,Germany,3/30/2019,Monthly
s24830,Eva Verma,25,Male,Australia,7/28/2021,Yearly
s24831,Isabella Walker,62,Female,Germany,5/19/2020,Free
s24832,Aarav Moore,33,Male,UK,2/16/2022,Yearly
s24833,Emma Clark,25,Male,Canada,9/17/2021,Yearly
s24834,Liam Brown,37,Female,UK,5/6/2021,Yearly
s24835,Liam Brown,43,Other,Canada,12/9/2020,Free
s24836,Benjamin Smith,20,Male,Germany,9/11/2019,Monthly
s24837,Karan Verma,18,Other,UK,10/15/2022,Yearly
s24838,Sophia Clark,57,Male,UK,7/24/2021,Free
s24839,Olivia Sharma,21,Female,Australia,9/18/2021,Monthly
s24840,Aanya Walker,21,Male,Canada,7/9/2022,Yearly
s24841,Benjamin Johnson,24,Other,India,8/4/2020,Yearly
s24842,Amelia Hall,30,Male,Germany,5/24/2021,Free
s24843,Emma Walker,29,Female,Canada,9/11/2019,Monthly
s24844,Liam Sharma,21,Male,India,5/30/2019,Monthly
s24845,Lucas Brown,37,Other,Germany,4/11/2022,Free
s24846,Ethan Miller,22,Female,UK,3/7/2021,Monthly
s24847,Aanya Martin,24,Female,Canada,2/24/2019,Monthly
s24848,Aanya Clark,24,Female,USA,6/9/2021,Yearly
s24849,Zara Walker,20,Other,Germany,5/12/2021,Monthly
s24850,Vihaan Wilson,19,Female,Australia,11/13/2019,Yearly
s24851,Mia Davis,22,Male,Canada,12/30/2019,Free
s24852,Isabella Miller,18,Male,India,1/16/2021,Free
s24853,Meera Patel,25,Other,Germany,7/17/2020,Free
s24854,Meera Sharma,20,Female,USA,8/29/2019,Monthly
s24855,Noah Lee,20,Female,Australia,5/30/2020,Monthly
s24856,Ethan Johnson,25,Other,India,7/29/2020,Monthly
s24857,Isabella Davis,21,Female,Australia,7/31/2019,Monthly
s24858,Eva Patel,27,Male,Germany,2/11/2021,Monthly
s24859,Riya Martin,31,Male,Australia,3/15/2020,Free
s24860,Karan Wilson,20,Other,Canada,6/23/2022,Free
s24861,Vihaan Lewis,23,Male,USA,5/29/2021,Monthly
s24862,Riya Walker,24,Female,Australia,9/23/2019,Yearly
s24863,Amelia Johnson,40,Male,USA,7/28/2019,Monthly
s24864,Noah Johnson,20,Female,India,6/2/2019,Yearly
s24865,Noah Anderson,20,Female,Australia,9/4/2020,Yearly
s24866,Mia Johnson,61,Male,UK,6/18/2021,Monthly
s24867,Liam Wilson,24,Male,India,6/19/2021,Free
s24868,Benjamin Lewis,27,Other,UK,6/3/2020,Monthly
s24869,Amelia Davis,27,Male,USA,6/13/2019,Yearly
s24870,Noah Lee,23,Other,Germany,1/2/2021,Free
s24871,Vihaan Walker,23,Male,UK,4/29/2022,Monthly
s24872,Zara Moore,24,Male,India,10/3/2021,Monthly
s24873,Meera Patel,25,Other,USA,1/17/2021,Yearly
s24874,Isabella Walker,40,Male,India,3/11/2021,Free
s24875,Olivia Walker,26,Female,Canada,3/1/2022,Yearly
s24876,Benjamin Singh,27,Other,USA,4/27/2020,Free
s24877,Zara Verma,50,Male,Canada,1/8/2022,Monthly
s24878,Eva Sharma,26,Male,India,1/27/2020,Free
s24879,Emma Patel,26,Other,Canada,11/3/2021,Yearly
s24880,Lucas Miller,53,Other,UK,8/3/2022,Free
s24881,Sophia Walker,21,Female,Germany,5/22/2019,Yearly
s24882,Mia Verma,25,Male,UK,8/10/2021,Yearly
s24883,Isabella Patel,27,Other,USA,3/2/2021,Free
s24884,Vihaan Hall,18,Other,Canada,6/4/2019,Free
s24885,Sophia Miller,20,Male,Canada,6/28/2019,Monthly
s24886,Vihaan Verma,44,Male,Australia,8/9/2021,Monthly
s24887,Mia Walker,37,Other,India,12/31/2019,Monthly
s24888,Liam Moore,26,Female,Canada,1/19/2019,Free
s24889,Liam Clark,20,Other,Australia,9/13/2019,Free
s24890,Isabella Thomas,25,Female,Australia,12/1/2020,Free
s24891,Ethan Sharma,24,Male,India,12/9/2019,Yearly
s24892,Benjamin Johnson,40,Female,India,11/23/2021,Yearly
s24893,Lucas Wilson,20,Female,Canada,1/12/2020,Monthly
s24894,Emma Singh,18,Other,USA,7/25/2020,Yearly
s24895,Isabella Sharma,36,Female,Germany,10/23/2020,Monthly
s24896,Mia Wilson,26,Other,UK,4/14/2022,Free
s24897,Noah Patel,23,Female,UK,3/16/2022,Monthly
s24898,Isabella Patel,63,Male,UK,10/14/2020,Yearly
s24899,Amelia Clark,23,Female,USA,7/12/2019,Monthly
s24900,Isabella Verma,32,Other,India,3/25/2020,Yearly
s24901,Zara Walker,26,Male,UK,12/24/2020,Free
s24902,Aarav Verma,27,Other,UK,6/7/2019,Yearly
s24903,Eva Singh,43,Female,Australia,2/2/2022,Yearly
s24904,Riya Wilson,61,Other,Australia,11/12/2022,Yearly
s24905,Isabella Sharma,22,Male,USA,3/21/2021,Monthly
s24906,Mia Verma,21,Other,Australia,11/12/2021,Monthly
s24907,Arjun Walker,18,Female,Australia,12/3/2019,Monthly
s24908,Karan Singh,28,Other,Canada,1/10/2020,Monthly
s24909,Benjamin Thomas,20,Male,USA,10/5/2021,Yearly
s24910,Benjamin Brown,20,Female,USA,3/28/2022,Monthly
s24911,Liam Hall,26,Male,Canada,12/22/2022,Free
s24912,Ethan Brown,21,Male,Canada,3/10/2022,Yearly
s24913,Noah Anderson,25,Other,India,7/3/2020,Yearly
s24914,Karan Patel,57,Female,Germany,4/30/2022,Free
s24915,Ethan Brown,23,Other,Germany,2/22/2022,Yearly
s24916,Meera Smith,37,Other,Australia,8/24/2019,Yearly
s24917,Emma Singh,57,Female,India,8/24/2022,Yearly
s24918,Zara Singh,56,Male,Canada,7/16/2020,Monthly
s24919,Vihaan Anderson,20,Female,Germany,3/25/2022,Free
s24920,Liam Singh,18,Other,Germany,7/28/2021,Yearly
s24921,Zara Brown,23,Male,USA,7/8/2021,Free
s24922,Amelia Singh,42,Female,UK,7/13/2019,Monthly
s24923,Riya Wilson,33,Female,USA,3/18/2022,Free
s24924,Ethan Moore,25,Other,Germany,2/24/2022,Yearly
s24925,Aanya Lewis,21,Male,USA,5/9/2021,Yearly
s24926,Olivia Smith,46,Female,UK,4/16/2019,Monthly
s24927,Amelia Hall,25,Female,Canada,1/11/2022,Yearly
s24928,Eva Miller,55,Female,UK,2/27/2020,Monthly
s24929,Arjun Moore,38,Other,Australia,4/3/2022,Free
s24930,Amelia Taylor,21,Female,UK,6/12/2020,Monthly
s24931,Eva Walker,27,Other,USA,3/30/2019,Yearly
s24932,Emma Martin,20,Other,USA,3/27/2021,Yearly
s24933,Eva Wilson,38,Other,USA,7/20/2022,Yearly
s24934,Karan Sharma,25,Other,USA,1/11/2022,Monthly
s24935,Vihaan Thomas,26,Female,Australia,1/10/2022,Monthly
s24936,Ethan Martin,58,Male,Canada,10/31/2020,Free
s24937,Emma Lewis,37,Male,Australia,6/27/2021,Free
s24938,Amelia Lee,34,Other,India,4/18/2020,Yearly
s24939,Riya Thomas,19,Male,Australia,9/18/2020,Yearly
s24940,Meera Sharma,24,Female,Germany,6/12/2020,Free
s24941,Noah Taylor,29,Female,Australia,7/19/2021,Free
s24942,Isabella Clark,21,Other,Australia,9/1/2021,Yearly
s24943,Olivia Smith,27,Female,UK,11/7/2019,Free
s24944,Riya Lewis,62,Other,India,7/23/2019,Yearly
s24945,Mia Singh,60,Female,Canada,9/28/2022,Monthly
s24946,Aarav Moore,18,Other,India,4/8/2019,Yearly
s24947,Zara Moore,43,Other,UK,5/25/2022,Free
s24948,Mia Walker,20,Female,Canada,5/27/2021,Monthly
s24949,Sophia Taylor,27,Other,Germany,5/16/2021,Free
s24950,Sophia Walker,37,Female,Canada,8/22/2019,Monthly
s24951,Sophia Sharma,40,Female,Canada,8/20/2022,Monthly
s24952,Emma Wilson,33,Female,Australia,1/13/2019,Yearly
s24953,Eva Thomas,65,Female,UK,12/6/2019,Monthly
s24954,Benjamin Smith,20,Other,India,6/11/2022,Free
s24955,Karan Singh,23,Male,Germany,6/8/2020,Free
s24956,Amelia Moore,40,Other,India,6/28/2022,Yearly
s24957,Liam Clark,30,Other,Australia,3/10/2020,Free
s24958,Eva Thomas,26,Other,India,4/8/2020,Free
s24959,Isabella Walker,24,Female,Australia,1/2/2021,Yearly
s24960,Aanya Lewis,27,Other,Germany,4/15/2021,Yearly
s24961,Sophia Miller,26,Female,Australia,6/14/2022,Free
s24962,Amelia Singh,21,Other,UK,9/14/2019,Yearly
s24963,Vihaan Clark,24,Other,Germany,12/7/2021,Monthly
s24964,Lucas Anderson,23,Female,UK,7/17/2022,Free
s24965,Aarav Taylor,26,Female,Australia,3/15/2022,Yearly
s24966,Liam Patel,19,Female,Canada,6/26/2021,Yearly
s24967,Sophia Johnson,37,Male,Australia,2/28/2020,Monthly
s24968,Aarav Patel,18,Male,Germany,7/19/2020,Free
s24969,Ethan Thomas,23,Other,Canada,7/16/2021,Free
s24970,Arjun Verma,19,Male,UK,6/14/2021,Yearly
s24971,Lucas Moore,25,Male,Germany,11/1/2022,Yearly
s24972,Vihaan Thomas,23,Female,Australia,1/15/2021,Free
s24973,Noah Miller,27,Other,Australia,3/24/2022,Yearly
s24974,Eva Thomas,36,Male,Canada,6/10/2022,Free
s24975,Sophia Verma,49,Male,USA,9/11/2022,Monthly
s24976,Eva Martin,21,Other,India,1/17/2019,Free
s24977,Lucas Lewis,45,Male,India,5/17/2019,Yearly
s24978,Ethan Patel,21,Male,Germany,2/6/2021,Yearly
s24979,Lucas Wilson,25,Female,Canada,1/10/2019,Free
s24980,Vihaan Clark,28,Other,Australia,7/31/2019,Yearly
s24981,Isabella Brown,20,Female,Australia,12/20/2022,Monthly
s24982,Vihaan Moore,24,Female,Canada,6/26/2022,Free
s24983,Sophia Clark,39,Female,Canada,6/15/2020,Monthly
s24984,Aarav Moore,23,Other,Canada,3/21/2021,Free
s24985,Noah Moore,22,Female,Australia,7/11/2019,Free
s24986,Mia Walker,40,Female,Australia,1/2/2019,Yearly
s24987,Isabella Patel,20,Other,USA,12/11/2019,Free
s24988,Arjun Wilson,27,Other,USA,5/23/2022,Monthly
s24989,Riya Sharma,42,Male,Germany,6/1/2021,Yearly
s24990,Emma Anderson,22,Male,Canada,8/28/2021,Free
s24991,Ethan Walker,27,Female,Canada,2/10/2022,Yearly
s24992,Mia Lewis,21,Other,UK,3/24/2020,Free
s24993,Meera Hall,19,Other,Australia,11/28/2020,Monthly
s24994,Riya Clark,62,Female,Germany,8/27/2021,Yearly
s24995,Lucas Clark,22,Other,USA,9/1/2019,Yearly
s24996,Sophia Verma,20,Other,India,9/20/2021,Yearly
s24997,Meera Martin,36,Other,USA,7/30/2019,Monthly
s24998,Sophia Wilson,18,Male,USA,9/15/2021,Yearly
s24999,Mia Miller,20,Female,India,12/26/2020,Monthly
s25000,Emma Wilson,61,Male,Canada,3/11/2022,Free
s25001,Liam Thomas,44,Other,India,7/4/2022,Yearly
s25002,Meera Hall,23,Female,Canada,10/7/2021,Monthly
s25003,Emma Thomas,19,Male,Germany,4/6/2022,Yearly
s25004,Aarav Verma,25,Other,Australia,10/28/2020,Monthly
s25005,Lucas Hall,26,Other,Australia,1/17/2020,Yearly
s25006,Vihaan Taylor,23,Male,USA,12/12/2019,Yearly
s25007,Lucas Anderson,24,Other,India,5/19/2020,Monthly
s25008,Isabella Hall,29,Other,Canada,3/22/2019,Yearly
s25009,Sophia Singh,18,Male,UK,9/15/2019,Free
s25010,Amelia Moore,26,Female,India,5/14/2020,Monthly
s25011,Ethan Hall,20,Other,Germany,8/3/2020,Monthly
s25012,Isabella Thomas,27,Other,USA,5/29/2020,Yearly
s25013,Liam Davis,45,Other,USA,4/22/2022,Yearly
s25014,Mia Lee,19,Male,Germany,7/23/2021,Free
s25015,Ethan Clark,42,Male,Germany,3/9/2022,Free
s25016,Mia Thomas,58,Other,Australia,11/26/2021,Monthly
s25017,Sophia Miller,39,Other,Australia,2/11/2019,Yearly
s25018,Lucas Sharma,18,Female,India,4/22/2019,Free
s25019,Meera Anderson,19,Other,India,10/6/2022,Yearly
s25020,Aarav Clark,22,Male,India,7/23/2020,Yearly
s25021,Liam Smith,45,Male,Germany,9/3/2021,Free
s25022,Aarav Sharma,42,Male,India,10/11/2019,Monthly
s25023,Amelia Davis,21,Other,Canada,1/17/2020,Monthly
s25024,Lucas Lewis,22,Female,Germany,5/15/2022,Free
s25025,Aanya Lewis,45,Other,UK,8/30/2019,Monthly
s25026,Eva Verma,18,Other,USA,7/23/2022,Monthly
s25027,Eva Taylor,22,Male,UK,6/27/2019,Yearly
s25028,Ethan Lee,26,Female,UK,4/20/2020,Monthly
s25029,Isabella Miller,35,Other,UK,1/7/2021,Monthly
s25030,Mia Wilson,21,Other,USA,4/20/2019,Yearly
s25031,Sophia Clark,22,Other,Germany,4/4/2019,Free
s25032,Liam Clark,26,Female,Canada,10/2/2019,Monthly
s25033,Aanya Hall,31,Male,India,3/17/2022,Monthly
s25034,Amelia Singh,30,Male,UK,1/7/2022,Monthly
s25035,Aanya Miller,26,Other,USA,9/10/2019,Monthly
s25036,Liam Smith,24,Other,Australia,2/5/2020,Free
s25037,Zara Clark,26,Female,Germany,5/17/2020,Free
s25038,Olivia Verma,20,Other,Canada,5/7/2020,Monthly
s25039,Mia Lewis,43,Female,UK,4/2/2022,Monthly
s25040,Emma Moore,19,Female,Germany,4/2/2022,Yearly
s25041,Aarav Miller,19,Female,Canada,5/7/2021,Yearly
s25042,Isabella Singh,23,Other,Germany,9/22/2020,Free
s25043,Aanya Thomas,25,Male,USA,9/4/2022,Monthly
s25044,Noah Brown,23,Male,Germany,2/3/2021,Free
s25045,Liam Verma,51,Male,Canada,8/6/2020,Yearly
s25046,Amelia Verma,20,Female,UK,12/9/2022,Monthly
s25047,Meera Thomas,64,Other,Germany,7/8/2019,Monthly
s25048,Riya Wilson,19,Female,USA,5/16/2022,Monthly
s25049,Aanya Lewis,22,Other,India,4/30/2021,Free
s25050,Vihaan Brown,37,Female,USA,5/24/2022,Monthly
s25051,Liam Anderson,58,Male,Australia,7/15/2020,Yearly
s25052,Olivia Davis,20,Male,UK,12/22/2019,Monthly
s25053,Zara Hall,27,Other,Australia,4/23/2022,Free
s25054,Liam Davis,22,Other,Australia,6/9/2019,Yearly
s25055,Ethan Brown,58,Female,USA,2/14/2022,Monthly
s25056,Mia Patel,26,Male,Canada,8/30/2021,Yearly
s25057,Lucas Verma,33,Male,USA,8/20/2019,Yearly
s25058,Sophia Martin,21,Male,USA,11/13/2022,Monthly
s25059,Amelia Anderson,24,Male,Canada,2/12/2019,Free
s25060,Arjun Patel,59,Female,Germany,7/17/2019,Monthly
s25061,Emma Martin,29,Female,Canada,4/25/2022,Monthly
s25062,Riya Lee,19,Other,India,6/9/2022,Monthly
s25063,Eva Sharma,18,Female,USA,10/9/2019,Yearly
s25064,Emma Martin,34,Male,UK,12/31/2021,Free
s25065,Zara Verma,50,Other,Germany,10/11/2019,Monthly
s25066,Benjamin Clark,59,Other,Canada,2/10/2021,Monthly
s25067,Aarav Moore,21,Male,USA,6/22/2019,Monthly
s25068,Karan Walker,46,Female,India,6/17/2020,Monthly
s25069,Mia Johnson,34,Male,UK,4/13/2021,Monthly
s25070,Benjamin Patel,31,Male,USA,2/24/2019,Monthly
s25071,Vihaan Anderson,33,Male,Australia,3/25/2022,Monthly
s25072,Isabella Johnson,27,Other,Australia,7/9/2019,Yearly
s25073,Zara Smith,26,Male,Germany,11/29/2021,Free
s25074,Arjun Thomas,29,Other,USA,2/25/2020,Free
s25075,Mia Brown,45,Other,Germany,10/5/2021,Free
s25076,Karan Anderson,39,Male,USA,4/21/2020,Yearly
s25077,Karan Davis,22,Male,Canada,12/14/2021,Free
s25078,Benjamin Singh,26,Male,Australia,11/18/2019,Yearly
s25079,Karan Lewis,21,Other,UK,2/9/2019,Free
s25080,Arjun Thomas,22,Female,Australia,1/27/2021,Free
s25081,Karan Miller,28,Male,Germany,7/13/2020,Free
s25082,Eva Thomas,38,Female,Australia,9/7/2019,Monthly
s25083,Olivia Smith,24,Other,Germany,2/9/2022,Free
s25084,Arjun Walker,25,Male,Canada,8/30/2022,Yearly
s25085,Sophia Lewis,19,Male,Australia,11/21/2022,Monthly
s25086,Sophia Davis,30,Other,USA,6/4/2021,Yearly
s25087,Aanya Sharma,41,Other,UK,6/23/2022,Monthly
s25088,Eva Martin,21,Male,Germany,3/11/2022,Monthly
s25089,Mia Davis,18,Male,Germany,6/17/2020,Yearly
s25090,Arjun Patel,30,Male,India,9/10/2022,Free
s25091,Benjamin Thomas,20,Male,USA,10/8/2022,Yearly
s25092,Arjun Anderson,21,Male,Australia,4/14/2020,Free
s25093,Lucas Verma,32,Other,UK,8/2/2019,Yearly
s25094,Zara Verma,35,Other,Australia,9/1/2022,Monthly
s25095,Zara Patel,23,Other,UK,5/21/2021,Free
s25096,Eva Patel,18,Male,Germany,12/28/2022,Monthly
s25097,Karan Martin,18,Other,India,8/22/2021,Yearly
s25098,Sophia Moore,52,Female,UK,6/16/2022,Free
s25099,Ethan Wilson,61,Female,UK,11/5/2020,Free
s25100,Isabella Miller,38,Male,Germany,12/10/2022,Monthly
s25101,Mia Miller,20,Male,Australia,8/24/2021,Monthly
s25102,Zara Martin,25,Other,Australia,4/11/2021,Free
s25103,Sophia Moore,24,Other,Canada,11/21/2020,Monthly
s25104,Meera Lewis,23,Female,UK,3/14/2021,Free
s25105,Emma Miller,18,Other,India,1/7/2021,Monthly
s25106,Karan Anderson,44,Male,Australia,10/21/2019,Yearly
s25107,Karan Taylor,26,Other,USA,1/22/2021,Yearly
s25108,Sophia Anderson,26,Other,Australia,5/7/2021,Free
s25109,Karan Verma,27,Male,UK,8/4/2019,Free
s25110,Liam Anderson,38,Male,Canada,4/26/2021,Free
s25111,Arjun Sharma,24,Male,Germany,2/15/2020,Free
s25112,Meera Moore,18,Female,UK,8/4/2022,Free
s25113,Amelia Walker,21,Female,UK,3/6/2020,Free
s25114,Zara Johnson,26,Other,Canada,12/27/2020,Free
s25115,Mia Moore,66,Female,Germany,12/17/2020,Free
s25116,Eva Martin,34,Male,USA,7/22/2021,Yearly
s25117,Liam Anderson,24,Male,India,11/22/2019,Free
s25118,Meera Singh,23,Other,India,5/4/2022,Yearly
s25119,Meera Brown,38,Female,India,7/31/2020,Monthly
s25120,Zara Lee,57,Female,India,5/8/2022,Monthly
s25121,Liam Anderson,27,Male,Germany,9/4/2019,Free
s25122,Arjun Johnson,25,Male,Canada,11/10/2020,Yearly
s25123,Eva Hall,25,Other,Germany,7/7/2020,Monthly
s25124,Mia Moore,47,Other,USA,7/7/2021,Free
s25125,Meera Thomas,19,Male,Australia,7/21/2019,Yearly
s25126,Meera Hall,54,Female,USA,10/19/2019,Yearly
s25127,Emma Sharma,23,Other,Canada,2/21/2019,Yearly
s25128,Noah Moore,25,Other,Australia,1/16/2022,Free
s25129,Eva Wilson,23,Female,Australia,1/16/2022,Free
s25130,Noah Sharma,20,Male,India,7/30/2019,Yearly
s25131,Liam Clark,24,Other,Canada,1/7/2022,Yearly
s25132,Liam Singh,24,Male,Australia,5/19/2019,Monthly
s25133,Amelia Patel,33,Female,USA,11/8/2022,Free
s25134,Noah Brown,28,Female,Germany,9/30/2022,Yearly
s25135,Lucas Clark,21,Female,Germany,6/19/2020,Yearly
s25136,Aanya Thomas,23,Male,India,1/23/2021,Free
s25137,Arjun Sharma,42,Male,UK,3/23/2019,Yearly
s25138,Mia Johnson,40,Other,India,4/17/2019,Yearly
s25139,Aanya Anderson,43,Other,India,10/13/2020,Monthly
s25140,Aarav Martin,32,Male,Germany,2/9/2019,Monthly
s25141,Aarav Moore,44,Female,Germany,2/9/2020,Monthly
s25142,Sophia Moore,23,Male,Canada,4/26/2019,Free
s25143,Noah Thomas,47,Female,UK,12/29/2021,Yearly
s25144,Arjun Walker,19,Male,Australia,5/22/2021,Monthly
s25145,Vihaan Taylor,45,Female,USA,9/30/2020,Yearly
s25146,Lucas Lewis,26,Female,USA,5/11/2021,Yearly
s25147,Ethan Johnson,23,Female,USA,6/6/2021,Yearly
s25148,Mia Thomas,19,Male,Australia,10/14/2019,Yearly
s25149,Lucas Clark,26,Other,Germany,5/2/2019,Monthly
s25150,Aanya Lewis,19,Male,Canada,7/26/2022,Monthly
s25151,Arjun Miller,26,Male,UK,7/25/2019,Yearly
s25152,Amelia Davis,26,Male,UK,3/2/2019,Monthly
s25153,Aarav Brown,35,Other,Germany,6/14/2020,Yearly
s25154,Sophia Davis,51,Other,Australia,7/9/2019,Yearly
s25155,Liam Lewis,20,Female,India,8/18/2019,Monthly
s25156,Isabella Singh,66,Female,India,10/28/2020,Yearly
s25157,Vihaan Davis,63,Female,Germany,6/11/2019,Free
s25158,Emma Patel,23,Other,Germany,2/10/2021,Monthly
s25159,Zara Hall,47,Male,UK,5/5/2020,Free
s25160,Amelia Brown,20,Other,USA,9/16/2019,Free
s25161,Amelia Martin,24,Other,Germany,12/21/2019,Free
s25162,Benjamin Lewis,26,Male,USA,12/26/2022,Monthly
s25163,Noah Verma,40,Female,USA,5/7/2022,Free
s25164,Eva Anderson,26,Other,Canada,6/9/2022,Yearly
s25165,Lucas Verma,20,Male,Australia,3/22/2019,Monthly
s25166,Aanya Brown,26,Female,India,1/23/2019,Free
s25167,Amelia Singh,20,Female,USA,12/27/2021,Free
s25168,Sophia Hall,22,Male,UK,10/20/2021,Yearly
s25169,Olivia Moore,26,Male,Australia,11/8/2021,Monthly
s25170,Olivia Taylor,39,Female,UK,3/19/2019,Free
s25171,Noah Brown,25,Male,India,5/21/2022,Free
s25172,Olivia Davis,18,Male,India,3/6/2020,Free
s25173,Emma Brown,41,Other,India,7/4/2021,Monthly
s25174,Lucas Verma,31,Male,Germany,6/14/2022,Monthly
s25175,Aarav Sharma,65,Other,Germany,1/31/2020,Free
s25176,Zara Sharma,20,Male,Germany,1/10/2021,Monthly
s25177,Liam Johnson,23,Male,Australia,8/13/2022,Free
s25178,Arjun Wilson,37,Other,UK,5/13/2019,Yearly
s25179,Isabella Brown,25,Other,India,11/15/2019,Yearly
s25180,Lucas Sharma,23,Other,Australia,5/26/2021,Monthly
s25181,Zara Taylor,47,Female,Australia,10/9/2020,Free
s25182,Aanya Sharma,21,Other,India,1/9/2021,Free
s25183,Amelia Smith,18,Other,Germany,5/1/2019,Yearly
s25184,Zara Verma,22,Female,India,6/12/2022,Monthly
s25185,Lucas Davis,18,Male,UK,1/6/2022,Yearly
s25186,Riya Miller,62,Male,USA,4/6/2019,Free
s25187,Aanya Lewis,19,Female,Canada,5/17/2021,Free
s25188,Zara Hall,28,Other,Canada,6/16/2022,Monthly
s25189,Aarav Singh,41,Male,Canada,5/31/2021,Free
s25190,Benjamin Patel,25,Female,Australia,9/24/2022,Monthly
s25191,Aanya Taylor,29,Other,Germany,1/28/2022,Yearly
s25192,Riya Wilson,29,Other,UK,7/21/2021,Monthly
s25193,Emma Martin,35,Female,India,9/29/2021,Free
s25194,Isabella Wilson,38,Male,Australia,6/22/2022,Monthly
s25195,Isabella Patel,22,Female,Australia,11/23/2022,Monthly
s25196,Lucas Lee,18,Male,UK,12/28/2020,Free
s25197,Liam Clark,22,Male,UK,10/14/2022,Free
s25198,Sophia Wilson,30,Female,India,5/9/2021,Yearly
s25199,Meera Anderson,23,Male,UK,7/17/2021,Free
s25200,Lucas Verma,27,Other,UK,7/13/2021,Free
s25201,Karan Wilson,23,Female,India,3/25/2022,Free
s25202,Ethan Davis,24,Male,Germany,4/14/2022,Free
s25203,Arjun Anderson,22,Other,Germany,1/1/2019,Free
s25204,Emma Davis,27,Other,India,8/29/2020,Yearly
s25205,Isabella Taylor,43,Other,Canada,9/18/2019,Monthly
s25206,Amelia Martin,22,Male,UK,6/19/2019,Monthly
s25207,Benjamin Lewis,49,Female,USA,5/24/2020,Yearly
s25208,Riya Patel,45,Female,Australia,4/9/2021,Yearly
s25209,Ethan Lee,33,Other,Canada,9/21/2019,Monthly
s25210,Riya Miller,47,Male,Australia,9/11/2020,Monthly
s25211,Eva Anderson,18,Other,UK,6/12/2020,Yearly
s25212,Olivia Verma,48,Other,Canada,9/27/2019,Monthly
s25213,Aanya Brown,42,Female,Canada,10/25/2021,Free
s25214,Isabella Johnson,43,Other,Canada,1/5/2021,Monthly
s25215,Aanya Thomas,40,Male,Germany,4/19/2021,Monthly
s25216,Arjun Patel,21,Male,Germany,9/12/2019,Free
s25217,Olivia Smith,25,Other,India,9/11/2022,Monthly
s25218,Olivia Verma,21,Male,Australia,3/22/2022,Yearly
s25219,Aanya Hall,25,Other,Australia,6/14/2020,Free
s25220,Liam Johnson,31,Other,Canada,11/5/2021,Monthly
s25221,Emma Singh,23,Male,India,1/24/2022,Free
s25222,Vihaan Anderson,18,Male,Australia,8/17/2019,Monthly
s25223,Eva Martin,21,Other,Germany,9/18/2020,Monthly
s25224,Mia Davis,24,Male,UK,5/21/2021,Yearly
s25225,Meera Brown,28,Female,Germany,12/1/2022,Monthly
s25226,Riya Clark,61,Male,USA,8/24/2021,Yearly
s25227,Vihaan Miller,30,Male,Canada,5/31/2021,Yearly
s25228,Isabella Miller,20,Other,Canada,4/17/2021,Free
s25229,Vihaan Patel,38,Female,USA,11/20/2019,Monthly
s25230,Isabella Thomas,25,Other,UK,7/28/2022,Monthly
s25231,Aarav Patel,24,Male,Germany,2/23/2022,Monthly
s25232,Lucas Sharma,37,Female,Germany,8/1/2021,Monthly
s25233,Emma Brown,57,Female,India,9/18/2022,Free
s25234,Mia Taylor,21,Other,Canada,2/28/2021,Yearly
s25235,Noah Verma,25,Other,Australia,8/24/2020,Yearly
s25236,Liam Brown,21,Female,USA,1/31/2020,Yearly
s25237,Ethan Smith,24,Male,India,11/24/2020,Yearly
s25238,Sophia Singh,44,Male,Canada,3/14/2020,Yearly
s25239,Sophia Verma,21,Male,UK,7/13/2022,Yearly
s25240,Sophia Smith,27,Female,UK,2/9/2019,Monthly
s25241,Sophia Martin,19,Other,Australia,7/28/2019,Yearly
s25242,Aanya Hall,23,Female,UK,7/13/2019,Monthly
s25243,Liam Verma,28,Female,India,7/15/2021,Free
s25244,Emma Sharma,44,Other,Canada,5/5/2019,Free
s25245,Amelia Anderson,21,Other,Canada,12/12/2020,Free
s25246,Isabella Taylor,24,Male,India,6/13/2021,Monthly
s25247,Aarav Taylor,25,Male,India,8/21/2022,Monthly
s25248,Zara Walker,21,Male,Australia,10/12/2019,Monthly
s25249,Meera Taylor,26,Other,India,1/7/2022,Free
s25250,Amelia Walker,20,Female,Australia,8/26/2020,Yearly
s25251,Zara Smith,26,Male,India,12/11/2022,Yearly
s25252,Riya Smith,47,Other,Germany,3/7/2019,Yearly
s25253,Riya Wilson,43,Other,Australia,3/12/2021,Monthly
s25254,Aanya Verma,65,Male,Canada,7/19/2021,Free
s25255,Sophia Walker,24,Male,Canada,6/10/2020,Yearly
s25256,Noah Anderson,30,Female,UK,12/16/2021,Yearly
s25257,Olivia Martin,24,Female,Germany,3/27/2020,Free
s25258,Eva Verma,39,Female,India,7/25/2021,Monthly
s25259,Vihaan Brown,18,Female,USA,10/29/2020,Yearly
s25260,Meera Wilson,18,Male,Germany,4/11/2021,Yearly
s25261,Ethan Davis,20,Male,Germany,6/13/2021,Free
s25262,Lucas Smith,18,Male,India,8/31/2020,Free
s25263,Vihaan Taylor,27,Other,USA,5/27/2019,Yearly
s25264,Liam Sharma,32,Other,Germany,3/10/2020,Yearly
s25265,Meera Anderson,21,Other,India,1/1/2019,Yearly
s25266,Eva Martin,27,Female,UK,5/18/2022,Monthly
s25267,Amelia Johnson,23,Female,India,9/21/2021,Free
s25268,Noah Miller,27,Other,Australia,8/15/2022,Yearly
s25269,Eva Singh,48,Female,Germany,3/12/2019,Yearly
s25270,Arjun Davis,21,Male,India,9/20/2022,Monthly
s25271,Olivia Walker,27,Other,Canada,7/31/2021,Yearly
s25272,Isabella Johnson,30,Female,Canada,12/9/2021,Yearly
s25273,Eva Walker,45,Male,USA,7/18/2019,Free
s25274,Noah Sharma,42,Male,Germany,4/19/2020,Yearly
s25275,Meera Davis,24,Female,Germany,7/5/2021,Monthly
s25276,Ethan Verma,38,Other,UK,1/23/2019,Yearly
s25277,Liam Anderson,26,Other,Canada,7/23/2019,Monthly
s25278,Lucas Verma,24,Male,Germany,1/10/2020,Monthly
s25279,Meera Davis,20,Other,India,1/12/2021,Free
s25280,Eva Brown,42,Female,UK,3/12/2019,Yearly
s25281,Aarav Patel,20,Other,Germany,10/23/2022,Free
s25282,Mia Smith,21,Other,USA,2/24/2019,Free
s25283,Zara Anderson,36,Female,Australia,3/2/2020,Free
s25284,Benjamin Smith,34,Other,Germany,2/8/2019,Yearly
s25285,Ethan Taylor,56,Male,Germany,9/11/2021,Monthly
s25286,Noah Clark,62,Male,Germany,11/5/2021,Monthly
s25287,Isabella Patel,18,Other,Australia,11/27/2019,Free
s25288,Aarav Lewis,24,Male,Canada,6/28/2020,Monthly
s25289,Mia Sharma,40,Female,Germany,11/17/2019,Monthly
s25290,Liam Johnson,20,Other,USA,8/17/2019,Monthly
s25291,Eva Lee,23,Male,USA,7/7/2021,Free
s25292,Isabella Anderson,44,Other,Australia,12/9/2021,Yearly
s25293,Aarav Davis,21,Male,UK,4/18/2021,Yearly
s25294,Liam Smith,21,Female,India,5/10/2022,Free
s25295,Riya Walker,36,Female,Australia,7/6/2019,Monthly
s25296,Lucas Davis,42,Other,Canada,5/31/2020,Yearly
s25297,Aanya Patel,44,Male,Canada,1/29/2022,Free
s25298,Lucas Clark,19,Female,Australia,2/19/2019,Yearly
s25299,Amelia Martin,22,Other,Germany,9/29/2020,Yearly
s25300,Mia Patel,23,Female,Canada,10/29/2021,Yearly
s25301,Emma Miller,61,Male,UK,4/25/2020,Monthly
s25302,Ethan Anderson,26,Other,India,3/29/2022,Free
s25303,Vihaan Thomas,26,Male,India,5/6/2019,Yearly
s25304,Benjamin Sharma,26,Other,India,11/17/2021,Monthly
s25305,Zara Taylor,31,Male,USA,7/25/2019,Monthly
s25306,Aarav Martin,22,Male,Germany,11/25/2020,Monthly
s25307,Liam Miller,20,Male,Australia,10/4/2022,Free
s25308,Liam Hall,24,Other,Germany,9/16/2021,Free
s25309,Zara Lee,27,Female,Germany,1/4/2022,Free
s25310,Olivia Davis,25,Other,Germany,11/2/2022,Yearly
s25311,Lucas Sharma,27,Female,Germany,7/13/2019,Monthly
s25312,Noah Patel,26,Male,UK,6/2/2019,Monthly
s25313,Sophia Thomas,40,Male,Germany,9/20/2022,Yearly
s25314,Amelia Hall,22,Female,UK,12/2/2021,Free
s25315,Vihaan Moore,25,Male,India,8/31/2021,Free
s25316,Ethan Clark,51,Other,Australia,9/29/2021,Free
s25317,Meera Smith,27,Other,Canada,4/25/2020,Yearly
s25318,Mia Davis,27,Male,Germany,5/29/2022,Monthly
s25319,Isabella Hall,66,Other,Canada,10/14/2019,Free
s25320,Mia Johnson,20,Female,Canada,4/21/2021,Free
s25321,Eva Martin,26,Male,USA,7/2/2021,Yearly
s25322,Eva Lewis,24,Male,Germany,7/6/2020,Yearly
s25323,Riya Martin,41,Other,India,4/10/2022,Yearly
s25324,Aanya Taylor,21,Female,USA,7/24/2022,Yearly
s25325,Mia Thomas,35,Male,India,6/15/2020,Free
s25326,Ethan Moore,22,Female,USA,7/5/2022,Yearly
s25327,Eva Singh,24,Female,Canada,12/17/2020,Free
s25328,Zara Brown,22,Other,India,3/2/2021,Monthly
s25329,Aanya Lee,20,Male,Australia,4/2/2022,Monthly
s25330,Eva Wilson,38,Male,India,1/26/2021,Monthly
s25331,Sophia Verma,32,Other,UK,8/31/2020,Yearly
s25332,Benjamin Walker,26,Female,USA,1/15/2022,Monthly
s25333,Benjamin Patel,45,Other,USA,1/19/2022,Yearly
s25334,Emma Smith,42,Female,Canada,11/7/2019,Free
s25335,Aarav Lewis,67,Male,USA,12/22/2019,Yearly
s25336,Mia Walker,42,Male,Australia,12/20/2022,Yearly
s25337,Arjun Patel,24,Male,UK,11/7/2019,Free
s25338,Noah Johnson,45,Female,UK,7/18/2022,Yearly
s25339,Benjamin Taylor,40,Female,Germany,11/22/2021,Free
s25340,Vihaan Martin,52,Female,Canada,3/16/2019,Yearly
s25341,Arjun Lee,21,Male,Canada,7/24/2020,Monthly
s25342,Ethan Sharma,26,Other,Australia,5/29/2019,Yearly
s25343,Vihaan Smith,26,Male,UK,5/21/2019,Free
s25344,Vihaan Lewis,65,Female,Canada,7/23/2022,Monthly
s25345,Olivia Clark,19,Female,Canada,9/4/2022,Monthly
s25346,Ethan Verma,39,Female,Australia,2/22/2020,Free
s25347,Arjun Taylor,35,Female,India,7/1/2021,Free
s25348,Ethan Clark,46,Male,Canada,11/15/2020,Monthly
s25349,Olivia Moore,22,Female,Australia,6/23/2020,Yearly
s25350,Aanya Moore,35,Male,Australia,11/6/2021,Free
s25351,Sophia Johnson,67,Other,UK,12/29/2020,Monthly
s25352,Noah Taylor,18,Other,Germany,7/4/2022,Monthly
s25353,Isabella Anderson,24,Other,USA,1/18/2021,Monthly
s25354,Vihaan Hall,27,Male,Germany,1/22/2019,Monthly
s25355,Arjun Wilson,21,Female,USA,7/15/2019,Monthly
s25356,Ethan Lee,27,Female,USA,4/17/2020,Monthly
s25357,Zara Brown,25,Male,USA,7/12/2022,Free
s25358,Riya Hall,19,Female,Canada,11/3/2020,Free
s25359,Amelia Singh,24,Male,UK,11/24/2020,Monthly
s25360,Noah Brown,20,Female,USA,9/8/2022,Monthly
s25361,Isabella Moore,18,Female,India,7/13/2019,Yearly
s25362,Ethan Thomas,31,Female,UK,9/4/2020,Monthly
s25363,Mia Martin,24,Female,UK,5/2/2022,Free
s25364,Riya Wilson,25,Female,Germany,3/26/2020,Yearly
s25365,Lucas Verma,48,Other,Canada,2/24/2021,Yearly
s25366,Meera Thomas,19,Male,Australia,9/7/2019,Free
s25367,Zara Anderson,23,Other,UK,12/18/2019,Free
s25368,Sophia Davis,28,Male,UK,4/16/2019,Free
s25369,Olivia Brown,20,Other,India,10/15/2022,Yearly
s25370,Riya Smith,26,Male,India,11/3/2021,Yearly
s25371,Benjamin Lewis,65,Other,USA,7/20/2022,Yearly
s25372,Mia Sharma,49,Female,India,6/29/2022,Yearly
s25373,Arjun Verma,45,Other,Germany,1/14/2022,Monthly
s25374,Eva Johnson,24,Other,USA,12/8/2022,Yearly
s25375,Benjamin Walker,19,Male,USA,7/13/2020,Yearly
s25376,Karan Singh,18,Other,UK,1/19/2019,Free
s25377,Karan Patel,44,Female,Canada,9/24/2022,Yearly
s25378,Aarav Johnson,21,Female,Canada,9/19/2021,Monthly
s25379,Ethan Hall,22,Male,Canada,2/18/2021,Monthly
s25380,Zara Lewis,18,Male,UK,11/13/2021,Yearly
s25381,Lucas Verma,42,Other,India,12/4/2019,Yearly
s25382,Eva Martin,19,Male,Canada,7/21/2019,Monthly
s25383,Amelia Verma,20,Male,Germany,8/14/2021,Monthly
s25384,Mia Brown,26,Other,India,8/24/2022,Yearly
s25385,Isabella Sharma,20,Other,Germany,11/25/2019,Yearly
s25386,Aarav Anderson,29,Male,India,9/9/2021,Free
s25387,Lucas Patel,26,Male,USA,11/9/2019,Monthly
s25388,Aarav Martin,24,Other,USA,5/15/2019,Free
s25389,Benjamin Thomas,23,Other,Germany,12/25/2022,Yearly
s25390,Riya Martin,46,Male,USA,4/30/2019,Monthly
s25391,Ethan Johnson,18,Male,Germany,10/8/2021,Free
s25392,Aanya Patel,19,Female,USA,10/14/2021,Monthly
s25393,Karan Singh,23,Other,USA,2/10/2020,Monthly
s25394,Lucas Hall,20,Other,Germany,12/30/2019,Monthly
s25395,Riya Anderson,25,Male,USA,10/24/2019,Yearly
s25396,Emma Moore,18,Female,Australia,9/12/2020,Monthly
s25397,Benjamin Sharma,19,Female,USA,5/23/2022,Yearly
s25398,Lucas Singh,21,Female,USA,8/5/2019,Yearly
s25399,Ethan Lee,21,Male,USA,2/26/2022,Monthly
s25400,Olivia Thomas,24,Male,India,5/13/2020,Free
s25401,Aarav Wilson,20,Male,USA,4/17/2020,Monthly
s25402,Arjun Sharma,43,Female,UK,10/24/2022,Yearly
s25403,Zara Thomas,50,Male,India,1/14/2019,Free
s25404,Emma Moore,24,Other,India,1/27/2019,Free
s25405,Amelia Anderson,29,Other,Canada,4/6/2021,Free
s25406,Noah Lee,41,Other,UK,8/7/2019,Free
s25407,Benjamin Moore,26,Female,India,2/28/2022,Yearly
s25408,Noah Clark,43,Other,India,8/13/2020,Free
s25409,Ethan Sharma,21,Other,Canada,2/11/2020,Monthly
s25410,Amelia Moore,24,Female,Germany,10/8/2021,Monthly
s25411,Emma Hall,42,Female,USA,9/9/2020,Yearly
s25412,Amelia Clark,46,Male,Canada,4/23/2021,Free
s25413,Benjamin Johnson,23,Female,Germany,6/26/2020,Free
s25414,Ethan Taylor,39,Female,Germany,9/26/2021,Monthly
s25415,Eva Anderson,22,Male,UK,3/15/2021,Yearly
s25416,Aarav Sharma,25,Male,USA,3/27/2021,Yearly
s25417,Emma Lewis,23,Female,Canada,5/27/2020,Monthly
s25418,Liam Lee,24,Male,Australia,7/4/2019,Yearly
s25419,Benjamin Sharma,22,Male,Germany,6/22/2019,Monthly
s25420,Arjun Hall,47,Female,Canada,10/10/2022,Free
s25421,Aanya Brown,24,Female,UK,7/26/2020,Monthly
s25422,Karan Smith,26,Female,Germany,5/28/2020,Free
s25423,Riya Anderson,22,Male,Australia,1/8/2021,Free
s25424,Lucas Brown,20,Female,Germany,6/25/2019,Free
s25425,Aanya Johnson,59,Male,Canada,6/15/2021,Free
s25426,Sophia Anderson,20,Other,Australia,8/8/2022,Yearly
s25427,Arjun Davis,26,Male,Australia,7/1/2019,Yearly
s25428,Zara Singh,23,Female,UK,9/19/2022,Free
s25429,Zara Martin,21,Male,USA,3/14/2022,Monthly
s25430,Meera Lee,26,Female,India,12/11/2020,Yearly
s25431,Lucas Wilson,25,Female,USA,5/23/2019,Monthly
s25432,Mia Moore,23,Female,USA,5/29/2022,Yearly
s25433,Olivia Anderson,27,Other,India,10/8/2019,Free
s25434,Ethan Martin,31,Female,Australia,4/21/2020,Yearly
s25435,Liam Patel,38,Male,Germany,12/14/2019,Yearly
s25436,Lucas Clark,26,Male,Germany,12/13/2022,Monthly
s25437,Eva Martin,34,Female,UK,7/20/2019,Yearly
s25438,Olivia Miller,59,Other,UK,3/18/2020,Monthly
s25439,Olivia Verma,20,Female,USA,2/2/2019,Free
s25440,Benjamin Moore,30,Female,India,11/18/2021,Yearly
s25441,Noah Miller,27,Other,Australia,5/24/2022,Monthly
s25442,Isabella Taylor,20,Female,UK,9/12/2022,Monthly
s25443,Emma Brown,26,Male,Australia,3/18/2021,Monthly
s25444,Riya Verma,32,Male,India,3/24/2019,Free
s25445,Arjun Lewis,27,Other,Australia,10/26/2021,Monthly
s25446,Ethan Miller,27,Female,Germany,8/18/2020,Free
s25447,Mia Moore,24,Male,Canada,6/25/2019,Monthly
s25448,Noah Thomas,28,Male,Germany,9/27/2019,Monthly
s25449,Aarav Smith,34,Male,Germany,4/19/2021,Monthly
s25450,Sophia Miller,58,Female,USA,11/15/2022,Yearly
s25451,Lucas Martin,26,Other,Germany,10/7/2020,Free
s25452,Sophia Anderson,37,Other,India,12/13/2020,Free
s25453,Liam Taylor,32,Other,Germany,4/20/2020,Yearly
s25454,Amelia Verma,25,Male,Canada,11/7/2019,Monthly
s25455,Olivia Taylor,46,Female,USA,4/28/2019,Free
s25456,Aarav Singh,55,Other,UK,11/1/2020,Free
s25457,Aarav Walker,29,Other,UK,4/9/2020,Yearly
s25458,Eva Clark,42,Female,Canada,9/16/2021,Monthly
s25459,Vihaan Sharma,29,Female,UK,12/14/2020,Free
s25460,Liam Lewis,26,Male,USA,2/18/2022,Free
s25461,Liam Patel,20,Male,Canada,3/3/2019,Free
s25462,Mia Brown,26,Female,USA,12/6/2019,Free
s25463,Emma Walker,21,Other,Australia,9/27/2022,Monthly
s25464,Aanya Davis,20,Other,UK,8/30/2020,Monthly
s25465,Vihaan Verma,43,Female,India,7/19/2021,Free
s25466,Vihaan Anderson,61,Female,UK,10/16/2022,Yearly
s25467,Zara Martin,19,Other,Germany,2/20/2022,Free
s25468,Sophia Lewis,20,Male,Australia,12/24/2022,Monthly
s25469,Eva Clark,49,Female,USA,5/14/2020,Yearly
s25470,Benjamin Thomas,30,Male,UK,5/9/2019,Free
s25471,Aanya Smith,34,Other,USA,11/22/2020,Free
s25472,Lucas Johnson,59,Other,Canada,7/1/2019,Free
s25473,Zara Taylor,25,Female,India,3/13/2019,Free
s25474,Isabella Walker,44,Other,Canada,3/23/2022,Yearly
s25475,Karan Walker,22,Other,Canada,9/29/2022,Yearly
s25476,Amelia Lewis,21,Other,India,3/12/2022,Monthly
s25477,Karan Lee,20,Female,Germany,11/12/2019,Monthly
s25478,Meera Lewis,25,Male,USA,9/6/2021,Free
s25479,Noah Moore,27,Female,Australia,1/3/2022,Free
s25480,Isabella Davis,66,Female,Australia,12/9/2021,Free
s25481,Eva Moore,21,Other,Germany,8/28/2022,Free
s25482,Liam Clark,20,Male,USA,7/2/2019,Free
s25483,Riya Verma,46,Female,USA,5/14/2019,Yearly
s25484,Sophia Davis,39,Other,USA,3/19/2022,Free
s25485,Eva Miller,34,Female,Australia,10/27/2021,Free
s25486,Ethan Patel,20,Other,India,4/9/2020,Free
s25487,Arjun Thomas,23,Female,Australia,1/6/2021,Monthly
s25488,Riya Davis,33,Other,USA,2/18/2020,Free
s25489,Olivia Brown,39,Other,Canada,8/3/2022,Yearly
s25490,Benjamin Smith,38,Female,Australia,10/23/2022,Monthly
s25491,Noah Lewis,26,Female,USA,5/12/2021,Free
s25492,Isabella Martin,37,Other,UK,12/10/2019,Monthly
s25493,Eva Davis,45,Male,UK,10/23/2019,Yearly
s25494,Riya Sharma,20,Other,Australia,6/21/2021,Free
s25495,Benjamin Patel,26,Male,Australia,5/9/2022,Yearly
s25496,Isabella Lewis,21,Female,USA,5/17/2022,Monthly
s25497,Lucas Patel,23,Other,Australia,11/9/2022,Monthly
s25498,Ethan Moore,36,Other,India,11/27/2022,Yearly
s25499,Ethan Smith,46,Other,India,11/7/2021,Monthly
s25500,Liam Wilson,67,Male,Germany,11/13/2022,Monthly
s25501,Aanya Taylor,26,Other,Germany,12/30/2019,Free
s25502,Benjamin Anderson,42,Other,Germany,2/12/2022,Yearly
s25503,Amelia Johnson,40,Female,Germany,3/30/2021,Yearly
s25504,Aarav Hall,24,Other,USA,9/8/2020,Monthly
s25505,Eva Anderson,32,Female,UK,10/29/2019,Monthly
s25506,Amelia Taylor,40,Female,UK,6/28/2019,Monthly
s25507,Emma Patel,44,Female,USA,5/17/2019,Free
s25508,Aarav Anderson,21,Other,Australia,4/19/2020,Yearly
s25509,Emma Smith,24,Male,India,7/30/2019,Free
s25510,Olivia Lewis,22,Other,Germany,3/21/2019,Monthly
s25511,Lucas Smith,27,Other,Germany,3/3/2022,Free
s25512,Zara Moore,18,Female,Germany,1/8/2019,Free
s25513,Zara Singh,48,Female,USA,10/6/2020,Free
s25514,Meera Hall,24,Other,Australia,10/13/2022,Monthly
s25515,Eva Verma,23,Male,UK,11/17/2022,Yearly
s25516,Lucas Wilson,37,Male,Canada,8/18/2021,Monthly
s25517,Lucas Thomas,19,Male,Australia,1/3/2022,Free
s25518,Ethan Sharma,25,Male,UK,11/28/2021,Monthly
s25519,Emma Anderson,25,Female,India,4/5/2021,Free
s25520,Meera Davis,26,Female,USA,12/29/2019,Free
s25521,Mia Lewis,27,Other,Germany,9/16/2019,Monthly
s25522,Karan Hall,38,Other,Australia,3/1/2022,Yearly
s25523,Ethan Smith,34,Male,Germany,8/4/2019,Monthly
s25524,Meera Hall,46,Other,Canada,9/13/2019,Free
s25525,Amelia Hall,31,Other,UK,2/9/2020,Monthly
s25526,Sophia Verma,26,Other,USA,3/17/2019,Free
s25527,Aanya Martin,27,Other,Canada,12/23/2021,Monthly
s25528,Arjun Clark,24,Male,Canada,8/12/2020,Free
s25529,Aanya Clark,42,Female,Australia,2/16/2022,Monthly
s25530,Mia Davis,61,Female,India,8/18/2019,Yearly
s25531,Zara Walker,19,Female,Canada,10/8/2021,Yearly
s25532,Amelia Walker,25,Male,UK,9/26/2022,Free
s25533,Karan Verma,41,Male,Australia,5/18/2022,Yearly
s25534,Olivia Anderson,24,Other,India,4/21/2021,Free
s25535,Noah Sharma,50,Female,UK,3/18/2022,Monthly
s25536,Vihaan Brown,64,Other,Australia,12/1/2022,Free
s25537,Amelia Miller,20,Male,UK,10/23/2022,Monthly
s25538,Olivia Sharma,25,Male,USA,7/27/2019,Free
s25539,Aanya Clark,23,Male,USA,3/18/2021,Yearly
s25540,Zara Lewis,18,Other,India,3/18/2022,Free
s25541,Mia Martin,20,Male,Canada,8/28/2019,Free
s25542,Benjamin Lewis,25,Male,UK,7/1/2021,Yearly
s25543,Emma Patel,25,Female,Australia,11/30/2021,Free
s25544,Vihaan Brown,35,Male,UK,3/6/2022,Yearly
s25545,Noah Wilson,25,Other,Australia,1/21/2019,Yearly
s25546,Amelia Martin,27,Other,USA,4/25/2020,Monthly
s25547,Karan Verma,36,Female,USA,9/21/2019,Monthly
s25548,Noah Verma,22,Female,Germany,7/15/2019,Monthly
s25549,Aarav Hall,34,Other,India,10/20/2020,Free
s25550,Zara Davis,25,Female,Canada,4/21/2022,Yearly
s25551,Karan Sharma,31,Female,Australia,9/4/2021,Yearly
s25552,Liam Anderson,66,Male,Germany,11/10/2021,Free
s25553,Riya Verma,26,Other,UK,9/29/2019,Monthly
s25554,Benjamin Moore,24,Female,USA,8/9/2020,Yearly
s25555,Benjamin Thomas,19,Female,Australia,9/18/2020,Yearly
s25556,Benjamin Martin,20,Female,Canada,4/15/2020,Monthly
s25557,Aanya Patel,26,Other,Australia,2/14/2022,Monthly
s25558,Aanya Wilson,37,Male,India,4/20/2022,Free
s25559,Liam Johnson,36,Male,India,12/20/2021,Yearly
s25560,Ethan Lewis,38,Other,Australia,1/10/2020,Yearly
s25561,Aanya Martin,36,Male,Canada,2/4/2019,Free
s25562,Olivia Lewis,26,Female,Germany,3/4/2019,Monthly
s25563,Karan Patel,29,Other,India,2/26/2022,Free
s25564,Ethan Smith,24,Female,Germany,12/15/2020,Yearly
s25565,Olivia Walker,23,Female,Australia,7/20/2022,Yearly
s25566,Ethan Moore,63,Female,UK,9/24/2022,Monthly
s25567,Benjamin Brown,30,Other,Canada,5/30/2021,Monthly
s25568,Eva Anderson,26,Other,Canada,6/15/2019,Monthly
s25569,Isabella Verma,22,Male,India,6/4/2020,Monthly
s25570,Eva Davis,25,Other,Germany,11/15/2022,Free
s25571,Zara Hall,18,Male,Germany,8/30/2020,Free
s25572,Sophia Verma,46,Female,Germany,11/10/2022,Monthly
s25573,Karan Patel,21,Female,Canada,12/24/2021,Free
s25574,Lucas Singh,22,Other,USA,11/22/2022,Monthly
s25575,Ethan Johnson,35,Male,Germany,11/28/2021,Free
s25576,Karan Lewis,20,Female,Germany,1/19/2022,Free
s25577,Riya Clark,67,Other,USA,3/30/2022,Monthly
s25578,Emma Johnson,30,Male,Germany,12/1/2021,Yearly
s25579,Eva Sharma,18,Male,India,12/28/2020,Free
s25580,Benjamin Hall,21,Male,UK,3/12/2021,Monthly
s25581,Arjun Lee,26,Male,India,6/21/2021,Monthly
s25582,Mia Martin,47,Other,Germany,6/23/2022,Yearly
s25583,Arjun Brown,25,Other,USA,3/3/2021,Monthly
s25584,Arjun Anderson,32,Male,USA,2/12/2021,Free
s25585,Isabella Sharma,47,Male,UK,9/22/2020,Free
s25586,Mia Singh,20,Other,Germany,12/14/2019,Yearly
s25587,Liam Wilson,19,Female,India,6/25/2019,Free
s25588,Karan Thomas,24,Female,Canada,6/15/2021,Yearly
s25589,Vihaan Hall,40,Female,Germany,5/24/2019,Free
s25590,Noah Patel,30,Other,USA,2/22/2022,Yearly
s25591,Liam Verma,49,Other,USA,2/12/2019,Monthly
s25592,Aanya Anderson,25,Male,UK,3/6/2019,Monthly
s25593,Zara Thomas,24,Other,UK,8/18/2019,Monthly
s25594,Eva Johnson,21,Female,India,12/28/2020,Monthly
s25595,Ethan Hall,42,Male,India,11/8/2020,Free
s25596,Emma Verma,24,Other,UK,1/26/2020,Free
s25597,Aanya Davis,22,Female,USA,3/22/2019,Monthly
s25598,Vihaan Patel,23,Other,USA,6/1/2021,Yearly
s25599,Aanya Wilson,21,Male,Germany,2/19/2021,Monthly
s25600,Aarav Moore,44,Male,USA,7/11/2019,Yearly
s25601,Riya Sharma,43,Female,Germany,11/13/2022,Monthly
s25602,Vihaan Davis,51,Other,India,6/11/2022,Monthly
s25603,Emma Wilson,40,Male,Germany,10/5/2019,Yearly
s25604,Eva Johnson,20,Other,UK,8/18/2021,Free
s25605,Arjun Davis,23,Other,India,1/20/2021,Yearly
s25606,Mia Johnson,48,Other,India,3/7/2022,Yearly
s25607,Arjun Lewis,23,Other,UK,4/30/2021,Free
s25608,Riya Lee,21,Male,India,5/24/2020,Monthly
s25609,Emma Davis,32,Other,Australia,2/20/2019,Free
s25610,Sophia Lee,20,Other,Australia,5/26/2019,Free
s25611,Benjamin Sharma,26,Other,Germany,8/8/2022,Free
s25612,Isabella Sharma,28,Other,Canada,7/30/2022,Monthly
s25613,Aanya Verma,25,Male,Australia,9/4/2019,Monthly
s25614,Ethan Hall,36,Male,Germany,10/7/2019,Yearly
s25615,Olivia Brown,33,Male,Canada,9/16/2020,Yearly
s25616,Benjamin Martin,46,Male,Germany,12/2/2021,Free
s25617,Liam Singh,23,Male,USA,10/5/2022,Free
s25618,Ethan Lee,25,Other,UK,5/12/2022,Yearly
s25619,Ethan Thomas,23,Male,Australia,3/12/2020,Yearly
s25620,Lucas Verma,26,Female,Germany,5/12/2022,Free
s25621,Zara Sharma,21,Male,India,12/14/2021,Yearly
s25622,Arjun Lee,19,Male,Germany,1/11/2019,Yearly
s25623,Zara Lewis,22,Female,Germany,5/19/2022,Free
s25624,Emma Smith,24,Female,India,1/1/2019,Free
s25625,Vihaan Miller,19,Female,Canada,9/20/2020,Yearly
s25626,Meera Smith,18,Female,USA,1/30/2020,Yearly
s25627,Isabella Lee,22,Other,UK,8/3/2022,Yearly
s25628,Isabella Lee,26,Other,USA,12/13/2022,Free
s25629,Aanya Walker,25,Other,Germany,11/16/2021,Free
s25630,Aarav Sharma,41,Male,India,9/10/2021,Monthly
s25631,Liam Davis,26,Female,Canada,8/5/2020,Yearly
s25632,Lucas Davis,18,Male,USA,7/9/2020,Yearly
s25633,Amelia Davis,26,Male,UK,3/19/2019,Yearly
s25634,Eva Davis,43,Other,UK,10/23/2020,Monthly
s25635,Aanya Walker,25,Other,UK,12/2/2021,Free
s25636,Zara Walker,24,Other,USA,8/2/2019,Monthly
s25637,Aanya Miller,41,Female,India,6/5/2020,Free
s25638,Mia Taylor,28,Female,Australia,9/3/2019,Yearly
s25639,Karan Clark,38,Other,Australia,9/26/2020,Yearly
s25640,Amelia Davis,18,Male,Germany,1/26/2021,Monthly
s25641,Sophia Taylor,26,Female,USA,11/22/2022,Monthly
s25642,Vihaan Martin,20,Male,India,10/15/2019,Monthly
s25643,Olivia Verma,26,Female,UK,7/23/2019,Free
s25644,Isabella Taylor,22,Male,Canada,10/27/2020,Free
s25645,Amelia Lee,19,Female,USA,7/18/2022,Monthly
s25646,Olivia Verma,20,Male,Germany,12/11/2019,Yearly
s25647,Meera Brown,48,Other,USA,9/15/2022,Monthly
s25648,Olivia Patel,18,Female,India,8/24/2021,Monthly
s25649,Zara Smith,56,Male,Canada,5/2/2021,Free
s25650,Emma Thomas,62,Female,Australia,10/16/2020,Monthly
s25651,Benjamin Verma,22,Male,India,2/28/2020,Yearly
s25652,Riya Singh,44,Female,India,12/16/2021,Monthly
s25653,Noah Thomas,29,Male,Germany,12/8/2020,Free
s25654,Vihaan Johnson,33,Male,India,9/23/2020,Free
s25655,Noah Lee,27,Male,Canada,8/26/2020,Yearly
s25656,Aarav Moore,23,Female,USA,11/23/2019,Yearly
s25657,Emma Sharma,40,Other,USA,2/6/2020,Free
s25658,Aarav Thomas,18,Male,UK,2/27/2021,Monthly
s25659,Meera Walker,21,Female,Australia,8/25/2019,Yearly
s25660,Arjun Hall,57,Other,UK,6/22/2020,Monthly
s25661,Amelia Martin,24,Female,UK,3/31/2021,Free
s25662,Karan Hall,44,Other,India,12/26/2022,Monthly
s25663,Amelia Walker,45,Other,UK,2/10/2019,Yearly
s25664,Vihaan Lee,19,Male,Germany,5/22/2020,Monthly
s25665,Lucas Smith,19,Male,USA,12/12/2022,Free
s25666,Zara Moore,20,Male,India,10/6/2020,Monthly
s25667,Eva Moore,20,Male,UK,10/5/2021,Free
s25668,Ethan Hall,18,Male,Australia,3/8/2019,Monthly
s25669,Riya Anderson,38,Female,USA,3/20/2021,Yearly
s25670,Olivia Miller,26,Male,Australia,2/23/2021,Monthly
s25671,Isabella Anderson,36,Male,Australia,11/26/2020,Monthly
s25672,Ethan Lee,23,Male,Germany,7/20/2020,Yearly
s25673,Ethan Clark,34,Male,India,11/9/2021,Free
s25674,Eva Sharma,18,Female,USA,7/23/2019,Free
s25675,Arjun Sharma,20,Female,UK,3/27/2021,Free
s25676,Aarav Patel,26,Male,UK,7/19/2019,Yearly
s25677,Amelia Sharma,46,Male,Germany,10/1/2022,Monthly
s25678,Aanya Thomas,18,Other,USA,4/29/2020,Yearly
s25679,Eva Walker,23,Other,India,10/17/2021,Monthly
s25680,Liam Moore,39,Female,USA,10/15/2022,Monthly
s25681,Aanya Martin,43,Other,India,10/20/2019,Monthly
s25682,Riya Martin,27,Male,UK,1/12/2021,Yearly
s25683,Benjamin Anderson,23,Female,UK,11/9/2020,Yearly
s25684,Aanya Singh,21,Male,Australia,6/26/2020,Free
s25685,Lucas Davis,26,Other,Germany,1/16/2020,Free
s25686,Sophia Walker,38,Male,UK,10/3/2021,Yearly
s25687,Riya Taylor,18,Male,India,10/19/2019,Monthly
s25688,Aarav Singh,34,Other,Australia,11/19/2022,Monthly
s25689,Amelia Walker,23,Male,Canada,10/8/2020,Monthly
s25690,Aanya Davis,32,Female,Australia,11/1/2021,Yearly
s25691,Meera Moore,43,Male,UK,5/10/2021,Free
s25692,Sophia Walker,42,Male,Canada,8/21/2020,Free
s25693,Emma Walker,31,Female,UK,2/28/2021,Free
s25694,Ethan Anderson,34,Female,Germany,7/21/2020,Free
s25695,Mia Brown,24,Female,UK,7/29/2021,Free
s25696,Aanya Miller,22,Female,Australia,4/7/2020,Free
s25697,Lucas Moore,21,Other,Canada,11/14/2020,Monthly
s25698,Aarav Taylor,43,Other,UK,1/12/2022,Yearly
s25699,Meera Sharma,27,Female,USA,5/7/2019,Yearly
s25700,Ethan Brown,25,Other,Germany,3/14/2021,Free
s25701,Arjun Taylor,47,Other,USA,7/22/2019,Monthly
s25702,Ethan Johnson,35,Other,Germany,1/13/2019,Free
s25703,Liam Hall,43,Male,UK,10/10/2021,Monthly
s25704,Noah Taylor,66,Female,UK,4/9/2020,Monthly
s25705,Amelia Smith,27,Male,Canada,3/12/2020,Monthly
s25706,Zara Hall,48,Male,USA,2/17/2019,Monthly
s25707,Benjamin Patel,43,Other,Germany,2/16/2020,Yearly
s25708,Mia Hall,38,Female,UK,12/3/2021,Free
s25709,Noah Singh,30,Other,USA,12/16/2021,Monthly
s25710,Aanya Sharma,33,Female,Australia,4/27/2021,Free
s25711,Eva Singh,30,Female,India,1/29/2022,Free
s25712,Aanya Sharma,19,Male,Australia,7/29/2021,Monthly
s25713,Sophia Martin,20,Male,India,9/2/2020,Monthly
s25714,Mia Martin,20,Other,Germany,4/26/2020,Free
s25715,Eva Patel,49,Female,India,7/6/2022,Free
s25716,Noah Hall,26,Other,USA,7/10/2022,Yearly
s25717,Aanya Patel,26,Female,UK,3/20/2022,Free
s25718,Emma Lee,20,Female,Germany,8/8/2022,Yearly
s25719,Riya Lee,33,Other,India,11/5/2019,Monthly
s25720,Isabella Sharma,21,Other,Canada,9/4/2022,Free
s25721,Benjamin Walker,27,Male,Australia,7/20/2019,Yearly
s25722,Aanya Walker,22,Other,Australia,7/7/2019,Yearly
s25723,Sophia Brown,60,Male,USA,9/8/2020,Free
s25724,Karan Lewis,20,Other,Canada,4/19/2019,Free
s25725,Eva Lee,41,Female,USA,7/3/2022,Free
s25726,Amelia Brown,27,Other,Canada,4/21/2021,Yearly
s25727,Benjamin Smith,21,Male,Australia,7/23/2019,Yearly
s25728,Mia Davis,67,Other,Australia,3/12/2020,Free
s25729,Aanya Miller,27,Other,India,3/25/2022,Free
s25730,Lucas Taylor,56,Other,UK,1/26/2020,Yearly
s25731,Arjun Davis,20,Female,India,3/18/2021,Monthly
s25732,Sophia Lewis,19,Other,UK,8/6/2019,Monthly
s25733,Arjun Moore,19,Male,Germany,6/21/2020,Yearly
s25734,Arjun Patel,23,Other,Australia,3/29/2020,Yearly
s25735,Benjamin Taylor,64,Female,Germany,10/20/2022,Free
s25736,Ethan Johnson,22,Male,Germany,3/24/2022,Yearly
s25737,Ethan Moore,43,Other,India,11/11/2019,Free
s25738,Meera Hall,28,Female,UK,7/7/2021,Free
s25739,Emma Patel,25,Male,Germany,3/10/2022,Free
s25740,Ethan Clark,27,Other,USA,7/24/2022,Free
s25741,Aanya Lewis,23,Female,Germany,8/16/2021,Monthly
s25742,Emma Patel,40,Female,Australia,2/22/2022,Monthly
s25743,Emma Singh,27,Other,Australia,9/30/2021,Monthly
s25744,Zara Hall,35,Female,Germany,4/15/2022,Yearly
s25745,Karan Anderson,46,Other,UK,10/24/2021,Free
s25746,Mia Lewis,20,Male,UK,7/25/2020,Free
s25747,Noah Thomas,42,Male,Canada,7/14/2019,Monthly
s25748,Ethan Anderson,30,Female,USA,7/6/2019,Yearly
s25749,Aarav Wilson,27,Male,Canada,8/15/2020,Free
s25750,Liam Lee,41,Male,Canada,11/25/2020,Yearly
s25751,Lucas Patel,23,Male,Canada,7/20/2022,Monthly
s25752,Aanya Lewis,27,Female,Australia,12/21/2021,Free
s25753,Vihaan Hall,18,Female,India,2/14/2020,Monthly
s25754,Riya Hall,29,Female,Germany,5/11/2019,Yearly
s25755,Mia Martin,27,Female,Australia,7/16/2022,Monthly
s25756,Eva Martin,43,Male,USA,6/12/2019,Yearly
s25757,Riya Verma,19,Female,Canada,2/8/2021,Free
s25758,Aarav Lewis,34,Male,USA,8/9/2019,Monthly
s25759,Isabella Patel,59,Female,UK,4/29/2020,Monthly
s25760,Ethan Lee,21,Other,USA,5/8/2019,Yearly
s25761,Vihaan Wilson,44,Male,Australia,8/2/2019,Free
s25762,Noah Smith,26,Other,UK,6/20/2019,Free
s25763,Karan Thomas,25,Female,UK,10/8/2020,Free
s25764,Riya Lewis,20,Female,Australia,12/13/2022,Monthly
s25765,Zara Smith,40,Other,UK,6/10/2022,Free
s25766,Olivia Hall,21,Other,India,11/13/2020,Monthly
s25767,Mia Singh,40,Female,USA,8/12/2022,Monthly
s25768,Emma Anderson,20,Female,Canada,2/20/2019,Yearly
s25769,Amelia Thomas,23,Other,India,9/24/2019,Yearly
s25770,Liam Thomas,24,Other,Germany,3/11/2021,Monthly
s25771,Noah Anderson,19,Female,India,1/28/2021,Monthly
s25772,Sophia Martin,25,Male,Australia,2/12/2022,Free
s25773,Karan Thomas,32,Female,India,4/29/2021,Yearly
s25774,Amelia Moore,27,Other,Germany,3/15/2022,Yearly
s25775,Riya Davis,56,Male,UK,3/22/2022,Yearly
s25776,Riya Miller,41,Female,USA,6/22/2022,Monthly
s25777,Sophia Johnson,27,Other,Australia,5/10/2021,Yearly
s25778,Meera Walker,22,Female,India,4/27/2020,Monthly
s25779,Karan Brown,26,Male,Canada,6/18/2019,Free
s25780,Meera Sharma,22,Other,UK,6/13/2021,Free
s25781,Noah Brown,36,Female,Canada,10/12/2022,Free
s25782,Eva Moore,30,Male,India,4/9/2021,Yearly
s25783,Olivia Johnson,36,Male,Canada,2/16/2019,Yearly
s25784,Vihaan Singh,30,Male,Australia,1/21/2019,Free
s25785,Karan Clark,22,Female,Germany,8/2/2022,Monthly
s25786,Karan Lee,25,Male,Germany,7/3/2022,Free
s25787,Aanya Anderson,19,Male,Australia,10/29/2022,Yearly
s25788,Isabella Davis,22,Other,Australia,4/5/2021,Yearly
s25789,Riya Walker,25,Female,Australia,1/10/2021,Yearly
s25790,Mia Sharma,19,Other,UK,3/20/2022,Yearly
s25791,Noah Davis,24,Female,Australia,6/7/2022,Free
s25792,Karan Hall,25,Other,USA,9/17/2021,Monthly
s25793,Eva Sharma,24,Male,Australia,12/17/2021,Yearly
s25794,Arjun Sharma,26,Other,Germany,5/12/2022,Yearly
s25795,Emma Anderson,31,Female,Canada,1/15/2019,Yearly
s25796,Arjun Miller,25,Male,USA,4/13/2020,Yearly
s25797,Eva Anderson,37,Other,Canada,9/19/2021,Monthly
s25798,Liam Smith,22,Male,Germany,9/18/2020,Free
s25799,Aarav Smith,23,Other,India,1/20/2021,Yearly
s25800,Noah Walker,19,Male,UK,12/27/2021,Free
s25801,Vihaan Wilson,21,Female,USA,1/4/2020,Yearly
s25802,Emma Moore,19,Male,Germany,5/11/2022,Monthly
s25803,Meera Thomas,24,Female,USA,7/7/2020,Yearly
s25804,Zara Verma,49,Other,UK,9/29/2021,Yearly
s25805,Aanya Walker,22,Female,Australia,8/29/2022,Monthly
s25806,Aanya Smith,21,Other,Germany,9/20/2020,Yearly
s25807,Noah Anderson,57,Other,USA,12/15/2019,Yearly
s25808,Emma Miller,36,Male,UK,6/3/2022,Monthly
s25809,Aanya Wilson,20,Other,USA,8/21/2019,Monthly
s25810,Zara Thomas,27,Other,Germany,5/15/2020,Monthly
s25811,Karan Moore,19,Female,Germany,9/5/2019,Monthly
s25812,Liam Taylor,42,Female,USA,6/18/2022,Yearly
s25813,Ethan Miller,67,Other,Australia,12/20/2022,Monthly
s25814,Lucas Davis,20,Female,India,11/6/2021,Monthly
s25815,Mia Moore,18,Male,Germany,8/17/2022,Monthly
s25816,Aanya Taylor,19,Male,USA,9/14/2019,Monthly
s25817,Olivia Singh,26,Female,Australia,8/21/2019,Monthly
s25818,Ethan Davis,19,Female,Canada,9/9/2021,Monthly
s25819,Aarav Davis,22,Other,USA,9/17/2022,Monthly
s25820,Mia Moore,27,Female,Canada,5/25/2021,Yearly
s25821,Aanya Singh,26,Other,Canada,2/25/2021,Monthly
s25822,Sophia Martin,21,Female,Australia,2/15/2022,Yearly
s25823,Lucas Singh,33,Male,USA,11/3/2022,Free
s25824,Arjun Singh,19,Other,USA,11/18/2021,Monthly
s25825,Arjun Johnson,26,Female,UK,1/10/2021,Yearly
s25826,Arjun Brown,36,Female,Canada,9/13/2020,Free
s25827,Emma Lewis,46,Other,Germany,5/7/2021,Yearly
s25828,Lucas Singh,23,Male,UK,8/17/2021,Monthly
s25829,Benjamin Hall,22,Other,Canada,3/18/2020,Yearly
s25830,Aanya Walker,23,Other,India,11/14/2021,Monthly
s25831,Lucas Johnson,25,Other,USA,6/18/2020,Free
s25832,Benjamin Anderson,42,Male,UK,11/12/2021,Free
s25833,Aanya Davis,44,Male,India,11/1/2021,Free
s25834,Amelia Martin,21,Male,UK,10/22/2020,Monthly
s25835,Emma Brown,21,Other,Germany,12/19/2019,Yearly
s25836,Vihaan Miller,23,Other,UK,11/18/2021,Monthly
s25837,Olivia Brown,34,Other,USA,11/5/2020,Yearly
s25838,Noah Clark,18,Female,Germany,2/4/2022,Free
s25839,Zara Lee,46,Female,USA,10/14/2019,Monthly
s25840,Lucas Davis,18,Female,Australia,12/26/2020,Monthly
s25841,Karan Anderson,56,Female,USA,7/12/2019,Monthly
s25842,Benjamin Martin,26,Female,UK,5/29/2021,Yearly
s25843,Liam Sharma,45,Other,Canada,11/1/2019,Yearly
s25844,Vihaan Brown,50,Male,Germany,9/9/2020,Yearly
s25845,Amelia Wilson,24,Male,UK,4/15/2022,Monthly
s25846,Mia Wilson,22,Other,USA,3/19/2020,Monthly
s25847,Olivia Smith,43,Female,Canada,7/16/2020,Yearly
s25848,Arjun Anderson,27,Other,USA,2/19/2021,Free
s25849,Olivia Martin,45,Male,India,10/4/2021,Yearly
s25850,Arjun Wilson,24,Male,USA,7/4/2020,Monthly
s25851,Aanya Smith,37,Other,Canada,5/17/2020,Yearly
s25852,Sophia Davis,27,Female,UK,6/2/2020,Monthly
s25853,Zara Johnson,42,Female,Germany,6/24/2021,Free
s25854,Eva Brown,27,Female,USA,2/7/2022,Yearly
s25855,Noah Taylor,63,Female,USA,1/31/2022,Yearly
s25856,Lucas Taylor,29,Male,USA,4/16/2021,Yearly
s25857,Olivia Thomas,20,Male,USA,9/25/2020,Free
s25858,Eva Hall,21,Other,Australia,8/15/2019,Yearly
s25859,Isabella Miller,33,Male,USA,12/13/2022,Free
s25860,Liam Singh,23,Male,Australia,4/8/2022,Free
s25861,Karan Davis,22,Other,India,3/8/2022,Monthly
s25862,Olivia Patel,39,Female,USA,7/16/2021,Yearly
s25863,Liam Davis,22,Male,Germany,5/20/2020,Monthly
s25864,Benjamin Wilson,20,Male,Canada,7/22/2020,Free
s25865,Ethan Moore,27,Other,Australia,6/20/2022,Yearly
s25866,Noah Johnson,20,Other,USA,8/21/2019,Monthly
s25867,Isabella Anderson,44,Male,UK,4/7/2019,Monthly
s25868,Karan Walker,26,Male,Germany,5/20/2020,Monthly
s25869,Olivia Thomas,19,Other,Canada,7/11/2021,Free
s25870,Noah Lee,62,Other,India,4/1/2020,Free
s25871,Amelia Lewis,24,Other,Australia,10/29/2020,Yearly
s25872,Sophia Martin,24,Female,India,10/19/2019,Free
s25873,Lucas Johnson,32,Male,Australia,2/13/2021,Free
s25874,Amelia Taylor,56,Male,Germany,2/15/2021,Yearly
s25875,Ethan Verma,24,Male,UK,2/14/2021,Monthly
s25876,Emma Taylor,23,Other,UK,8/20/2021,Monthly
s25877,Riya Walker,25,Female,Canada,6/29/2019,Monthly
s25878,Riya Hall,64,Male,Germany,8/3/2019,Yearly
s25879,Vihaan Walker,50,Male,India,4/2/2021,Free
s25880,Isabella Singh,18,Male,India,4/25/2021,Free
s25881,Ethan Miller,21,Other,UK,12/29/2022,Monthly
s25882,Zara Sharma,47,Male,Germany,10/14/2022,Monthly
s25883,Karan Clark,25,Male,Australia,7/29/2020,Yearly
s25884,Emma Smith,25,Male,Australia,9/20/2020,Monthly
s25885,Aanya Taylor,41,Female,India,12/29/2021,Free
s25886,Eva Patel,51,Other,India,9/1/2022,Free
s25887,Amelia Miller,23,Other,Germany,5/5/2019,Monthly
s25888,Karan Walker,38,Other,USA,9/6/2022,Monthly
s25889,Arjun Patel,21,Male,UK,2/5/2021,Monthly
s25890,Mia Hall,18,Male,Germany,1/13/2020,Free
s25891,Liam Johnson,19,Female,India,6/21/2020,Yearly
s25892,Aanya Moore,18,Male,Australia,1/10/2021,Free
s25893,Sophia Patel,22,Male,USA,9/28/2020,Yearly
s25894,Karan Miller,21,Other,UK,6/16/2020,Monthly
s25895,Ethan Taylor,34,Male,USA,2/10/2020,Monthly
s25896,Amelia Thomas,46,Female,Australia,6/20/2019,Free
s25897,Olivia Moore,41,Female,UK,10/30/2019,Yearly
s25898,Ethan Singh,30,Other,USA,12/17/2021,Monthly
s25899,Aarav Hall,22,Other,Germany,4/25/2019,Monthly
s25900,Aarav Patel,25,Male,Canada,11/16/2022,Yearly
s25901,Aarav Moore,23,Other,UK,5/16/2020,Monthly
s25902,Zara Miller,38,Female,India,10/20/2019,Free
s25903,Amelia Lewis,39,Other,Canada,9/15/2020,Yearly
s25904,Meera Verma,44,Other,Germany,1/18/2022,Monthly
s25905,Arjun Lewis,20,Other,UK,3/26/2021,Monthly
s25906,Olivia Lewis,26,Male,India,6/10/2022,Free
s25907,Aarav Patel,20,Male,USA,11/7/2020,Yearly
s25908,Noah Walker,32,Male,USA,1/22/2021,Yearly
s25909,Meera Brown,27,Other,UK,2/4/2020,Yearly
s25910,Emma Wilson,47,Other,Australia,7/11/2021,Monthly
s25911,Mia Davis,24,Female,UK,1/1/2019,Free
s25912,Lucas Brown,23,Female,Canada,9/29/2021,Free
s25913,Noah Moore,19,Female,UK,8/27/2019,Yearly
s25914,Aarav Thomas,35,Female,Germany,6/25/2019,Yearly
s25915,Noah Smith,21,Female,India,12/12/2020,Monthly
s25916,Noah Brown,63,Female,India,5/25/2019,Monthly
s25917,Eva Hall,18,Female,Germany,4/26/2021,Yearly
s25918,Sophia Hall,51,Other,India,12/22/2021,Monthly
s25919,Vihaan Taylor,23,Female,Australia,5/17/2020,Free
s25920,Aanya Taylor,18,Female,India,11/10/2022,Monthly
s25921,Sophia Walker,42,Female,Australia,7/22/2020,Yearly
s25922,Meera Hall,34,Other,UK,3/23/2020,Monthly
s25923,Zara Smith,64,Other,Australia,2/12/2022,Free
s25924,Lucas Miller,62,Other,Australia,3/3/2021,Free
s25925,Vihaan Walker,38,Male,UK,11/3/2019,Yearly
s25926,Lucas Wilson,22,Other,Australia,5/10/2019,Monthly
s25927,Eva Lee,43,Other,India,5/21/2019,Free
s25928,Isabella Taylor,67,Other,Canada,9/26/2020,Free
s25929,Isabella Smith,18,Other,Australia,8/25/2022,Yearly
s25930,Aarav Lee,43,Other,USA,8/21/2021,Free
s25931,Ethan Lee,22,Male,UK,5/14/2022,Monthly
s25932,Eva Martin,27,Male,India,9/29/2019,Free
s25933,Zara Anderson,47,Other,USA,10/7/2021,Yearly
s25934,Olivia Brown,37,Female,UK,8/27/2019,Free
s25935,Zara Walker,27,Other,USA,1/17/2022,Monthly
s25936,Lucas Johnson,61,Male,Australia,7/22/2021,Yearly
s25937,Amelia Walker,20,Other,USA,8/15/2022,Free
s25938,Emma Sharma,27,Other,Australia,1/17/2021,Free
s25939,Aanya Thomas,19,Male,Canada,5/20/2022,Monthly
s25940,Vihaan Davis,23,Female,Canada,3/4/2020,Free
s25941,Amelia Taylor,46,Female,Australia,1/27/2020,Monthly
s25942,Liam Miller,51,Other,USA,12/5/2020,Yearly
s25943,Aanya Brown,20,Female,Australia,5/30/2022,Monthly
s25944,Amelia Singh,24,Other,Australia,4/5/2019,Monthly
s25945,Isabella Verma,22,Other,India,2/9/2021,Monthly
s25946,Vihaan Hall,54,Female,UK,1/14/2021,Free
s25947,Sophia Taylor,23,Female,UK,11/25/2020,Monthly
s25948,Vihaan Brown,20,Female,Canada,5/14/2019,Monthly
s25949,Sophia Davis,37,Other,Germany,11/13/2021,Monthly
s25950,Zara Hall,21,Other,UK,1/7/2020,Free
s25951,Liam Miller,20,Male,UK,2/18/2020,Yearly
s25952,Noah Singh,61,Other,Canada,4/25/2019,Monthly
s25953,Arjun Smith,20,Male,India,7/9/2019,Monthly
s25954,Isabella Smith,24,Female,India,3/16/2019,Free
s25955,Olivia Smith,67,Male,USA,5/31/2022,Yearly
s25956,Mia Anderson,21,Female,UK,6/23/2019,Free
s25957,Aanya Taylor,25,Other,UK,1/11/2019,Yearly
s25958,Emma Lee,44,Female,Australia,1/4/2020,Free
s25959,Eva Lee,40,Female,Germany,5/6/2019,Yearly
s25960,Amelia Wilson,42,Female,Germany,4/12/2019,Free
s25961,Amelia Smith,60,Male,India,4/29/2020,Yearly
s25962,Noah Sharma,32,Male,Australia,6/19/2022,Monthly
s25963,Karan Verma,26,Other,Germany,12/26/2019,Yearly
s25964,Vihaan Walker,35,Male,USA,4/2/2020,Yearly
s25965,Isabella Sharma,53,Other,USA,9/9/2020,Yearly
s25966,Liam Davis,54,Male,UK,9/17/2022,Yearly
s25967,Olivia Johnson,46,Female,Australia,8/31/2019,Yearly
s25968,Isabella Moore,42,Female,USA,7/23/2022,Yearly
s25969,Zara Walker,24,Male,Australia,2/6/2020,Free
s25970,Benjamin Thomas,22,Female,USA,5/12/2022,Free
s25971,Karan Moore,24,Other,Canada,2/10/2020,Monthly
s25972,Arjun Miller,44,Other,Australia,3/28/2019,Monthly
s25973,Isabella Clark,24,Female,USA,2/27/2021,Free
s25974,Sophia Moore,24,Male,India,8/16/2020,Monthly
s25975,Karan Johnson,39,Other,USA,3/29/2021,Monthly
s25976,Zara Verma,27,Female,India,12/3/2020,Yearly
s25977,Mia Clark,18,Other,Canada,10/25/2021,Yearly
s25978,Liam Moore,34,Other,UK,7/3/2022,Free
s25979,Isabella Singh,21,Male,Australia,5/7/2020,Free
s25980,Aarav Martin,37,Male,UK,6/28/2020,Yearly
s25981,Vihaan Sharma,21,Female,Canada,7/24/2020,Yearly
s25982,Aarav Clark,19,Other,India,3/30/2021,Yearly
s25983,Riya Thomas,31,Female,Canada,10/18/2022,Yearly
s25984,Amelia Martin,19,Female,UK,6/20/2019,Free
s25985,Mia Clark,47,Other,India,12/13/2019,Free
s25986,Isabella Anderson,30,Other,Canada,4/23/2021,Monthly
s25987,Amelia Clark,34,Other,UK,5/25/2020,Free
s25988,Olivia Singh,22,Female,Germany,8/17/2021,Free
s25989,Olivia Patel,19,Other,Germany,2/3/2019,Free
s25990,Vihaan Wilson,40,Male,UK,9/7/2019,Free
s25991,Isabella Walker,19,Male,India,3/12/2022,Yearly
s25992,Aanya Martin,22,Other,UK,10/20/2019,Monthly
s25993,Sophia Smith,31,Male,UK,1/15/2020,Monthly
s25994,Arjun Clark,20,Female,Canada,1/15/2022,Free
s25995,Arjun Sharma,18,Other,USA,6/6/2020,Yearly
s25996,Benjamin Smith,19,Female,India,4/13/2021,Yearly
s25997,Karan Wilson,37,Female,USA,8/27/2022,Monthly
s25998,Meera Taylor,22,Female,Germany,1/9/2021,Free
s25999,Noah Sharma,19,Female,India,2/21/2021,Monthly
s26000,Sophia Taylor,22,Male,India,1/28/2020,Monthly
s26001,Aarav Martin,38,Female,UK,3/7/2021,Monthly
s26002,Vihaan Brown,38,Other,Australia,11/25/2019,Monthly
s26003,Mia Wilson,22,Other,USA,12/19/2019,Yearly
s26004,Olivia Thomas,43,Male,Australia,10/17/2019,Free
s26005,Aanya Clark,18,Other,Germany,1/14/2021,Free
s26006,Isabella Verma,23,Other,Canada,4/20/2022,Yearly
s26007,Mia Singh,36,Female,UK,4/29/2020,Yearly
s26008,Noah Miller,19,Male,USA,7/12/2021,Free
s26009,Emma Smith,36,Female,India,6/17/2020,Yearly
s26010,Eva Wilson,21,Other,India,7/17/2020,Monthly
s26011,Lucas Walker,45,Male,Germany,1/13/2022,Yearly
s26012,Sophia Taylor,63,Other,Australia,2/25/2021,Free
s26013,Aarav Lewis,25,Male,USA,12/27/2019,Monthly
s26014,Aarav Lewis,38,Other,UK,8/25/2022,Yearly
s26015,Olivia Martin,24,Male,India,5/19/2021,Yearly
s26016,Vihaan Verma,18,Other,Australia,4/5/2019,Yearly
s26017,Mia Singh,61,Male,Germany,6/27/2020,Monthly
s26018,Vihaan Wilson,21,Female,India,11/17/2022,Monthly
s26019,Karan Wilson,37,Other,Germany,7/31/2019,Free
s26020,Liam Smith,26,Female,USA,11/23/2019,Free
s26021,Riya Thomas,61,Male,UK,9/30/2020,Monthly
s26022,Karan Lee,29,Male,Australia,1/19/2022,Free
s26023,Benjamin Moore,27,Male,India,4/9/2020,Yearly
s26024,Riya Lewis,23,Other,Australia,12/19/2022,Yearly
s26025,Riya Anderson,21,Male,Germany,7/10/2022,Yearly
s26026,Benjamin Taylor,34,Male,Canada,8/21/2021,Free
s26027,Aarav Sharma,24,Male,USA,7/15/2022,Monthly
s26028,Noah Thomas,20,Female,Canada,2/27/2022,Free
s26029,Isabella Davis,18,Female,Australia,1/9/2020,Monthly
s26030,Amelia Clark,18,Female,UK,8/25/2022,Monthly
s26031,Meera Moore,29,Female,India,7/18/2020,Yearly
s26032,Meera Brown,25,Female,Canada,3/11/2020,Yearly
s26033,Noah Patel,26,Male,Australia,10/4/2021,Monthly
s26034,Eva Clark,22,Female,UK,6/18/2019,Monthly
s26035,Isabella Hall,23,Female,Australia,4/27/2022,Yearly
s26036,Eva Davis,28,Other,USA,6/22/2020,Free
s26037,Amelia Moore,24,Female,USA,2/10/2021,Yearly
s26038,Noah Moore,28,Other,Canada,6/1/2021,Monthly
s26039,Amelia Hall,35,Other,Australia,6/15/2020,Yearly
s26040,Eva Lee,33,Female,UK,12/7/2020,Free
s26041,Mia Smith,66,Male,UK,2/26/2020,Monthly
s26042,Emma Taylor,25,Male,Canada,2/21/2021,Monthly
s26043,Meera Sharma,30,Other,USA,6/8/2021,Yearly
s26044,Riya Wilson,18,Other,Germany,5/10/2019,Free
s26045,Lucas Clark,40,Female,UK,9/1/2020,Yearly
s26046,Lucas Lee,22,Female,Australia,8/29/2021,Monthly
s26047,Isabella Wilson,49,Male,India,8/26/2021,Yearly
s26048,Lucas Johnson,26,Female,India,10/2/2020,Free
s26049,Mia Lee,21,Other,Canada,8/7/2022,Free
s26050,Liam Brown,27,Other,Germany,8/7/2021,Yearly
s26051,Eva Johnson,22,Male,UK,5/14/2022,Yearly
s26052,Aanya Clark,36,Other,USA,5/12/2021,Yearly
s26053,Olivia Taylor,21,Female,UK,6/1/2022,Monthly
s26054,Zara Martin,42,Other,USA,3/15/2021,Monthly
s26055,Emma Martin,43,Female,Australia,11/19/2021,Yearly
s26056,Karan Moore,18,Male,UK,8/5/2022,Yearly
s26057,Benjamin Verma,20,Female,UK,10/28/2020,Monthly
s26058,Ethan Davis,19,Other,Canada,11/10/2021,Free
s26059,Eva Clark,23,Female,Canada,1/25/2019,Yearly
s26060,Meera Martin,19,Female,USA,4/24/2021,Yearly
s26061,Meera Lee,31,Female,UK,11/21/2020,Yearly
s26062,Aanya Patel,31,Female,Germany,7/30/2021,Free
s26063,Zara Walker,35,Other,Australia,4/26/2020,Yearly
s26064,Olivia Singh,47,Other,Germany,11/14/2019,Monthly
s26065,Aanya Smith,36,Female,Canada,9/30/2021,Monthly
s26066,Vihaan Moore,23,Male,USA,1/16/2019,Free
s26067,Liam Johnson,18,Female,Australia,7/12/2019,Free
s26068,Arjun Miller,19,Other,Germany,2/28/2020,Free
s26069,Liam Patel,26,Male,Canada,3/23/2020,Monthly
s26070,Benjamin Hall,25,Other,Australia,8/12/2019,Free
s26071,Sophia Davis,48,Male,USA,8/7/2019,Yearly
s26072,Aanya Lee,23,Other,Germany,7/11/2020,Free
s26073,Arjun Taylor,20,Male,Canada,10/27/2020,Monthly
s26074,Sophia Singh,47,Male,Germany,3/13/2022,Monthly
s26075,Noah Clark,23,Female,Germany,2/7/2020,Free
s26076,Amelia Patel,41,Male,Canada,1/8/2022,Yearly
s26077,Zara Verma,23,Other,Canada,6/29/2020,Yearly
s26078,Liam Clark,26,Female,India,6/26/2022,Free
s26079,Ethan Taylor,21,Female,Australia,3/22/2019,Yearly
s26080,Aanya Anderson,39,Other,USA,9/9/2022,Free
s26081,Amelia Johnson,27,Male,Australia,3/30/2020,Free
s26082,Meera Smith,25,Male,Australia,11/2/2019,Free
s26083,Mia Verma,42,Female,Canada,5/26/2022,Yearly
s26084,Riya Moore,30,Female,Canada,3/7/2021,Free
s26085,Zara Taylor,22,Other,Germany,7/3/2022,Monthly
s26086,Sophia Hall,21,Male,USA,2/26/2021,Free
s26087,Ethan Wilson,19,Other,India,6/13/2021,Monthly
s26088,Ethan Lee,47,Female,Australia,10/7/2019,Free
s26089,Karan Lee,18,Male,USA,2/5/2021,Free
s26090,Emma Smith,33,Male,UK,9/25/2019,Free
s26091,Riya Anderson,29,Female,India,12/8/2021,Free
s26092,Emma Sharma,26,Other,Canada,12/2/2019,Free
s26093,Aarav Clark,38,Other,India,4/18/2019,Yearly
s26094,Zara Anderson,23,Female,Canada,7/18/2021,Free
s26095,Arjun Thomas,32,Other,Australia,4/3/2019,Yearly
s26096,Meera Martin,25,Female,Australia,4/10/2019,Yearly
s26097,Olivia Sharma,31,Male,USA,4/18/2020,Free
s26098,Benjamin Martin,20,Male,Germany,5/28/2021,Yearly
s26099,Eva Sharma,49,Male,India,12/3/2019,Free
s26100,Aarav Martin,20,Other,USA,8/12/2020,Monthly
s26101,Zara Patel,41,Female,Canada,3/25/2019,Yearly
s26102,Benjamin Lee,24,Male,Australia,2/6/2020,Free
s26103,Amelia Verma,32,Male,UK,6/16/2022,Monthly
s26104,Aanya Sharma,29,Male,Canada,12/12/2021,Yearly
s26105,Karan Brown,24,Other,India,9/29/2022,Yearly
s26106,Noah Singh,25,Female,Canada,5/18/2019,Monthly
s26107,Aanya Anderson,19,Other,UK,7/15/2020,Monthly
s26108,Sophia Hall,36,Other,USA,9/18/2020,Yearly
s26109,Vihaan Johnson,19,Other,Canada,8/26/2022,Monthly
s26110,Eva Smith,43,Other,India,11/24/2022,Monthly
s26111,Sophia Smith,24,Other,USA,7/2/2020,Free
s26112,Aarav Smith,29,Female,Germany,9/1/2019,Free
s26113,Meera Patel,62,Female,UK,6/23/2022,Yearly
s26114,Vihaan Sharma,27,Other,Australia,4/12/2019,Free
s26115,Aarav Lewis,19,Female,Australia,11/10/2019,Yearly
s26116,Zara Lewis,26,Male,Germany,7/27/2022,Yearly
s26117,Olivia Anderson,20,Other,UK,2/22/2022,Free
s26118,Aanya Davis,28,Other,UK,12/24/2022,Free
s26119,Arjun Thomas,27,Female,USA,9/15/2020,Monthly
s26120,Mia Taylor,19,Male,Canada,7/30/2019,Yearly
s26121,Emma Walker,48,Male,Canada,11/20/2022,Free
s26122,Eva Martin,40,Other,Canada,7/14/2022,Yearly
s26123,Aanya Wilson,41,Female,USA,11/4/2019,Monthly
s26124,Karan Patel,18,Female,Canada,3/14/2021,Free
s26125,Karan Wilson,18,Female,Australia,11/23/2020,Free
s26126,Sophia Martin,46,Other,Australia,3/31/2020,Monthly
s26127,Amelia Wilson,25,Female,India,6/2/2021,Free
s26128,Eva Hall,26,Female,Canada,12/16/2022,Free
s26129,Lucas Walker,19,Other,UK,7/2/2022,Yearly
s26130,Amelia Lee,37,Other,Germany,6/21/2020,Monthly
s26131,Benjamin Walker,45,Male,Germany,3/28/2021,Free
s26132,Emma Sharma,29,Other,Germany,4/8/2022,Monthly
s26133,Riya Verma,18,Female,Australia,3/15/2020,Free
s26134,Ethan Clark,25,Female,Australia,3/16/2019,Free
s26135,Karan Johnson,40,Male,UK,11/6/2020,Yearly
s26136,Mia Wilson,42,Male,Australia,12/13/2020,Yearly
s26137,Eva Smith,20,Other,Germany,9/15/2022,Monthly
s26138,Noah Brown,32,Male,India,7/14/2019,Yearly
s26139,Sophia Johnson,56,Male,India,2/3/2019,Yearly
s26140,Benjamin Smith,20,Male,Canada,11/8/2020,Monthly
s26141,Liam Lee,64,Male,Australia,12/28/2020,Monthly
s26142,Benjamin Anderson,43,Female,USA,5/16/2019,Yearly
s26143,Benjamin Thomas,22,Male,Canada,3/8/2019,Yearly
s26144,Lucas Hall,26,Other,USA,9/1/2019,Yearly
s26145,Emma Moore,24,Female,Australia,1/14/2020,Free
s26146,Karan Walker,32,Female,USA,3/24/2020,Yearly
s26147,Meera Moore,27,Female,USA,12/5/2021,Yearly
s26148,Arjun Martin,32,Male,USA,12/29/2021,Free
s26149,Karan Patel,45,Female,USA,4/16/2020,Yearly
s26150,Liam Moore,19,Male,Germany,5/24/2020,Monthly
s26151,Meera Thomas,25,Male,Canada,3/26/2022,Yearly
s26152,Meera Walker,43,Female,Australia,4/17/2021,Monthly
s26153,Eva Johnson,55,Other,India,1/26/2021,Monthly
s26154,Mia Miller,22,Female,Australia,12/29/2019,Free
s26155,Vihaan Thomas,23,Male,Australia,8/14/2021,Yearly
s26156,Eva Singh,25,Female,Germany,10/30/2021,Free
s26157,Ethan Singh,18,Male,Australia,8/19/2020,Free
s26158,Liam Brown,34,Other,Canada,2/2/2019,Yearly
s26159,Liam Martin,24,Other,UK,1/7/2019,Free
s26160,Lucas Lee,51,Female,USA,5/19/2021,Monthly
s26161,Arjun Smith,37,Female,Germany,6/17/2021,Yearly
s26162,Sophia Thomas,31,Other,India,2/14/2019,Monthly
s26163,Aanya Thomas,22,Female,Australia,3/26/2021,Free
s26164,Sophia Lee,27,Other,USA,1/1/2022,Free
s26165,Riya Singh,19,Male,USA,11/6/2022,Yearly
s26166,Mia Smith,41,Male,India,7/30/2022,Free
s26167,Karan Moore,29,Other,India,9/27/2021,Free
s26168,Riya Lewis,21,Male,UK,6/3/2020,Free
s26169,Noah Johnson,51,Other,Germany,2/7/2022,Free
s26170,Eva Davis,41,Female,Australia,8/12/2019,Free
s26171,Meera Clark,41,Female,Australia,3/10/2020,Monthly
s26172,Amelia Clark,41,Male,Germany,5/30/2019,Monthly
s26173,Olivia Sharma,22,Male,India,9/27/2019,Yearly
s26174,Liam Brown,58,Other,USA,10/14/2020,Yearly
s26175,Isabella Hall,22,Male,USA,8/11/2019,Free
s26176,Arjun Davis,24,Female,India,10/9/2022,Monthly
s26177,Emma Patel,35,Male,UK,5/25/2020,Monthly
s26178,Sophia Moore,19,Male,Australia,12/25/2021,Yearly
s26179,Riya Johnson,19,Male,Canada,4/24/2019,Free
s26180,Riya Smith,21,Female,Australia,11/6/2019,Monthly
s26181,Isabella Thomas,21,Male,USA,7/15/2021,Monthly
s26182,Isabella Brown,18,Other,Germany,10/17/2021,Yearly
s26183,Vihaan Clark,25,Other,Canada,9/8/2021,Free
s26184,Vihaan Verma,21,Other,India,1/11/2022,Yearly
s26185,Emma Hall,30,Male,India,1/3/2020,Free
s26186,Noah Singh,43,Female,Canada,10/7/2021,Free
s26187,Lucas Singh,47,Other,Germany,5/15/2021,Yearly
s26188,Olivia Lee,27,Female,Canada,2/19/2022,Free
s26189,Benjamin Singh,39,Other,USA,3/11/2021,Yearly
s26190,Isabella Sharma,21,Other,Canada,12/2/2020,Free
s26191,Arjun Taylor,62,Male,Canada,8/21/2019,Yearly
s26192,Noah Johnson,26,Other,UK,2/15/2021,Yearly
s26193,Liam Smith,23,Female,India,2/23/2022,Free
s26194,Meera Hall,22,Other,Canada,3/13/2022,Free
s26195,Sophia Lee,22,Male,Canada,1/24/2021,Free
s26196,Amelia Taylor,21,Male,Germany,3/28/2020,Monthly
s26197,Zara Smith,25,Other,Germany,8/18/2022,Free
s26198,Zara Brown,46,Male,UK,4/21/2020,Free
s26199,Vihaan Clark,18,Male,Canada,12/1/2019,Free
s26200,Emma Verma,27,Male,USA,6/16/2019,Free
s26201,Mia Hall,30,Female,Germany,4/20/2019,Yearly
s26202,Isabella Thomas,27,Male,Canada,5/17/2020,Free
s26203,Mia Johnson,19,Female,Canada,7/18/2022,Monthly
s26204,Eva Lee,24,Male,Australia,4/23/2020,Monthly
s26205,Vihaan Wilson,43,Other,USA,12/13/2022,Yearly
s26206,Benjamin Miller,20,Female,Canada,2/5/2021,Monthly
s26207,Olivia Johnson,45,Female,USA,5/20/2022,Yearly
s26208,Liam Walker,25,Other,Australia,1/3/2020,Free
s26209,Mia Singh,19,Other,UK,5/29/2019,Yearly
s26210,Emma Smith,24,Male,India,10/18/2019,Free
s26211,Arjun Patel,19,Female,UK,3/15/2019,Free
s26212,Aanya Thomas,19,Other,Canada,6/21/2022,Monthly
s26213,Riya Lee,25,Female,UK,9/19/2022,Monthly
s26214,Liam Lewis,40,Female,USA,12/26/2019,Yearly
s26215,Vihaan Hall,24,Female,Germany,5/20/2021,Yearly
s26216,Aanya Johnson,27,Male,Australia,4/19/2022,Yearly
s26217,Karan Clark,46,Female,Germany,1/19/2020,Free
s26218,Olivia Miller,19,Female,India,10/25/2020,Yearly
s26219,Riya Wilson,45,Male,USA,10/8/2022,Free
s26220,Lucas Moore,57,Other,Germany,3/18/2022,Monthly
s26221,Eva Lewis,26,Female,Canada,10/10/2021,Monthly
s26222,Emma Johnson,35,Female,India,8/6/2022,Yearly
s26223,Arjun Johnson,21,Other,India,4/28/2020,Monthly
s26224,Karan Verma,21,Other,UK,10/29/2022,Free
s26225,Liam Hall,18,Other,Canada,7/23/2022,Monthly
s26226,Noah Moore,19,Female,India,7/28/2021,Free
s26227,Zara Sharma,19,Other,Australia,11/17/2019,Yearly
s26228,Arjun Verma,21,Female,Australia,3/28/2020,Yearly
s26229,Meera Johnson,24,Other,India,6/10/2020,Yearly
s26230,Karan Verma,22,Female,UK,10/29/2021,Free
s26231,Lucas Sharma,20,Male,Australia,4/1/2022,Free
s26232,Ethan Patel,31,Other,Australia,11/6/2020,Free
s26233,Karan Thomas,34,Other,India,3/16/2020,Monthly
s26234,Riya Moore,39,Male,Germany,3/10/2020,Yearly
s26235,Isabella Patel,20,Male,Germany,8/29/2020,Yearly
s26236,Ethan Hall,48,Male,Canada,8/26/2021,Monthly
s26237,Benjamin Anderson,24,Other,UK,3/3/2021,Yearly
s26238,Riya Davis,40,Other,India,1/27/2022,Monthly
s26239,Isabella Sharma,56,Other,Germany,6/19/2019,Yearly
s26240,Isabella Anderson,18,Male,Canada,11/18/2019,Free
s26241,Benjamin Walker,18,Female,Germany,8/15/2022,Yearly
s26242,Liam Sharma,26,Male,India,11/12/2021,Free
s26243,Mia Verma,18,Other,USA,5/24/2022,Yearly
s26244,Amelia Taylor,23,Other,Canada,6/29/2021,Yearly
s26245,Noah Moore,25,Other,UK,12/18/2022,Monthly
s26246,Benjamin Davis,47,Male,UK,8/13/2019,Monthly
s26247,Vihaan Taylor,31,Other,Australia,5/17/2019,Free
s26248,Olivia Lee,27,Other,Canada,1/15/2019,Yearly
s26249,Aarav Patel,20,Female,Canada,10/2/2020,Free
s26250,Aarav Davis,27,Male,USA,3/31/2022,Monthly
s26251,Benjamin Brown,19,Other,Canada,11/13/2021,Monthly
s26252,Karan Lewis,18,Other,UK,5/3/2021,Yearly
s26253,Sophia Moore,26,Male,UK,7/31/2020,Monthly
s26254,Lucas Smith,31,Other,Australia,8/24/2022,Free
s26255,Lucas Miller,37,Other,India,7/24/2022,Yearly
s26256,Vihaan Miller,26,Male,UK,4/19/2019,Yearly
s26257,Ethan Verma,46,Male,Australia,12/28/2020,Free
s26258,Aarav Hall,25,Male,Australia,4/6/2021,Yearly
s26259,Benjamin Singh,30,Other,UK,11/8/2020,Yearly
s26260,Vihaan Lewis,25,Female,India,12/16/2019,Free
s26261,Aanya Verma,31,Male,USA,11/27/2022,Yearly
s26262,Eva Clark,19,Other,Canada,2/16/2019,Free
s26263,Meera Lewis,49,Other,India,11/3/2020,Free
s26264,Isabella Johnson,19,Male,USA,8/5/2020,Free
s26265,Ethan Walker,26,Male,India,9/27/2019,Free
s26266,Mia Martin,48,Other,India,6/29/2020,Monthly
s26267,Noah Taylor,54,Female,Germany,5/13/2021,Free
s26268,Arjun Smith,24,Other,UK,6/23/2020,Free
s26269,Zara Smith,23,Male,Canada,12/3/2021,Monthly
s26270,Emma Moore,25,Male,India,5/24/2021,Monthly
s26271,Olivia Lee,19,Female,Australia,8/8/2019,Yearly
s26272,Sophia Johnson,19,Male,USA,10/27/2019,Yearly
s26273,Zara Brown,25,Other,India,5/11/2019,Free
s26274,Ethan Anderson,22,Other,UK,4/1/2021,Monthly
s26275,Riya Thomas,25,Other,Australia,3/2/2020,Yearly
s26276,Eva Singh,26,Male,UK,6/9/2019,Free
s26277,Aarav Smith,18,Male,UK,7/22/2022,Free
s26278,Isabella Walker,26,Male,USA,2/26/2022,Free
s26279,Meera Taylor,22,Other,Canada,10/6/2019,Free
s26280,Lucas Singh,60,Male,India,3/9/2022,Yearly
s26281,Amelia Davis,45,Male,USA,4/20/2019,Monthly
s26282,Emma Anderson,37,Female,Canada,7/5/2020,Free
s26283,Ethan Wilson,24,Other,USA,5/8/2019,Monthly
s26284,Emma Moore,23,Other,USA,3/1/2019,Free
s26285,Emma Brown,27,Other,UK,3/2/2022,Free
s26286,Olivia Lewis,38,Other,Australia,7/9/2021,Free
s26287,Zara Miller,23,Other,Canada,2/9/2020,Free
s26288,Benjamin Patel,23,Other,India,5/13/2021,Monthly
s26289,Aanya Clark,20,Male,Canada,3/2/2022,Monthly
s26290,Amelia Sharma,42,Other,USA,3/20/2020,Monthly
s26291,Benjamin Hall,24,Male,USA,11/18/2020,Yearly
s26292,Arjun Singh,23,Female,USA,4/2/2021,Monthly
s26293,Sophia Lee,24,Female,Canada,5/11/2022,Yearly
s26294,Olivia Davis,19,Male,USA,10/18/2021,Free
s26295,Liam Lewis,31,Male,Germany,3/8/2019,Yearly
s26296,Ethan Brown,46,Male,Canada,4/9/2020,Yearly
s26297,Liam Miller,30,Male,India,8/26/2022,Free
s26298,Olivia Moore,22,Male,Germany,7/31/2021,Monthly
s26299,Vihaan Singh,18,Other,Germany,1/25/2021,Monthly
s26300,Aarav Sharma,24,Male,USA,3/21/2021,Free
s26301,Liam Moore,46,Female,USA,5/21/2022,Yearly
s26302,Eva Hall,48,Female,USA,3/26/2019,Free
s26303,Benjamin Lee,22,Female,Germany,6/20/2021,Free
s26304,Noah Lee,24,Male,Australia,10/24/2021,Monthly
s26305,Emma Anderson,21,Male,Germany,6/3/2022,Free
s26306,Vihaan Lewis,39,Male,India,5/13/2022,Monthly
s26307,Vihaan Davis,20,Male,Germany,8/10/2019,Monthly
s26308,Vihaan Miller,23,Male,Canada,3/6/2022,Monthly
s26309,Sophia Moore,28,Female,India,10/2/2020,Monthly
s26310,Benjamin Sharma,62,Other,India,4/8/2020,Monthly
s26311,Benjamin Lewis,59,Male,USA,3/25/2020,Yearly
s26312,Emma Moore,19,Male,India,12/28/2021,Free
s26313,Noah Hall,62,Female,Germany,11/19/2020,Monthly
s26314,Amelia Anderson,18,Other,India,10/28/2022,Yearly
s26315,Sophia Singh,26,Female,Canada,10/11/2021,Free
s26316,Aarav Walker,62,Male,Canada,5/23/2021,Monthly
s26317,Sophia Moore,27,Female,USA,2/28/2020,Free
s26318,Vihaan Clark,20,Male,Australia,3/21/2019,Free
s26319,Ethan Clark,26,Male,India,8/12/2019,Monthly
s26320,Riya Sharma,27,Female,UK,1/7/2020,Monthly
s26321,Meera Walker,52,Female,Germany,6/4/2022,Yearly
s26322,Zara Johnson,30,Other,Australia,1/2/2019,Monthly
s26323,Lucas Lee,42,Female,Germany,5/10/2019,Free
s26324,Riya Miller,30,Other,India,3/26/2020,Monthly
s26325,Amelia Martin,19,Other,UK,6/7/2019,Yearly
s26326,Sophia Brown,57,Male,India,5/27/2021,Monthly
s26327,Vihaan Singh,28,Female,India,3/8/2019,Yearly
s26328,Liam Lee,37,Male,UK,7/7/2020,Monthly
s26329,Ethan Lewis,56,Other,USA,9/5/2020,Monthly
s26330,Emma Johnson,55,Other,Germany,2/10/2019,Yearly
s26331,Olivia Walker,18,Female,UK,4/20/2022,Monthly
s26332,Arjun Wilson,60,Other,Canada,3/4/2019,Free
s26333,Meera Walker,18,Other,USA,3/9/2020,Monthly
s26334,Benjamin Walker,18,Female,Canada,12/23/2019,Monthly
s26335,Ethan Walker,18,Other,Canada,2/19/2020,Free
s26336,Noah Miller,34,Other,UK,10/20/2021,Monthly
s26337,Zara Patel,21,Other,Canada,7/19/2020,Monthly
s26338,Mia Miller,65,Female,Canada,3/31/2019,Free
s26339,Benjamin Patel,37,Female,UK,8/2/2020,Yearly
s26340,Meera Thomas,31,Male,UK,12/9/2020,Free
s26341,Lucas Clark,18,Male,Canada,1/14/2019,Monthly
s26342,Aanya Johnson,66,Male,Germany,10/27/2020,Free
s26343,Eva Miller,46,Female,Canada,8/30/2022,Monthly
s26344,Arjun Davis,27,Other,UK,12/2/2022,Yearly
s26345,Olivia Hall,40,Other,Germany,4/17/2020,Free
s26346,Olivia Walker,40,Other,Canada,8/30/2019,Yearly
s26347,Zara Singh,29,Female,UK,9/9/2020,Monthly
s26348,Vihaan Martin,22,Male,Germany,11/18/2022,Yearly
s26349,Mia Singh,36,Female,Germany,12/17/2020,Yearly
s26350,Karan Clark,21,Female,USA,11/19/2021,Monthly
s26351,Riya Verma,65,Other,Canada,11/3/2019,Free
s26352,Zara Lewis,47,Female,Australia,3/10/2022,Yearly
s26353,Benjamin Clark,35,Female,Canada,5/3/2019,Monthly
s26354,Emma Verma,33,Other,Australia,6/14/2021,Yearly
s26355,Benjamin Singh,31,Male,Australia,7/3/2019,Free
s26356,Meera Miller,19,Male,India,6/10/2022,Free
s26357,Zara Anderson,57,Male,USA,5/6/2019,Free
s26358,Aarav Lewis,20,Male,UK,10/21/2021,Monthly
s26359,Vihaan Verma,18,Male,India,8/29/2021,Free
s26360,Isabella Taylor,28,Male,Germany,12/2/2019,Monthly
s26361,Aarav Clark,22,Female,UK,1/9/2021,Monthly
s26362,Emma Singh,22,Male,Germany,2/16/2019,Monthly
s26363,Ethan Thomas,18,Female,Canada,5/12/2022,Monthly
s26364,Noah Patel,25,Other,UK,1/17/2022,Monthly
s26365,Emma Davis,42,Male,Australia,10/8/2019,Monthly
s26366,Ethan Brown,23,Female,UK,1/21/2020,Yearly
s26367,Arjun Verma,21,Male,USA,9/25/2020,Free
s26368,Aanya Patel,24,Female,Australia,7/18/2021,Monthly
s26369,Karan Patel,55,Male,USA,1/12/2022,Yearly
s26370,Eva Moore,27,Male,India,3/27/2019,Yearly
s26371,Isabella Verma,21,Male,Australia,6/15/2020,Free
s26372,Isabella Verma,38,Other,Canada,11/14/2019,Monthly
s26373,Mia Brown,18,Other,Australia,1/27/2021,Yearly
s26374,Olivia Thomas,35,Female,Australia,3/23/2020,Free
s26375,Arjun Sharma,32,Male,UK,2/25/2020,Yearly
s26376,Arjun Anderson,22,Male,India,5/22/2019,Monthly
s26377,Aarav Walker,27,Female,Germany,4/24/2021,Monthly
s26378,Meera Lewis,38,Other,Germany,8/28/2022,Monthly
s26379,Mia Walker,40,Other,Australia,1/2/2022,Yearly
s26380,Lucas Martin,25,Male,Canada,2/14/2022,Yearly
s26381,Lucas Verma,18,Other,India,3/22/2021,Yearly
s26382,Sophia Anderson,25,Other,Germany,12/28/2021,Free
s26383,Aanya Sharma,35,Female,Canada,9/8/2020,Yearly
s26384,Sophia Smith,56,Female,Australia,4/24/2022,Monthly
s26385,Ethan Hall,27,Male,Australia,9/16/2019,Yearly
s26386,Riya Davis,26,Male,UK,11/20/2020,Yearly
s26387,Sophia Taylor,21,Female,India,1/13/2022,Yearly
s26388,Eva Hall,54,Female,USA,8/25/2021,Yearly
s26389,Liam Sharma,30,Female,India,5/16/2020,Free
s26390,Riya Hall,24,Other,Germany,3/28/2020,Free
s26391,Aarav Brown,22,Male,Canada,1/7/2022,Yearly
s26392,Mia Wilson,26,Female,USA,12/1/2020,Free
s26393,Vihaan Taylor,66,Female,UK,10/25/2021,Yearly
s26394,Riya Davis,39,Other,India,7/11/2021,Monthly
s26395,Mia Anderson,18,Male,Germany,12/19/2020,Free
s26396,Isabella Singh,26,Other,USA,5/28/2022,Monthly
s26397,Zara Taylor,63,Male,Germany,9/16/2019,Yearly
s26398,Liam Patel,27,Other,USA,10/5/2020,Monthly
s26399,Sophia Thomas,19,Male,Australia,3/4/2022,Yearly
s26400,Isabella Johnson,24,Female,Germany,10/16/2020,Monthly
s26401,Olivia Johnson,47,Male,India,7/6/2019,Monthly
s26402,Benjamin Lee,27,Other,India,1/15/2019,Free
s26403,Liam Patel,20,Male,Germany,8/24/2022,Yearly
s26404,Eva Taylor,54,Other,USA,12/31/2020,Free
s26405,Mia Moore,20,Other,Canada,7/8/2019,Monthly
s26406,Ethan Taylor,28,Female,India,4/1/2021,Free
s26407,Sophia Walker,20,Other,Canada,5/10/2019,Yearly
s26408,Eva Wilson,66,Other,UK,2/26/2020,Yearly
s26409,Emma Davis,25,Male,India,7/2/2021,Yearly
s26410,Zara Verma,22,Female,Germany,7/14/2022,Monthly
s26411,Aarav Taylor,23,Other,UK,3/27/2019,Yearly
s26412,Karan Thomas,41,Other,India,3/28/2022,Yearly
s26413,Lucas Walker,20,Other,Germany,11/10/2021,Monthly
s26414,Aarav Moore,23,Female,Germany,9/27/2021,Free
s26415,Sophia Martin,32,Female,India,6/18/2021,Monthly
s26416,Ethan Taylor,28,Male,Canada,11/1/2019,Monthly
s26417,Meera Verma,37,Male,Canada,5/6/2022,Free
s26418,Benjamin Hall,45,Female,UK,5/20/2021,Yearly
s26419,Aarav Lee,20,Other,Australia,9/22/2022,Yearly
s26420,Zara Brown,24,Female,UK,5/23/2022,Monthly
s26421,Ethan Lee,23,Other,India,8/27/2022,Free
s26422,Mia Wilson,22,Female,USA,1/4/2022,Yearly
s26423,Olivia Davis,23,Male,Canada,9/26/2020,Yearly
s26424,Benjamin Lee,29,Female,Canada,12/14/2020,Monthly
s26425,Noah Lewis,22,Male,India,7/15/2021,Monthly
s26426,Vihaan Smith,63,Male,Germany,8/6/2022,Free
s26427,Aanya Clark,46,Male,USA,6/9/2021,Yearly
s26428,Lucas Singh,21,Other,USA,2/6/2020,Free
s26429,Zara Verma,25,Male,Australia,3/31/2021,Free
s26430,Arjun Moore,67,Other,Canada,5/7/2021,Free
s26431,Karan Johnson,25,Female,UK,1/16/2020,Free
s26432,Ethan Sharma,23,Male,Germany,7/8/2019,Yearly
s26433,Eva Singh,23,Other,Canada,9/27/2019,Monthly
s26434,Isabella Hall,26,Male,Australia,1/30/2022,Yearly
s26435,Olivia Hall,25,Other,USA,6/9/2022,Monthly
s26436,Sophia Davis,18,Other,UK,10/29/2019,Free
s26437,Arjun Smith,52,Male,UK,9/19/2022,Monthly
s26438,Arjun Hall,27,Female,Australia,4/9/2022,Monthly
s26439,Benjamin Verma,19,Male,UK,6/29/2021,Yearly
s26440,Isabella Lewis,58,Other,India,3/27/2021,Free
s26441,Zara Moore,18,Other,UK,2/28/2021,Monthly
s26442,Emma Johnson,24,Female,Germany,1/24/2021,Monthly
s26443,Eva Patel,58,Female,UK,3/31/2021,Monthly
s26444,Arjun Singh,44,Male,India,10/17/2021,Free
s26445,Noah Patel,27,Female,UK,4/14/2021,Free
s26446,Aanya Hall,25,Other,Canada,4/13/2019,Yearly
s26447,Aanya Taylor,43,Other,Australia,3/17/2021,Yearly
s26448,Mia Patel,18,Male,Canada,12/24/2022,Monthly
s26449,Aarav Anderson,26,Other,USA,7/11/2022,Monthly
s26450,Karan Thomas,30,Male,Canada,3/8/2019,Yearly
s26451,Emma Miller,46,Other,UK,7/9/2021,Yearly
s26452,Meera Walker,26,Female,UK,10/18/2020,Yearly
s26453,Amelia Verma,18,Other,Australia,12/26/2021,Free
s26454,Isabella Moore,43,Male,Germany,9/16/2020,Free
s26455,Karan Martin,63,Male,Australia,4/14/2021,Monthly
s26456,Vihaan Lewis,21,Female,Canada,7/12/2019,Monthly
s26457,Olivia Smith,27,Male,Australia,11/7/2020,Yearly
s26458,Liam Brown,19,Female,Australia,7/9/2022,Monthly
s26459,Olivia Martin,51,Male,India,3/23/2021,Free
s26460,Emma Sharma,22,Other,India,12/26/2020,Yearly
s26461,Emma Clark,27,Female,Germany,2/17/2021,Yearly
s26462,Karan Clark,24,Female,Australia,11/29/2022,Yearly
s26463,Emma Singh,18,Other,India,11/17/2022,Yearly
s26464,Sophia Moore,25,Other,Germany,7/11/2020,Free
s26465,Aanya Anderson,21,Female,India,2/5/2022,Monthly
s26466,Eva Miller,20,Male,India,7/11/2020,Free
s26467,Eva Lee,36,Other,Australia,12/10/2021,Yearly
s26468,Benjamin Davis,30,Female,USA,2/17/2022,Monthly
s26469,Zara Moore,19,Male,Germany,1/15/2020,Yearly
s26470,Karan Taylor,40,Male,India,12/22/2021,Free
s26471,Eva Smith,40,Male,Australia,7/14/2020,Yearly
s26472,Aanya Brown,23,Male,Germany,12/6/2022,Free
s26473,Karan Lee,31,Other,UK,6/3/2019,Monthly
s26474,Aarav Patel,25,Male,Australia,5/20/2019,Monthly
s26475,Meera Taylor,20,Other,USA,4/12/2022,Free
s26476,Olivia Moore,25,Other,Canada,4/13/2020,Yearly
s26477,Aarav Lewis,47,Other,USA,6/28/2019,Monthly
s26478,Benjamin Walker,23,Male,USA,7/29/2020,Monthly
s26479,Ethan Hall,35,Female,India,5/26/2022,Monthly
s26480,Meera Lewis,27,Male,USA,10/31/2019,Free
s26481,Zara Davis,26,Male,UK,6/13/2022,Yearly
s26482,Olivia Clark,22,Male,USA,12/19/2020,Free
s26483,Amelia Clark,25,Female,Germany,10/28/2022,Monthly
s26484,Ethan Johnson,39,Female,Australia,9/9/2021,Monthly
s26485,Mia Martin,18,Male,UK,4/2/2019,Free
s26486,Isabella Walker,52,Male,UK,5/22/2020,Monthly
s26487,Mia Sharma,21,Other,Germany,10/12/2020,Yearly
s26488,Aanya Thomas,24,Male,Germany,9/24/2019,Free
s26489,Liam Singh,30,Male,Canada,10/26/2020,Free
s26490,Zara Moore,29,Female,Germany,9/13/2021,Free
s26491,Karan Johnson,21,Male,Germany,4/6/2021,Monthly
s26492,Karan Verma,30,Female,UK,9/15/2022,Free
s26493,Benjamin Taylor,19,Male,USA,6/3/2022,Yearly
s26494,Benjamin Miller,25,Male,Australia,8/23/2020,Monthly
s26495,Isabella Miller,24,Male,Germany,6/18/2021,Yearly
s26496,Arjun Davis,21,Male,Australia,10/10/2019,Yearly
s26497,Meera Verma,20,Male,India,3/28/2021,Monthly
s26498,Karan Clark,38,Male,Canada,11/9/2021,Monthly
s26499,Olivia Martin,24,Male,India,3/4/2020,Monthly
s26500,Zara Wilson,19,Male,Australia,8/6/2022,Monthly
s26501,Mia Sharma,18,Other,India,12/3/2021,Yearly
s26502,Aarav Patel,19,Other,UK,6/1/2020,Yearly
s26503,Lucas Brown,56,Female,India,8/28/2019,Monthly
s26504,Riya Martin,24,Other,USA,2/10/2021,Monthly
s26505,Sophia Smith,26,Other,Germany,11/26/2021,Monthly
s26506,Arjun Sharma,65,Male,Australia,2/11/2019,Monthly
s26507,Amelia Miller,36,Male,USA,5/25/2020,Yearly
s26508,Karan Johnson,20,Female,Australia,4/19/2021,Monthly
s26509,Amelia Hall,24,Female,Australia,2/19/2022,Yearly
s26510,Mia Verma,51,Other,UK,12/8/2021,Monthly
s26511,Amelia Martin,21,Other,UK,2/4/2020,Yearly
s26512,Noah Anderson,36,Male,Australia,6/24/2019,Yearly
s26513,Benjamin Davis,43,Other,USA,4/1/2021,Free
s26514,Sophia Clark,24,Male,Australia,3/11/2021,Monthly
s26515,Noah Miller,27,Female,USA,3/1/2021,Yearly
s26516,Noah Sharma,22,Female,UK,4/20/2019,Monthly
s26517,Isabella Johnson,20,Male,USA,12/29/2022,Yearly
s26518,Mia Lee,28,Other,Germany,9/20/2021,Monthly
s26519,Lucas Sharma,22,Other,UK,2/1/2022,Monthly
s26520,Arjun Patel,41,Other,UK,6/20/2022,Free
s26521,Amelia Patel,24,Other,India,11/13/2020,Monthly
s26522,Meera Lee,40,Male,USA,12/12/2020,Free
s26523,Olivia Sharma,25,Female,Australia,4/20/2020,Free
s26524,Karan Thomas,29,Male,Australia,5/9/2020,Yearly
s26525,Noah Thomas,26,Other,UK,3/12/2022,Free
s26526,Riya Miller,37,Other,USA,4/23/2022,Free
s26527,Aarav Taylor,36,Other,Germany,5/24/2022,Free
s26528,Amelia Walker,43,Male,Germany,1/9/2021,Monthly
s26529,Benjamin Moore,22,Other,Canada,11/22/2020,Free
s26530,Olivia Brown,18,Male,Canada,2/9/2019,Yearly
s26531,Liam Smith,45,Male,Canada,12/24/2020,Monthly
s26532,Isabella Anderson,25,Other,India,9/29/2022,Free
s26533,Benjamin Martin,23,Male,Australia,8/12/2021,Monthly
s26534,Liam Clark,47,Male,India,12/18/2022,Yearly
s26535,Eva Taylor,35,Female,Germany,6/23/2020,Yearly
s26536,Ethan Lewis,20,Other,Germany,1/10/2022,Free
s26537,Mia Wilson,23,Female,Canada,8/18/2021,Yearly
s26538,Meera Smith,25,Male,India,8/6/2019,Yearly
s26539,Ethan Sharma,25,Other,Canada,2/5/2022,Monthly
s26540,Zara Lewis,19,Male,Canada,1/25/2019,Free
s26541,Isabella Johnson,65,Female,India,10/22/2019,Monthly
s26542,Riya Hall,21,Other,Canada,2/25/2021,Free
s26543,Liam Clark,28,Male,UK,8/24/2020,Monthly
s26544,Zara Sharma,43,Other,Australia,8/22/2021,Monthly
s26545,Emma Lewis,22,Male,Germany,6/23/2022,Free
s26546,Riya Sharma,19,Male,USA,1/8/2021,Free
s26547,Sophia Taylor,18,Other,Germany,9/26/2020,Free
s26548,Lucas Smith,20,Male,India,11/25/2021,Monthly
s26549,Olivia Clark,26,Other,Canada,2/9/2022,Yearly
s26550,Riya Sharma,27,Male,India,11/27/2020,Free
s26551,Olivia Lee,26,Male,USA,9/16/2021,Monthly
s26552,Arjun Miller,43,Other,Germany,10/14/2020,Free
s26553,Isabella Anderson,27,Female,USA,4/8/2021,Free
s26554,Aarav Thomas,31,Male,Germany,1/17/2020,Monthly
s26555,Benjamin Singh,29,Female,UK,10/15/2020,Monthly
s26556,Liam Patel,22,Female,India,2/10/2019,Free
s26557,Olivia Taylor,24,Female,Germany,1/25/2021,Free
s26558,Isabella Sharma,50,Female,Australia,4/27/2020,Monthly
s26559,Karan Brown,31,Other,India,10/9/2019,Yearly
s26560,Aarav Clark,28,Male,USA,3/1/2021,Monthly
s26561,Emma Sharma,32,Other,India,4/1/2020,Monthly
s26562,Riya Thomas,65,Female,USA,6/7/2019,Yearly
s26563,Arjun Moore,39,Female,India,5/26/2019,Yearly
s26564,Sophia Thomas,21,Male,UK,2/9/2021,Monthly
s26565,Aarav Wilson,19,Female,India,8/18/2022,Monthly
s26566,Olivia Martin,22,Other,Australia,10/24/2019,Yearly
s26567,Aanya Brown,48,Female,India,5/22/2022,Free
s26568,Arjun Davis,22,Female,UK,9/5/2021,Free
s26569,Zara Brown,22,Other,Germany,10/2/2020,Free
s26570,Eva Taylor,25,Female,Australia,10/5/2020,Monthly
s26571,Eva Anderson,25,Other,Canada,7/5/2021,Free
s26572,Isabella Patel,21,Female,India,9/30/2021,Monthly
s26573,Riya Patel,40,Female,Germany,3/9/2020,Free
s26574,Ethan Davis,27,Other,India,3/30/2022,Free
s26575,Lucas Walker,23,Female,Canada,1/30/2022,Yearly
s26576,Aanya Thomas,21,Female,USA,8/14/2020,Yearly
s26577,Liam Singh,19,Female,India,11/18/2021,Free
s26578,Vihaan Lee,59,Other,USA,11/11/2022,Free
s26579,Liam Singh,23,Other,USA,1/18/2019,Monthly
s26580,Vihaan Clark,42,Male,Australia,3/22/2022,Monthly
s26581,Aanya Johnson,22,Male,Germany,5/12/2021,Monthly
s26582,Emma Moore,31,Female,USA,5/9/2020,Yearly
s26583,Vihaan Anderson,26,Other,India,7/13/2022,Yearly
s26584,Isabella Smith,41,Male,Canada,5/16/2021,Monthly
s26585,Meera Anderson,18,Other,Canada,8/4/2021,Free
s26586,Emma Wilson,63,Female,India,7/18/2020,Yearly
s26587,Liam Lewis,30,Other,USA,11/1/2019,Free
s26588,Emma Lee,23,Female,Australia,12/25/2019,Free
s26589,Aanya Verma,18,Other,USA,1/3/2019,Free
s26590,Liam Smith,25,Other,Germany,10/26/2020,Yearly
s26591,Aanya Thomas,21,Other,USA,7/19/2020,Free
s26592,Olivia Hall,21,Female,Australia,8/5/2021,Monthly
s26593,Arjun Walker,40,Other,India,4/24/2019,Monthly
s26594,Amelia Hall,24,Other,Australia,6/14/2019,Free
s26595,Sophia Verma,43,Other,USA,2/16/2019,Free
s26596,Liam Walker,18,Female,Canada,9/19/2021,Free
s26597,Aanya Singh,44,Female,India,12/5/2020,Monthly
s26598,Aarav Verma,18,Female,Australia,3/5/2020,Monthly
s26599,Mia Hall,58,Male,Australia,1/23/2021,Monthly
s26600,Riya Miller,20,Other,Canada,12/26/2020,Yearly
s26601,Zara Moore,24,Other,UK,9/30/2022,Monthly
s26602,Mia Lee,41,Female,Germany,2/16/2022,Monthly
s26603,Arjun Singh,20,Female,India,2/22/2020,Free
s26604,Ethan Walker,25,Other,India,12/24/2022,Yearly
s26605,Amelia Lee,19,Female,Canada,6/8/2020,Monthly
s26606,Riya Singh,21,Male,UK,3/18/2019,Yearly
s26607,Lucas Martin,24,Male,Germany,12/7/2020,Monthly
s26608,Amelia Moore,38,Other,USA,6/12/2020,Free
s26609,Aanya Anderson,25,Female,UK,4/25/2021,Monthly
s26610,Vihaan Verma,27,Male,USA,11/16/2021,Free
s26611,Eva Patel,56,Female,Australia,3/31/2021,Free
s26612,Amelia Martin,49,Other,Canada,3/26/2019,Yearly
s26613,Noah Johnson,21,Other,UK,8/19/2022,Free
s26614,Amelia Davis,39,Other,Australia,11/19/2019,Yearly
s26615,Noah Wilson,20,Other,Canada,6/8/2021,Yearly
s26616,Eva Johnson,34,Female,Germany,12/7/2021,Free
s26617,Zara Wilson,51,Male,UK,4/18/2020,Monthly
s26618,Eva Miller,60,Other,USA,9/9/2020,Yearly
s26619,Olivia Hall,18,Male,India,2/27/2019,Free
s26620,Karan Smith,27,Other,USA,8/28/2021,Free
s26621,Lucas Taylor,62,Other,Germany,10/12/2022,Free
s26622,Zara Verma,19,Other,India,9/24/2020,Monthly
s26623,Aanya Brown,26,Male,India,5/12/2021,Yearly
s26624,Isabella Verma,27,Other,India,1/22/2021,Free
s26625,Isabella Taylor,26,Other,Australia,5/29/2022,Monthly
s26626,Aanya Moore,24,Male,India,10/19/2021,Monthly
s26627,Eva Martin,24,Other,UK,9/11/2022,Free
s26628,Riya Thomas,63,Male,USA,4/15/2022,Monthly
s26629,Lucas Anderson,23,Other,Canada,4/15/2021,Free
s26630,Mia Johnson,18,Male,USA,10/4/2021,Yearly
s26631,Karan Brown,56,Female,Canada,11/7/2019,Yearly
s26632,Sophia Martin,20,Male,UK,11/9/2022,Monthly
s26633,Ethan Thomas,32,Female,Canada,5/1/2022,Monthly
s26634,Benjamin Verma,19,Female,Germany,8/15/2020,Yearly
s26635,Aarav Johnson,32,Other,UK,3/29/2022,Yearly
s26636,Aanya Miller,22,Male,India,5/11/2019,Free
s26637,Meera Miller,62,Male,India,2/6/2019,Yearly
s26638,Meera Wilson,23,Other,UK,4/8/2021,Free
s26639,Aanya Lewis,23,Male,Germany,12/9/2022,Free
s26640,Riya Walker,42,Female,Canada,10/28/2020,Free
s26641,Mia Walker,19,Other,Canada,6/27/2022,Monthly
s26642,Arjun Walker,19,Female,Australia,5/15/2019,Yearly
s26643,Zara Martin,36,Male,Germany,3/16/2019,Free
s26644,Karan Thomas,18,Female,Australia,6/8/2020,Yearly
s26645,Aarav Taylor,22,Female,Australia,10/30/2020,Monthly
s26646,Aarav Singh,19,Other,Australia,7/31/2021,Monthly
s26647,Zara Taylor,25,Female,UK,6/10/2022,Monthly
s26648,Noah Wilson,25,Male,USA,7/29/2020,Yearly
s26649,Liam Hall,23,Female,UK,4/30/2021,Yearly
s26650,Karan Johnson,35,Other,Australia,10/2/2019,Monthly
s26651,Benjamin Walker,20,Other,UK,12/12/2020,Yearly
s26652,Lucas Hall,35,Female,India,4/8/2020,Free
s26653,Aanya Verma,25,Other,Australia,9/2/2021,Free
s26654,Karan Miller,20,Male,Canada,1/29/2020,Yearly
s26655,Eva Sharma,26,Female,UK,6/26/2019,Yearly
s26656,Aanya Lee,47,Male,Germany,9/17/2022,Monthly
s26657,Meera Johnson,67,Male,USA,10/18/2020,Free
s26658,Noah Johnson,44,Male,Australia,4/28/2022,Free
s26659,Amelia Singh,18,Other,Canada,5/6/2022,Yearly
s26660,Riya Lewis,26,Female,Australia,5/26/2022,Yearly
s26661,Olivia Miller,23,Male,Canada,5/24/2021,Monthly
s26662,Emma Hall,49,Other,UK,7/23/2019,Monthly
s26663,Lucas Walker,25,Other,Canada,3/20/2020,Yearly
s26664,Arjun Taylor,38,Other,USA,12/21/2021,Monthly
s26665,Karan Smith,23,Female,Canada,8/17/2019,Yearly
s26666,Benjamin Anderson,40,Other,USA,8/20/2022,Free
s26667,Benjamin Lee,41,Other,India,8/12/2020,Yearly
s26668,Isabella Wilson,20,Female,UK,4/11/2020,Yearly
s26669,Mia Moore,25,Other,USA,12/3/2022,Free
s26670,Zara Sharma,27,Female,Canada,6/10/2022,Free
s26671,Amelia Wilson,20,Female,Germany,3/19/2019,Free
s26672,Arjun Martin,20,Male,Australia,4/8/2022,Yearly
s26673,Karan Thomas,37,Male,Germany,7/30/2021,Yearly
s26674,Mia Johnson,22,Male,UK,5/3/2022,Monthly
s26675,Mia Martin,48,Female,Australia,10/14/2019,Monthly
s26676,Noah Anderson,58,Other,USA,12/7/2021,Yearly
s26677,Zara Anderson,47,Other,Australia,7/26/2022,Free
s26678,Liam Lee,25,Other,Australia,3/5/2021,Yearly
s26679,Arjun Martin,27,Female,India,5/14/2020,Yearly
s26680,Emma Clark,66,Other,Canada,9/18/2022,Monthly
s26681,Lucas Lee,19,Other,Germany,5/31/2020,Monthly
s26682,Arjun Taylor,21,Male,Canada,6/12/2022,Yearly
s26683,Aarav Martin,26,Female,USA,1/30/2019,Yearly
s26684,Noah Wilson,29,Male,USA,8/19/2021,Monthly
s26685,Eva Lewis,18,Female,India,7/15/2019,Free
s26686,Karan Wilson,24,Other,USA,10/1/2019,Free
s26687,Lucas Hall,20,Other,Canada,5/30/2021,Free
s26688,Sophia Miller,22,Male,Australia,6/30/2020,Free
s26689,Riya Thomas,34,Male,India,2/6/2021,Yearly
s26690,Riya Lee,31,Male,Canada,11/28/2019,Monthly
s26691,Riya Lewis,62,Other,USA,1/18/2019,Free
s26692,Amelia Smith,40,Female,UK,4/22/2020,Free
s26693,Emma Walker,27,Other,USA,10/11/2020,Monthly
s26694,Eva Taylor,19,Other,UK,11/24/2022,Monthly
s26695,Amelia Lee,24,Other,UK,12/14/2022,Yearly
s26696,Noah Brown,18,Other,Germany,5/28/2021,Monthly
s26697,Lucas Sharma,21,Other,Australia,1/31/2020,Free
s26698,Liam Wilson,57,Female,India,3/28/2019,Yearly
s26699,Ethan Miller,19,Other,Canada,8/8/2021,Yearly
s26700,Meera Lee,22,Female,USA,1/1/2020,Free
s26701,Benjamin Hall,39,Female,UK,3/10/2020,Free
s26702,Noah Taylor,25,Other,UK,9/16/2021,Free
s26703,Vihaan Hall,20,Female,Germany,10/6/2022,Free
s26704,Zara Clark,20,Other,Australia,4/22/2019,Monthly
s26705,Liam Lewis,23,Male,UK,11/5/2021,Free
s26706,Lucas Lewis,47,Female,India,3/22/2022,Monthly
s26707,Vihaan Singh,18,Male,India,2/1/2019,Free
s26708,Liam Moore,24,Female,Germany,5/2/2022,Monthly
s26709,Aanya Smith,27,Male,Australia,1/28/2022,Yearly
s26710,Riya Hall,27,Other,UK,3/20/2020,Free
s26711,Aarav Sharma,30,Male,India,7/20/2021,Monthly
s26712,Sophia Anderson,23,Female,India,3/30/2020,Free
s26713,Riya Thomas,33,Female,Australia,12/19/2019,Yearly
s26714,Noah Davis,24,Male,Canada,1/4/2021,Monthly
s26715,Ethan Verma,19,Other,Australia,3/24/2020,Monthly
s26716,Mia Brown,23,Other,Australia,1/21/2021,Free
s26717,Amelia Smith,23,Male,UK,4/27/2020,Yearly
s26718,Lucas Davis,25,Other,Canada,2/3/2019,Free
s26719,Benjamin Patel,24,Female,Germany,11/2/2022,Monthly
s26720,Emma Patel,40,Other,Australia,10/29/2020,Free
s26721,Amelia Davis,27,Female,Germany,8/22/2021,Free
s26722,Zara Wilson,27,Male,Canada,5/22/2021,Yearly
s26723,Ethan Patel,47,Other,UK,2/13/2019,Monthly
s26724,Mia Walker,19,Male,Canada,4/5/2019,Monthly
s26725,Amelia Singh,39,Male,USA,6/4/2020,Yearly
s26726,Sophia Miller,25,Female,USA,12/6/2022,Free
s26727,Olivia Walker,42,Male,USA,5/19/2022,Free
s26728,Eva Johnson,42,Male,USA,6/27/2020,Free
s26729,Benjamin Brown,21,Other,Germany,3/28/2019,Yearly
s26730,Eva Walker,26,Female,Australia,1/10/2020,Monthly
s26731,Sophia Hall,56,Female,Australia,12/23/2021,Monthly
s26732,Emma Smith,53,Female,Australia,1/11/2020,Monthly
s26733,Sophia Smith,24,Female,Canada,10/18/2021,Free
s26734,Aarav Lewis,21,Male,Germany,8/21/2021,Free
s26735,Meera Lewis,41,Male,UK,2/20/2021,Monthly
s26736,Aarav Miller,25,Male,India,2/4/2021,Monthly
s26737,Vihaan Miller,20,Other,Canada,3/24/2019,Monthly
s26738,Karan Moore,43,Female,Australia,4/29/2021,Monthly
s26739,Isabella Thomas,44,Other,UK,3/10/2021,Yearly
s26740,Ethan Lee,28,Other,USA,7/8/2022,Yearly
s26741,Emma Moore,21,Other,UK,3/18/2020,Free
s26742,Sophia Sharma,66,Other,USA,4/6/2022,Free
s26743,Sophia Smith,33,Female,USA,3/5/2019,Yearly
s26744,Sophia Brown,44,Male,Germany,10/10/2022,Yearly
s26745,Aarav Martin,27,Male,Canada,12/26/2020,Free
s26746,Riya Brown,33,Female,USA,5/25/2022,Free
s26747,Noah Thomas,24,Other,USA,4/2/2022,Free
s26748,Amelia Singh,26,Male,UK,1/22/2021,Yearly
s26749,Eva Taylor,21,Male,UK,6/10/2022,Free
s26750,Emma Hall,20,Male,Australia,12/7/2022,Monthly
s26751,Liam Sharma,21,Male,UK,8/15/2022,Monthly
s26752,Amelia Patel,57,Other,Germany,12/28/2021,Monthly
s26753,Ethan Miller,58,Female,UK,6/9/2021,Yearly
s26754,Liam Lewis,19,Male,Canada,4/14/2019,Monthly
s26755,Amelia Taylor,57,Male,UK,8/14/2021,Free
s26756,Ethan Brown,48,Male,Canada,7/22/2020,Yearly
s26757,Riya Brown,39,Female,UK,7/10/2020,Yearly
s26758,Arjun Brown,33,Female,UK,11/26/2022,Yearly
s26759,Emma Thomas,18,Other,India,2/11/2021,Free
s26760,Benjamin Martin,25,Other,Australia,2/28/2019,Free
s26761,Noah Miller,19,Female,Germany,2/17/2019,Free
s26762,Aanya Hall,50,Other,USA,8/6/2021,Monthly
s26763,Aarav Miller,35,Male,Canada,4/5/2021,Free
s26764,Riya Brown,39,Other,Australia,5/4/2021,Yearly
s26765,Arjun Hall,37,Male,UK,3/18/2021,Monthly
s26766,Vihaan Sharma,19,Male,Australia,3/31/2020,Yearly
s26767,Meera Singh,21,Female,UK,5/29/2019,Monthly
s26768,Sophia Walker,21,Male,India,11/13/2022,Free
s26769,Mia Anderson,20,Male,USA,7/20/2022,Monthly
s26770,Mia Verma,27,Male,Australia,5/1/2022,Yearly
s26771,Emma Hall,22,Female,UK,6/28/2019,Monthly
s26772,Aarav Anderson,26,Male,Canada,10/19/2019,Yearly
s26773,Riya Taylor,21,Other,UK,12/16/2019,Free
s26774,Isabella Martin,29,Male,Canada,7/21/2022,Free
s26775,Isabella Anderson,31,Other,UK,11/20/2022,Monthly
s26776,Riya Moore,19,Male,Canada,10/25/2020,Yearly
s26777,Emma Davis,25,Male,UK,10/6/2019,Yearly
s26778,Olivia Lee,21,Male,Australia,3/25/2021,Yearly
s26779,Zara Patel,64,Male,UK,4/5/2020,Free
s26780,Mia Walker,39,Other,UK,6/16/2019,Free
s26781,Karan Thomas,47,Other,UK,11/24/2021,Free
s26782,Arjun Johnson,49,Male,USA,6/19/2019,Monthly
s26783,Vihaan Smith,19,Other,UK,11/9/2019,Yearly
s26784,Ethan Hall,18,Other,USA,12/27/2019,Free
s26785,Sophia Smith,52,Female,Canada,11/21/2019,Monthly
s26786,Mia Clark,41,Male,USA,8/18/2021,Monthly
s26787,Riya Wilson,22,Other,Germany,12/13/2019,Monthly
s26788,Arjun Miller,39,Female,USA,10/4/2019,Free
s26789,Lucas Verma,26,Other,USA,10/1/2021,Free
s26790,Aanya Taylor,22,Male,UK,5/24/2021,Yearly
s26791,Meera Taylor,31,Female,USA,2/15/2021,Free
s26792,Noah Davis,61,Female,Germany,2/1/2022,Monthly
s26793,Aarav Hall,18,Male,India,2/15/2019,Yearly
s26794,Emma Hall,24,Male,Germany,3/1/2019,Yearly
s26795,Sophia Taylor,19,Female,USA,5/30/2021,Yearly
s26796,Olivia Singh,37,Male,UK,4/12/2021,Monthly
s26797,Zara Walker,28,Male,Germany,12/4/2021,Yearly
s26798,Eva Clark,20,Female,India,6/18/2019,Monthly
s26799,Noah Clark,23,Other,India,2/1/2022,Yearly
s26800,Karan Johnson,23,Male,USA,5/28/2021,Yearly
s26801,Noah Singh,19,Other,Australia,6/6/2022,Monthly
s26802,Arjun Lee,45,Female,Germany,8/27/2019,Monthly
s26803,Ethan Moore,40,Other,UK,3/13/2021,Free
s26804,Noah Wilson,19,Male,India,7/7/2019,Free
s26805,Eva Sharma,25,Male,Australia,11/11/2019,Free
s26806,Sophia Davis,26,Male,Canada,8/28/2019,Yearly
s26807,Emma Hall,20,Female,India,9/29/2022,Monthly
s26808,Arjun Clark,24,Female,USA,10/6/2019,Free
s26809,Amelia Moore,21,Other,Germany,5/19/2019,Free
s26810,Benjamin Miller,25,Other,Canada,12/24/2021,Free
s26811,Zara Hall,25,Other,Australia,11/26/2021,Free
s26812,Liam Singh,24,Other,Canada,3/26/2021,Yearly
s26813,Aarav Smith,24,Male,UK,6/23/2019,Yearly
s26814,Aanya Sharma,39,Female,Australia,1/20/2020,Monthly
s26815,Arjun Wilson,24,Male,UK,6/2/2019,Monthly
s26816,Amelia Miller,21,Male,USA,6/15/2019,Free
s26817,Karan Moore,45,Other,India,7/5/2022,Yearly
s26818,Emma Verma,31,Other,India,3/23/2021,Free
s26819,Ethan Anderson,21,Male,UK,5/23/2021,Monthly
s26820,Zara Wilson,26,Female,India,6/23/2020,Free
s26821,Emma Singh,31,Female,UK,3/3/2020,Monthly
s26822,Isabella Anderson,22,Other,India,2/27/2020,Yearly
s26823,Aanya Thomas,23,Female,Canada,11/14/2019,Free
s26824,Olivia Brown,25,Other,USA,8/30/2021,Yearly
s26825,Benjamin Walker,27,Male,UK,2/13/2020,Yearly
s26826,Arjun Hall,18,Female,Canada,2/23/2021,Monthly
s26827,Amelia Lee,38,Other,UK,5/2/2020,Yearly
s26828,Isabella Lee,47,Other,UK,8/10/2019,Monthly
s26829,Benjamin Clark,57,Female,Germany,3/22/2021,Yearly
s26830,Eva Sharma,27,Male,Australia,4/5/2021,Yearly
s26831,Eva Martin,34,Other,USA,11/14/2022,Monthly
s26832,Isabella Walker,18,Female,Australia,8/13/2021,Monthly
s26833,Emma Anderson,22,Other,Canada,12/18/2019,Monthly
s26834,Ethan Thomas,25,Male,India,10/28/2021,Free
s26835,Mia Johnson,26,Other,India,12/21/2021,Free
s26836,Olivia Brown,36,Other,India,6/12/2022,Monthly
s26837,Sophia Clark,20,Other,Canada,2/11/2019,Free
s26838,Zara Sharma,55,Male,UK,1/23/2019,Yearly
s26839,Eva Clark,20,Male,India,1/20/2022,Free
s26840,Eva Singh,40,Female,UK,11/27/2021,Monthly
s26841,Isabella Walker,18,Female,Germany,8/2/2022,Monthly
s26842,Aanya Patel,22,Male,Australia,8/22/2019,Monthly
s26843,Olivia Clark,22,Other,USA,7/26/2019,Free
s26844,Karan Sharma,43,Other,USA,12/31/2019,Monthly
s26845,Meera Johnson,36,Female,Canada,10/27/2019,Yearly
s26846,Aarav Martin,28,Male,Canada,2/8/2019,Yearly
s26847,Karan Davis,46,Male,UK,3/2/2022,Free
s26848,Aarav Brown,25,Female,Australia,8/2/2019,Yearly
s26849,Meera Davis,23,Male,UK,3/17/2022,Monthly
s26850,Aarav Singh,30,Female,USA,6/25/2019,Monthly
s26851,Emma Brown,20,Other,Australia,12/7/2020,Yearly
s26852,Zara Singh,25,Male,Germany,12/25/2021,Monthly
s26853,Aarav Miller,18,Other,Canada,6/22/2020,Monthly
s26854,Benjamin Singh,44,Other,Canada,5/27/2021,Free
s26855,Liam Brown,27,Other,UK,7/15/2021,Yearly
s26856,Meera Miller,56,Female,Germany,11/28/2022,Monthly
s26857,Benjamin Miller,25,Female,Germany,1/14/2019,Monthly
s26858,Aanya Moore,21,Female,India,12/3/2022,Free
s26859,Liam Brown,40,Female,UK,9/19/2020,Free
s26860,Riya Walker,50,Other,UK,4/27/2019,Yearly
s26861,Liam Sharma,26,Male,Canada,3/19/2020,Free
s26862,Mia Taylor,64,Other,UK,12/9/2019,Free
s26863,Lucas Anderson,21,Male,Australia,8/8/2021,Free
s26864,Noah Sharma,21,Male,India,11/10/2020,Yearly
s26865,Lucas Anderson,25,Other,Australia,2/23/2019,Monthly
s26866,Olivia Anderson,39,Female,India,10/21/2019,Yearly
s26867,Amelia Anderson,18,Female,India,6/28/2020,Monthly
s26868,Sophia Patel,33,Female,UK,5/11/2020,Yearly
s26869,Liam Moore,49,Other,Germany,6/15/2020,Monthly
s26870,Arjun Wilson,28,Female,Canada,11/10/2019,Yearly
s26871,Lucas Taylor,45,Male,UK,3/4/2020,Free
s26872,Karan Clark,22,Female,India,2/8/2021,Yearly
s26873,Ethan Thomas,21,Female,UK,12/9/2022,Yearly
s26874,Zara Sharma,20,Female,Canada,1/1/2019,Yearly
s26875,Amelia Hall,20,Male,Canada,2/17/2021,Yearly
s26876,Emma Lee,30,Other,Australia,9/4/2022,Monthly
s26877,Riya Verma,25,Other,Canada,8/3/2021,Monthly
s26878,Mia Sharma,21,Female,India,1/29/2022,Monthly
s26879,Liam Thomas,34,Female,Germany,11/25/2019,Free
s26880,Eva Brown,22,Male,India,6/10/2022,Free
s26881,Arjun Brown,18,Male,Australia,7/28/2020,Free
s26882,Karan Taylor,20,Female,Australia,10/27/2022,Monthly
s26883,Lucas Patel,41,Male,Canada,11/25/2020,Free
s26884,Aanya Sharma,23,Male,USA,9/14/2022,Yearly
s26885,Meera Sharma,25,Female,USA,10/1/2019,Monthly
s26886,Vihaan Smith,40,Male,Canada,3/5/2021,Monthly
s26887,Zara Miller,27,Female,Australia,6/29/2020,Monthly
s26888,Emma Singh,20,Female,UK,7/27/2022,Yearly
s26889,Aanya Moore,44,Female,Australia,11/11/2022,Free
s26890,Mia Davis,19,Female,Canada,3/16/2022,Monthly
s26891,Sophia Martin,29,Female,Canada,5/2/2019,Free
s26892,Benjamin Hall,51,Male,Australia,10/6/2019,Yearly
s26893,Aanya Miller,26,Other,India,6/28/2021,Free
s26894,Aanya Patel,19,Female,Australia,9/9/2021,Yearly
s26895,Mia Singh,26,Other,USA,10/23/2020,Free
s26896,Noah Lee,26,Female,Germany,11/8/2021,Monthly
s26897,Karan Anderson,25,Male,USA,8/20/2022,Yearly
s26898,Riya Brown,47,Male,USA,11/14/2022,Monthly
s26899,Eva Singh,23,Female,Canada,5/3/2022,Yearly
s26900,Sophia Miller,31,Female,Canada,8/4/2021,Monthly
s26901,Benjamin Anderson,21,Other,Canada,12/21/2022,Monthly
s26902,Arjun Walker,37,Female,Canada,4/7/2019,Free
s26903,Liam Brown,19,Female,Canada,1/20/2021,Monthly
s26904,Eva Thomas,20,Other,UK,6/16/2022,Yearly
s26905,Benjamin Anderson,39,Male,India,10/28/2022,Monthly
s26906,Emma Sharma,22,Male,Germany,8/7/2020,Monthly
s26907,Aarav Brown,18,Other,India,1/21/2020,Monthly
s26908,Liam Martin,22,Female,USA,1/24/2022,Yearly
s26909,Mia Martin,51,Female,UK,8/12/2022,Yearly
s26910,Eva Anderson,62,Other,UK,4/1/2021,Yearly
s26911,Meera Clark,32,Other,Germany,5/11/2021,Yearly
s26912,Zara Thomas,20,Female,Australia,1/20/2019,Free
s26913,Eva Clark,18,Female,India,8/3/2022,Yearly
s26914,Arjun Moore,44,Male,Germany,3/13/2021,Free
s26915,Eva Anderson,20,Female,Australia,9/5/2020,Free
s26916,Benjamin Smith,18,Male,Germany,10/14/2021,Yearly
s26917,Amelia Clark,21,Other,UK,12/31/2019,Yearly
s26918,Riya Walker,44,Male,Germany,10/30/2021,Monthly
s26919,Ethan Thomas,25,Other,India,12/16/2021,Yearly
s26920,Vihaan Walker,24,Female,Germany,3/24/2019,Yearly
s26921,Aarav Sharma,37,Other,UK,2/14/2020,Monthly
s26922,Zara Verma,46,Female,Germany,4/10/2021,Monthly
s26923,Karan Wilson,20,Male,USA,8/8/2022,Free
s26924,Olivia Hall,25,Female,Germany,10/24/2021,Free
s26925,Ethan Hall,25,Female,UK,3/28/2019,Monthly
s26926,Eva Clark,34,Other,UK,7/17/2020,Monthly
s26927,Liam Johnson,25,Other,Canada,2/20/2020,Free
s26928,Meera Moore,23,Other,Canada,1/22/2019,Yearly
s26929,Aarav Moore,20,Male,USA,10/14/2022,Yearly
s26930,Aanya Johnson,40,Female,USA,5/27/2019,Free
s26931,Sophia Taylor,28,Other,Australia,1/11/2021,Free
s26932,Amelia Davis,33,Male,Australia,3/15/2019,Monthly
s26933,Riya Anderson,27,Female,USA,2/28/2022,Free
s26934,Zara Thomas,56,Male,Canada,1/30/2021,Yearly
s26935,Ethan Taylor,26,Other,Germany,5/7/2021,Free
s26936,Mia Hall,24,Male,Canada,11/11/2019,Yearly
s26937,Arjun Martin,27,Female,UK,10/29/2022,Monthly
s26938,Liam Davis,26,Other,Germany,8/3/2020,Monthly
s26939,Emma Lewis,27,Female,Australia,9/4/2022,Monthly
s26940,Benjamin Thomas,18,Other,Canada,10/19/2022,Free
s26941,Lucas Wilson,25,Male,Germany,1/28/2020,Free
s26942,Sophia Singh,21,Other,India,4/26/2019,Free
s26943,Vihaan Miller,21,Male,Canada,5/6/2022,Yearly
s26944,Olivia Hall,27,Female,UK,9/4/2019,Monthly
s26945,Emma Sharma,27,Other,Germany,3/28/2021,Yearly
s26946,Olivia Hall,23,Male,Canada,2/20/2020,Free
s26947,Vihaan Hall,42,Female,Germany,4/28/2020,Free
s26948,Emma Miller,21,Female,Australia,7/14/2021,Yearly
s26949,Aarav Wilson,21,Male,Canada,4/20/2019,Free
s26950,Eva Moore,26,Male,India,8/12/2021,Yearly
s26951,Arjun Johnson,19,Female,India,7/15/2022,Monthly
s26952,Eva Sharma,20,Other,Australia,4/10/2020,Free
s26953,Isabella Brown,37,Other,Australia,3/13/2020,Free
s26954,Noah Taylor,19,Male,USA,3/9/2019,Free
s26955,Ethan Hall,26,Male,USA,1/4/2020,Free
s26956,Emma Miller,31,Male,UK,2/5/2021,Yearly
s26957,Emma Clark,32,Female,India,12/7/2019,Yearly
s26958,Amelia Patel,20,Female,India,9/7/2022,Monthly
s26959,Sophia Johnson,37,Female,Canada,3/12/2019,Monthly
s26960,Olivia Sharma,24,Male,Canada,1/15/2020,Monthly
s26961,Aarav Smith,23,Female,USA,7/19/2019,Monthly
s26962,Riya Lewis,24,Female,Germany,2/25/2019,Yearly
s26963,Zara Lee,21,Female,India,6/28/2022,Free
s26964,Isabella Davis,49,Female,Canada,3/8/2022,Yearly
s26965,Isabella Brown,18,Other,India,6/23/2021,Yearly
s26966,Benjamin Clark,26,Other,Australia,1/14/2019,Monthly
s26967,Liam Moore,44,Other,USA,5/13/2021,Free
s26968,Aarav Patel,24,Other,Canada,12/5/2019,Monthly
s26969,Eva Lee,25,Other,UK,9/28/2021,Monthly
s26970,Noah Patel,27,Other,USA,9/22/2021,Free
s26971,Riya Patel,23,Other,Australia,7/27/2022,Free
s26972,Olivia Smith,40,Male,UK,1/19/2020,Yearly
s26973,Noah Moore,58,Other,India,7/28/2019,Free
s26974,Vihaan Johnson,18,Other,USA,3/30/2022,Yearly
s26975,Riya Davis,30,Other,UK,6/25/2021,Yearly
s26976,Lucas Patel,20,Female,Australia,10/12/2020,Free
s26977,Lucas Moore,58,Female,Canada,2/2/2019,Yearly
s26978,Lucas Taylor,27,Female,Australia,2/4/2020,Free
s26979,Ethan Walker,57,Female,India,6/2/2021,Yearly
s26980,Lucas Lee,31,Female,Germany,8/2/2021,Monthly
s26981,Lucas Walker,22,Male,India,3/8/2020,Monthly
s26982,Isabella Lee,22,Other,Canada,8/1/2021,Monthly
s26983,Emma Clark,26,Male,India,6/20/2020,Yearly
s26984,Sophia Singh,18,Other,Australia,9/22/2019,Free
s26985,Noah Anderson,41,Other,UK,8/13/2021,Monthly
s26986,Isabella Thomas,34,Female,USA,6/27/2019,Monthly
s26987,Benjamin Lee,20,Male,Australia,7/16/2021,Monthly
s26988,Amelia Martin,51,Male,Germany,5/6/2019,Yearly
s26989,Meera Sharma,42,Male,Germany,12/17/2020,Monthly
s26990,Arjun Brown,18,Other,India,9/2/2021,Yearly
s26991,Olivia Wilson,35,Female,USA,5/12/2022,Monthly
s26992,Amelia Sharma,58,Female,USA,6/20/2021,Free
s26993,Vihaan Taylor,18,Other,USA,5/2/2020,Free
s26994,Amelia Wilson,26,Male,UK,11/23/2021,Monthly
s26995,Benjamin Moore,18,Female,Australia,2/6/2020,Monthly
s26996,Ethan Clark,45,Other,Canada,2/13/2021,Yearly
s26997,Aarav Martin,22,Female,Canada,5/16/2019,Yearly
s26998,Vihaan Patel,29,Male,Australia,8/6/2021,Yearly
s26999,Riya Anderson,36,Male,India,10/11/2020,Yearly
s27000,Emma Verma,48,Other,UK,10/29/2020,Monthly
s27001,Arjun Anderson,19,Other,India,3/7/2019,Free
s27002,Aarav Moore,23,Other,USA,1/24/2021,Free
s27003,Amelia Verma,27,Other,USA,8/22/2019,Free
s27004,Riya Brown,25,Female,Australia,8/21/2022,Free
s27005,Eva Taylor,43,Male,Australia,10/16/2021,Yearly
s27006,Benjamin Brown,20,Other,Canada,10/15/2021,Yearly
s27007,Zara Taylor,28,Female,Australia,3/16/2021,Monthly
s27008,Amelia Walker,25,Male,UK,6/1/2021,Free
s27009,Meera Davis,24,Male,India,4/13/2022,Free
s27010,Aanya Singh,63,Other,Germany,4/12/2019,Yearly
s27011,Olivia Hall,19,Female,Australia,6/19/2019,Monthly
s27012,Amelia Lewis,23,Other,Germany,7/3/2019,Monthly
s27013,Mia Hall,23,Female,USA,6/19/2019,Yearly
s27014,Benjamin Singh,25,Female,USA,1/17/2021,Yearly
s27015,Emma Miller,18,Male,Canada,9/15/2021,Monthly
s27016,Vihaan Martin,52,Female,India,6/25/2021,Free
s27017,Sophia Walker,21,Other,USA,9/19/2021,Free
s27018,Karan Lee,58,Other,Australia,10/8/2019,Free
s27019,Amelia Miller,25,Female,USA,3/28/2022,Free
s27020,Olivia Martin,26,Male,USA,1/12/2020,Free
s27021,Sophia Hall,22,Other,India,10/8/2019,Free
s27022,Vihaan Lewis,24,Male,USA,12/19/2019,Yearly
s27023,Meera Lee,36,Male,USA,11/12/2021,Yearly
s27024,Vihaan Wilson,19,Other,USA,7/19/2021,Monthly
s27025,Liam Patel,35,Female,Canada,5/1/2020,Free
s27026,Zara Clark,25,Female,Germany,1/11/2022,Yearly
s27027,Olivia Davis,19,Male,UK,9/22/2021,Free
s27028,Karan Lee,23,Male,UK,10/19/2022,Yearly
s27029,Ethan Clark,43,Female,Australia,1/22/2020,Monthly
s27030,Lucas Miller,19,Other,UK,7/12/2019,Monthly
s27031,Aanya Davis,44,Other,India,8/2/2019,Free
s27032,Zara Smith,22,Male,Germany,12/12/2019,Yearly
s27033,Eva Hall,23,Male,USA,9/1/2020,Free
s27034,Liam Hall,37,Male,Australia,3/6/2020,Monthly
s27035,Lucas Lee,65,Male,Germany,6/6/2021,Monthly
s27036,Eva Lee,31,Other,USA,7/28/2022,Free
s27037,Meera Clark,20,Female,India,9/23/2019,Monthly
s27038,Benjamin Wilson,39,Female,Australia,8/31/2021,Monthly
s27039,Olivia Verma,32,Female,UK,6/26/2019,Monthly
s27040,Karan Sharma,24,Male,Australia,3/25/2019,Free
s27041,Isabella Johnson,46,Male,Germany,11/7/2021,Yearly
s27042,Amelia Lewis,18,Female,UK,7/22/2021,Monthly
s27043,Arjun Martin,34,Other,Australia,1/8/2019,Yearly
s27044,Aanya Martin,23,Male,Germany,6/2/2019,Free
s27045,Isabella Johnson,18,Male,USA,4/1/2019,Free
s27046,Meera Moore,25,Female,Australia,6/28/2021,Free
s27047,Meera Martin,22,Female,UK,11/27/2019,Monthly
s27048,Lucas Smith,21,Other,Germany,2/25/2021,Free
s27049,Aanya Moore,67,Other,Germany,11/28/2019,Yearly
s27050,Mia Lewis,25,Male,Australia,5/23/2022,Yearly
s27051,Sophia Verma,41,Female,UK,1/26/2020,Monthly
s27052,Meera Taylor,27,Female,India,8/6/2021,Monthly
s27053,Emma Singh,24,Female,India,11/18/2022,Free
s27054,Amelia Patel,30,Female,UK,1/22/2020,Yearly
s27055,Riya Lewis,39,Male,Germany,6/14/2022,Free
s27056,Aanya Thomas,26,Other,UK,1/6/2022,Yearly
s27057,Emma Anderson,43,Other,Germany,11/4/2019,Monthly
s27058,Liam Singh,36,Male,UK,7/2/2020,Free
s27059,Sophia Clark,21,Other,Canada,8/12/2022,Yearly
s27060,Riya Brown,22,Male,Germany,2/27/2020,Yearly
s27061,Zara Taylor,23,Female,Canada,1/23/2022,Monthly
s27062,Ethan Miller,20,Male,UK,3/11/2019,Free
s27063,Eva Brown,32,Other,India,12/1/2020,Yearly
s27064,Noah Martin,20,Other,UK,7/12/2021,Free
s27065,Riya Walker,21,Female,Canada,8/16/2020,Yearly
s27066,Vihaan Smith,30,Other,UK,8/27/2021,Monthly
s27067,Eva Thomas,19,Other,UK,11/27/2020,Monthly
s27068,Olivia Singh,63,Female,Germany,3/21/2021,Free
s27069,Isabella Hall,18,Female,India,6/30/2019,Monthly
s27070,Aarav Clark,50,Male,Germany,9/30/2021,Yearly
s27071,Olivia Davis,22,Other,Australia,7/21/2021,Yearly
s27072,Aarav Smith,22,Male,Canada,1/14/2020,Yearly
s27073,Vihaan Wilson,24,Other,Australia,12/16/2019,Free
s27074,Noah Johnson,38,Other,Australia,3/26/2021,Monthly
s27075,Lucas Thomas,32,Male,Australia,2/12/2019,Monthly
s27076,Zara Clark,23,Female,Germany,6/24/2019,Yearly
s27077,Karan Hall,25,Female,USA,8/31/2021,Monthly
s27078,Meera Walker,57,Female,India,1/20/2020,Monthly
s27079,Eva Anderson,42,Female,USA,6/30/2020,Free
s27080,Eva Wilson,20,Female,Canada,12/26/2020,Monthly
s27081,Olivia Thomas,56,Male,Canada,7/7/2019,Yearly
s27082,Benjamin Singh,24,Other,Germany,2/6/2022,Yearly
s27083,Noah Thomas,30,Other,India,9/9/2021,Yearly
s27084,Ethan Walker,19,Other,Australia,5/19/2022,Yearly
s27085,Olivia Clark,41,Male,Germany,4/13/2019,Monthly
s27086,Karan Taylor,21,Male,USA,11/18/2022,Yearly
s27087,Sophia Smith,20,Male,Canada,2/20/2021,Yearly
s27088,Vihaan Miller,43,Male,Germany,1/10/2021,Monthly
s27089,Aarav Wilson,38,Other,UK,8/27/2022,Monthly
s27090,Meera Walker,41,Male,Canada,10/25/2019,Yearly
s27091,Mia Miller,18,Male,USA,2/11/2020,Monthly
s27092,Vihaan Miller,20,Female,India,2/16/2022,Free
s27093,Zara Singh,27,Other,Australia,7/28/2020,Monthly
s27094,Emma Brown,27,Other,Australia,2/25/2020,Free
s27095,Mia Moore,34,Female,Germany,10/12/2019,Yearly
s27096,Meera Clark,23,Male,India,4/18/2022,Free
s27097,Liam Verma,20,Male,UK,3/14/2020,Free
s27098,Arjun Lee,37,Other,USA,8/29/2021,Free
s27099,Benjamin Wilson,28,Female,Australia,8/16/2019,Free
s27100,Olivia Miller,24,Other,Canada,1/30/2019,Monthly
s27101,Vihaan Clark,25,Female,India,6/16/2022,Free
s27102,Lucas Patel,20,Male,Canada,4/18/2022,Free
s27103,Mia Clark,40,Male,Australia,11/10/2019,Free
s27104,Vihaan Taylor,25,Other,USA,7/21/2020,Monthly
s27105,Meera Anderson,25,Other,Germany,12/18/2019,Monthly
s27106,Sophia Davis,26,Female,UK,11/2/2019,Free
s27107,Ethan Taylor,20,Female,UK,1/28/2021,Yearly
s27108,Isabella Moore,26,Male,USA,6/29/2022,Monthly
s27109,Noah Verma,25,Male,Canada,9/4/2021,Free
s27110,Zara Miller,35,Male,UK,5/29/2021,Monthly
s27111,Karan Sharma,36,Other,Germany,3/27/2022,Monthly
s27112,Ethan Verma,27,Male,Germany,6/23/2019,Yearly
s27113,Olivia Thomas,36,Female,USA,12/30/2021,Yearly
s27114,Mia Lee,61,Female,Canada,9/21/2022,Monthly
s27115,Meera Taylor,54,Female,UK,3/20/2019,Yearly
s27116,Zara Wilson,22,Female,USA,10/5/2020,Yearly
s27117,Liam Thomas,24,Male,India,4/18/2021,Monthly
s27118,Olivia Wilson,38,Female,Australia,4/9/2020,Free
s27119,Arjun Sharma,26,Other,India,2/2/2019,Yearly
s27120,Riya Moore,29,Male,Germany,7/1/2019,Monthly
s27121,Aarav Lee,27,Male,India,10/14/2021,Monthly
s27122,Riya Sharma,42,Other,UK,9/14/2021,Monthly
s27123,Olivia Singh,20,Other,India,8/24/2020,Yearly
s27124,Benjamin Wilson,20,Other,Germany,12/27/2020,Monthly
s27125,Ethan Martin,47,Female,Canada,4/28/2020,Free
s27126,Eva Smith,22,Other,USA,7/16/2019,Free
s27127,Vihaan Taylor,35,Male,Australia,5/21/2021,Yearly
s27128,Aanya Lewis,19,Other,India,7/16/2019,Free
s27129,Aanya Anderson,27,Other,India,6/26/2019,Free
s27130,Zara Clark,27,Other,UK,9/27/2021,Yearly
s27131,Noah Davis,26,Other,Canada,3/29/2019,Monthly
s27132,Benjamin Walker,58,Other,UK,9/22/2022,Monthly
s27133,Aarav Davis,41,Male,USA,6/3/2019,Yearly
s27134,Aanya Clark,57,Male,Australia,12/16/2022,Free
s27135,Aarav Thomas,34,Female,Canada,4/16/2021,Yearly
s27136,Lucas Martin,29,Male,UK,10/9/2020,Yearly
s27137,Arjun Patel,23,Female,USA,10/2/2019,Free
s27138,Aarav Clark,18,Female,Germany,11/25/2020,Yearly
s27139,Zara Sharma,43,Female,USA,9/23/2022,Yearly
s27140,Eva Verma,20,Female,Germany,7/26/2022,Monthly
s27141,Vihaan Smith,67,Other,Australia,4/18/2019,Monthly
s27142,Arjun Martin,31,Male,USA,10/10/2019,Yearly
s27143,Riya Taylor,59,Other,India,10/5/2019,Free
s27144,Mia Verma,19,Female,India,4/22/2022,Monthly
s27145,Sophia Wilson,55,Other,UK,9/18/2022,Free
s27146,Karan Davis,27,Other,India,8/14/2021,Yearly
s27147,Meera Taylor,30,Male,UK,7/18/2022,Free
s27148,Zara Lewis,23,Other,USA,5/5/2021,Yearly
s27149,Noah Taylor,30,Other,Canada,9/11/2020,Monthly
s27150,Mia Miller,47,Other,India,5/30/2020,Monthly
s27151,Vihaan Lewis,21,Female,Germany,2/5/2020,Free
s27152,Aanya Thomas,32,Female,USA,2/29/2020,Free
s27153,Benjamin Singh,24,Other,Australia,6/8/2021,Yearly
s27154,Karan Hall,27,Other,Australia,7/23/2021,Free
s27155,Lucas Walker,22,Female,Australia,12/18/2019,Monthly
s27156,Isabella Verma,20,Male,Germany,7/13/2020,Yearly
s27157,Amelia Moore,25,Female,Germany,5/2/2022,Yearly
s27158,Amelia Miller,27,Male,UK,1/10/2020,Yearly
s27159,Meera Davis,25,Other,India,12/17/2019,Monthly
s27160,Aarav Hall,19,Other,Canada,1/15/2020,Free
s27161,Amelia Verma,58,Other,India,8/24/2021,Yearly
s27162,Noah Hall,22,Other,Canada,10/27/2021,Free
s27163,Liam Anderson,20,Male,Australia,8/22/2019,Monthly
s27164,Zara Sharma,25,Male,Australia,7/19/2021,Monthly
s27165,Vihaan Wilson,19,Other,USA,3/21/2019,Yearly
s27166,Mia Johnson,34,Female,Germany,12/17/2022,Monthly
s27167,Liam Thomas,24,Other,USA,1/28/2019,Yearly
s27168,Mia Lewis,20,Female,UK,8/17/2019,Monthly
s27169,Isabella Miller,22,Male,USA,6/12/2022,Free
s27170,Ethan Davis,21,Other,Germany,8/23/2021,Free
s27171,Mia Lewis,43,Female,USA,6/7/2022,Monthly
s27172,Noah Smith,20,Male,USA,12/10/2019,Free
s27173,Ethan Anderson,24,Male,Canada,3/8/2019,Free
s27174,Vihaan Johnson,65,Other,UK,12/6/2022,Free
s27175,Eva Clark,60,Male,India,12/28/2020,Monthly
s27176,Vihaan Davis,26,Male,India,6/20/2021,Monthly
s27177,Olivia Brown,19,Male,Canada,4/23/2020,Monthly
s27178,Ethan Taylor,20,Female,UK,7/11/2020,Monthly
s27179,Karan Patel,29,Male,UK,10/26/2021,Free
s27180,Mia Miller,31,Other,Germany,12/1/2022,Monthly
s27181,Benjamin Brown,42,Other,UK,4/26/2021,Yearly
s27182,Olivia Moore,54,Other,Australia,7/6/2021,Free
s27183,Riya Sharma,24,Male,UK,4/20/2022,Free
s27184,Arjun Moore,62,Female,Australia,12/8/2021,Yearly
s27185,Riya Lewis,49,Female,Germany,2/8/2020,Free
s27186,Lucas Anderson,47,Male,USA,11/29/2021,Monthly
s27187,Riya Miller,35,Female,Australia,1/10/2020,Monthly
s27188,Arjun Johnson,43,Male,UK,9/30/2020,Yearly
s27189,Aarav Taylor,21,Male,Germany,5/28/2021,Monthly
s27190,Isabella Martin,35,Female,Australia,7/27/2019,Monthly
s27191,Sophia Brown,23,Female,India,3/28/2022,Free
s27192,Aanya Walker,39,Male,India,1/1/2020,Yearly
s27193,Karan Miller,19,Male,USA,11/4/2020,Yearly
s27194,Eva Brown,19,Female,Australia,9/28/2022,Yearly
s27195,Vihaan Thomas,29,Female,Germany,12/6/2020,Free
s27196,Mia Taylor,32,Other,UK,1/28/2020,Yearly
s27197,Noah Davis,22,Male,UK,6/1/2022,Monthly
s27198,Arjun Verma,19,Female,Canada,7/21/2019,Free
s27199,Aanya Thomas,43,Male,Australia,6/17/2022,Yearly
s27200,Olivia Davis,22,Male,UK,1/10/2020,Free
s27201,Lucas Moore,26,Female,Australia,12/6/2022,Monthly
s27202,Isabella Smith,22,Male,Canada,4/19/2022,Yearly
s27203,Amelia Hall,19,Female,USA,4/7/2021,Free
s27204,Meera Sharma,60,Female,UK,12/23/2019,Yearly
s27205,Liam Taylor,25,Male,UK,10/23/2020,Yearly
s27206,Arjun Thomas,20,Female,India,1/27/2021,Monthly
s27207,Benjamin Sharma,18,Other,India,10/4/2019,Yearly
s27208,Meera Brown,43,Other,USA,5/5/2019,Yearly
s27209,Zara Wilson,42,Male,Canada,1/22/2019,Free
s27210,Lucas Martin,26,Male,UK,1/7/2021,Free
s27211,Aanya Singh,26,Male,Canada,3/8/2021,Yearly
s27212,Arjun Lee,47,Other,Australia,5/22/2020,Monthly
s27213,Amelia Sharma,22,Male,Germany,9/8/2020,Monthly
s27214,Liam Lewis,36,Female,Germany,2/13/2022,Free
s27215,Lucas Hall,66,Other,Canada,6/15/2020,Yearly
s27216,Liam Sharma,20,Other,Australia,10/18/2022,Monthly
s27217,Isabella Moore,19,Male,USA,3/13/2019,Yearly
s27218,Liam Smith,31,Other,UK,7/17/2020,Monthly
s27219,Aanya Patel,22,Male,Canada,8/12/2021,Free
s27220,Benjamin Johnson,65,Other,India,9/24/2021,Yearly
s27221,Emma Anderson,65,Female,Canada,1/29/2020,Monthly
s27222,Vihaan Brown,30,Male,Germany,10/3/2020,Monthly
s27223,Meera Verma,21,Other,UK,3/16/2020,Yearly
s27224,Sophia Hall,22,Male,Germany,10/19/2020,Yearly
s27225,Aarav Taylor,25,Other,Australia,10/14/2021,Yearly
s27226,Karan Brown,20,Other,UK,5/29/2021,Monthly
s27227,Zara Martin,23,Female,Germany,11/6/2021,Free
s27228,Karan Wilson,43,Male,USA,3/29/2021,Monthly
s27229,Emma Miller,19,Female,Australia,11/25/2022,Free
s27230,Benjamin Smith,44,Male,UK,5/4/2021,Yearly
s27231,Aarav Johnson,57,Male,India,4/19/2020,Free
s27232,Arjun Verma,62,Other,Germany,4/14/2019,Free
s27233,Noah Thomas,33,Male,Australia,6/11/2019,Monthly
s27234,Mia Hall,60,Other,Germany,11/25/2020,Yearly
s27235,Noah Johnson,36,Other,Canada,8/31/2021,Free
s27236,Mia Lewis,24,Male,USA,11/22/2019,Monthly
s27237,Amelia Taylor,47,Other,Australia,11/11/2019,Monthly
s27238,Eva Sharma,20,Female,Germany,11/27/2021,Free
s27239,Karan Davis,21,Other,Canada,6/21/2022,Free
s27240,Karan Thomas,35,Other,Canada,1/7/2020,Free
s27241,Amelia Anderson,21,Female,Australia,6/10/2019,Yearly
s27242,Noah Hall,22,Other,India,12/28/2022,Monthly
s27243,Liam Brown,20,Female,UK,1/23/2022,Yearly
s27244,Arjun Johnson,22,Female,USA,12/20/2022,Yearly
s27245,Zara Verma,18,Other,UK,5/24/2020,Free
s27246,Sophia Lee,21,Female,India,9/18/2021,Free
s27247,Liam Smith,18,Female,India,7/24/2022,Monthly
s27248,Aanya Wilson,47,Male,USA,10/31/2020,Monthly
s27249,Meera Clark,23,Other,Germany,10/16/2019,Free
s27250,Aanya Smith,18,Other,India,5/8/2021,Yearly
s27251,Eva Lee,18,Female,UK,6/28/2021,Monthly
s27252,Emma Wilson,31,Other,UK,1/5/2019,Free
s27253,Amelia Davis,53,Male,Australia,5/27/2022,Free
s27254,Aanya Anderson,47,Male,India,10/4/2020,Free
s27255,Amelia Sharma,43,Male,Canada,10/13/2020,Free
s27256,Ethan Singh,32,Male,Canada,12/8/2021,Yearly
s27257,Vihaan Lee,63,Other,Canada,4/6/2019,Free
s27258,Olivia Sharma,36,Female,USA,2/17/2019,Free
s27259,Zara Lee,21,Other,India,2/24/2020,Monthly
s27260,Liam Patel,35,Female,Canada,3/31/2019,Monthly
s27261,Vihaan Brown,24,Other,Germany,12/14/2019,Free
s27262,Karan Davis,22,Female,India,4/25/2021,Free
s27263,Arjun Thomas,44,Male,UK,10/10/2020,Monthly
s27264,Benjamin Verma,24,Female,Australia,4/28/2021,Yearly
s27265,Aarav Patel,19,Male,UK,11/7/2022,Yearly
s27266,Ethan Taylor,25,Female,Germany,6/4/2020,Free
s27267,Liam Johnson,19,Male,Canada,2/24/2020,Monthly
s27268,Meera Martin,52,Female,Australia,2/28/2019,Yearly
s27269,Amelia Taylor,19,Male,India,12/7/2020,Free
s27270,Karan Davis,27,Male,Canada,11/3/2019,Free
s27271,Eva Singh,46,Female,Canada,9/28/2022,Monthly
s27272,Mia Clark,42,Male,USA,10/24/2022,Monthly
s27273,Lucas Patel,19,Male,Australia,12/4/2021,Monthly
s27274,Benjamin Hall,46,Male,India,6/21/2022,Monthly
s27275,Aarav Wilson,48,Female,Canada,2/21/2022,Free
s27276,Karan Clark,24,Male,India,5/12/2019,Yearly
s27277,Lucas Taylor,26,Male,UK,4/3/2022,Free
s27278,Sophia Brown,29,Male,Australia,6/23/2020,Free
s27279,Vihaan Miller,23,Other,UK,4/23/2022,Monthly
s27280,Liam Martin,22,Male,UK,1/25/2021,Monthly
s27281,Vihaan Taylor,35,Male,Canada,11/29/2019,Yearly
s27282,Ethan Lewis,50,Other,Australia,4/26/2022,Free
s27283,Aanya Verma,44,Other,Australia,10/16/2022,Yearly
s27284,Vihaan Verma,34,Other,USA,3/22/2022,Yearly
s27285,Liam Thomas,26,Other,India,1/26/2019,Yearly
s27286,Zara Taylor,45,Female,Canada,10/23/2022,Free
s27287,Vihaan Clark,35,Female,UK,1/16/2022,Monthly
s27288,Arjun Taylor,23,Male,USA,3/15/2020,Monthly
s27289,Sophia Brown,49,Other,UK,11/25/2021,Yearly
s27290,Riya Anderson,20,Male,Australia,10/31/2019,Monthly
s27291,Aarav Moore,18,Male,USA,11/20/2020,Yearly
s27292,Zara Moore,28,Other,Canada,5/21/2022,Monthly
s27293,Ethan Walker,20,Other,USA,10/5/2019,Free
s27294,Eva Taylor,21,Other,Germany,3/12/2021,Yearly
s27295,Vihaan Martin,43,Other,USA,2/19/2020,Yearly
s27296,Lucas Moore,18,Male,UK,1/28/2020,Monthly
s27297,Riya Lee,21,Other,Australia,10/27/2020,Monthly
s27298,Emma Smith,18,Male,USA,7/26/2021,Yearly
s27299,Eva Davis,20,Male,Canada,7/15/2021,Yearly
s27300,Aarav Lewis,23,Male,Germany,7/10/2022,Free
s27301,Eva Johnson,24,Other,Canada,7/11/2019,Monthly
s27302,Isabella Johnson,24,Female,Australia,9/6/2022,Yearly
s27303,Mia Patel,19,Male,Canada,4/27/2019,Monthly
s27304,Aanya Taylor,28,Other,Canada,5/24/2022,Yearly
s27305,Ethan Lee,46,Male,Australia,9/19/2022,Monthly
s27306,Eva Brown,41,Other,Canada,5/3/2020,Free
s27307,Liam Patel,21,Other,UK,2/14/2019,Yearly
s27308,Benjamin Miller,24,Male,Germany,4/1/2020,Monthly
s27309,Aarav Davis,21,Female,Australia,5/19/2021,Yearly
s27310,Ethan Smith,29,Other,Canada,12/13/2022,Yearly
s27311,Benjamin Martin,24,Female,UK,9/23/2022,Monthly
s27312,Lucas Hall,27,Male,UK,6/19/2019,Monthly
s27313,Isabella Walker,47,Other,Australia,5/1/2021,Yearly
s27314,Ethan Moore,28,Other,UK,7/27/2022,Monthly
s27315,Amelia Smith,25,Other,Germany,9/25/2022,Monthly
s27316,Meera Lewis,50,Male,USA,10/7/2022,Yearly
s27317,Emma Lee,25,Other,USA,4/1/2021,Free
s27318,Mia Martin,36,Other,Germany,7/31/2022,Monthly
s27319,Aanya Johnson,39,Female,Canada,4/14/2020,Free
s27320,Ethan Martin,25,Male,Canada,12/7/2020,Yearly
s27321,Zara Smith,31,Female,Canada,1/4/2020,Yearly
s27322,Noah Martin,23,Female,India,9/20/2020,Yearly
s27323,Aanya Wilson,23,Male,USA,11/11/2020,Monthly
s27324,Olivia Patel,37,Female,India,6/28/2021,Yearly
s27325,Sophia Lewis,18,Male,UK,2/21/2022,Free
s27326,Aarav Hall,18,Other,Canada,4/25/2019,Free
s27327,Lucas Smith,49,Other,UK,5/16/2022,Monthly
s27328,Emma Verma,21,Female,USA,5/29/2019,Free
s27329,Lucas Hall,36,Female,Australia,11/2/2021,Free
s27330,Noah Moore,28,Male,India,1/30/2021,Monthly
s27331,Isabella Patel,20,Other,Australia,4/29/2021,Monthly
s27332,Eva Martin,18,Female,USA,4/26/2019,Free
s27333,Benjamin Moore,20,Female,USA,3/19/2022,Free
s27334,Sophia Clark,21,Female,UK,6/14/2019,Monthly
s27335,Meera Brown,18,Female,Canada,6/30/2020,Free
s27336,Aarav Taylor,22,Female,USA,10/11/2020,Yearly
s27337,Lucas Thomas,27,Female,Australia,6/17/2020,Yearly
s27338,Emma Smith,52,Female,India,5/21/2019,Free
s27339,Sophia Lee,25,Other,Germany,5/23/2022,Yearly
s27340,Vihaan Verma,21,Male,USA,12/19/2021,Monthly
s27341,Olivia Thomas,40,Male,USA,3/27/2019,Free
s27342,Sophia Verma,52,Female,India,9/9/2019,Free
s27343,Emma Walker,20,Female,Germany,3/29/2020,Yearly
s27344,Eva Walker,40,Other,Germany,9/12/2021,Free
s27345,Meera Martin,18,Other,UK,11/17/2022,Free
s27346,Ethan Lee,21,Other,Australia,10/11/2019,Monthly
s27347,Riya Wilson,20,Female,India,3/28/2022,Yearly
s27348,Aanya Clark,20,Female,India,5/16/2021,Monthly
s27349,Vihaan Wilson,63,Male,Germany,5/3/2020,Yearly
s27350,Lucas Wilson,25,Female,India,6/23/2020,Free
s27351,Liam Davis,21,Other,Germany,4/11/2019,Free
s27352,Riya Brown,41,Male,India,3/5/2021,Monthly
s27353,Eva Clark,30,Male,Germany,8/27/2020,Yearly
s27354,Noah Davis,24,Male,Australia,2/6/2019,Yearly
s27355,Lucas Moore,22,Other,Australia,12/17/2019,Yearly
s27356,Benjamin Taylor,18,Male,UK,7/6/2020,Yearly
s27357,Mia Taylor,20,Other,USA,9/18/2022,Yearly
s27358,Riya Davis,38,Other,Canada,2/21/2020,Free
s27359,Karan Lee,28,Other,USA,10/4/2022,Monthly
s27360,Meera Miller,23,Female,Australia,9/19/2020,Yearly
s27361,Ethan Clark,25,Male,UK,3/30/2021,Yearly
s27362,Aarav Lewis,20,Other,Australia,9/17/2021,Monthly
s27363,Riya Clark,23,Female,UK,12/20/2022,Monthly
s27364,Liam Moore,24,Male,Australia,10/16/2022,Yearly
s27365,Aanya Clark,25,Other,Australia,12/18/2020,Monthly
s27366,Olivia Sharma,41,Other,Germany,3/17/2020,Monthly
s27367,Olivia Anderson,18,Male,UK,11/29/2021,Yearly
s27368,Noah Smith,18,Other,Germany,2/17/2019,Free
s27369,Amelia Walker,36,Female,UK,3/9/2022,Yearly
s27370,Vihaan Taylor,24,Female,Germany,2/27/2022,Monthly
s27371,Ethan Walker,63,Male,UK,3/19/2020,Monthly
s27372,Lucas Patel,21,Female,Canada,11/25/2020,Free
s27373,Sophia Davis,21,Female,UK,4/1/2019,Free
s27374,Benjamin Verma,33,Other,Canada,5/20/2021,Free
s27375,Zara Davis,46,Male,Canada,5/17/2022,Free
s27376,Emma Thomas,47,Other,Australia,5/12/2021,Yearly
s27377,Eva Sharma,27,Other,Canada,7/14/2021,Monthly
s27378,Lucas Taylor,58,Male,Australia,3/22/2021,Free
s27379,Aanya Wilson,34,Other,Australia,5/15/2020,Monthly
s27380,Arjun Martin,19,Male,UK,8/23/2019,Free
s27381,Amelia Johnson,31,Female,Australia,8/27/2019,Free
s27382,Isabella Miller,54,Female,India,12/10/2019,Yearly
s27383,Zara Davis,20,Male,India,6/13/2020,Monthly
s27384,Vihaan Johnson,44,Male,Germany,3/20/2019,Monthly
s27385,Eva Miller,35,Other,UK,4/7/2020,Free
s27386,Riya Martin,45,Male,USA,3/20/2020,Yearly
s27387,Riya Miller,20,Male,Canada,4/24/2021,Free
s27388,Meera Singh,47,Male,Australia,2/13/2020,Free
s27389,Eva Walker,54,Male,UK,10/24/2022,Free
s27390,Benjamin Patel,20,Other,Germany,8/8/2022,Free
s27391,Zara Brown,26,Other,UK,10/3/2021,Yearly
s27392,Liam Johnson,23,Female,UK,12/4/2020,Yearly
s27393,Arjun Patel,18,Other,Canada,11/19/2022,Yearly
s27394,Isabella Moore,30,Male,Germany,4/4/2020,Free
s27395,Eva Miller,22,Female,Canada,5/14/2021,Monthly
s27396,Riya Verma,23,Other,Canada,1/18/2020,Monthly
s27397,Liam Wilson,30,Other,USA,2/16/2021,Monthly
s27398,Liam Davis,33,Female,Germany,11/2/2022,Free
s27399,Meera Martin,23,Other,Canada,8/28/2021,Monthly
s27400,Riya Wilson,24,Other,UK,9/19/2021,Yearly
s27401,Vihaan Wilson,18,Female,UK,10/11/2021,Yearly
s27402,Eva Moore,23,Female,UK,9/2/2021,Free
s27403,Karan Davis,24,Other,Germany,10/30/2022,Free
s27404,Riya Anderson,20,Other,Australia,10/19/2021,Monthly
s27405,Emma Wilson,23,Male,Australia,9/28/2022,Yearly
s27406,Vihaan Patel,18,Male,Canada,1/8/2020,Yearly
s27407,Lucas Lee,22,Female,UK,12/13/2020,Monthly
s27408,Lucas Clark,20,Male,Canada,1/3/2019,Yearly
s27409,Aarav Wilson,65,Other,Canada,6/1/2021,Yearly
s27410,Mia Walker,22,Other,India,6/8/2022,Yearly
s27411,Aanya Thomas,46,Female,India,7/12/2021,Free
s27412,Aanya Patel,18,Female,India,2/17/2022,Yearly
s27413,Liam Taylor,39,Female,USA,3/29/2021,Yearly
s27414,Olivia Moore,18,Other,Australia,5/20/2019,Yearly
s27415,Zara Martin,24,Male,India,4/11/2021,Monthly
s27416,Sophia Miller,24,Male,Canada,2/16/2022,Yearly
s27417,Arjun Patel,22,Male,UK,6/27/2021,Monthly
s27418,Aarav Miller,23,Male,India,11/20/2020,Free
s27419,Vihaan Johnson,30,Female,USA,12/17/2020,Free
s27420,Aanya Anderson,27,Male,USA,10/18/2022,Yearly
s27421,Aanya Johnson,20,Other,Australia,1/29/2022,Yearly
s27422,Zara Thomas,18,Other,UK,5/9/2021,Yearly
s27423,Mia Moore,20,Other,UK,8/22/2020,Monthly
s27424,Amelia Sharma,19,Male,India,2/3/2021,Free
s27425,Noah Moore,36,Male,Germany,10/29/2020,Monthly
s27426,Liam Anderson,37,Other,USA,6/23/2019,Yearly
s27427,Ethan Lewis,28,Female,India,3/19/2019,Free
s27428,Noah Clark,60,Other,Germany,9/6/2021,Monthly
s27429,Riya Moore,39,Other,Canada,9/26/2020,Yearly
s27430,Meera Clark,44,Female,Canada,1/2/2022,Free
s27431,Liam Clark,23,Other,UK,7/2/2022,Monthly
s27432,Noah Walker,22,Female,Germany,2/3/2020,Free
s27433,Eva Hall,21,Male,Germany,2/16/2019,Yearly
s27434,Aanya Sharma,35,Other,Canada,7/17/2021,Free
s27435,Arjun Lewis,32,Female,Germany,1/29/2022,Free
s27436,Eva Smith,18,Other,India,5/17/2022,Monthly
s27437,Karan Patel,20,Male,Germany,2/4/2021,Monthly
s27438,Eva Lewis,26,Female,Germany,6/21/2021,Yearly
s27439,Amelia Hall,47,Female,USA,8/16/2022,Free
s27440,Meera Lee,66,Male,Germany,3/19/2020,Monthly
s27441,Sophia Walker,39,Male,Australia,2/23/2021,Free
s27442,Mia Anderson,20,Female,India,12/13/2020,Yearly
s27443,Zara Hall,45,Other,USA,11/11/2020,Free
s27444,Aarav Martin,39,Male,Canada,11/22/2021,Monthly
s27445,Zara Johnson,26,Male,India,5/19/2022,Monthly
s27446,Emma Johnson,44,Other,India,4/14/2022,Free
s27447,Noah Thomas,29,Male,Canada,9/13/2019,Yearly
s27448,Sophia Brown,18,Female,India,10/22/2020,Free
s27449,Sophia Thomas,23,Female,Germany,5/9/2020,Monthly
s27450,Mia Davis,26,Female,Canada,9/14/2019,Yearly
s27451,Riya Patel,18,Other,Germany,9/2/2021,Yearly
s27452,Zara Smith,47,Male,USA,9/20/2021,Free
s27453,Amelia Wilson,19,Female,Australia,8/12/2021,Yearly
s27454,Aanya Verma,24,Other,UK,8/18/2022,Yearly
s27455,Ethan Patel,38,Other,Australia,12/7/2020,Free
s27456,Riya Smith,20,Male,India,12/10/2021,Free
s27457,Karan Clark,27,Female,Germany,3/17/2022,Free
s27458,Ethan Lee,18,Female,Germany,8/3/2020,Monthly
s27459,Aarav Patel,32,Other,UK,9/24/2020,Yearly
s27460,Isabella Lewis,22,Female,Germany,8/23/2020,Free
s27461,Meera Wilson,25,Female,India,5/4/2021,Free
s27462,Sophia Miller,26,Male,UK,2/6/2021,Monthly
s27463,Vihaan Verma,21,Female,Germany,12/28/2020,Free
s27464,Emma Moore,23,Male,India,9/18/2020,Yearly
s27465,Karan Lee,27,Male,UK,5/16/2022,Free
s27466,Sophia Anderson,23,Female,USA,12/31/2020,Monthly
s27467,Mia Anderson,19,Other,USA,4/12/2019,Free
s27468,Meera Clark,26,Other,Germany,11/16/2020,Free
s27469,Eva Hall,30,Other,Canada,7/20/2019,Yearly
s27470,Isabella Singh,22,Female,Australia,3/6/2019,Monthly
s27471,Karan Lee,22,Female,India,3/1/2020,Yearly
s27472,Noah Hall,22,Other,Australia,11/6/2019,Free
s27473,Karan Patel,33,Male,India,9/25/2019,Monthly
s27474,Eva Verma,25,Male,Germany,8/8/2020,Free
s27475,Arjun Anderson,31,Female,Australia,1/25/2019,Monthly
s27476,Ethan Davis,21,Other,India,8/21/2021,Monthly
s27477,Aanya Davis,29,Female,India,10/5/2020,Yearly
s27478,Sophia Thomas,29,Other,UK,2/15/2020,Monthly
s27479,Karan Sharma,27,Female,UK,6/4/2019,Yearly
s27480,Lucas Anderson,31,Male,India,2/3/2021,Free
s27481,Karan Anderson,32,Male,USA,12/27/2019,Yearly
s27482,Emma Clark,22,Other,USA,7/24/2021,Free
s27483,Sophia Brown,27,Female,India,2/20/2022,Monthly
s27484,Liam Verma,19,Other,USA,3/14/2019,Free
s27485,Amelia Smith,25,Other,Canada,1/9/2022,Yearly
s27486,Eva Walker,27,Female,Australia,12/3/2021,Free
s27487,Amelia Thomas,23,Other,Germany,11/23/2019,Yearly
s27488,Eva Verma,47,Female,India,3/15/2020,Free
s27489,Olivia Smith,25,Other,Germany,7/3/2020,Monthly
s27490,Ethan Anderson,65,Other,UK,1/26/2022,Yearly
s27491,Isabella Wilson,47,Other,USA,6/9/2019,Free
s27492,Eva Lewis,33,Male,USA,5/17/2020,Yearly
s27493,Sophia Lee,22,Male,Australia,6/17/2021,Monthly
s27494,Lucas Anderson,39,Male,USA,9/28/2021,Yearly
s27495,Olivia Walker,42,Other,India,10/16/2020,Free
s27496,Karan Taylor,24,Male,USA,12/16/2022,Yearly
s27497,Benjamin Thomas,24,Male,Canada,1/11/2020,Yearly
s27498,Ethan Clark,18,Male,India,8/30/2021,Free
s27499,Noah Miller,26,Male,Germany,5/29/2019,Free
s27500,Zara Verma,23,Other,India,8/13/2021,Monthly
s27501,Liam Davis,22,Male,UK,11/20/2022,Yearly
s27502,Amelia Walker,23,Male,India,12/9/2022,Free
s27503,Zara Lee,57,Male,India,1/30/2020,Yearly
s27504,Riya Sharma,23,Other,Australia,5/2/2021,Monthly
s27505,Olivia Singh,63,Male,UK,2/6/2021,Free
s27506,Noah Martin,57,Other,USA,1/3/2022,Monthly
s27507,Sophia Brown,34,Male,UK,4/13/2021,Free
s27508,Liam Taylor,23,Female,UK,12/29/2020,Monthly
s27509,Olivia Miller,19,Male,Germany,8/10/2020,Monthly
s27510,Zara Lewis,27,Female,Canada,6/30/2020,Yearly
s27511,Vihaan Sharma,24,Male,USA,5/26/2019,Monthly
s27512,Karan Taylor,61,Male,Germany,1/31/2019,Yearly
s27513,Karan Miller,22,Female,Germany,3/25/2019,Free
s27514,Liam Moore,25,Female,Canada,8/7/2020,Free
s27515,Arjun Wilson,24,Female,Canada,3/7/2021,Free
s27516,Amelia Miller,18,Other,UK,1/16/2022,Monthly
s27517,Liam Lewis,24,Female,Germany,8/2/2019,Free
s27518,Benjamin Brown,33,Female,Australia,12/22/2022,Monthly
s27519,Benjamin Sharma,19,Other,India,11/22/2021,Free
s27520,Eva Verma,18,Male,UK,10/31/2021,Free
s27521,Olivia Anderson,19,Male,Australia,11/7/2019,Monthly
s27522,Mia Sharma,26,Other,USA,1/15/2021,Yearly
s27523,Ethan Martin,19,Female,UK,7/24/2020,Monthly
s27524,Karan Johnson,19,Female,UK,1/18/2020,Free
s27525,Noah Smith,45,Female,UK,11/2/2020,Yearly
s27526,Sophia Taylor,18,Male,USA,4/8/2019,Free
s27527,Olivia Taylor,25,Female,Germany,6/10/2019,Free
s27528,Lucas Singh,26,Other,Canada,7/2/2020,Monthly
s27529,Aanya Wilson,40,Other,Australia,9/25/2019,Yearly
s27530,Meera Clark,25,Male,Germany,3/16/2020,Free
s27531,Arjun Johnson,45,Female,India,1/10/2021,Free
s27532,Lucas Verma,18,Other,Germany,10/23/2021,Yearly
s27533,Arjun Patel,24,Other,Canada,8/21/2022,Yearly
s27534,Aarav Wilson,46,Other,Germany,6/3/2020,Yearly
s27535,Lucas Brown,21,Female,Canada,7/11/2021,Yearly
s27536,Eva Sharma,21,Other,India,6/16/2019,Yearly
s27537,Sophia Davis,46,Other,Germany,1/12/2020,Free
s27538,Aanya Smith,26,Female,India,5/26/2019,Free
s27539,Lucas Martin,20,Female,Australia,11/24/2019,Free
s27540,Benjamin Verma,27,Other,USA,5/16/2021,Yearly
s27541,Lucas Martin,37,Female,Australia,9/21/2022,Monthly
s27542,Eva Taylor,18,Male,Germany,12/6/2022,Yearly
s27543,Benjamin Hall,57,Male,USA,10/28/2021,Yearly
s27544,Isabella Wilson,26,Other,Germany,2/24/2019,Yearly
s27545,Karan Walker,20,Other,Australia,3/14/2022,Yearly
s27546,Aarav Johnson,58,Other,Australia,12/12/2020,Yearly
s27547,Benjamin Wilson,44,Female,UK,4/16/2020,Free
s27548,Aarav Davis,30,Female,Canada,11/13/2022,Monthly
s27549,Zara Verma,63,Male,Australia,6/29/2022,Free
s27550,Meera Verma,23,Male,Canada,7/20/2022,Monthly
s27551,Olivia Lewis,21,Male,Canada,5/30/2021,Free
s27552,Karan Miller,23,Female,Canada,6/5/2021,Monthly
s27553,Riya Smith,21,Female,UK,7/30/2019,Yearly
s27554,Sophia Lee,22,Female,India,9/10/2022,Monthly
s27555,Zara Moore,46,Male,UK,2/15/2022,Yearly
s27556,Olivia Lee,36,Other,Canada,6/10/2020,Yearly
s27557,Riya Johnson,37,Male,UK,1/12/2021,Monthly
s27558,Emma Wilson,25,Female,UK,1/5/2022,Monthly
s27559,Lucas Verma,20,Female,UK,6/30/2022,Yearly
s27560,Sophia Sharma,43,Other,USA,8/5/2021,Monthly
s27561,Meera Johnson,45,Other,UK,1/24/2021,Yearly
s27562,Sophia Davis,23,Male,Germany,1/19/2019,Monthly
s27563,Arjun Johnson,27,Male,Germany,2/26/2019,Monthly
s27564,Sophia Smith,20,Female,Germany,7/26/2021,Free
s27565,Olivia Martin,22,Male,UK,12/8/2022,Monthly
s27566,Aanya Patel,19,Other,UK,12/2/2020,Monthly
s27567,Aarav Sharma,44,Other,India,11/29/2020,Yearly
s27568,Ethan Anderson,38,Male,India,10/18/2022,Free
s27569,Ethan Patel,19,Female,India,9/26/2020,Free
s27570,Olivia Johnson,43,Other,Germany,7/6/2020,Yearly
s27571,Benjamin Moore,37,Female,UK,9/11/2019,Yearly
s27572,Noah Martin,18,Male,Australia,8/16/2021,Monthly
s27573,Lucas Johnson,22,Male,USA,1/17/2022,Monthly
s27574,Aanya Lewis,19,Other,India,11/13/2022,Monthly
s27575,Karan Taylor,26,Other,USA,10/24/2022,Free
s27576,Aanya Clark,25,Male,USA,10/29/2021,Free
s27577,Benjamin Wilson,42,Other,India,3/21/2021,Monthly
s27578,Aanya Patel,36,Male,Canada,9/29/2019,Yearly
s27579,Mia Walker,25,Male,India,9/28/2020,Yearly
s27580,Ethan Singh,23,Male,UK,6/15/2019,Yearly
s27581,Noah Wilson,18,Other,USA,3/9/2020,Yearly
s27582,Mia Moore,57,Female,UK,3/7/2021,Monthly
s27583,Arjun Verma,51,Female,Germany,6/24/2020,Monthly
s27584,Eva Patel,25,Other,Germany,1/2/2021,Free
s27585,Amelia Clark,24,Male,USA,10/25/2019,Yearly
s27586,Liam Anderson,20,Female,Australia,7/1/2021,Free
s27587,Olivia Anderson,22,Male,USA,3/1/2022,Monthly
s27588,Aarav Brown,45,Female,Australia,7/25/2020,Free
s27589,Mia Walker,41,Other,Australia,1/3/2022,Monthly
s27590,Olivia Lee,26,Other,Germany,12/6/2019,Free
s27591,Vihaan Brown,36,Male,UK,5/25/2019,Yearly
s27592,Emma Johnson,62,Male,India,7/16/2019,Yearly
s27593,Emma Brown,60,Other,India,4/28/2019,Monthly
s27594,Riya Smith,40,Male,India,2/1/2022,Free
s27595,Noah Smith,46,Female,UK,6/27/2019,Yearly
s27596,Arjun Wilson,66,Other,Australia,12/10/2019,Free
s27597,Aarav Davis,25,Other,USA,7/7/2020,Free
s27598,Noah Smith,65,Other,Canada,11/7/2021,Monthly
s27599,Benjamin Martin,43,Male,Australia,12/30/2022,Yearly
s27600,Zara Lee,42,Other,Canada,8/14/2020,Monthly
s27601,Riya Brown,39,Other,India,2/10/2020,Monthly
s27602,Benjamin Lee,24,Female,USA,1/19/2022,Yearly
s27603,Riya Wilson,22,Female,Australia,7/26/2021,Free
s27604,Karan Miller,26,Other,Germany,5/10/2020,Monthly
s27605,Olivia Miller,32,Female,India,4/23/2019,Monthly
s27606,Arjun Singh,37,Other,India,4/24/2019,Free
s27607,Eva Moore,23,Other,Australia,1/9/2022,Yearly
s27608,Karan Davis,39,Male,USA,10/15/2020,Yearly
s27609,Zara Brown,32,Male,India,6/13/2021,Monthly
s27610,Karan Hall,19,Male,India,3/17/2021,Free
s27611,Mia Wilson,35,Male,Australia,10/11/2022,Yearly
s27612,Olivia Sharma,38,Other,Canada,12/18/2022,Monthly
s27613,Benjamin Singh,36,Female,Australia,7/22/2020,Yearly
s27614,Olivia Patel,47,Male,Germany,5/20/2019,Yearly
s27615,Vihaan Lee,25,Male,Australia,5/11/2019,Free
s27616,Aanya Singh,51,Male,USA,2/15/2021,Monthly
s27617,Aanya Patel,25,Other,USA,8/13/2019,Yearly
s27618,Sophia Miller,24,Male,India,11/22/2020,Yearly
s27619,Zara Hall,26,Other,Canada,8/6/2021,Free
s27620,Arjun Davis,26,Other,India,10/7/2021,Free
s27621,Arjun Brown,22,Other,Canada,3/7/2022,Monthly
s27622,Isabella Walker,46,Female,Australia,9/18/2022,Free
s27623,Ethan Walker,35,Female,Germany,11/5/2021,Monthly
s27624,Mia Brown,20,Other,Canada,12/27/2020,Yearly
s27625,Karan Wilson,33,Other,Germany,3/26/2022,Monthly
s27626,Karan Lewis,24,Female,India,5/27/2021,Yearly
s27627,Liam Thomas,36,Male,Germany,6/24/2019,Monthly
s27628,Sophia Thomas,59,Other,Australia,7/13/2021,Yearly
s27629,Amelia Johnson,28,Other,Germany,12/21/2021,Free
s27630,Aanya Moore,23,Other,USA,7/22/2021,Monthly
s27631,Eva Sharma,22,Female,USA,10/6/2020,Monthly
s27632,Meera Wilson,27,Female,Canada,3/14/2020,Free
s27633,Isabella Thomas,21,Female,Australia,3/15/2022,Monthly
s27634,Aanya Smith,21,Other,Australia,11/21/2022,Yearly
s27635,Riya Taylor,19,Male,Germany,3/16/2020,Monthly
s27636,Lucas Johnson,24,Other,Germany,1/22/2019,Free
s27637,Zara Thomas,24,Female,USA,8/15/2021,Monthly
s27638,Emma Brown,26,Female,UK,4/28/2021,Monthly
s27639,Liam Walker,38,Female,Germany,3/16/2019,Free
s27640,Noah Taylor,28,Other,USA,7/6/2021,Yearly
s27641,Karan Walker,19,Female,UK,11/20/2020,Free
s27642,Karan Thomas,21,Male,Germany,4/21/2020,Monthly
s27643,Meera Wilson,23,Other,USA,3/3/2022,Free
s27644,Olivia Clark,30,Other,USA,7/11/2021,Yearly
s27645,Arjun Singh,19,Other,Germany,11/19/2020,Yearly
s27646,Benjamin Moore,19,Other,USA,12/14/2021,Free
s27647,Karan Thomas,25,Other,UK,9/14/2019,Yearly
s27648,Riya Moore,66,Female,Canada,12/12/2020,Free
s27649,Benjamin Clark,23,Female,UK,11/13/2022,Monthly
s27650,Olivia Thomas,42,Male,Germany,12/21/2020,Free
s27651,Amelia Taylor,23,Other,Canada,1/13/2022,Monthly
s27652,Eva Patel,26,Other,Canada,11/11/2022,Yearly
s27653,Benjamin Verma,46,Male,USA,12/1/2019,Free
s27654,Aarav Sharma,25,Female,Germany,9/30/2019,Yearly
s27655,Vihaan Johnson,22,Female,Germany,9/2/2019,Monthly
s27656,Eva Anderson,37,Male,Canada,12/29/2021,Yearly
s27657,Amelia Taylor,43,Female,Canada,12/30/2019,Monthly
s27658,Noah Lewis,33,Other,India,6/12/2019,Monthly
s27659,Aarav Taylor,22,Other,Canada,9/26/2022,Yearly
s27660,Liam Wilson,21,Male,USA,1/14/2021,Yearly
s27661,Isabella Lee,23,Female,UK,2/4/2019,Yearly
s27662,Liam Johnson,26,Female,Australia,6/19/2020,Free
s27663,Karan Verma,25,Male,UK,9/13/2022,Yearly
s27664,Eva Verma,21,Other,Canada,5/29/2020,Free
s27665,Meera Sharma,19,Female,India,11/6/2020,Free
s27666,Aanya Wilson,27,Other,Australia,11/19/2021,Free
s27667,Liam Wilson,47,Other,USA,5/15/2019,Free
s27668,Lucas Davis,30,Female,Australia,7/27/2019,Free
s27669,Vihaan Taylor,18,Other,Germany,9/11/2020,Monthly
s27670,Olivia Brown,22,Female,India,8/15/2019,Free
s27671,Amelia Hall,18,Female,UK,9/2/2020,Free
s27672,Emma Wilson,18,Male,Australia,5/4/2020,Free
s27673,Noah Verma,20,Male,Canada,12/8/2022,Yearly
s27674,Amelia Patel,25,Other,Germany,4/28/2020,Monthly
s27675,Olivia Smith,26,Female,USA,4/8/2021,Free
s27676,Olivia Martin,41,Male,UK,6/30/2021,Free
s27677,Vihaan Miller,33,Female,Canada,10/22/2021,Monthly
s27678,Noah Martin,22,Female,Canada,9/26/2020,Yearly
s27679,Ethan Verma,43,Male,Australia,1/24/2020,Yearly
s27680,Vihaan Patel,18,Male,UK,11/10/2021,Free
s27681,Isabella Brown,18,Female,India,9/28/2022,Yearly
s27682,Karan Moore,47,Male,UK,4/16/2019,Monthly
s27683,Mia Smith,52,Female,UK,8/8/2021,Yearly
s27684,Riya Thomas,24,Male,India,1/11/2020,Free
s27685,Aarav Brown,19,Other,UK,7/26/2022,Free
s27686,Emma Johnson,23,Female,Canada,8/21/2020,Monthly
s27687,Meera Smith,39,Male,Germany,5/15/2019,Yearly
s27688,Lucas Verma,23,Female,Australia,7/21/2022,Monthly
s27689,Benjamin Johnson,29,Male,Australia,12/17/2019,Yearly
s27690,Arjun Brown,20,Female,USA,7/28/2020,Free
s27691,Eva Hall,22,Female,Canada,4/22/2022,Monthly
s27692,Benjamin Sharma,44,Male,UK,12/14/2021,Free
s27693,Aanya Brown,23,Male,Germany,12/10/2022,Monthly
s27694,Karan Smith,23,Other,USA,1/2/2022,Yearly
s27695,Emma Martin,21,Other,UK,8/19/2021,Monthly
s27696,Aanya Patel,44,Other,Canada,3/12/2021,Yearly
s27697,Liam Lee,19,Other,Canada,10/17/2020,Monthly
s27698,Zara Taylor,18,Female,Australia,5/15/2022,Monthly
s27699,Isabella Wilson,29,Female,USA,8/20/2022,Yearly
s27700,Karan Singh,20,Male,Germany,1/5/2022,Monthly
s27701,Riya Davis,19,Other,India,9/29/2021,Monthly
s27702,Olivia Sharma,33,Other,India,4/9/2021,Yearly
s27703,Aanya Walker,28,Other,Canada,3/28/2021,Yearly
s27704,Emma Thomas,24,Other,UK,8/31/2022,Yearly
s27705,Meera Anderson,23,Female,USA,10/26/2022,Free
s27706,Liam Wilson,22,Other,Germany,4/7/2019,Free
s27707,Noah Smith,26,Other,Australia,8/31/2019,Free
s27708,Isabella Singh,18,Female,India,9/14/2020,Yearly
s27709,Zara Singh,20,Female,India,1/5/2019,Monthly
s27710,Liam Taylor,26,Female,USA,3/25/2022,Monthly
s27711,Olivia Miller,52,Female,Canada,4/6/2020,Free
s27712,Isabella Thomas,18,Female,Canada,3/18/2019,Yearly
s27713,Emma Davis,22,Female,USA,3/2/2019,Free
s27714,Aanya Martin,18,Female,India,11/15/2021,Yearly
s27715,Isabella Brown,45,Female,India,2/23/2019,Monthly
s27716,Ethan Lewis,19,Female,UK,7/27/2022,Free
s27717,Mia Thomas,38,Male,Australia,5/3/2022,Monthly
s27718,Mia Sharma,41,Other,UK,5/26/2022,Monthly
s27719,Arjun Lee,38,Other,USA,12/11/2021,Free
s27720,Noah Singh,20,Male,Australia,12/10/2022,Yearly
s27721,Noah Taylor,41,Other,India,12/21/2022,Yearly
s27722,Eva Lewis,24,Male,UK,8/14/2019,Monthly
s27723,Noah Taylor,41,Male,India,2/26/2022,Free
s27724,Olivia Singh,28,Female,India,5/10/2019,Free
s27725,Aarav Johnson,19,Female,Germany,8/23/2022,Monthly
s27726,Riya Johnson,37,Male,Germany,12/13/2022,Free
s27727,Aarav Sharma,26,Other,USA,12/11/2021,Yearly
s27728,Amelia Lee,46,Female,Australia,8/9/2019,Yearly
s27729,Eva Sharma,21,Female,UK,9/4/2019,Monthly
s27730,Noah Singh,18,Female,India,1/12/2021,Monthly
s27731,Aarav Walker,44,Other,USA,1/9/2020,Free
s27732,Karan Hall,53,Female,UK,4/27/2021,Monthly
s27733,Mia Clark,33,Female,USA,2/29/2020,Yearly
s27734,Noah Hall,36,Female,Australia,4/11/2020,Free
s27735,Meera Clark,37,Female,USA,3/2/2020,Yearly
s27736,Aarav Brown,22,Male,Canada,2/1/2020,Monthly
s27737,Meera Miller,25,Other,Canada,8/29/2020,Free
s27738,Arjun Moore,32,Male,India,12/15/2019,Monthly
s27739,Isabella Smith,19,Male,USA,2/26/2020,Yearly
s27740,Eva Anderson,34,Female,USA,7/23/2019,Yearly
s27741,Emma Miller,44,Other,USA,6/24/2019,Yearly
s27742,Meera Taylor,26,Other,Australia,10/29/2019,Monthly
s27743,Liam Thomas,33,Other,USA,8/18/2021,Monthly
s27744,Mia Patel,21,Male,UK,7/28/2021,Free
s27745,Vihaan Johnson,34,Male,Canada,7/5/2022,Free
s27746,Aarav Walker,27,Female,UK,9/20/2022,Yearly
s27747,Noah Clark,21,Male,Germany,4/14/2022,Yearly
s27748,Karan Taylor,54,Other,UK,3/26/2020,Free
s27749,Meera Lee,21,Female,Germany,12/27/2020,Yearly
s27750,Olivia Moore,46,Male,Canada,3/2/2019,Monthly
s27751,Eva Walker,18,Other,Canada,11/26/2022,Monthly
s27752,Sophia Verma,30,Other,Germany,2/6/2022,Free
s27753,Olivia Lee,25,Male,India,12/7/2021,Yearly
s27754,Sophia Wilson,29,Male,Australia,9/21/2020,Yearly
s27755,Vihaan Verma,26,Other,Germany,10/25/2019,Free
s27756,Sophia Brown,25,Other,Germany,11/12/2021,Yearly
s27757,Vihaan Davis,33,Other,Canada,1/4/2022,Free
s27758,Isabella Taylor,66,Male,UK,3/24/2019,Monthly
s27759,Aanya Miller,23,Female,UK,6/15/2022,Monthly
s27760,Benjamin Smith,58,Other,USA,2/6/2019,Monthly
s27761,Mia Patel,27,Other,Canada,1/3/2021,Free
s27762,Ethan Martin,21,Other,Australia,8/28/2021,Free
s27763,Sophia Martin,24,Other,UK,4/21/2021,Monthly
s27764,Emma Singh,32,Male,Australia,3/26/2020,Yearly
s27765,Olivia Martin,19,Other,Australia,5/9/2022,Free
s27766,Noah Anderson,23,Female,UK,6/27/2021,Free
s27767,Vihaan Clark,24,Female,Germany,11/20/2022,Monthly
s27768,Lucas Verma,19,Male,Canada,1/24/2020,Yearly
s27769,Mia Singh,20,Male,Australia,9/3/2021,Free
s27770,Riya Johnson,25,Other,UK,10/7/2019,Yearly
s27771,Karan Patel,18,Male,India,3/26/2022,Free
s27772,Noah Singh,21,Male,UK,5/25/2020,Free
s27773,Olivia Johnson,21,Other,USA,11/14/2021,Yearly
s27774,Meera Thomas,19,Other,UK,12/23/2020,Monthly
s27775,Benjamin Wilson,38,Other,UK,6/10/2022,Yearly
s27776,Sophia Smith,26,Other,USA,9/25/2021,Yearly
s27777,Emma Thomas,33,Male,Canada,4/30/2021,Monthly
s27778,Isabella Johnson,44,Other,UK,2/6/2022,Monthly
s27779,Zara Lewis,23,Other,Germany,1/18/2021,Free
s27780,Lucas Verma,23,Male,Australia,10/2/2019,Yearly
s27781,Karan Johnson,21,Female,Germany,8/3/2020,Free
s27782,Sophia Walker,43,Male,Germany,5/22/2019,Monthly
s27783,Meera Johnson,26,Male,Germany,11/10/2019,Yearly
s27784,Isabella Taylor,38,Female,USA,8/29/2020,Free
s27785,Karan Verma,37,Female,UK,9/5/2021,Yearly
s27786,Vihaan Miller,34,Female,India,6/7/2020,Monthly
s27787,Aarav Martin,25,Other,Germany,8/26/2022,Monthly
s27788,Meera Johnson,36,Other,Canada,7/8/2019,Monthly
s27789,Noah Hall,56,Male,Australia,6/6/2020,Yearly
s27790,Mia Johnson,26,Female,Australia,3/11/2020,Yearly
s27791,Lucas Sharma,42,Other,Germany,8/11/2022,Yearly
s27792,Eva Sharma,25,Male,USA,12/20/2020,Yearly
s27793,Benjamin Anderson,21,Male,UK,11/20/2019,Yearly
s27794,Lucas Hall,24,Other,UK,3/2/2022,Free
s27795,Noah Johnson,35,Male,Germany,7/6/2019,Monthly
s27796,Benjamin Walker,26,Other,Australia,1/31/2021,Free
s27797,Eva Clark,21,Male,USA,2/14/2021,Yearly
s27798,Sophia Wilson,26,Other,UK,7/27/2020,Monthly
s27799,Mia Verma,26,Male,Canada,5/20/2022,Monthly
s27800,Amelia Hall,32,Other,India,10/14/2021,Yearly
s27801,Aanya Verma,45,Other,USA,12/22/2022,Monthly
s27802,Ethan Singh,26,Female,Germany,10/5/2019,Monthly
s27803,Mia Wilson,58,Female,USA,7/4/2020,Monthly
s27804,Eva Brown,46,Female,India,7/17/2022,Monthly
s27805,Zara Lewis,42,Male,Australia,3/1/2019,Monthly
s27806,Emma Sharma,41,Female,Australia,4/29/2021,Yearly
s27807,Karan Johnson,29,Other,Germany,12/28/2022,Yearly
s27808,Benjamin Martin,19,Other,Germany,4/6/2022,Free
s27809,Aarav Wilson,21,Female,UK,1/11/2019,Monthly
s27810,Vihaan Anderson,25,Male,Australia,6/14/2021,Free
s27811,Karan Lewis,26,Male,Germany,7/1/2021,Free
s27812,Olivia Brown,22,Female,Australia,2/27/2019,Free
s27813,Arjun Sharma,19,Female,Australia,11/19/2020,Monthly
s27814,Emma Clark,58,Male,Australia,8/5/2021,Free
s27815,Amelia Miller,31,Female,Australia,12/17/2021,Monthly
s27816,Mia Anderson,23,Male,Australia,5/27/2022,Yearly
s27817,Mia Brown,36,Female,Australia,1/4/2019,Monthly
s27818,Sophia Sharma,18,Male,Australia,4/27/2020,Yearly
s27819,Mia Lewis,31,Other,UK,9/20/2020,Free
s27820,Riya Wilson,46,Other,UK,8/5/2021,Free
s27821,Eva Sharma,50,Male,India,5/31/2022,Yearly
s27822,Emma Davis,38,Other,Australia,11/15/2019,Monthly
s27823,Vihaan Patel,44,Other,Australia,7/9/2022,Free
s27824,Lucas Johnson,25,Male,Germany,8/4/2021,Monthly
s27825,Vihaan Anderson,24,Female,Australia,3/28/2021,Free
s27826,Ethan Martin,21,Male,Canada,4/12/2020,Free
s27827,Meera Davis,50,Male,Australia,11/19/2022,Yearly
s27828,Noah Verma,33,Male,Germany,4/25/2022,Monthly
s27829,Amelia Patel,20,Other,Canada,2/22/2020,Monthly
s27830,Ethan Lewis,22,Female,UK,10/30/2020,Monthly
s27831,Arjun Johnson,38,Other,Germany,3/28/2020,Monthly
s27832,Liam Taylor,38,Female,India,1/11/2021,Monthly
s27833,Noah Brown,20,Male,Canada,12/15/2022,Free
s27834,Arjun Martin,19,Male,UK,9/26/2021,Monthly
s27835,Emma Taylor,31,Other,UK,5/21/2021,Monthly
s27836,Amelia Verma,33,Female,Australia,3/17/2019,Free
s27837,Meera Sharma,53,Female,USA,2/24/2022,Monthly
s27838,Emma Verma,25,Male,Australia,7/25/2021,Free
s27839,Aanya Sharma,20,Other,Germany,9/7/2022,Free
s27840,Ethan Wilson,27,Female,UK,10/16/2022,Free
s27841,Amelia Lewis,19,Female,Australia,5/22/2020,Free
s27842,Meera Sharma,21,Other,UK,7/7/2022,Monthly
s27843,Noah Verma,18,Female,Canada,9/8/2019,Monthly
s27844,Amelia Martin,63,Other,India,4/29/2019,Free
s27845,Isabella Johnson,32,Male,Germany,11/3/2020,Free
s27846,Benjamin Clark,61,Male,USA,4/11/2021,Free
s27847,Riya Singh,47,Other,Germany,7/8/2019,Monthly
s27848,Zara Patel,23,Other,UK,4/28/2021,Monthly
s27849,Arjun Wilson,57,Female,India,6/25/2019,Yearly
s27850,Meera Sharma,27,Female,India,5/27/2022,Yearly
s27851,Lucas Wilson,24,Other,Canada,6/27/2021,Free
s27852,Sophia Thomas,23,Other,Canada,2/2/2020,Yearly
s27853,Benjamin Lewis,21,Other,UK,8/17/2019,Free
s27854,Karan Clark,28,Male,Australia,12/19/2021,Free
s27855,Olivia Davis,21,Male,India,6/30/2020,Monthly
s27856,Aarav Wilson,52,Male,India,1/18/2021,Yearly
s27857,Liam Lewis,38,Female,India,8/8/2022,Monthly
s27858,Ethan Brown,18,Female,USA,3/24/2021,Free
s27859,Sophia Smith,38,Other,India,2/22/2022,Free
s27860,Benjamin Smith,32,Other,Canada,11/21/2019,Yearly
s27861,Karan Smith,21,Other,India,6/30/2020,Yearly
s27862,Benjamin Martin,57,Other,UK,4/12/2022,Free
s27863,Vihaan Anderson,43,Other,Germany,4/1/2020,Free
s27864,Aarav Martin,23,Female,UK,3/15/2022,Free
s27865,Ethan Johnson,43,Female,India,8/27/2019,Monthly
s27866,Lucas Verma,31,Male,UK,1/15/2021,Free
s27867,Eva Singh,27,Female,India,4/25/2022,Monthly
s27868,Eva Lewis,64,Male,USA,5/11/2020,Yearly
s27869,Sophia Patel,64,Male,Germany,11/26/2021,Free
s27870,Karan Martin,20,Female,UK,10/7/2019,Free
s27871,Mia Anderson,18,Male,India,2/5/2019,Free
s27872,Emma Patel,26,Female,UK,11/20/2022,Free
s27873,Riya Davis,20,Other,Canada,8/6/2022,Free
s27874,Karan Clark,33,Male,Canada,6/27/2020,Monthly
s27875,Emma Walker,24,Female,Australia,4/25/2019,Free
s27876,Riya Miller,21,Female,Germany,3/23/2019,Yearly
s27877,Ethan Miller,54,Other,UK,7/30/2020,Free
s27878,Ethan Miller,22,Male,UK,7/2/2020,Yearly
s27879,Liam Hall,20,Female,UK,3/12/2021,Free
s27880,Sophia Verma,44,Male,India,10/28/2019,Monthly
s27881,Noah Singh,23,Male,Canada,11/23/2020,Yearly
s27882,Emma Martin,25,Female,UK,1/4/2022,Free
s27883,Aarav Anderson,18,Other,Australia,10/7/2019,Monthly
s27884,Vihaan Miller,21,Male,UK,6/3/2020,Free
s27885,Emma Patel,55,Male,Canada,4/1/2022,Monthly
s27886,Lucas Moore,23,Male,UK,9/8/2020,Monthly
s27887,Zara Wilson,66,Other,Canada,1/25/2019,Yearly
s27888,Liam Patel,21,Other,India,12/14/2019,Yearly
s27889,Vihaan Wilson,22,Other,Canada,2/28/2021,Yearly
s27890,Zara Verma,20,Female,India,9/16/2021,Yearly
s27891,Ethan Anderson,19,Other,Canada,5/1/2022,Free
s27892,Karan Lewis,33,Male,Australia,1/27/2021,Free
s27893,Lucas Martin,22,Male,Canada,3/13/2022,Monthly
s27894,Arjun Clark,22,Other,Canada,11/25/2021,Yearly
s27895,Liam Davis,53,Other,USA,8/7/2020,Monthly
s27896,Vihaan Patel,24,Other,Germany,8/6/2022,Free
s27897,Olivia Wilson,22,Male,USA,4/28/2022,Monthly
s27898,Olivia Walker,45,Other,UK,3/13/2019,Yearly
s27899,Liam Walker,20,Female,Australia,11/16/2020,Yearly
s27900,Meera Patel,29,Other,India,10/2/2021,Monthly
s27901,Amelia Taylor,22,Female,Australia,3/19/2021,Monthly
s27902,Olivia Smith,24,Male,Canada,5/3/2019,Yearly
s27903,Aarav Wilson,20,Female,UK,8/16/2022,Yearly
s27904,Sophia Anderson,25,Other,Germany,11/1/2021,Yearly
s27905,Eva Johnson,22,Other,Germany,4/21/2019,Monthly
s27906,Arjun Moore,23,Other,UK,6/12/2021,Monthly
s27907,Sophia Patel,47,Other,UK,10/22/2022,Yearly
s27908,Isabella Lee,27,Male,Canada,1/21/2022,Yearly
s27909,Sophia Smith,42,Other,USA,9/25/2020,Monthly
s27910,Sophia Lee,64,Female,Germany,2/20/2019,Monthly
s27911,Arjun Walker,24,Female,Canada,2/18/2022,Yearly
s27912,Ethan Martin,61,Other,Australia,1/16/2020,Free
s27913,Aarav Wilson,39,Male,India,6/20/2021,Yearly
s27914,Sophia Taylor,39,Other,Germany,7/24/2020,Free
s27915,Vihaan Thomas,19,Male,USA,8/15/2019,Monthly
s27916,Karan Singh,29,Male,Germany,11/16/2021,Monthly
s27917,Karan Sharma,23,Other,UK,8/27/2019,Free
s27918,Mia Thomas,40,Female,UK,3/5/2022,Monthly
s27919,Vihaan Verma,23,Female,UK,4/14/2019,Yearly
s27920,Arjun Brown,57,Female,Canada,3/31/2020,Monthly
s27921,Benjamin Taylor,36,Male,Australia,3/31/2020,Monthly
s27922,Olivia Taylor,25,Female,Germany,6/1/2022,Yearly
s27923,Aarav Wilson,27,Male,India,7/22/2020,Yearly
s27924,Riya Brown,23,Other,Canada,6/8/2021,Monthly
s27925,Emma Thomas,59,Other,Germany,7/3/2021,Monthly
s27926,Olivia Anderson,36,Male,India,4/14/2020,Monthly
s27927,Amelia Smith,23,Other,USA,7/1/2022,Free
s27928,Riya Sharma,26,Other,USA,10/26/2021,Yearly
s27929,Benjamin Lewis,59,Female,USA,2/2/2021,Monthly
s27930,Aarav Singh,58,Male,UK,10/25/2021,Yearly
s27931,Liam Johnson,38,Male,Germany,7/22/2019,Free
s27932,Zara Thomas,20,Other,Australia,3/7/2019,Monthly
s27933,Mia Thomas,27,Male,USA,2/25/2022,Monthly
s27934,Eva Johnson,23,Other,USA,2/26/2022,Monthly
s27935,Vihaan Davis,23,Male,India,4/3/2019,Free
s27936,Vihaan Miller,55,Other,Germany,10/6/2020,Monthly
s27937,Arjun Patel,39,Female,Canada,6/22/2020,Free
s27938,Meera Clark,25,Male,Australia,1/9/2022,Monthly
s27939,Liam Davis,31,Female,UK,5/22/2022,Monthly
s27940,Zara Clark,26,Male,Canada,8/19/2022,Free
s27941,Isabella Wilson,23,Other,Canada,1/24/2022,Yearly
s27942,Sophia Martin,20,Male,India,9/23/2019,Monthly
s27943,Arjun Anderson,20,Female,UK,1/11/2022,Free
s27944,Vihaan Miller,36,Female,Australia,7/24/2022,Yearly
s27945,Vihaan Miller,23,Female,India,8/29/2022,Free
s27946,Arjun Taylor,20,Other,Germany,2/2/2021,Yearly
s27947,Emma Moore,23,Other,Canada,3/8/2022,Yearly
s27948,Zara Martin,32,Other,Germany,4/30/2019,Monthly
s27949,Amelia Sharma,26,Other,USA,7/12/2020,Monthly
s27950,Mia Taylor,63,Female,Australia,11/4/2019,Yearly
s27951,Amelia Patel,27,Other,India,1/1/2020,Free
s27952,Amelia Johnson,18,Other,Australia,7/3/2020,Monthly
s27953,Benjamin Smith,24,Female,India,5/10/2020,Monthly
s27954,Amelia Walker,18,Male,UK,6/22/2021,Yearly
s27955,Karan Patel,46,Other,India,1/3/2019,Monthly
s27956,Eva Smith,20,Female,UK,8/4/2021,Monthly
s27957,Eva Verma,27,Other,Germany,8/13/2020,Free
s27958,Emma Verma,30,Male,Australia,8/26/2019,Yearly
s27959,Meera Thomas,23,Other,USA,9/24/2020,Monthly
s27960,Noah Wilson,34,Other,UK,6/23/2021,Monthly
s27961,Benjamin Davis,23,Other,Canada,12/30/2021,Free
s27962,Meera Taylor,67,Other,Australia,1/6/2022,Monthly
s27963,Aanya Davis,38,Female,USA,5/4/2021,Monthly
s27964,Aanya Wilson,20,Female,Germany,12/13/2022,Monthly
s27965,Eva Thomas,23,Male,Australia,7/2/2022,Monthly
s27966,Vihaan Smith,23,Other,USA,6/4/2020,Monthly
s27967,Amelia Brown,32,Female,USA,2/24/2020,Yearly
s27968,Sophia Lewis,46,Male,Germany,9/16/2021,Monthly
s27969,Aarav Hall,24,Other,USA,10/18/2022,Monthly
s27970,Karan Brown,43,Female,USA,8/29/2019,Free
s27971,Karan Moore,22,Other,Canada,10/26/2021,Yearly
s27972,Benjamin Anderson,53,Other,Canada,3/21/2021,Monthly
s27973,Aanya Walker,24,Other,UK,12/3/2022,Yearly
s27974,Olivia Johnson,37,Male,UK,3/25/2021,Monthly
s27975,Olivia Lee,67,Female,Germany,5/23/2022,Free
s27976,Noah Singh,32,Female,USA,11/18/2019,Monthly
s27977,Meera Davis,34,Other,Australia,9/7/2022,Monthly
s27978,Riya Davis,43,Other,USA,10/31/2020,Yearly
s27979,Mia Lee,19,Male,USA,11/4/2022,Yearly
s27980,Emma Taylor,27,Female,India,5/17/2021,Yearly
s27981,Liam Anderson,25,Male,Germany,1/8/2022,Yearly
s27982,Vihaan Martin,36,Other,Canada,6/12/2019,Monthly
s27983,Isabella Hall,27,Other,Australia,9/19/2022,Free
s27984,Aanya Anderson,30,Female,India,2/8/2020,Monthly
s27985,Olivia Smith,26,Other,Australia,2/12/2020,Free
s27986,Olivia Verma,22,Other,Canada,1/9/2019,Yearly
s27987,Mia Patel,20,Other,Germany,2/7/2021,Yearly
s27988,Liam Wilson,25,Other,Australia,6/4/2021,Monthly
s27989,Karan Miller,24,Female,Canada,5/30/2019,Free
s27990,Eva Sharma,20,Other,Canada,4/28/2019,Monthly
s27991,Eva Patel,22,Other,UK,3/19/2022,Monthly
s27992,Arjun Lewis,21,Female,USA,8/17/2019,Free
s27993,Ethan Anderson,27,Male,India,6/10/2022,Free
s27994,Lucas Clark,18,Other,Canada,11/24/2021,Free
s27995,Ethan Lee,23,Female,UK,12/17/2020,Yearly
s27996,Benjamin Moore,25,Female,USA,1/19/2022,Monthly
s27997,Sophia Wilson,44,Female,USA,11/25/2021,Monthly
s27998,Lucas Johnson,22,Male,Germany,11/18/2019,Monthly
s27999,Karan Clark,37,Other,UK,1/26/2020,Free
s28000,Amelia Walker,26,Female,Australia,7/8/2020,Monthly
s28001,Amelia Miller,43,Other,India,10/3/2021,Free
s28002,Noah Clark,47,Male,Canada,6/17/2021,Yearly
s28003,Aarav Martin,18,Male,Germany,2/16/2020,Free
s28004,Meera Clark,21,Female,UK,4/25/2022,Monthly
s28005,Benjamin Davis,18,Other,Germany,3/3/2020,Monthly
s28006,Meera Walker,27,Other,Germany,9/25/2022,Free
s28007,Ethan Moore,33,Other,India,2/4/2021,Yearly
s28008,Mia Anderson,24,Male,India,9/10/2020,Yearly
s28009,Sophia Martin,36,Male,UK,5/20/2020,Yearly
s28010,Arjun Clark,22,Other,Canada,9/16/2021,Yearly
s28011,Zara Brown,22,Male,Australia,5/21/2021,Free
s28012,Zara Lee,23,Female,Germany,1/23/2019,Monthly
s28013,Sophia Verma,40,Female,Germany,3/26/2022,Yearly
s28014,Riya Sharma,57,Male,Australia,6/30/2020,Free
s28015,Emma Clark,19,Female,USA,2/10/2022,Yearly
s28016,Emma Wilson,26,Female,Australia,3/1/2019,Monthly
s28017,Riya Johnson,62,Female,India,11/25/2021,Free
s28018,Vihaan Davis,19,Male,Germany,9/17/2022,Monthly
s28019,Olivia Patel,40,Other,India,2/8/2020,Free
s28020,Benjamin Moore,35,Female,Canada,12/21/2021,Free
s28021,Emma Brown,59,Other,Germany,4/17/2021,Yearly
s28022,Noah Sharma,24,Other,Australia,6/16/2019,Yearly
s28023,Ethan Brown,56,Male,Germany,5/14/2021,Free
s28024,Liam Hall,29,Male,Australia,2/18/2022,Monthly
s28025,Amelia Brown,20,Male,Australia,5/17/2022,Yearly
s28026,Arjun Wilson,23,Other,India,6/19/2019,Yearly
s28027,Emma Brown,31,Other,UK,12/9/2020,Yearly
s28028,Arjun Moore,25,Female,USA,2/20/2022,Monthly
s28029,Isabella Brown,21,Other,UK,11/22/2019,Free
s28030,Vihaan Taylor,51,Female,USA,8/9/2020,Free
s28031,Karan Martin,22,Female,Canada,6/19/2021,Yearly
s28032,Riya Miller,27,Female,USA,8/26/2022,Monthly
s28033,Isabella Patel,47,Male,UK,11/8/2022,Yearly
s28034,Aarav Moore,44,Other,Australia,6/22/2019,Yearly
s28035,Isabella Clark,40,Female,USA,8/30/2021,Free
s28036,Ethan Wilson,51,Male,USA,10/28/2022,Yearly
s28037,Aanya Hall,38,Male,India,9/16/2019,Yearly
s28038,Lucas Lee,56,Other,Canada,2/11/2020,Yearly
s28039,Eva Thomas,26,Male,India,12/24/2019,Monthly
s28040,Eva Walker,20,Other,Canada,10/1/2021,Free
s28041,Eva Thomas,33,Female,USA,8/24/2022,Monthly
s28042,Riya Brown,47,Male,Germany,11/5/2019,Monthly
s28043,Aarav Singh,27,Male,Australia,8/4/2020,Monthly
s28044,Olivia Patel,20,Female,USA,8/21/2022,Yearly
s28045,Karan Wilson,42,Male,Germany,5/31/2020,Yearly
s28046,Karan Verma,21,Female,India,2/9/2021,Monthly
s28047,Sophia Martin,21,Female,Germany,8/8/2021,Yearly
s28048,Riya Patel,32,Male,India,7/22/2019,Yearly
s28049,Benjamin Clark,18,Male,Germany,4/29/2019,Monthly
s28050,Eva Patel,50,Other,Australia,2/21/2019,Monthly
s28051,Emma Hall,18,Other,Germany,8/7/2019,Monthly
s28052,Zara Hall,32,Other,Germany,3/2/2019,Free
s28053,Ethan Johnson,24,Male,India,7/4/2022,Monthly
s28054,Vihaan Patel,55,Male,Australia,1/22/2019,Monthly
s28055,Olivia Smith,25,Other,USA,2/22/2019,Free
s28056,Lucas Martin,27,Female,UK,12/3/2020,Yearly
s28057,Eva Singh,22,Female,Australia,3/17/2021,Yearly
s28058,Eva Thomas,19,Female,UK,9/13/2021,Yearly
s28059,Benjamin Miller,18,Other,India,1/1/2021,Free
s28060,Eva Lee,19,Female,USA,10/11/2022,Yearly
s28061,Karan Verma,22,Female,UK,8/28/2019,Monthly
s28062,Riya Lee,37,Other,Australia,7/28/2019,Monthly
s28063,Liam Lee,19,Other,UK,8/18/2020,Monthly
s28064,Lucas Taylor,26,Male,Canada,5/25/2019,Yearly
s28065,Benjamin Lee,26,Other,India,3/7/2019,Monthly
s28066,Amelia Moore,25,Other,Germany,7/12/2020,Monthly
s28067,Liam Walker,46,Other,UK,10/26/2019,Free
s28068,Isabella Anderson,24,Other,Australia,9/14/2022,Monthly
s28069,Karan Wilson,44,Female,Canada,10/19/2021,Free
s28070,Lucas Verma,18,Male,India,11/7/2022,Monthly
s28071,Isabella Patel,43,Female,Canada,6/24/2019,Yearly
s28072,Eva Clark,19,Male,Australia,3/10/2022,Free
s28073,Zara Wilson,52,Male,India,3/10/2019,Monthly
s28074,Olivia Lee,24,Female,Australia,4/8/2019,Free
s28075,Aarav Moore,58,Male,USA,2/6/2019,Monthly
s28076,Sophia Singh,27,Other,Canada,7/30/2019,Free
s28077,Zara Walker,20,Female,Canada,11/8/2020,Yearly
s28078,Eva Walker,27,Other,Canada,10/19/2020,Free
s28079,Eva Martin,38,Other,Germany,2/2/2022,Monthly
s28080,Lucas Hall,24,Male,UK,3/28/2021,Free
s28081,Amelia Lewis,30,Male,Germany,6/1/2021,Free
s28082,Meera Singh,21,Other,UK,2/6/2020,Yearly
s28083,Karan Walker,41,Female,Germany,8/20/2021,Yearly
s28084,Eva Lewis,19,Female,UK,2/9/2022,Yearly
s28085,Ethan Taylor,32,Other,Canada,10/4/2020,Free
s28086,Benjamin Lee,19,Other,Canada,5/31/2020,Free
s28087,Zara Johnson,36,Male,Australia,10/13/2021,Free
s28088,Vihaan Thomas,21,Male,Canada,8/18/2022,Free
s28089,Riya Taylor,21,Male,USA,11/18/2020,Free
s28090,Sophia Anderson,42,Male,Germany,1/8/2022,Free
s28091,Zara Thomas,36,Female,Germany,4/28/2020,Yearly
s28092,Noah Anderson,37,Female,Germany,11/8/2022,Free
s28093,Mia Singh,36,Other,Germany,9/8/2019,Monthly
s28094,Olivia Singh,26,Male,Germany,11/11/2020,Free
s28095,Benjamin Smith,45,Male,Canada,11/30/2019,Monthly
s28096,Aanya Thomas,23,Female,UK,6/12/2020,Monthly
s28097,Meera Patel,25,Other,Germany,11/18/2020,Yearly
s28098,Meera Sharma,19,Male,USA,9/3/2022,Free
s28099,Lucas Wilson,42,Other,UK,6/18/2020,Free
s28100,Zara Sharma,24,Female,India,2/12/2020,Yearly
s28101,Benjamin Davis,34,Male,Canada,5/25/2021,Monthly
s28102,Meera Moore,35,Other,India,1/27/2022,Free
s28103,Vihaan Smith,43,Other,Canada,5/4/2021,Monthly
s28104,Olivia Miller,43,Female,Germany,2/25/2022,Monthly
s28105,Mia Smith,42,Female,India,11/1/2021,Free
s28106,Benjamin Martin,21,Female,USA,2/1/2020,Free
s28107,Zara Hall,21,Female,UK,7/20/2019,Free
s28108,Lucas Clark,18,Male,Canada,9/14/2021,Monthly
s28109,Lucas Lewis,21,Other,USA,10/3/2019,Free
s28110,Noah Taylor,21,Male,India,9/8/2022,Yearly
s28111,Lucas Brown,20,Male,Germany,12/2/2020,Free
s28112,Lucas Martin,44,Other,Germany,3/30/2019,Monthly
s28113,Ethan Johnson,31,Female,Australia,8/23/2022,Free
s28114,Amelia Martin,22,Male,Australia,1/17/2022,Free
s28115,Ethan Smith,19,Other,UK,5/3/2021,Yearly
s28116,Emma Lewis,24,Male,USA,5/11/2020,Yearly
s28117,Amelia Martin,58,Other,Canada,6/5/2022,Free
s28118,Eva Johnson,40,Male,UK,12/10/2020,Yearly
s28119,Emma Thomas,19,Other,Australia,12/2/2021,Free
s28120,Amelia Davis,25,Female,Germany,4/8/2020,Free
s28121,Aarav Davis,50,Male,Australia,8/31/2020,Yearly
s28122,Aarav Brown,18,Other,Australia,8/6/2020,Yearly
s28123,Vihaan Taylor,37,Other,Australia,3/8/2020,Yearly
s28124,Karan Davis,33,Male,India,7/10/2019,Free
s28125,Lucas Singh,51,Female,USA,4/1/2022,Yearly
s28126,Mia Sharma,32,Female,Germany,4/28/2021,Yearly
s28127,Arjun Hall,32,Female,India,9/2/2021,Monthly
s28128,Benjamin Brown,26,Male,Australia,8/9/2020,Monthly
s28129,Aarav Wilson,23,Other,Germany,2/15/2021,Free
s28130,Arjun Martin,20,Male,Germany,1/12/2019,Monthly
s28131,Aarav Verma,37,Female,India,8/28/2020,Free
s28132,Benjamin Smith,19,Male,Canada,12/9/2021,Yearly
s28133,Benjamin Wilson,22,Other,Australia,7/2/2019,Free
s28134,Ethan Taylor,19,Other,Germany,6/28/2019,Yearly
s28135,Eva Singh,20,Female,India,9/28/2020,Free
s28136,Aanya Miller,23,Male,Germany,12/17/2022,Yearly
s28137,Zara Brown,22,Female,India,1/9/2020,Free
s28138,Zara Johnson,23,Female,India,2/15/2022,Yearly
s28139,Vihaan Walker,31,Male,Australia,9/6/2020,Free
s28140,Riya Wilson,24,Male,UK,4/21/2019,Yearly
s28141,Sophia Patel,51,Other,India,1/1/2019,Yearly
s28142,Vihaan Brown,26,Male,India,7/6/2019,Monthly
s28143,Olivia Thomas,32,Female,Germany,6/7/2022,Yearly
s28144,Emma Lee,41,Other,UK,8/6/2020,Yearly
s28145,Sophia Lewis,39,Other,Australia,7/25/2019,Yearly
s28146,Emma Singh,21,Other,Australia,1/3/2022,Monthly
s28147,Sophia Verma,62,Female,USA,12/8/2019,Yearly
s28148,Aarav Walker,23,Other,Canada,11/8/2021,Monthly
s28149,Liam Walker,39,Male,Australia,5/3/2020,Yearly
s28150,Ethan Verma,20,Other,Canada,10/22/2019,Monthly
s28151,Sophia Smith,19,Other,India,11/28/2020,Free
s28152,Meera Davis,23,Other,USA,6/14/2022,Free
s28153,Aarav Singh,24,Other,UK,10/16/2022,Free
s28154,Noah Miller,39,Female,USA,1/5/2020,Monthly
s28155,Ethan Johnson,21,Male,Germany,10/25/2020,Yearly
s28156,Karan Brown,19,Other,India,12/25/2019,Free
s28157,Noah Brown,54,Female,Germany,7/25/2022,Monthly
s28158,Isabella Verma,27,Female,Canada,2/9/2021,Yearly
s28159,Ethan Thomas,34,Male,Canada,9/26/2021,Free
s28160,Olivia Miller,46,Other,USA,3/30/2019,Free
s28161,Riya Smith,49,Female,India,8/11/2020,Yearly
s28162,Benjamin Miller,21,Male,Germany,11/26/2020,Free
s28163,Olivia Davis,38,Male,Canada,6/25/2019,Free
s28164,Amelia Thomas,39,Male,Germany,7/29/2019,Free
s28165,Meera Anderson,22,Female,UK,1/16/2022,Monthly
s28166,Emma Wilson,20,Other,USA,8/9/2021,Monthly
s28167,Lucas Verma,26,Other,Canada,11/24/2022,Monthly
s28168,Mia Johnson,32,Other,Australia,6/26/2020,Yearly
s28169,Aanya Lee,20,Other,Australia,9/8/2019,Yearly
s28170,Meera Walker,53,Male,UK,12/8/2022,Monthly
s28171,Arjun Wilson,25,Female,Canada,12/21/2022,Monthly
s28172,Isabella Lee,45,Male,India,12/1/2021,Yearly
s28173,Ethan Thomas,23,Other,Australia,10/16/2019,Yearly
s28174,Lucas Verma,27,Male,Australia,6/29/2021,Monthly
s28175,Vihaan Martin,26,Female,UK,12/15/2019,Free
s28176,Karan Singh,25,Male,Australia,11/19/2020,Yearly
s28177,Riya Sharma,24,Other,UK,7/11/2022,Monthly
s28178,Emma Singh,22,Male,UK,9/9/2022,Yearly
s28179,Mia Verma,23,Male,UK,9/3/2021,Yearly
s28180,Emma Johnson,20,Male,Australia,7/31/2019,Yearly
s28181,Aarav Wilson,42,Female,USA,8/30/2019,Monthly
s28182,Liam Miller,34,Male,Germany,1/7/2020,Free
s28183,Olivia Wilson,40,Other,Australia,7/3/2020,Yearly
s28184,Eva Smith,21,Other,UK,6/26/2021,Monthly
s28185,Ethan Sharma,21,Other,USA,1/21/2021,Monthly
s28186,Isabella Taylor,26,Male,UK,12/5/2019,Monthly
s28187,Riya Hall,22,Male,USA,1/6/2020,Monthly
s28188,Mia Verma,20,Other,USA,2/11/2020,Free
s28189,Noah Clark,32,Female,Germany,1/27/2020,Free
s28190,Ethan Anderson,34,Female,Canada,9/10/2022,Yearly
s28191,Noah Hall,22,Female,UK,6/3/2022,Yearly
s28192,Mia Patel,21,Female,Australia,12/29/2021,Yearly
s28193,Noah Taylor,28,Other,India,9/26/2019,Free
s28194,Sophia Lee,21,Female,UK,10/22/2022,Yearly
s28195,Noah Walker,18,Male,Australia,7/21/2019,Yearly
s28196,Sophia Smith,27,Other,Germany,3/19/2019,Yearly
s28197,Ethan Thomas,18,Male,Germany,6/29/2020,Monthly
s28198,Emma Smith,40,Female,India,10/21/2020,Yearly
s28199,Lucas Anderson,18,Other,Germany,2/15/2021,Yearly
s28200,Liam Smith,48,Male,Germany,9/9/2021,Free
s28201,Isabella Clark,62,Other,Germany,3/16/2022,Monthly
s28202,Karan Lewis,35,Female,Australia,1/12/2022,Yearly
s28203,Meera Clark,39,Female,Australia,6/4/2019,Monthly
s28204,Noah Anderson,20,Other,UK,12/4/2019,Monthly
s28205,Meera Anderson,24,Male,Canada,5/19/2021,Yearly
s28206,Zara Lee,25,Other,USA,1/25/2019,Monthly
s28207,Vihaan Davis,26,Other,Canada,11/13/2021,Yearly
s28208,Meera Walker,45,Female,India,12/16/2019,Free
s28209,Ethan Clark,27,Other,Canada,2/22/2019,Yearly
s28210,Meera Johnson,39,Female,Germany,7/1/2022,Monthly
s28211,Benjamin Patel,41,Other,India,2/11/2020,Free
s28212,Karan Johnson,26,Male,Canada,5/31/2022,Monthly
s28213,Vihaan Smith,24,Male,Australia,12/11/2021,Yearly
s28214,Emma Johnson,27,Other,Canada,6/19/2021,Monthly
s28215,Lucas Thomas,26,Female,USA,1/7/2020,Monthly
s28216,Aanya Walker,19,Other,Australia,9/1/2019,Yearly
s28217,Zara Anderson,26,Male,Canada,1/15/2022,Monthly
s28218,Arjun Sharma,29,Female,USA,1/6/2020,Monthly
s28219,Ethan Thomas,20,Male,Germany,12/3/2022,Monthly
s28220,Ethan Davis,27,Male,Australia,5/15/2019,Yearly
s28221,Eva Brown,27,Male,India,6/12/2021,Free
s28222,Aanya Verma,46,Female,USA,9/28/2022,Free
s28223,Olivia Johnson,22,Male,Canada,7/14/2021,Free
s28224,Amelia Thomas,18,Other,Canada,3/16/2022,Yearly
s28225,Aarav Lewis,26,Male,India,12/17/2022,Free
s28226,Meera Lewis,26,Other,Germany,9/15/2022,Yearly
s28227,Arjun Lewis,25,Female,UK,6/11/2019,Yearly
s28228,Isabella Lewis,20,Other,Canada,4/8/2022,Monthly
s28229,Lucas Hall,36,Male,Canada,10/28/2022,Monthly
s28230,Liam Thomas,22,Other,India,11/3/2022,Free
s28231,Isabella Miller,23,Other,Germany,3/31/2020,Free
s28232,Eva Verma,22,Female,India,7/24/2021,Yearly
s28233,Aarav Lewis,20,Male,Canada,12/5/2020,Yearly
s28234,Ethan Anderson,20,Female,Australia,6/14/2022,Free
s28235,Olivia Clark,31,Other,India,2/28/2022,Monthly
s28236,Benjamin Sharma,57,Male,USA,7/30/2021,Free
s28237,Mia Taylor,27,Female,UK,3/23/2019,Yearly
s28238,Benjamin Sharma,49,Other,Canada,5/7/2019,Monthly
s28239,Sophia Davis,26,Other,India,3/9/2019,Yearly
s28240,Zara Singh,19,Male,Canada,5/16/2020,Yearly
s28241,Mia Hall,54,Female,Australia,4/22/2021,Monthly
s28242,Ethan Walker,48,Male,UK,3/26/2020,Free
s28243,Vihaan Martin,22,Other,India,4/30/2020,Free
s28244,Emma Anderson,22,Male,USA,8/6/2019,Free
s28245,Karan Davis,23,Other,Germany,3/16/2020,Yearly
s28246,Liam Lee,19,Male,Germany,10/18/2022,Free
s28247,Karan Singh,25,Other,USA,12/26/2021,Free
s28248,Amelia Thomas,23,Male,UK,9/29/2021,Free
s28249,Meera Moore,27,Other,India,3/19/2021,Monthly
s28250,Noah Thomas,45,Female,UK,9/18/2020,Monthly
s28251,Olivia Singh,41,Other,India,7/26/2021,Free
s28252,Eva Sharma,42,Other,UK,7/7/2019,Yearly
s28253,Liam Sharma,21,Male,Australia,1/11/2019,Monthly
s28254,Karan Patel,25,Female,Canada,5/3/2019,Yearly
s28255,Emma Singh,21,Female,India,6/22/2019,Free
s28256,Karan Davis,27,Female,Australia,12/27/2022,Free
s28257,Karan Brown,44,Other,India,10/6/2021,Monthly
s28258,Lucas Wilson,27,Other,USA,11/17/2021,Yearly
s28259,Sophia Taylor,25,Female,Canada,8/14/2021,Free
s28260,Noah Moore,18,Female,Australia,3/9/2020,Monthly
s28261,Karan Patel,26,Other,USA,10/13/2022,Yearly
s28262,Benjamin Taylor,18,Female,UK,9/1/2019,Free
s28263,Arjun Martin,26,Male,USA,2/19/2021,Yearly
s28264,Aanya Taylor,56,Female,USA,12/25/2022,Free
s28265,Arjun Johnson,44,Male,Australia,1/20/2021,Monthly
s28266,Ethan Johnson,35,Female,Australia,1/5/2020,Monthly
s28267,Eva Taylor,42,Other,USA,5/4/2021,Free
s28268,Isabella Taylor,22,Male,Canada,4/26/2021,Yearly
s28269,Olivia Johnson,18,Other,India,1/13/2019,Free
s28270,Aarav Moore,37,Female,USA,4/29/2021,Monthly
s28271,Meera Verma,29,Female,USA,3/17/2019,Free
s28272,Noah Wilson,40,Other,USA,7/1/2020,Monthly
s28273,Amelia Lee,42,Male,Canada,12/19/2022,Monthly
s28274,Noah Sharma,19,Other,Germany,7/11/2019,Free
s28275,Mia Singh,21,Male,India,11/13/2020,Monthly
s28276,Olivia Thomas,18,Male,UK,3/26/2020,Monthly
s28277,Eva Walker,39,Female,Canada,4/13/2021,Free
s28278,Benjamin Johnson,20,Male,UK,10/6/2021,Free
s28279,Vihaan Hall,21,Male,USA,12/31/2020,Yearly
s28280,Arjun Taylor,23,Male,Australia,11/4/2021,Free
s28281,Lucas Walker,67,Male,Canada,7/8/2021,Monthly
s28282,Meera Singh,25,Other,Canada,5/5/2019,Free
s28283,Riya Sharma,33,Male,Canada,4/5/2021,Monthly
s28284,Karan Anderson,18,Male,Australia,1/29/2019,Free
s28285,Ethan Lewis,22,Other,India,5/1/2020,Yearly
s28286,Sophia Smith,57,Female,Germany,8/3/2020,Free
s28287,Liam Patel,39,Other,UK,10/26/2022,Free
s28288,Arjun Moore,26,Female,USA,8/18/2021,Free
s28289,Meera Smith,20,Female,Germany,5/10/2021,Yearly
s28290,Mia Martin,54,Female,Australia,9/2/2020,Free
s28291,Amelia Walker,25,Other,Canada,3/10/2021,Free
s28292,Lucas Verma,52,Male,India,3/24/2022,Yearly
s28293,Amelia Johnson,26,Male,India,6/22/2019,Monthly
s28294,Lucas Lee,22,Male,Australia,1/4/2019,Free
s28295,Karan Patel,27,Male,Germany,7/2/2019,Free
s28296,Arjun Sharma,39,Other,UK,8/6/2020,Monthly
s28297,Meera Miller,45,Female,India,3/10/2021,Free
s28298,Meera Patel,33,Other,Canada,7/28/2019,Yearly
s28299,Eva Lee,18,Other,Germany,1/25/2020,Free
s28300,Karan Anderson,22,Male,UK,9/16/2022,Yearly
s28301,Olivia Verma,23,Other,USA,2/23/2020,Monthly
s28302,Benjamin Singh,18,Female,India,1/20/2020,Free
s28303,Sophia Brown,26,Other,UK,5/17/2019,Monthly
s28304,Olivia Davis,21,Female,UK,7/12/2021,Monthly
s28305,Meera Martin,50,Male,Canada,4/16/2020,Yearly
s28306,Lucas Brown,22,Female,USA,3/17/2020,Free
s28307,Aanya Smith,42,Female,Australia,6/13/2019,Yearly
s28308,Lucas Davis,21,Other,India,7/31/2022,Free
s28309,Vihaan Davis,25,Male,USA,8/8/2022,Monthly
s28310,Emma Hall,25,Male,Australia,5/31/2022,Monthly
s28311,Ethan Wilson,23,Other,UK,5/8/2019,Free
s28312,Meera Singh,33,Other,Australia,7/25/2020,Free
s28313,Emma Wilson,48,Male,USA,10/19/2021,Monthly
s28314,Amelia Walker,53,Female,India,1/17/2020,Yearly
s28315,Aanya Lee,20,Other,Canada,1/7/2021,Free
s28316,Meera Sharma,24,Female,Germany,9/28/2021,Monthly
s28317,Lucas Singh,27,Male,India,6/9/2022,Yearly
s28318,Sophia Walker,23,Female,USA,4/2/2019,Monthly
s28319,Mia Hall,23,Male,USA,6/7/2022,Yearly
s28320,Mia Sharma,43,Other,UK,12/8/2019,Yearly
s28321,Ethan Lewis,34,Female,UK,5/24/2021,Monthly
s28322,Olivia Patel,24,Male,Germany,6/15/2019,Monthly
s28323,Emma Davis,27,Male,Germany,10/31/2019,Monthly
s28324,Lucas Wilson,18,Male,India,12/25/2022,Free
s28325,Aanya Lee,23,Female,UK,4/27/2022,Monthly
s28326,Aarav Anderson,25,Other,USA,1/22/2019,Free
s28327,Amelia Lee,36,Female,UK,3/19/2022,Yearly
s28328,Meera Singh,19,Female,India,9/12/2020,Monthly
s28329,Aarav Clark,24,Female,USA,9/26/2019,Monthly
s28330,Sophia Singh,22,Other,India,9/10/2020,Monthly
s28331,Benjamin Thomas,30,Other,Canada,6/30/2020,Monthly
s28332,Lucas Davis,18,Male,Germany,7/22/2020,Monthly
s28333,Lucas Clark,25,Other,Canada,5/14/2022,Monthly
s28334,Noah Martin,41,Male,India,8/13/2022,Yearly
s28335,Vihaan Wilson,27,Other,Australia,3/12/2022,Monthly
s28336,Benjamin Verma,34,Male,Australia,2/11/2022,Yearly
s28337,Zara Wilson,27,Female,Australia,6/19/2021,Free
s28338,Noah Taylor,35,Female,Australia,1/19/2022,Free
s28339,Isabella Moore,50,Other,UK,1/11/2021,Yearly
s28340,Aarav Moore,23,Other,India,1/23/2022,Free
s28341,Liam Verma,34,Male,Australia,9/17/2020,Yearly
s28342,Arjun Verma,34,Male,USA,5/17/2022,Yearly
s28343,Riya Wilson,19,Male,Canada,6/17/2021,Yearly
s28344,Zara Taylor,36,Male,India,12/22/2022,Free
s28345,Arjun Singh,21,Other,Germany,4/2/2021,Yearly
s28346,Lucas Clark,20,Other,Australia,3/4/2020,Yearly
s28347,Benjamin Walker,21,Male,Australia,8/16/2020,Monthly
s28348,Zara Brown,18,Male,India,12/2/2021,Monthly
s28349,Ethan Johnson,30,Other,Australia,5/13/2021,Free
s28350,Benjamin Miller,18,Male,Germany,12/22/2021,Monthly
s28351,Eva Clark,54,Female,India,7/7/2022,Yearly
s28352,Aanya Miller,52,Female,Canada,7/2/2021,Yearly
s28353,Lucas Brown,50,Male,USA,2/13/2021,Yearly
s28354,Zara Sharma,27,Other,Australia,8/29/2019,Free
s28355,Isabella Martin,27,Male,USA,12/17/2022,Free
s28356,Aarav Moore,20,Female,UK,8/12/2020,Yearly
s28357,Mia Hall,50,Female,India,3/6/2021,Yearly
s28358,Arjun Miller,23,Other,Canada,5/29/2021,Free
s28359,Zara Verma,55,Female,UK,5/31/2021,Monthly
s28360,Riya Lee,22,Female,India,2/6/2019,Yearly
s28361,Sophia Anderson,56,Other,Canada,11/20/2021,Yearly
s28362,Karan Hall,59,Other,Canada,6/25/2022,Monthly
s28363,Ethan Clark,36,Female,Australia,8/25/2022,Free
s28364,Noah Wilson,42,Male,India,10/10/2020,Free
s28365,Aarav Johnson,19,Female,India,5/12/2021,Free
s28366,Meera Thomas,23,Other,Germany,7/7/2021,Monthly
s28367,Eva Smith,24,Male,USA,12/11/2019,Yearly
s28368,Noah Anderson,20,Male,India,5/26/2020,Monthly
s28369,Aanya Davis,33,Male,Canada,2/6/2022,Yearly
s28370,Benjamin Lewis,34,Female,USA,5/24/2019,Monthly
s28371,Amelia Davis,24,Female,USA,5/9/2020,Yearly
s28372,Liam Anderson,18,Female,Australia,3/3/2019,Monthly
s28373,Eva Sharma,25,Male,India,2/6/2021,Monthly
s28374,Noah Moore,40,Other,USA,10/31/2021,Free
s28375,Sophia Johnson,47,Female,UK,10/5/2020,Yearly
s28376,Liam Anderson,45,Other,Canada,6/20/2020,Free
s28377,Sophia Patel,37,Female,Germany,4/18/2022,Monthly
s28378,Amelia Thomas,49,Male,UK,1/28/2020,Monthly
s28379,Noah Walker,27,Male,Australia,2/16/2020,Yearly
s28380,Riya Johnson,39,Female,UK,9/26/2022,Monthly
s28381,Aarav Smith,25,Other,Germany,6/29/2019,Yearly
s28382,Noah Davis,20,Male,UK,8/8/2020,Monthly
s28383,Emma Johnson,26,Male,Canada,3/1/2020,Yearly
s28384,Arjun Anderson,41,Female,USA,4/26/2020,Monthly
s28385,Aanya Patel,40,Other,USA,2/18/2020,Monthly
s28386,Meera Hall,27,Other,Canada,3/26/2019,Monthly
s28387,Sophia Brown,34,Female,Australia,1/12/2019,Yearly
s28388,Sophia Anderson,31,Other,USA,10/15/2020,Monthly
s28389,Vihaan Moore,37,Other,UK,5/1/2019,Free
s28390,Karan Singh,55,Male,USA,7/22/2020,Yearly
s28391,Amelia Lewis,21,Female,USA,7/11/2021,Yearly
s28392,Sophia Thomas,18,Female,India,11/20/2019,Monthly
s28393,Emma Hall,28,Other,Australia,8/27/2020,Monthly
s28394,Amelia Smith,44,Female,UK,1/14/2022,Free
s28395,Ethan Johnson,46,Female,Australia,6/21/2022,Free
s28396,Benjamin Martin,25,Male,UK,12/21/2022,Monthly
s28397,Amelia Davis,21,Other,Canada,5/21/2020,Free
s28398,Zara Sharma,56,Male,UK,5/12/2022,Monthly
s28399,Meera Martin,20,Female,Australia,5/27/2020,Monthly
s28400,Isabella Lee,30,Male,Australia,1/21/2022,Free
s28401,Riya Thomas,24,Female,UK,4/4/2022,Monthly
s28402,Eva Sharma,22,Female,USA,6/5/2019,Yearly
s28403,Meera Hall,33,Male,Germany,8/3/2022,Yearly
s28404,Aanya Martin,25,Male,Germany,10/9/2019,Yearly
s28405,Mia Clark,20,Female,Germany,6/9/2019,Yearly
s28406,Vihaan Patel,27,Male,Canada,7/18/2021,Monthly
s28407,Aarav Davis,55,Other,USA,8/18/2021,Monthly
s28408,Karan Lewis,20,Female,Canada,11/25/2019,Yearly
s28409,Isabella Davis,21,Other,USA,2/21/2022,Monthly
s28410,Noah Singh,61,Male,USA,3/23/2021,Monthly
s28411,Isabella Anderson,35,Male,Australia,7/26/2019,Free
s28412,Liam Hall,34,Female,Germany,2/19/2021,Monthly
s28413,Zara Patel,19,Female,Germany,10/6/2021,Free
s28414,Aarav Walker,27,Male,Canada,8/4/2020,Monthly
s28415,Ethan Johnson,46,Male,Australia,2/28/2019,Monthly
s28416,Isabella Sharma,36,Male,Germany,11/6/2020,Yearly
s28417,Benjamin Lewis,33,Male,Australia,5/17/2019,Free
s28418,Riya Singh,64,Female,Germany,11/2/2022,Monthly
s28419,Sophia Thomas,20,Male,UK,10/7/2020,Yearly
s28420,Aanya Sharma,34,Other,UK,5/22/2021,Yearly
s28421,Sophia Anderson,18,Other,Australia,9/15/2020,Yearly
s28422,Aanya Singh,19,Female,Germany,5/21/2020,Monthly
s28423,Amelia Sharma,28,Other,India,1/17/2022,Free
s28424,Amelia Singh,33,Female,Germany,11/6/2019,Yearly
s28425,Benjamin Taylor,20,Female,Canada,11/21/2021,Free
s28426,Lucas Smith,32,Male,Australia,11/6/2021,Yearly
s28427,Eva Wilson,23,Male,India,11/9/2019,Free
s28428,Aanya Miller,32,Other,Canada,10/8/2021,Yearly
s28429,Liam Brown,26,Male,Australia,12/13/2020,Free
s28430,Arjun Miller,20,Other,Canada,3/13/2021,Monthly
s28431,Benjamin Martin,20,Male,Canada,6/21/2021,Free
s28432,Liam Smith,27,Other,UK,4/13/2022,Yearly
s28433,Olivia Walker,19,Other,Germany,8/7/2019,Free
s28434,Mia Miller,65,Other,Germany,12/27/2022,Yearly
s28435,Mia Lee,36,Other,USA,9/26/2020,Yearly
s28436,Benjamin Anderson,27,Female,India,8/3/2021,Monthly
s28437,Mia Anderson,57,Other,Germany,1/11/2019,Free
s28438,Amelia Hall,23,Female,USA,2/14/2022,Yearly
s28439,Meera Taylor,51,Male,Germany,10/30/2020,Monthly
s28440,Karan Sharma,22,Male,Germany,3/29/2022,Monthly
s28441,Eva Thomas,47,Other,UK,5/22/2022,Free
s28442,Aanya Lewis,18,Other,India,8/3/2021,Yearly
s28443,Mia Martin,24,Female,Canada,3/16/2020,Monthly
s28444,Emma Davis,27,Female,Germany,4/24/2021,Monthly
s28445,Zara Davis,21,Other,Australia,10/9/2022,Free
s28446,Ethan Smith,23,Male,India,10/8/2020,Monthly
s28447,Riya Hall,43,Other,UK,6/6/2020,Monthly
s28448,Ethan Martin,23,Other,Australia,10/18/2021,Free
s28449,Benjamin Wilson,26,Female,Germany,6/1/2021,Monthly
s28450,Zara Martin,24,Female,USA,1/28/2020,Monthly
s28451,Ethan Lewis,18,Other,India,11/13/2020,Monthly
s28452,Emma Walker,25,Male,UK,1/7/2020,Monthly
s28453,Ethan Martin,24,Female,USA,1/9/2020,Free
s28454,Zara Smith,23,Female,UK,10/30/2020,Yearly
s28455,Eva Miller,38,Female,Germany,1/22/2019,Free
s28456,Noah Johnson,47,Male,USA,2/15/2022,Free
s28457,Lucas Wilson,26,Female,Germany,8/6/2022,Yearly
s28458,Sophia Smith,19,Female,Australia,2/19/2019,Yearly
s28459,Eva Martin,27,Male,Germany,2/23/2020,Free
s28460,Ethan Singh,22,Female,Australia,4/17/2021,Free
s28461,Isabella Walker,40,Male,USA,2/24/2022,Yearly
s28462,Lucas Martin,25,Female,UK,1/11/2021,Free
s28463,Sophia Clark,65,Other,USA,4/27/2021,Free
s28464,Amelia Taylor,36,Other,Germany,5/23/2019,Yearly
s28465,Riya Johnson,24,Female,Australia,2/24/2021,Free
s28466,Benjamin Patel,55,Female,USA,9/18/2021,Free
s28467,Olivia Taylor,60,Other,Canada,9/4/2020,Free
s28468,Mia Sharma,23,Female,USA,6/29/2020,Monthly
s28469,Sophia Johnson,23,Male,USA,10/15/2020,Free
s28470,Benjamin Taylor,27,Female,UK,2/12/2019,Monthly
s28471,Arjun Brown,45,Male,Canada,2/7/2019,Free
s28472,Eva Moore,27,Female,Australia,4/25/2022,Free
s28473,Isabella Sharma,60,Other,India,8/4/2019,Free
s28474,Sophia Johnson,27,Other,Germany,7/11/2020,Yearly
s28475,Aarav Lewis,32,Male,Canada,10/25/2022,Free
s28476,Aanya Sharma,24,Other,Australia,11/22/2021,Yearly
s28477,Mia Martin,22,Female,Germany,7/2/2020,Monthly
s28478,Emma Sharma,21,Male,USA,8/19/2019,Yearly
s28479,Aanya Verma,19,Male,Australia,3/26/2019,Yearly
s28480,Ethan Brown,44,Female,India,3/13/2022,Monthly
s28481,Amelia Davis,52,Other,India,1/15/2021,Monthly
s28482,Benjamin Wilson,26,Other,India,11/10/2021,Monthly
s28483,Sophia Moore,25,Male,India,1/8/2019,Free
s28484,Aarav Smith,34,Female,Canada,9/22/2021,Free
s28485,Emma Brown,27,Other,Australia,4/29/2019,Monthly
s28486,Isabella Miller,32,Male,Canada,9/1/2021,Yearly
s28487,Olivia Sharma,24,Female,Australia,5/27/2020,Monthly
s28488,Isabella Patel,26,Male,Germany,9/10/2019,Yearly
s28489,Isabella Singh,35,Female,UK,3/2/2020,Monthly
s28490,Benjamin Hall,45,Male,Germany,5/13/2022,Free
s28491,Olivia Singh,21,Male,India,6/24/2021,Monthly
s28492,Sophia Singh,20,Male,UK,2/18/2022,Yearly
s28493,Meera Lewis,44,Female,Canada,5/17/2022,Monthly
s28494,Benjamin Moore,18,Male,Canada,9/5/2020,Yearly
s28495,Meera Smith,27,Male,Germany,6/18/2021,Yearly
s28496,Aanya Davis,41,Male,UK,4/5/2020,Yearly
s28497,Ethan Smith,40,Other,India,6/12/2019,Yearly
s28498,Mia Taylor,45,Female,UK,10/15/2020,Yearly
s28499,Ethan Verma,27,Other,Canada,10/17/2021,Monthly
s28500,Zara Hall,18,Female,India,3/21/2019,Monthly
s28501,Riya Singh,34,Other,Canada,8/3/2022,Monthly
s28502,Noah Walker,19,Female,Germany,3/9/2021,Free
s28503,Mia Singh,24,Male,Australia,4/8/2019,Yearly
s28504,Olivia Taylor,19,Male,Canada,7/9/2020,Yearly
s28505,Emma Patel,24,Other,India,9/17/2020,Yearly
s28506,Noah Clark,43,Female,USA,11/18/2021,Monthly
s28507,Benjamin Johnson,19,Female,Canada,10/26/2022,Free
s28508,Aarav Lewis,26,Other,Canada,5/15/2021,Free
s28509,Riya Johnson,51,Male,UK,2/18/2020,Monthly
s28510,Lucas Verma,59,Male,Australia,5/21/2022,Monthly
s28511,Amelia Brown,32,Female,Germany,3/28/2020,Free
s28512,Lucas Thomas,36,Female,India,11/3/2020,Free
s28513,Aarav Taylor,32,Female,Canada,10/7/2019,Monthly
s28514,Ethan Miller,43,Female,USA,3/10/2022,Monthly
s28515,Aarav Davis,28,Other,Germany,7/6/2022,Monthly
s28516,Amelia Anderson,46,Male,USA,11/15/2020,Yearly
s28517,Lucas Brown,48,Other,Canada,5/4/2021,Monthly
s28518,Emma Clark,40,Female,Australia,9/5/2021,Free
s28519,Noah Wilson,19,Other,Australia,1/12/2020,Monthly
s28520,Ethan Singh,19,Female,Germany,12/13/2020,Monthly
s28521,Sophia Martin,43,Female,UK,6/3/2020,Free
s28522,Sophia Anderson,45,Male,UK,9/28/2019,Yearly
s28523,Ethan Johnson,27,Other,Canada,3/25/2020,Yearly
s28524,Zara Smith,18,Male,Canada,10/9/2022,Yearly
s28525,Karan Verma,49,Other,UK,6/21/2019,Yearly
s28526,Zara Patel,26,Female,UK,1/31/2022,Free
s28527,Zara Sharma,24,Female,Germany,1/3/2020,Yearly
s28528,Emma Brown,42,Other,USA,12/26/2020,Monthly
s28529,Isabella Hall,31,Male,Australia,9/19/2020,Free
s28530,Noah Walker,23,Male,Germany,8/8/2019,Free
s28531,Meera Johnson,22,Male,Canada,1/14/2022,Monthly
s28532,Noah Thomas,47,Other,UK,7/28/2020,Yearly
s28533,Ethan Johnson,26,Female,USA,3/19/2022,Monthly
s28534,Lucas Singh,44,Other,India,10/16/2019,Free
s28535,Arjun Brown,27,Other,India,5/11/2021,Monthly
s28536,Mia Johnson,29,Male,UK,12/26/2022,Monthly
s28537,Ethan Singh,26,Other,Australia,9/23/2022,Monthly
s28538,Vihaan Clark,20,Male,USA,2/2/2020,Yearly
s28539,Mia Patel,49,Male,USA,3/5/2021,Monthly
s28540,Isabella Lewis,23,Male,Australia,2/9/2019,Free
s28541,Karan Anderson,45,Female,India,5/15/2022,Free
s28542,Ethan Martin,22,Female,Canada,5/31/2022,Yearly
s28543,Isabella Wilson,21,Female,Canada,1/30/2021,Yearly
s28544,Aarav Lee,32,Female,Canada,5/2/2021,Yearly
s28545,Meera Hall,27,Other,UK,2/2/2021,Free
s28546,Aanya Johnson,19,Male,India,8/5/2020,Free
s28547,Olivia Anderson,19,Male,Australia,10/30/2020,Monthly
s28548,Olivia Anderson,21,Male,UK,6/15/2022,Yearly
s28549,Vihaan Johnson,18,Other,USA,5/27/2020,Yearly
s28550,Meera Singh,53,Female,India,1/14/2021,Free
s28551,Vihaan Johnson,54,Other,India,1/21/2019,Yearly
s28552,Lucas Patel,20,Female,Australia,4/3/2020,Yearly
s28553,Olivia Taylor,33,Other,India,3/23/2019,Monthly
s28554,Benjamin Martin,22,Male,India,2/23/2021,Yearly
s28555,Zara Smith,24,Female,India,5/2/2020,Monthly
s28556,Emma Verma,24,Male,Australia,6/5/2019,Monthly
s28557,Isabella Walker,25,Other,Australia,7/28/2020,Monthly
s28558,Zara Johnson,27,Male,USA,11/4/2021,Free
s28559,Aanya Verma,26,Female,India,11/30/2019,Monthly
s28560,Karan Taylor,26,Male,Germany,2/22/2021,Free
s28561,Ethan Miller,19,Other,Germany,9/6/2021,Yearly
s28562,Sophia Singh,35,Other,Canada,1/8/2019,Free
s28563,Meera Taylor,20,Female,Canada,7/9/2021,Free
s28564,Karan Hall,22,Female,Canada,8/22/2021,Monthly
s28565,Ethan Davis,30,Other,Australia,3/10/2021,Yearly
s28566,Sophia Johnson,50,Other,Canada,4/16/2021,Yearly
s28567,Eva Anderson,22,Male,USA,5/17/2022,Monthly
s28568,Karan Clark,62,Female,Canada,1/10/2019,Free
s28569,Sophia Wilson,50,Female,Germany,12/8/2020,Free
s28570,Aanya Verma,49,Male,India,4/23/2022,Monthly
s28571,Aarav Walker,45,Other,Australia,5/19/2021,Yearly
s28572,Aarav Davis,23,Female,UK,9/15/2021,Monthly
s28573,Arjun Johnson,24,Male,UK,11/6/2021,Monthly
s28574,Arjun Anderson,18,Male,Germany,3/20/2021,Yearly
s28575,Liam Patel,45,Other,Germany,8/8/2020,Free
s28576,Lucas Anderson,19,Female,USA,7/18/2019,Free
s28577,Sophia Patel,30,Male,India,4/28/2021,Free
s28578,Vihaan Singh,34,Female,Australia,7/31/2022,Yearly
s28579,Liam Taylor,25,Male,Germany,6/10/2022,Free
s28580,Riya Johnson,55,Male,Canada,9/1/2021,Yearly
s28581,Eva Sharma,21,Male,UK,8/17/2021,Free
s28582,Isabella Moore,38,Male,Australia,12/30/2019,Free
s28583,Amelia Davis,23,Male,Canada,11/18/2021,Yearly
s28584,Vihaan Hall,21,Female,India,1/19/2020,Free
s28585,Olivia Wilson,22,Male,UK,10/5/2020,Yearly
s28586,Riya Singh,47,Male,Canada,3/1/2019,Free
s28587,Noah Miller,26,Other,Germany,1/7/2020,Yearly
s28588,Ethan Wilson,37,Other,Canada,6/29/2020,Free
s28589,Riya Sharma,26,Female,UK,7/11/2022,Monthly
s28590,Aanya Wilson,29,Male,UK,1/17/2021,Yearly
s28591,Lucas Miller,20,Female,Australia,12/12/2019,Yearly
s28592,Vihaan Verma,27,Other,Australia,6/9/2020,Yearly
s28593,Mia Johnson,30,Other,India,7/2/2019,Monthly
s28594,Olivia Thomas,25,Male,USA,3/18/2021,Free
s28595,Emma Moore,46,Female,Germany,3/8/2019,Monthly
s28596,Meera Clark,21,Male,UK,8/23/2022,Free
s28597,Mia Lee,62,Female,Canada,12/24/2022,Yearly
s28598,Karan Anderson,26,Male,Australia,8/25/2019,Monthly
s28599,Aanya Clark,26,Female,USA,4/17/2019,Monthly
s28600,Ethan Patel,44,Male,UK,1/14/2020,Free
s28601,Mia Verma,37,Male,Canada,1/22/2021,Free
s28602,Olivia Lee,22,Male,UK,1/6/2019,Monthly
s28603,Zara Brown,50,Female,India,2/15/2019,Yearly
s28604,Benjamin Anderson,29,Male,Australia,6/26/2019,Free
s28605,Riya Clark,25,Female,UK,10/16/2020,Yearly
s28606,Aarav Anderson,27,Other,USA,9/22/2019,Yearly
s28607,Meera Wilson,35,Other,USA,9/3/2021,Yearly
s28608,Benjamin Hall,23,Other,Australia,8/9/2021,Yearly
s28609,Emma Verma,44,Other,Canada,10/23/2021,Monthly
s28610,Mia Taylor,36,Female,USA,12/31/2019,Yearly
s28611,Benjamin Thomas,20,Female,India,9/16/2022,Monthly
s28612,Vihaan Lewis,25,Male,UK,4/28/2020,Free
s28613,Noah Clark,36,Male,UK,6/17/2022,Yearly
s28614,Arjun Verma,47,Other,UK,11/10/2022,Free
s28615,Sophia Clark,23,Male,USA,1/15/2022,Free
s28616,Amelia Lee,21,Male,Canada,7/18/2022,Yearly
s28617,Riya Clark,24,Female,India,8/22/2021,Yearly
s28618,Eva Smith,20,Female,USA,9/2/2019,Yearly
s28619,Karan Lee,65,Female,USA,2/17/2022,Yearly
s28620,Noah Anderson,22,Male,UK,8/10/2021,Monthly
s28621,Emma Smith,25,Female,Canada,12/26/2022,Monthly
s28622,Benjamin Brown,36,Female,UK,3/8/2020,Yearly
s28623,Riya Lewis,67,Male,Germany,7/5/2020,Monthly
s28624,Meera Singh,20,Female,USA,6/10/2021,Yearly
s28625,Noah Verma,20,Female,India,5/11/2021,Monthly
s28626,Zara Patel,62,Male,USA,12/23/2020,Monthly
s28627,Emma Wilson,29,Other,Germany,11/4/2021,Free
s28628,Noah Brown,33,Male,USA,7/13/2021,Monthly
s28629,Olivia Martin,26,Male,Canada,5/16/2021,Monthly
s28630,Ethan Miller,24,Other,Australia,4/3/2020,Yearly
s28631,Eva Thomas,24,Other,UK,7/20/2019,Yearly
s28632,Emma Davis,40,Male,India,4/9/2020,Yearly
s28633,Vihaan Lewis,28,Female,Germany,8/20/2021,Free
s28634,Meera Sharma,23,Male,Canada,7/2/2020,Monthly
s28635,Noah Smith,32,Male,Australia,2/19/2022,Monthly
s28636,Arjun Lewis,18,Other,UK,3/30/2022,Monthly
s28637,Lucas Patel,48,Male,USA,10/30/2020,Monthly
s28638,Zara Verma,36,Male,Germany,6/9/2022,Free
s28639,Karan Moore,41,Male,Canada,2/14/2021,Yearly
s28640,Meera Smith,49,Male,India,12/20/2020,Monthly
s28641,Vihaan Miller,18,Female,USA,2/20/2022,Free
s28642,Noah Lewis,22,Other,India,4/14/2022,Monthly
s28643,Aanya Lee,22,Male,Canada,8/25/2020,Yearly
s28644,Noah Hall,29,Other,Australia,2/13/2020,Yearly
s28645,Meera Johnson,22,Male,Canada,6/14/2020,Yearly
s28646,Noah Lewis,26,Other,Canada,9/1/2022,Free
s28647,Aarav Davis,26,Female,Australia,1/14/2022,Free
s28648,Riya Clark,24,Male,India,9/8/2019,Yearly
s28649,Lucas Johnson,19,Male,USA,7/22/2022,Yearly
s28650,Amelia Lewis,25,Other,Germany,1/9/2022,Free
s28651,Vihaan Verma,45,Other,Germany,9/18/2021,Monthly
s28652,Arjun Johnson,45,Other,UK,2/12/2019,Monthly
s28653,Aarav Sharma,22,Female,Germany,11/3/2021,Free
s28654,Karan Lewis,24,Male,UK,4/3/2022,Free
s28655,Sophia Patel,28,Male,UK,4/24/2020,Monthly
s28656,Noah Johnson,25,Female,India,10/9/2022,Monthly
s28657,Olivia Walker,25,Other,Canada,8/2/2021,Free
s28658,Riya Thomas,34,Female,UK,1/25/2021,Free
s28659,Benjamin Sharma,43,Other,Canada,1/4/2019,Yearly
s28660,Isabella Thomas,23,Male,Germany,2/13/2021,Free
s28661,Ethan Miller,23,Female,Australia,11/29/2022,Yearly
s28662,Lucas Sharma,26,Female,India,10/16/2022,Yearly
s28663,Liam Walker,20,Male,USA,3/19/2021,Yearly
s28664,Lucas Wilson,42,Female,Australia,6/16/2019,Free
s28665,Arjun Anderson,24,Male,Australia,10/9/2019,Yearly
s28666,Liam Moore,38,Male,Australia,8/4/2019,Monthly
s28667,Arjun Martin,25,Male,USA,3/23/2019,Yearly
s28668,Meera Martin,24,Other,Germany,6/11/2021,Yearly
s28669,Sophia Hall,24,Other,Germany,5/29/2022,Yearly
s28670,Olivia Johnson,20,Male,USA,10/12/2022,Free
s28671,Liam Thomas,25,Other,USA,12/28/2019,Yearly
s28672,Amelia Thomas,23,Male,Germany,6/30/2021,Free
s28673,Vihaan Hall,27,Male,India,1/15/2021,Yearly
s28674,Ethan Miller,42,Female,India,7/9/2022,Free
s28675,Sophia Hall,52,Male,Canada,1/15/2020,Free
s28676,Isabella Clark,23,Female,Germany,8/29/2022,Yearly
s28677,Meera Verma,24,Female,India,8/12/2019,Yearly
s28678,Sophia Wilson,19,Male,Germany,5/26/2022,Free
s28679,Riya Thomas,19,Female,India,4/9/2019,Monthly
s28680,Zara Sharma,26,Male,USA,3/30/2019,Free
s28681,Lucas Thomas,47,Female,USA,8/8/2020,Yearly
s28682,Olivia Clark,22,Male,Australia,1/10/2020,Free
s28683,Zara Brown,19,Male,USA,7/3/2021,Free
s28684,Karan Brown,19,Female,Canada,7/6/2021,Free
s28685,Vihaan Johnson,21,Male,India,10/5/2019,Yearly
s28686,Aarav Taylor,18,Female,USA,1/17/2020,Free
s28687,Liam Davis,42,Female,Australia,9/23/2022,Monthly
s28688,Ethan Sharma,44,Other,UK,11/1/2020,Free
s28689,Lucas Anderson,19,Other,Canada,12/1/2019,Free
s28690,Aanya Thomas,43,Other,India,5/8/2019,Yearly
s28691,Isabella Patel,23,Other,Germany,5/2/2020,Monthly
s28692,Lucas Johnson,24,Other,India,7/31/2020,Monthly
s28693,Liam Verma,34,Male,Australia,3/8/2019,Free
s28694,Eva Lee,42,Male,Canada,9/4/2020,Monthly
s28695,Liam Verma,34,Female,Germany,3/5/2019,Monthly
s28696,Emma Moore,27,Male,Germany,7/18/2022,Yearly
s28697,Aarav Lewis,42,Male,India,9/3/2019,Free
s28698,Lucas Taylor,57,Male,Germany,1/13/2021,Yearly
s28699,Arjun Anderson,20,Other,India,9/22/2021,Free
s28700,Liam Verma,52,Male,India,11/14/2019,Yearly
s28701,Eva Sharma,24,Male,Germany,6/29/2019,Yearly
s28702,Amelia Patel,59,Female,Australia,8/22/2020,Monthly
s28703,Zara Martin,26,Male,India,9/3/2020,Yearly
s28704,Riya Clark,36,Other,Canada,6/27/2020,Monthly
s28705,Arjun Lee,21,Male,Australia,1/12/2022,Yearly
s28706,Lucas Smith,25,Male,Germany,6/11/2020,Free
s28707,Vihaan Brown,25,Female,USA,2/24/2022,Monthly
s28708,Aarav Clark,23,Other,India,7/8/2021,Yearly
s28709,Lucas Moore,28,Male,USA,7/11/2019,Monthly
s28710,Meera Clark,21,Female,Australia,12/26/2021,Free
s28711,Sophia Sharma,30,Other,USA,6/19/2020,Monthly
s28712,Eva Brown,19,Male,USA,2/14/2020,Monthly
s28713,Eva Smith,32,Other,Australia,2/18/2021,Monthly
s28714,Mia Taylor,41,Male,USA,8/1/2021,Monthly
s28715,Karan Clark,43,Female,Germany,2/12/2022,Yearly
s28716,Eva Verma,21,Female,Canada,4/9/2022,Free
s28717,Meera Lewis,23,Female,Canada,11/23/2021,Monthly
s28718,Arjun Lee,43,Female,Germany,10/26/2019,Free
s28719,Olivia Walker,23,Male,UK,5/3/2019,Monthly
s28720,Liam Anderson,40,Female,India,1/25/2020,Monthly
s28721,Amelia Clark,26,Other,Canada,2/22/2022,Free
s28722,Lucas Clark,62,Male,Germany,8/20/2021,Yearly
s28723,Sophia Smith,27,Female,Canada,2/25/2021,Free
s28724,Amelia Johnson,42,Other,UK,7/16/2019,Free
s28725,Ethan Walker,31,Female,Canada,7/27/2022,Yearly
s28726,Liam Walker,49,Female,Australia,9/7/2020,Monthly
s28727,Emma Johnson,25,Male,USA,5/9/2019,Yearly
s28728,Liam Davis,27,Female,Australia,4/14/2022,Free
s28729,Meera Hall,32,Male,USA,8/16/2022,Yearly
s28730,Liam Anderson,26,Male,UK,12/31/2021,Yearly
s28731,Arjun Lee,21,Male,USA,11/19/2019,Free
s28732,Arjun Lee,20,Male,USA,7/22/2021,Monthly
s28733,Arjun Clark,42,Other,Germany,6/5/2020,Yearly
s28734,Liam Singh,35,Male,UK,1/14/2021,Monthly
s28735,Lucas Patel,24,Female,Australia,7/21/2021,Monthly
s28736,Benjamin Singh,38,Female,India,2/24/2020,Free
s28737,Eva Davis,21,Male,USA,6/7/2022,Free
s28738,Karan Lee,56,Female,Canada,10/23/2019,Free
s28739,Lucas Smith,26,Other,USA,6/16/2022,Yearly
s28740,Zara Johnson,24,Female,USA,2/6/2022,Monthly
s28741,Mia Verma,26,Other,Germany,9/5/2020,Yearly
s28742,Meera Patel,44,Other,UK,1/26/2022,Free
s28743,Aarav Thomas,25,Male,USA,6/21/2021,Monthly
s28744,Lucas Smith,19,Male,Australia,1/29/2021,Free
s28745,Mia Anderson,46,Female,Germany,4/17/2021,Monthly
s28746,Emma Verma,25,Male,India,12/12/2020,Free
s28747,Emma Miller,23,Male,Australia,7/23/2019,Free
s28748,Meera Lewis,40,Other,Australia,8/8/2019,Monthly
s28749,Olivia Verma,29,Male,Germany,7/3/2019,Free
s28750,Isabella Moore,32,Female,India,10/20/2021,Free
s28751,Vihaan Lee,45,Female,USA,10/15/2021,Free
s28752,Riya Clark,37,Other,Germany,4/10/2019,Free
s28753,Ethan Patel,39,Male,Germany,5/17/2021,Monthly
s28754,Aarav Thomas,20,Male,UK,2/1/2020,Monthly
s28755,Vihaan Singh,23,Other,Canada,8/15/2021,Yearly
s28756,Emma Patel,24,Female,India,3/10/2020,Free
s28757,Vihaan Moore,45,Other,India,8/17/2020,Free
s28758,Lucas Anderson,22,Male,Germany,3/11/2019,Monthly
s28759,Arjun Taylor,27,Male,Canada,2/19/2022,Free
s28760,Vihaan Taylor,62,Female,Germany,8/14/2022,Monthly
s28761,Olivia Anderson,23,Female,Germany,9/17/2022,Yearly
s28762,Eva Lee,18,Other,Canada,2/9/2022,Monthly
s28763,Vihaan Hall,24,Male,India,8/4/2022,Free
s28764,Liam Wilson,24,Male,Germany,6/24/2021,Free
s28765,Mia Verma,22,Other,USA,9/22/2021,Monthly
s28766,Vihaan Smith,44,Male,India,5/15/2021,Monthly
s28767,Liam Wilson,31,Other,Germany,5/20/2019,Yearly
s28768,Mia Taylor,38,Male,Australia,3/19/2019,Free
s28769,Lucas Lee,67,Male,USA,5/17/2019,Free
s28770,Lucas Davis,20,Male,Canada,4/18/2019,Free
s28771,Riya Martin,30,Other,India,2/1/2022,Yearly
s28772,Lucas Lewis,44,Male,USA,10/30/2020,Yearly
s28773,Arjun Smith,48,Female,Canada,11/19/2021,Yearly
s28774,Mia Thomas,22,Other,India,11/3/2020,Free
s28775,Isabella Anderson,25,Female,India,5/27/2019,Free
s28776,Zara Walker,47,Male,USA,1/2/2022,Yearly
s28777,Olivia Davis,39,Other,Germany,5/3/2019,Free
s28778,Riya Wilson,32,Female,Germany,1/31/2020,Yearly
s28779,Olivia Hall,24,Male,USA,4/5/2020,Yearly
s28780,Emma Smith,18,Female,Australia,7/1/2019,Free
s28781,Noah Davis,25,Female,Canada,8/20/2019,Monthly
s28782,Meera Brown,19,Female,UK,2/24/2020,Yearly
s28783,Ethan Walker,18,Female,USA,5/5/2022,Yearly
s28784,Eva Singh,40,Female,India,6/23/2020,Free
s28785,Lucas Sharma,23,Male,Australia,6/11/2019,Monthly
s28786,Noah Walker,20,Female,USA,1/18/2022,Yearly
s28787,Sophia Wilson,27,Male,India,5/8/2019,Monthly
s28788,Liam Walker,63,Female,UK,3/25/2022,Free
s28789,Riya Patel,23,Male,USA,10/4/2019,Yearly
s28790,Liam Lee,26,Female,India,4/11/2021,Monthly
s28791,Benjamin Lee,37,Female,UK,3/7/2022,Yearly
s28792,Meera Lewis,43,Other,Germany,2/19/2019,Free
s28793,Mia Thomas,39,Male,Germany,12/17/2019,Monthly
s28794,Riya Anderson,24,Female,Australia,8/23/2019,Yearly
s28795,Lucas Martin,44,Female,USA,12/14/2021,Monthly
s28796,Zara Hall,18,Female,Germany,9/2/2020,Yearly
s28797,Ethan Walker,24,Male,Germany,8/6/2020,Free
s28798,Sophia Thomas,34,Female,Australia,1/2/2022,Monthly
s28799,Meera Sharma,24,Male,UK,2/23/2021,Monthly
s28800,Liam Lewis,19,Other,Germany,3/26/2021,Free
s28801,Olivia Sharma,18,Female,India,11/7/2020,Monthly
s28802,Sophia Walker,25,Other,UK,4/8/2020,Yearly
s28803,Aanya Verma,22,Other,Australia,4/5/2021,Monthly
s28804,Arjun Taylor,25,Other,Canada,1/21/2019,Yearly
s28805,Riya Taylor,55,Other,UK,12/3/2022,Free
s28806,Sophia Clark,39,Female,USA,5/25/2021,Monthly
s28807,Arjun Miller,37,Male,Germany,12/23/2020,Free
s28808,Ethan Taylor,27,Female,Germany,3/7/2022,Monthly
s28809,Meera Davis,20,Male,Australia,8/25/2020,Monthly
s28810,Vihaan Johnson,53,Male,India,2/17/2021,Monthly
s28811,Benjamin Lewis,42,Female,Germany,3/14/2021,Yearly
s28812,Meera Walker,22,Other,India,11/30/2022,Yearly
s28813,Benjamin Hall,37,Female,Germany,3/30/2019,Monthly
s28814,Lucas Taylor,22,Male,USA,1/4/2021,Yearly
s28815,Ethan Anderson,26,Other,India,2/13/2019,Yearly
s28816,Eva Miller,38,Female,Germany,6/14/2020,Yearly
s28817,Zara Thomas,19,Female,Germany,1/1/2019,Free
s28818,Vihaan Lewis,40,Male,India,6/3/2022,Free
s28819,Benjamin Smith,46,Other,Australia,11/14/2021,Yearly
s28820,Ethan Verma,27,Female,USA,2/16/2021,Free
s28821,Mia Hall,50,Other,Australia,3/26/2021,Yearly
s28822,Arjun Moore,25,Male,Canada,8/8/2022,Free
s28823,Liam Anderson,47,Other,Australia,5/23/2022,Free
s28824,Mia Singh,57,Female,Germany,8/29/2021,Yearly
s28825,Zara Thomas,51,Male,USA,2/28/2021,Yearly
s28826,Olivia Anderson,27,Female,Germany,11/5/2019,Monthly
s28827,Zara Lee,19,Male,India,7/6/2021,Yearly
s28828,Aanya Smith,35,Male,UK,9/11/2020,Monthly
s28829,Liam Sharma,40,Male,UK,7/8/2022,Monthly
s28830,Mia Singh,22,Male,Australia,11/5/2019,Yearly
s28831,Isabella Singh,26,Male,Canada,7/13/2020,Free
s28832,Karan Wilson,36,Female,Germany,1/19/2021,Yearly
s28833,Karan Wilson,19,Male,Germany,11/2/2020,Yearly
s28834,Amelia Singh,23,Female,Germany,7/19/2019,Yearly
s28835,Emma Verma,18,Male,UK,5/15/2019,Yearly
s28836,Lucas Verma,22,Other,Canada,6/10/2022,Monthly
s28837,Eva Thomas,64,Other,USA,10/15/2022,Monthly
s28838,Aanya Sharma,18,Other,Germany,3/23/2020,Free
s28839,Amelia Thomas,22,Female,Canada,11/25/2020,Yearly
s28840,Meera Hall,22,Male,Canada,6/15/2020,Yearly
s28841,Sophia Singh,20,Female,Germany,4/4/2020,Yearly
s28842,Mia Miller,47,Female,Canada,1/27/2022,Yearly
s28843,Sophia Wilson,37,Other,USA,1/31/2022,Free
s28844,Mia Moore,32,Female,Germany,2/4/2022,Yearly
s28845,Zara Davis,25,Male,UK,2/1/2021,Free
s28846,Olivia Smith,23,Male,Australia,10/19/2020,Yearly
s28847,Aarav Patel,24,Female,Germany,6/8/2019,Free
s28848,Karan Verma,18,Male,Canada,8/6/2022,Yearly
s28849,Eva Smith,22,Female,Australia,4/6/2022,Monthly
s28850,Noah Johnson,19,Female,Germany,8/28/2022,Free
s28851,Amelia Anderson,23,Female,Canada,9/24/2020,Yearly
s28852,Karan Davis,25,Male,Canada,4/25/2022,Monthly
s28853,Aanya Davis,21,Male,Germany,7/29/2021,Yearly
s28854,Vihaan Patel,48,Male,Canada,5/5/2020,Monthly
s28855,Eva Smith,25,Female,Germany,12/15/2020,Yearly
s28856,Vihaan Moore,44,Other,UK,11/19/2022,Monthly
s28857,Karan Singh,28,Other,UK,12/3/2021,Monthly
s28858,Zara Wilson,20,Other,UK,11/7/2019,Free
s28859,Amelia Taylor,22,Male,Canada,12/14/2022,Yearly
s28860,Aarav Miller,27,Other,Canada,9/15/2020,Free
s28861,Ethan Sharma,46,Male,UK,1/24/2019,Monthly
s28862,Zara Thomas,25,Other,USA,5/29/2021,Monthly
s28863,Isabella Sharma,26,Male,Germany,6/28/2021,Yearly
s28864,Lucas Clark,26,Male,India,9/6/2020,Monthly
s28865,Vihaan Brown,27,Female,Australia,2/8/2021,Monthly
s28866,Zara Lewis,20,Female,Germany,1/16/2022,Free
s28867,Aanya Anderson,47,Male,Canada,6/2/2022,Free
s28868,Liam Lee,19,Male,UK,8/6/2022,Yearly
s28869,Amelia Lewis,21,Other,Canada,4/23/2021,Free
s28870,Olivia Taylor,25,Male,UK,9/16/2019,Free
s28871,Meera Singh,37,Female,Australia,3/11/2021,Yearly
s28872,Aanya Taylor,43,Other,Germany,9/2/2022,Free
s28873,Ethan Verma,65,Other,USA,6/16/2021,Free
s28874,Aarav Singh,26,Male,USA,1/6/2019,Yearly
s28875,Noah Martin,32,Other,USA,9/11/2019,Free
s28876,Aanya Wilson,47,Male,Germany,6/4/2021,Yearly
s28877,Zara Wilson,25,Female,USA,10/28/2019,Monthly
s28878,Eva Taylor,22,Male,Canada,4/14/2021,Free
s28879,Karan Lewis,24,Other,Australia,2/18/2022,Monthly
s28880,Zara Patel,51,Male,UK,11/13/2021,Yearly
s28881,Aarav Davis,25,Female,Canada,9/1/2019,Monthly
s28882,Sophia Brown,30,Female,UK,10/12/2019,Yearly
s28883,Benjamin Moore,22,Female,USA,8/30/2020,Monthly
s28884,Ethan Davis,19,Other,India,8/8/2021,Free
s28885,Mia Clark,33,Female,UK,9/17/2021,Free
s28886,Meera Clark,36,Female,India,4/21/2020,Yearly
s28887,Aanya Lewis,29,Female,India,8/20/2022,Monthly
s28888,Mia Taylor,29,Female,USA,7/26/2019,Yearly
s28889,Eva Patel,19,Female,India,11/30/2022,Yearly
s28890,Emma Anderson,54,Male,Germany,1/5/2020,Free
s28891,Zara Miller,22,Other,USA,4/26/2022,Free
s28892,Noah Verma,37,Male,Germany,11/9/2021,Monthly
s28893,Meera Verma,40,Other,USA,10/5/2021,Monthly
s28894,Olivia Singh,61,Other,Canada,5/21/2020,Monthly
s28895,Zara Martin,22,Other,India,10/19/2020,Yearly
s28896,Karan Singh,38,Female,India,5/11/2022,Monthly
s28897,Meera Walker,19,Male,UK,5/26/2020,Monthly
s28898,Zara Lee,22,Other,Canada,1/1/2019,Monthly
s28899,Aanya Miller,23,Male,Germany,2/17/2022,Monthly
s28900,Mia Moore,41,Female,UK,9/18/2021,Free
s28901,Benjamin Miller,18,Female,UK,8/28/2021,Monthly
s28902,Benjamin Lewis,56,Male,Canada,7/11/2021,Free
s28903,Emma Clark,27,Female,Canada,1/28/2020,Free
s28904,Isabella Sharma,43,Male,India,6/15/2022,Monthly
s28905,Lucas Sharma,45,Other,USA,11/29/2019,Yearly
s28906,Ethan Sharma,21,Male,USA,4/13/2021,Monthly
s28907,Riya Thomas,23,Other,Germany,5/16/2022,Monthly
s28908,Noah Johnson,23,Female,India,3/7/2021,Yearly
s28909,Aanya Sharma,47,Male,Canada,8/7/2022,Yearly
s28910,Noah Sharma,50,Other,Germany,6/30/2019,Monthly
s28911,Mia Davis,20,Male,Germany,10/16/2021,Monthly
s28912,Noah Singh,19,Male,Australia,12/25/2019,Free
s28913,Riya Johnson,26,Male,India,3/4/2022,Yearly
s28914,Benjamin Verma,20,Female,Australia,11/23/2019,Monthly
s28915,Zara Hall,27,Female,Canada,1/17/2021,Free
s28916,Isabella Singh,23,Other,Australia,8/22/2020,Free
s28917,Amelia Verma,21,Other,Australia,8/23/2019,Yearly
s28918,Eva Taylor,47,Other,Australia,11/17/2019,Yearly
s28919,Aarav Sharma,59,Female,Germany,6/18/2021,Monthly
s28920,Vihaan Sharma,19,Male,Germany,6/29/2022,Free
s28921,Meera Thomas,47,Female,USA,6/8/2019,Yearly
s28922,Lucas Davis,22,Female,Australia,12/4/2020,Yearly
s28923,Amelia Moore,66,Other,UK,2/16/2022,Monthly
s28924,Benjamin Martin,23,Female,Australia,12/3/2020,Monthly
s28925,Amelia Brown,41,Female,Canada,7/1/2021,Free
s28926,Mia Clark,52,Female,UK,10/23/2022,Monthly
s28927,Liam Singh,21,Other,Germany,7/24/2021,Monthly
s28928,Vihaan Brown,30,Male,Australia,9/11/2021,Monthly
s28929,Karan Moore,40,Male,UK,7/11/2022,Yearly
s28930,Meera Clark,36,Male,USA,2/10/2019,Yearly
s28931,Aanya Lee,59,Male,Canada,9/25/2021,Monthly
s28932,Aanya Patel,29,Male,UK,9/19/2022,Yearly
s28933,Noah Moore,35,Male,Australia,4/9/2020,Free
s28934,Vihaan Smith,25,Male,UK,1/16/2020,Free
s28935,Amelia Hall,38,Male,UK,7/14/2020,Yearly
s28936,Ethan Anderson,20,Female,UK,9/5/2021,Free
s28937,Amelia Thomas,19,Other,USA,2/15/2019,Free
s28938,Liam Hall,27,Other,India,5/26/2020,Free
s28939,Isabella Walker,18,Female,USA,10/12/2021,Free
s28940,Vihaan Patel,25,Other,India,3/11/2019,Yearly
s28941,Aarav Brown,24,Other,USA,8/18/2019,Monthly
s28942,Noah Smith,24,Other,USA,11/8/2019,Monthly
s28943,Mia Davis,26,Female,USA,12/27/2022,Free
s28944,Amelia Moore,27,Other,Germany,10/16/2022,Free
s28945,Vihaan Smith,27,Female,Canada,10/9/2019,Free
s28946,Emma Taylor,22,Female,Canada,1/21/2020,Yearly
s28947,Lucas Wilson,56,Male,India,3/20/2021,Yearly
s28948,Noah Davis,19,Male,India,6/22/2020,Yearly
s28949,Aarav Taylor,35,Other,UK,10/14/2020,Free
s28950,Karan Smith,38,Male,Australia,5/6/2019,Yearly
s28951,Riya Wilson,44,Female,Australia,4/4/2020,Free
s28952,Riya Johnson,28,Other,Germany,1/27/2020,Free
s28953,Benjamin Davis,21,Female,India,12/9/2021,Yearly
s28954,Noah Patel,18,Female,Australia,9/19/2019,Monthly
s28955,Sophia Thomas,21,Female,UK,8/17/2019,Free
s28956,Sophia Sharma,22,Female,Australia,12/17/2020,Yearly
s28957,Emma Brown,22,Other,Germany,10/19/2021,Free
s28958,Aarav Walker,25,Female,Australia,3/23/2022,Yearly
s28959,Mia Wilson,62,Other,Canada,1/27/2020,Yearly
s28960,Karan Walker,36,Male,USA,7/16/2022,Monthly
s28961,Isabella Martin,65,Male,Germany,9/22/2022,Yearly
s28962,Olivia Walker,19,Male,India,10/16/2020,Free
s28963,Olivia Lewis,24,Female,Australia,4/8/2020,Yearly
s28964,Arjun Martin,27,Other,Australia,5/23/2019,Free
s28965,Mia Martin,43,Female,Germany,5/13/2021,Free
s28966,Eva Sharma,22,Male,UK,12/5/2021,Monthly
s28967,Riya Miller,42,Female,Canada,6/10/2022,Monthly
s28968,Noah Martin,24,Female,Canada,3/21/2022,Free
s28969,Amelia Thomas,21,Other,Australia,3/28/2022,Yearly
s28970,Vihaan Martin,28,Other,Canada,9/4/2019,Free
s28971,Liam Johnson,29,Other,India,4/12/2020,Free
s28972,Arjun Thomas,37,Other,Germany,1/22/2022,Monthly
s28973,Karan Singh,40,Female,Australia,6/2/2022,Yearly
s28974,Olivia Davis,20,Male,UK,8/20/2021,Yearly
s28975,Zara Anderson,46,Male,India,9/28/2020,Monthly
s28976,Noah Anderson,24,Female,Canada,11/12/2019,Monthly
s28977,Aanya Lee,26,Female,UK,5/16/2019,Yearly
s28978,Arjun Miller,42,Female,Australia,7/24/2022,Monthly
s28979,Riya Sharma,27,Other,Australia,2/15/2020,Yearly
s28980,Aarav Smith,26,Female,Germany,10/5/2020,Monthly
s28981,Mia Singh,20,Other,India,12/14/2021,Free
s28982,Meera Lee,31,Male,Germany,12/25/2021,Free
s28983,Olivia Brown,23,Other,India,8/30/2021,Yearly
s28984,Zara Taylor,24,Female,Australia,1/14/2019,Yearly
s28985,Emma Davis,25,Male,Germany,9/21/2022,Free
s28986,Arjun Sharma,22,Other,USA,3/13/2020,Yearly
s28987,Benjamin Martin,46,Female,India,9/9/2022,Monthly
s28988,Lucas Sharma,18,Female,Germany,9/15/2019,Monthly
s28989,Ethan Davis,34,Male,Canada,7/17/2020,Free
s28990,Aanya Taylor,18,Female,USA,12/13/2022,Yearly
s28991,Aanya Wilson,19,Male,Canada,8/20/2022,Monthly
s28992,Zara Martin,25,Male,India,5/20/2021,Free
s28993,Mia Singh,20,Male,Germany,12/28/2020,Yearly
s28994,Amelia Thomas,27,Other,USA,3/21/2020,Free
s28995,Riya Sharma,27,Other,Germany,3/31/2022,Free
s28996,Mia Thomas,24,Female,Australia,12/27/2022,Free
s28997,Riya Martin,24,Other,UK,8/27/2020,Free
s28998,Karan Davis,61,Other,Canada,8/16/2019,Monthly
s28999,Arjun Sharma,54,Male,Germany,3/12/2022,Monthly
s29000,Emma Anderson,26,Female,USA,1/9/2022,Free
s29001,Aarav Sharma,36,Female,UK,3/3/2019,Free
s29002,Vihaan Verma,25,Male,Canada,9/18/2020,Yearly
s29003,Ethan Miller,23,Female,India,6/25/2022,Monthly
s29004,Isabella Taylor,29,Female,Canada,2/24/2022,Yearly
s29005,Eva Lee,34,Female,Australia,10/13/2019,Free
s29006,Arjun Brown,39,Male,UK,1/8/2019,Yearly
s29007,Emma Patel,18,Other,Germany,11/18/2019,Yearly
s29008,Arjun Singh,42,Other,Australia,1/16/2021,Yearly
s29009,Sophia Singh,34,Other,USA,9/29/2021,Free
s29010,Liam Taylor,23,Other,Australia,7/15/2022,Yearly
s29011,Sophia Clark,29,Female,Canada,6/20/2021,Monthly
s29012,Isabella Sharma,23,Female,USA,1/9/2019,Monthly
s29013,Emma Wilson,41,Male,Canada,6/30/2020,Monthly
s29014,Amelia Hall,38,Male,UK,11/7/2022,Yearly
s29015,Lucas Singh,21,Male,USA,6/18/2022,Free
s29016,Sophia Sharma,36,Female,India,7/25/2021,Free
s29017,Vihaan Johnson,25,Female,USA,4/28/2022,Monthly
s29018,Amelia Anderson,19,Male,Germany,5/7/2022,Yearly
s29019,Noah Patel,29,Male,USA,11/14/2022,Free
s29020,Eva Hall,39,Other,India,10/30/2022,Yearly
s29021,Vihaan Anderson,36,Female,Canada,2/21/2020,Monthly
s29022,Vihaan Martin,57,Female,Australia,12/25/2020,Free
s29023,Liam Johnson,19,Female,USA,3/26/2019,Monthly
s29024,Arjun Anderson,55,Other,India,8/14/2022,Free
s29025,Ethan Clark,18,Other,Canada,9/24/2020,Free
s29026,Liam Lewis,24,Male,India,10/5/2021,Free
s29027,Isabella Moore,20,Female,USA,5/28/2021,Monthly
s29028,Isabella Smith,26,Female,Germany,9/28/2021,Free
s29029,Meera Martin,45,Other,India,9/1/2019,Free
s29030,Aanya Miller,20,Female,USA,7/30/2021,Yearly
s29031,Benjamin Walker,22,Female,USA,10/31/2019,Monthly
s29032,Ethan Lee,48,Female,Germany,7/12/2019,Yearly
s29033,Olivia Thomas,21,Other,USA,3/16/2020,Free
s29034,Riya Singh,31,Male,UK,3/8/2022,Yearly
s29035,Sophia Martin,25,Female,Canada,1/28/2021,Yearly
s29036,Vihaan Anderson,18,Other,USA,7/26/2019,Free
s29037,Liam Miller,64,Other,UK,2/8/2020,Monthly
s29038,Eva Walker,22,Male,UK,2/10/2019,Yearly
s29039,Mia Sharma,19,Male,Germany,11/4/2021,Yearly
s29040,Vihaan Miller,22,Male,Australia,12/15/2021,Yearly
s29041,Amelia Wilson,25,Other,India,9/30/2019,Monthly
s29042,Sophia Moore,22,Female,Australia,1/9/2020,Monthly
s29043,Isabella Sharma,20,Other,Germany,9/23/2019,Yearly
s29044,Meera Thomas,39,Male,Canada,12/30/2019,Yearly
s29045,Karan Singh,31,Other,India,3/4/2019,Monthly
s29046,Aanya Thomas,25,Male,Canada,11/6/2020,Monthly
s29047,Riya Smith,44,Female,Australia,6/30/2021,Free
s29048,Aarav Davis,24,Other,Canada,2/23/2020,Monthly
s29049,Isabella Anderson,24,Other,Australia,2/24/2020,Monthly
s29050,Arjun Lee,26,Male,USA,1/18/2021,Free
s29051,Arjun Anderson,57,Other,USA,12/27/2019,Free
s29052,Arjun Lewis,20,Female,UK,10/7/2022,Free
s29053,Eva Thomas,38,Other,Canada,6/28/2019,Yearly
s29054,Zara Anderson,18,Male,Germany,11/28/2021,Free
s29055,Emma Brown,20,Male,Canada,3/4/2019,Monthly
s29056,Arjun Anderson,18,Other,Germany,8/13/2022,Free
s29057,Amelia Walker,26,Female,Canada,9/14/2021,Yearly
s29058,Liam Verma,40,Other,UK,1/24/2021,Yearly
s29059,Olivia Sharma,19,Female,Germany,7/22/2019,Free
s29060,Mia Verma,23,Female,Germany,8/10/2020,Yearly
s29061,Benjamin Wilson,29,Other,Australia,1/30/2022,Monthly
s29062,Emma Lewis,22,Other,Australia,2/24/2019,Monthly
s29063,Meera Miller,44,Female,UK,2/15/2020,Monthly
s29064,Ethan Miller,27,Other,UK,1/2/2019,Free
s29065,Aarav Johnson,22,Female,USA,3/25/2021,Monthly
s29066,Karan Thomas,22,Female,India,10/15/2020,Free
s29067,Vihaan Anderson,33,Male,USA,12/13/2019,Yearly
s29068,Meera Smith,21,Other,Germany,3/11/2021,Yearly
s29069,Ethan Clark,25,Female,Australia,5/12/2022,Free
s29070,Meera Wilson,35,Female,UK,9/28/2020,Monthly
s29071,Lucas Lewis,32,Male,USA,3/7/2019,Yearly
s29072,Karan Hall,65,Male,USA,11/21/2020,Monthly
s29073,Isabella Singh,20,Male,USA,7/8/2020,Free
s29074,Vihaan Thomas,19,Other,USA,5/24/2022,Yearly
s29075,Aarav Lewis,27,Female,UK,5/30/2022,Free
s29076,Noah Walker,23,Female,India,9/3/2022,Yearly
s29077,Isabella Patel,22,Other,Germany,1/15/2020,Yearly
s29078,Emma Smith,25,Other,USA,5/13/2022,Free
s29079,Lucas Taylor,31,Female,Australia,8/29/2022,Yearly
s29080,Benjamin Anderson,33,Other,Australia,10/24/2022,Free
s29081,Eva Hall,26,Female,USA,2/17/2019,Monthly
s29082,Vihaan Lewis,48,Male,Australia,4/20/2022,Monthly
s29083,Aanya Moore,18,Other,Canada,8/10/2022,Yearly
s29084,Liam Taylor,48,Other,Australia,7/12/2020,Yearly
s29085,Riya Singh,18,Female,UK,10/8/2019,Monthly
s29086,Lucas Singh,40,Other,Canada,7/22/2020,Monthly
s29087,Meera Moore,21,Female,Australia,4/20/2019,Monthly
s29088,Noah Thomas,25,Female,UK,8/9/2022,Free
s29089,Riya Lee,45,Female,USA,11/14/2021,Monthly
s29090,Aanya Clark,27,Male,Canada,7/17/2020,Monthly
s29091,Aarav Anderson,20,Other,USA,4/25/2020,Free
s29092,Karan Brown,21,Male,UK,2/19/2020,Free
s29093,Karan Thomas,44,Female,India,6/7/2020,Yearly
s29094,Aanya Martin,30,Male,USA,1/13/2022,Monthly
s29095,Meera Thomas,59,Female,Germany,11/2/2020,Monthly
s29096,Karan Miller,32,Female,UK,5/30/2021,Yearly
s29097,Zara Johnson,43,Other,UK,4/24/2019,Monthly
s29098,Vihaan Davis,41,Other,UK,8/11/2022,Monthly
s29099,Arjun Sharma,59,Other,UK,5/3/2019,Free
s29100,Riya Moore,18,Female,India,5/24/2022,Free
s29101,Olivia Davis,27,Male,UK,4/25/2022,Free
s29102,Isabella Martin,25,Male,Australia,2/19/2022,Free
s29103,Ethan Thomas,23,Male,Australia,5/8/2022,Monthly
s29104,Amelia Clark,28,Female,UK,2/12/2021,Free
s29105,Zara Brown,19,Female,Canada,11/18/2022,Monthly
s29106,Aarav Brown,18,Other,UK,1/20/2020,Free
s29107,Eva Moore,42,Other,Canada,4/7/2019,Monthly
s29108,Olivia Miller,20,Female,UK,5/12/2022,Yearly
s29109,Ethan Wilson,19,Male,Canada,4/5/2019,Monthly
s29110,Meera Wilson,18,Other,USA,9/14/2022,Monthly
s29111,Liam Hall,37,Male,India,11/13/2022,Free
s29112,Arjun Clark,22,Other,UK,8/27/2019,Yearly
s29113,Emma Martin,18,Female,UK,7/13/2019,Monthly
s29114,Vihaan Lee,24,Male,UK,5/22/2020,Free
s29115,Arjun Verma,51,Other,Canada,2/4/2022,Yearly
s29116,Emma Sharma,24,Other,USA,5/20/2019,Yearly
s29117,Vihaan Singh,35,Female,USA,6/9/2019,Yearly
s29118,Aanya Brown,64,Male,India,8/19/2020,Yearly
s29119,Liam Singh,22,Female,Canada,4/5/2021,Yearly
s29120,Benjamin Lewis,29,Male,Australia,1/10/2022,Free
s29121,Vihaan Sharma,21,Female,UK,3/5/2020,Yearly
s29122,Benjamin Moore,41,Other,UK,7/3/2020,Yearly
s29123,Eva Patel,26,Female,USA,6/21/2019,Yearly
s29124,Arjun Miller,25,Other,Canada,3/24/2019,Yearly
s29125,Aarav Sharma,27,Other,Germany,7/1/2022,Monthly
s29126,Ethan Thomas,56,Other,Germany,6/23/2022,Free
s29127,Vihaan Thomas,19,Male,USA,12/14/2021,Yearly
s29128,Sophia Wilson,21,Other,India,7/21/2022,Yearly
s29129,Liam Hall,33,Male,Germany,6/27/2022,Monthly
s29130,Ethan Davis,24,Female,UK,12/28/2022,Monthly
s29131,Meera Anderson,25,Other,Australia,8/18/2022,Yearly
s29132,Noah Lee,30,Male,USA,6/25/2020,Free
s29133,Zara Clark,27,Other,Germany,3/21/2022,Yearly
s29134,Arjun Thomas,63,Female,Canada,7/20/2022,Yearly
s29135,Amelia Smith,19,Female,Germany,1/19/2022,Yearly
s29136,Meera Wilson,19,Other,India,8/17/2021,Yearly
s29137,Noah Verma,19,Other,Australia,5/2/2021,Free
s29138,Arjun Moore,22,Female,UK,1/30/2020,Free
s29139,Noah Hall,21,Other,UK,4/19/2022,Free
s29140,Benjamin Moore,54,Other,Canada,4/20/2019,Yearly
s29141,Emma Sharma,42,Male,UK,7/13/2019,Yearly
s29142,Vihaan Lee,41,Other,Germany,6/26/2022,Monthly
s29143,Vihaan Patel,20,Female,Germany,12/11/2021,Monthly
s29144,Zara Anderson,21,Other,Australia,1/25/2019,Free
s29145,Aarav Hall,42,Other,Germany,12/22/2022,Free
s29146,Amelia Johnson,25,Female,USA,9/4/2020,Free
s29147,Noah Davis,36,Female,UK,1/26/2022,Free
s29148,Lucas Taylor,19,Other,UK,9/22/2019,Free
s29149,Ethan Anderson,18,Male,Australia,11/14/2021,Free
s29150,Emma Martin,62,Female,India,10/21/2020,Free
s29151,Noah Miller,28,Female,India,9/7/2020,Monthly
s29152,Noah Singh,30,Female,Germany,5/15/2019,Yearly
s29153,Meera Clark,56,Female,UK,1/29/2019,Free
s29154,Riya Moore,18,Other,UK,3/1/2022,Free
s29155,Ethan Verma,42,Other,Canada,9/21/2021,Yearly
s29156,Meera Miller,48,Male,UK,1/9/2022,Free
s29157,Benjamin Verma,23,Other,USA,1/7/2021,Free
s29158,Aarav Patel,24,Female,Canada,2/10/2020,Yearly
s29159,Noah Clark,27,Other,UK,9/24/2019,Monthly
s29160,Vihaan Clark,21,Female,Germany,5/19/2020,Monthly
s29161,Meera Wilson,44,Other,USA,4/17/2019,Free
s29162,Ethan Sharma,20,Other,Canada,2/16/2021,Monthly
s29163,Isabella Patel,19,Other,USA,6/9/2020,Monthly
s29164,Arjun Clark,54,Male,Germany,5/11/2021,Free
s29165,Olivia Lee,31,Male,Germany,8/21/2019,Yearly
s29166,Benjamin Johnson,19,Female,India,2/8/2022,Free
s29167,Emma Johnson,20,Male,UK,12/27/2019,Monthly
s29168,Mia Walker,20,Male,USA,2/3/2019,Free
s29169,Vihaan Moore,35,Male,Australia,1/14/2021,Yearly
s29170,Aarav Hall,59,Female,USA,6/18/2022,Yearly
s29171,Arjun Singh,38,Male,UK,11/19/2020,Monthly
s29172,Emma Singh,49,Male,UK,6/10/2022,Free
s29173,Olivia Sharma,34,Male,Australia,1/21/2020,Free
s29174,Sophia Taylor,18,Other,India,11/11/2020,Free
s29175,Lucas Clark,47,Female,Germany,6/29/2022,Monthly
s29176,Aanya Clark,28,Female,UK,10/10/2020,Yearly
s29177,Eva Miller,18,Male,Germany,9/7/2019,Monthly
s29178,Olivia Walker,29,Female,UK,4/16/2020,Monthly
s29179,Liam Hall,31,Female,Australia,12/27/2022,Yearly
s29180,Noah Lewis,31,Male,Germany,3/28/2019,Monthly
s29181,Arjun Verma,21,Male,Germany,4/9/2019,Monthly
s29182,Emma Lewis,22,Male,Canada,4/8/2021,Free
s29183,Eva Thomas,21,Male,Germany,4/29/2019,Free
s29184,Sophia Miller,25,Other,Germany,1/27/2019,Monthly
s29185,Meera Verma,34,Female,Australia,1/9/2021,Yearly
s29186,Aarav Lee,44,Female,India,5/4/2019,Yearly
s29187,Karan Johnson,28,Female,USA,2/1/2020,Yearly
s29188,Lucas Hall,25,Other,Australia,9/27/2019,Yearly
s29189,Eva Clark,25,Female,USA,3/16/2022,Monthly
s29190,Noah Sharma,22,Other,India,6/18/2019,Yearly
s29191,Sophia Anderson,28,Other,India,3/1/2020,Yearly
s29192,Olivia Lewis,49,Female,India,1/2/2020,Yearly
s29193,Eva Sharma,23,Male,India,4/5/2020,Yearly
s29194,Isabella Hall,63,Other,Australia,5/9/2019,Free
s29195,Olivia Taylor,26,Female,India,4/18/2020,Yearly
s29196,Aarav Hall,19,Female,India,8/27/2020,Yearly
s29197,Olivia Patel,39,Other,Germany,5/14/2021,Free
s29198,Aarav Brown,24,Female,Canada,10/4/2022,Free
s29199,Benjamin Taylor,37,Other,Australia,12/26/2021,Free
s29200,Ethan Johnson,26,Other,Germany,5/1/2021,Free
s29201,Isabella Verma,18,Other,USA,4/1/2020,Free
s29202,Sophia Moore,21,Other,Germany,1/24/2019,Yearly
s29203,Vihaan Lewis,21,Female,Canada,4/8/2021,Monthly
s29204,Arjun Anderson,63,Female,Australia,9/5/2020,Free
s29205,Olivia Thomas,37,Other,USA,12/23/2019,Monthly
s29206,Zara Lee,40,Other,Australia,5/21/2019,Yearly
s29207,Benjamin Lee,19,Male,Australia,5/22/2022,Yearly
s29208,Eva Moore,26,Male,Australia,3/17/2020,Free
s29209,Lucas Hall,21,Other,India,7/4/2022,Monthly
s29210,Vihaan Walker,27,Male,UK,1/18/2020,Yearly
s29211,Zara Verma,52,Male,Australia,8/4/2019,Monthly
s29212,Ethan Lee,26,Female,India,10/23/2020,Monthly
s29213,Emma Thomas,47,Female,Canada,6/19/2021,Yearly
s29214,Lucas Patel,39,Male,Germany,12/31/2019,Monthly
s29215,Olivia Brown,26,Male,Australia,12/7/2022,Yearly
s29216,Aarav Sharma,27,Other,USA,12/7/2022,Yearly
s29217,Isabella Davis,25,Female,Canada,8/12/2019,Monthly
s29218,Aanya Brown,66,Other,Australia,9/28/2022,Free
s29219,Arjun Thomas,44,Other,UK,8/15/2019,Free
s29220,Arjun Johnson,64,Male,Canada,10/30/2019,Yearly
s29221,Amelia Singh,24,Male,Australia,5/12/2020,Monthly
s29222,Benjamin Brown,23,Male,USA,8/20/2019,Yearly
s29223,Isabella Verma,18,Female,Canada,4/2/2019,Yearly
s29224,Benjamin Lewis,19,Female,India,12/1/2020,Yearly
s29225,Liam Patel,24,Other,USA,6/28/2021,Free
s29226,Zara Wilson,29,Other,India,1/27/2022,Free
s29227,Lucas Thomas,24,Female,Germany,7/10/2019,Free
s29228,Sophia Brown,18,Male,India,10/22/2020,Yearly
s29229,Riya Taylor,18,Male,USA,5/9/2019,Monthly
s29230,Lucas Lee,20,Male,UK,7/23/2019,Free
s29231,Meera Moore,21,Female,USA,11/20/2019,Free
s29232,Emma Taylor,19,Male,Australia,9/21/2019,Monthly
s29233,Zara Hall,22,Female,India,10/16/2021,Yearly
s29234,Amelia Wilson,22,Female,Australia,12/19/2021,Yearly
s29235,Riya Davis,20,Other,Germany,10/9/2020,Yearly
s29236,Noah Miller,49,Female,UK,6/19/2021,Yearly
s29237,Benjamin Brown,36,Female,Germany,4/2/2020,Free
s29238,Vihaan Moore,40,Male,Canada,4/23/2021,Yearly
s29239,Vihaan Taylor,22,Male,Australia,6/6/2021,Free
s29240,Karan Johnson,30,Other,UK,4/28/2021,Yearly
s29241,Olivia Moore,21,Female,Canada,1/21/2019,Free
s29242,Arjun Anderson,44,Male,Australia,3/3/2020,Free
s29243,Liam Lewis,22,Female,Canada,9/12/2021,Monthly
s29244,Aanya Sharma,47,Other,USA,4/23/2019,Yearly
s29245,Arjun Moore,38,Other,India,4/24/2021,Monthly
s29246,Lucas Clark,56,Other,Canada,4/22/2022,Yearly
s29247,Emma Johnson,24,Other,Australia,2/29/2020,Monthly
s29248,Benjamin Clark,26,Male,Canada,8/9/2021,Monthly
s29249,Benjamin Lee,38,Other,Germany,11/22/2022,Yearly
s29250,Liam Anderson,25,Female,Germany,3/21/2019,Monthly
s29251,Aarav Lee,32,Female,Canada,8/20/2021,Monthly
s29252,Vihaan Thomas,38,Other,USA,5/3/2022,Free
s29253,Vihaan Thomas,62,Male,UK,8/9/2020,Monthly
s29254,Arjun Taylor,26,Female,UK,3/12/2020,Free
s29255,Arjun Hall,35,Other,UK,3/4/2022,Yearly
s29256,Aarav Thomas,26,Male,USA,9/24/2021,Yearly
s29257,Lucas Miller,20,Male,UK,1/11/2021,Free
s29258,Aanya Walker,19,Male,Canada,1/22/2019,Yearly
s29259,Eva Anderson,20,Male,Germany,8/14/2019,Monthly
s29260,Liam Brown,21,Male,Australia,2/26/2019,Monthly
s29261,Noah Taylor,20,Male,Australia,10/26/2021,Monthly
s29262,Liam Wilson,22,Male,India,12/19/2019,Free
s29263,Olivia Brown,22,Other,Canada,8/18/2019,Monthly
s29264,Amelia Wilson,28,Male,Canada,4/20/2019,Monthly
s29265,Meera Wilson,26,Male,Germany,8/26/2022,Monthly
s29266,Mia Moore,22,Other,USA,6/23/2022,Yearly
s29267,Benjamin Lee,41,Male,UK,5/1/2020,Yearly
s29268,Arjun Lee,25,Other,UK,9/14/2022,Free
s29269,Lucas Lee,21,Male,Canada,4/8/2020,Monthly
s29270,Benjamin Taylor,22,Other,India,2/19/2022,Yearly
s29271,Aanya Walker,19,Female,USA,8/15/2022,Yearly
s29272,Liam Martin,19,Male,Australia,1/24/2019,Free
s29273,Karan Taylor,25,Other,Germany,1/19/2021,Free
s29274,Emma Lee,21,Other,Germany,12/1/2021,Monthly
s29275,Meera Singh,31,Male,India,4/17/2020,Yearly
s29276,Aarav Hall,25,Other,India,4/14/2022,Yearly
s29277,Aanya Sharma,24,Female,UK,4/17/2021,Yearly
s29278,Eva Anderson,25,Female,India,3/4/2019,Free
s29279,Meera Patel,31,Other,Canada,4/2/2020,Yearly
s29280,Lucas Thomas,21,Other,USA,6/5/2020,Monthly
s29281,Ethan Lee,27,Female,Australia,7/19/2019,Monthly
s29282,Liam Anderson,24,Male,USA,11/2/2019,Yearly
s29283,Karan Wilson,49,Other,Germany,6/12/2019,Yearly
s29284,Riya Lee,31,Other,USA,11/12/2019,Free
s29285,Lucas Walker,61,Other,Germany,5/18/2020,Yearly
s29286,Eva Lewis,43,Female,Canada,7/5/2020,Monthly
s29287,Aarav Moore,21,Other,Australia,12/31/2019,Yearly
s29288,Zara Miller,38,Other,Australia,7/16/2020,Monthly
s29289,Isabella Smith,20,Other,India,8/23/2022,Free
s29290,Ethan Moore,20,Female,Canada,6/26/2022,Monthly
s29291,Amelia Sharma,55,Other,India,2/11/2022,Monthly
s29292,Ethan Wilson,29,Male,UK,5/17/2019,Monthly
s29293,Benjamin Lewis,23,Other,USA,5/8/2020,Free
s29294,Aanya Johnson,41,Male,Australia,10/5/2020,Yearly
s29295,Amelia Smith,44,Other,India,3/22/2021,Free
s29296,Amelia Patel,53,Female,India,1/15/2020,Free
s29297,Noah Smith,32,Female,India,5/25/2020,Free
s29298,Karan Walker,40,Female,India,10/16/2020,Free
s29299,Amelia Singh,63,Other,USA,9/12/2022,Free
s29300,Arjun Wilson,35,Female,Canada,1/30/2022,Yearly
s29301,Noah Patel,19,Male,Canada,4/26/2019,Free
s29302,Riya Brown,24,Male,Australia,6/1/2019,Monthly
s29303,Noah Anderson,23,Female,Germany,9/3/2020,Yearly
s29304,Isabella Taylor,26,Male,Australia,12/1/2022,Free
s29305,Vihaan Taylor,55,Other,UK,5/4/2021,Free
s29306,Noah Johnson,24,Other,India,1/5/2021,Free
s29307,Sophia Verma,47,Other,USA,6/16/2021,Yearly
s29308,Vihaan Smith,26,Male,Canada,6/14/2019,Free
s29309,Lucas Smith,34,Other,Australia,8/10/2019,Yearly
s29310,Isabella Wilson,31,Male,Germany,10/8/2022,Yearly
s29311,Emma Hall,32,Female,UK,7/8/2019,Yearly
s29312,Karan Martin,27,Male,UK,5/4/2021,Monthly
s29313,Noah Thomas,22,Other,Germany,8/17/2019,Free
s29314,Mia Wilson,56,Male,UK,4/20/2022,Yearly
s29315,Riya Patel,21,Male,Germany,6/23/2020,Free
s29316,Aarav Patel,24,Female,Canada,6/30/2020,Monthly
s29317,Olivia Taylor,20,Other,UK,7/9/2019,Monthly
s29318,Riya Wilson,31,Female,USA,7/8/2022,Free
s29319,Amelia Johnson,18,Male,India,5/1/2021,Monthly
s29320,Mia Taylor,24,Female,Canada,10/19/2021,Yearly
s29321,Isabella Johnson,30,Other,USA,11/17/2019,Free
s29322,Isabella Patel,56,Other,UK,11/8/2021,Free
s29323,Zara Clark,41,Female,Australia,4/15/2021,Monthly
s29324,Aarav Clark,20,Male,Canada,8/2/2021,Yearly
s29325,Liam Johnson,26,Female,Canada,11/30/2022,Monthly
s29326,Mia Taylor,26,Female,Canada,6/18/2019,Yearly
s29327,Sophia Taylor,42,Other,Canada,9/4/2022,Monthly
s29328,Vihaan Anderson,30,Other,USA,12/9/2022,Monthly
s29329,Noah Verma,21,Other,Australia,4/5/2020,Free
s29330,Lucas Thomas,33,Female,Canada,5/18/2022,Yearly
s29331,Olivia Clark,46,Other,UK,10/21/2020,Yearly
s29332,Emma Lewis,26,Male,India,7/20/2020,Yearly
s29333,Arjun Sharma,67,Female,UK,6/3/2021,Yearly
s29334,Noah Patel,30,Male,USA,1/19/2022,Yearly
s29335,Sophia Johnson,37,Other,India,4/9/2020,Yearly
s29336,Mia Moore,40,Other,Canada,5/27/2022,Free
s29337,Liam Brown,20,Male,India,12/30/2019,Yearly
s29338,Aanya Walker,34,Other,India,3/21/2021,Monthly
s29339,Benjamin Miller,27,Female,UK,7/13/2022,Monthly
s29340,Mia Verma,39,Female,USA,7/17/2020,Monthly
s29341,Noah Clark,24,Male,Canada,11/9/2022,Free
s29342,Zara Lewis,38,Male,USA,1/23/2020,Free
s29343,Zara Johnson,20,Female,Canada,12/14/2019,Yearly
s29344,Zara Martin,21,Female,Germany,1/26/2021,Free
s29345,Isabella Smith,26,Female,UK,1/18/2022,Yearly
s29346,Sophia Lee,27,Female,Canada,12/16/2020,Yearly
s29347,Eva Lee,40,Female,Canada,12/27/2022,Yearly
s29348,Noah Lewis,60,Other,Australia,7/19/2020,Monthly
s29349,Mia Wilson,24,Male,Germany,5/15/2020,Monthly
s29350,Aanya Smith,24,Male,Australia,4/20/2020,Monthly
s29351,Olivia Patel,66,Male,UK,7/22/2022,Free
s29352,Vihaan Martin,36,Female,USA,7/25/2022,Yearly
s29353,Olivia Patel,25,Male,Canada,7/4/2020,Free
s29354,Lucas Hall,26,Female,Germany,9/30/2020,Free
s29355,Meera Hall,20,Male,USA,1/19/2022,Yearly
s29356,Isabella Sharma,18,Female,Australia,4/4/2020,Free
s29357,Liam Wilson,27,Other,India,1/9/2020,Free
s29358,Noah Davis,46,Male,Canada,3/26/2019,Yearly
s29359,Aanya Moore,22,Other,USA,10/16/2022,Yearly
s29360,Meera Patel,24,Male,UK,4/28/2021,Monthly
s29361,Emma Clark,22,Male,Australia,1/7/2020,Monthly
s29362,Mia Patel,35,Female,India,5/3/2019,Free
s29363,Isabella Walker,23,Other,Germany,7/30/2019,Free
s29364,Arjun Walker,19,Male,Australia,6/2/2020,Yearly
s29365,Noah Johnson,22,Male,Canada,12/15/2019,Free
s29366,Ethan Hall,18,Female,UK,1/17/2020,Monthly
s29367,Benjamin Singh,20,Other,India,1/27/2019,Monthly
s29368,Aarav Lee,19,Other,Australia,10/19/2020,Yearly
s29369,Eva Anderson,19,Other,USA,6/12/2022,Free
s29370,Emma Smith,28,Female,Canada,5/14/2022,Yearly
s29371,Sophia Patel,27,Female,USA,9/12/2020,Monthly
s29372,Zara Smith,37,Other,Australia,11/13/2019,Free
s29373,Aarav Walker,31,Female,Germany,9/16/2022,Yearly
s29374,Amelia Davis,22,Male,USA,2/15/2022,Yearly
s29375,Liam Taylor,32,Other,UK,3/6/2019,Free
s29376,Olivia Martin,24,Other,India,8/14/2019,Free
s29377,Meera Wilson,19,Male,UK,5/1/2019,Yearly
s29378,Vihaan Miller,46,Male,Germany,11/8/2019,Free
s29379,Noah Clark,56,Male,Australia,3/1/2022,Yearly
s29380,Liam Clark,46,Other,India,1/17/2022,Free
s29381,Liam Taylor,18,Female,UK,6/2/2022,Monthly
s29382,Riya Clark,23,Male,USA,1/26/2022,Monthly
s29383,Isabella Smith,22,Other,USA,11/21/2022,Free
s29384,Eva Singh,26,Other,UK,9/14/2020,Yearly
s29385,Aanya Moore,33,Female,Canada,7/9/2022,Yearly
s29386,Lucas Clark,45,Female,Australia,7/11/2021,Yearly
s29387,Isabella Sharma,21,Male,India,1/1/2020,Monthly
s29388,Riya Anderson,23,Male,Canada,4/2/2022,Monthly
s29389,Aanya Moore,27,Female,Australia,10/11/2022,Yearly
s29390,Vihaan Anderson,27,Male,India,1/9/2019,Yearly
s29391,Arjun Smith,30,Other,UK,3/20/2019,Monthly
s29392,Karan Hall,36,Other,USA,9/2/2019,Monthly
s29393,Karan Thomas,21,Male,Australia,1/17/2020,Monthly
s29394,Ethan Anderson,20,Male,USA,9/14/2019,Free
s29395,Noah Lewis,37,Other,Canada,11/14/2019,Monthly
s29396,Emma Verma,18,Female,Australia,6/20/2022,Free
s29397,Mia Hall,18,Female,Canada,5/10/2021,Free
s29398,Mia Sharma,60,Female,USA,7/4/2020,Yearly
s29399,Amelia Johnson,41,Female,Germany,3/2/2021,Yearly
s29400,Vihaan Miller,47,Male,Australia,6/30/2022,Monthly
s29401,Amelia Walker,21,Other,India,2/17/2021,Free
s29402,Vihaan Lee,21,Female,Canada,6/19/2019,Monthly
s29403,Amelia Johnson,22,Other,UK,12/10/2020,Free
s29404,Liam Brown,19,Other,USA,11/17/2021,Yearly
s29405,Sophia Martin,47,Male,India,11/26/2020,Yearly
s29406,Aanya Miller,57,Other,USA,6/14/2019,Free
s29407,Arjun Davis,21,Male,Australia,1/30/2021,Monthly
s29408,Emma Brown,36,Male,UK,9/28/2021,Monthly
s29409,Aarav Anderson,44,Male,UK,2/2/2021,Yearly
s29410,Zara Anderson,26,Female,Canada,4/27/2020,Monthly
s29411,Liam Wilson,45,Male,UK,4/7/2019,Monthly
s29412,Eva Singh,38,Male,Australia,6/9/2022,Free
s29413,Olivia Patel,35,Other,USA,8/1/2022,Free
s29414,Amelia Walker,27,Other,India,5/3/2021,Yearly
s29415,Zara Hall,25,Female,UK,3/2/2021,Free
s29416,Noah Martin,19,Other,Germany,2/8/2021,Monthly
s29417,Benjamin Sharma,22,Female,Canada,6/12/2022,Monthly
s29418,Karan Singh,47,Other,India,11/21/2019,Monthly
s29419,Olivia Wilson,32,Female,Canada,2/24/2021,Yearly
s29420,Benjamin Davis,21,Other,USA,12/7/2022,Yearly
s29421,Karan Thomas,41,Other,Australia,11/16/2022,Free
s29422,Aanya Lewis,26,Female,UK,1/24/2020,Yearly
s29423,Aanya Moore,32,Female,Germany,10/27/2022,Yearly
s29424,Noah Verma,44,Male,Australia,11/26/2019,Free
s29425,Amelia Singh,20,Female,Germany,7/2/2021,Monthly
s29426,Liam Lewis,26,Female,India,5/16/2022,Free
s29427,Benjamin Thomas,22,Male,Australia,6/19/2021,Yearly
s29428,Mia Verma,23,Female,India,2/8/2022,Yearly
s29429,Emma Lee,23,Other,Australia,4/12/2019,Free
s29430,Meera Miller,28,Other,Germany,6/2/2022,Yearly
s29431,Aanya Lewis,23,Other,UK,6/3/2020,Free
s29432,Eva Smith,21,Female,Germany,9/23/2019,Free
s29433,Ethan Lee,33,Female,Australia,5/4/2022,Monthly
s29434,Riya Clark,21,Male,UK,4/12/2019,Yearly
s29435,Amelia Singh,22,Female,India,12/1/2022,Free
s29436,Mia Sharma,25,Male,Canada,7/30/2019,Free
s29437,Noah Smith,24,Female,India,4/16/2019,Free
s29438,Noah Martin,21,Female,Australia,10/11/2019,Monthly
s29439,Sophia Wilson,36,Male,USA,6/26/2020,Yearly
s29440,Mia Wilson,24,Male,Germany,4/4/2022,Yearly
s29441,Arjun Smith,42,Male,Germany,2/13/2022,Yearly
s29442,Aarav Brown,20,Female,Germany,7/9/2020,Monthly
s29443,Riya Patel,26,Other,Canada,3/1/2022,Monthly
s29444,Liam Anderson,30,Other,Australia,11/24/2019,Yearly
s29445,Lucas Clark,20,Female,Canada,9/29/2019,Yearly
s29446,Vihaan Sharma,37,Male,India,1/25/2020,Monthly
s29447,Benjamin Lewis,19,Female,Australia,10/12/2021,Free
s29448,Olivia Verma,26,Other,Australia,7/1/2021,Yearly
s29449,Riya Anderson,27,Female,UK,12/22/2019,Monthly
s29450,Meera Sharma,32,Other,UK,7/18/2021,Monthly
s29451,Benjamin Smith,31,Male,UK,6/16/2020,Monthly
s29452,Meera Wilson,23,Female,India,4/7/2022,Free
s29453,Noah Thomas,26,Male,Canada,1/27/2022,Monthly
s29454,Liam Clark,22,Female,USA,10/7/2020,Yearly
s29455,Karan Brown,26,Female,UK,9/18/2019,Monthly
s29456,Ethan Moore,24,Female,UK,5/17/2021,Monthly
s29457,Liam Anderson,27,Female,Canada,10/24/2022,Monthly
s29458,Olivia Singh,67,Male,Germany,3/28/2020,Yearly
s29459,Olivia Miller,24,Female,Germany,6/17/2019,Yearly
s29460,Karan Martin,28,Female,Canada,12/4/2021,Yearly
s29461,Ethan Singh,27,Male,USA,12/12/2021,Free
s29462,Riya Smith,42,Male,India,10/24/2022,Yearly
s29463,Liam Wilson,22,Female,UK,6/22/2020,Yearly
s29464,Karan Smith,24,Male,Canada,12/16/2019,Yearly
s29465,Ethan Davis,40,Male,India,6/2/2019,Free
s29466,Emma Patel,61,Other,India,3/20/2020,Yearly
s29467,Aarav Taylor,19,Female,USA,3/9/2019,Yearly
s29468,Isabella Anderson,33,Male,Germany,9/8/2020,Yearly
s29469,Riya Taylor,24,Male,USA,3/23/2020,Monthly
s29470,Eva Martin,27,Female,Australia,7/16/2021,Monthly
s29471,Sophia Davis,48,Other,USA,11/29/2022,Free
s29472,Emma Wilson,22,Male,UK,5/18/2020,Monthly
s29473,Riya Brown,28,Other,USA,10/17/2021,Free
s29474,Karan Hall,24,Male,USA,6/13/2022,Free
s29475,Lucas Wilson,62,Other,USA,7/24/2021,Yearly
s29476,Mia Singh,40,Other,UK,5/16/2020,Yearly
s29477,Arjun Hall,18,Female,USA,5/12/2021,Yearly
s29478,Vihaan Lewis,39,Female,UK,5/18/2022,Yearly
s29479,Vihaan Davis,46,Male,UK,11/1/2022,Monthly
s29480,Arjun Lee,22,Male,Canada,10/29/2022,Free
s29481,Amelia Lee,24,Other,Germany,12/28/2020,Monthly
s29482,Amelia Davis,41,Male,India,6/6/2019,Free
s29483,Isabella Smith,25,Male,UK,5/1/2019,Free
s29484,Emma Verma,18,Other,USA,4/12/2022,Free
s29485,Aanya Miller,25,Male,UK,11/9/2022,Yearly
s29486,Karan Verma,27,Male,Australia,10/11/2019,Yearly
s29487,Eva Taylor,19,Male,UK,3/28/2020,Free
s29488,Isabella Hall,33,Male,UK,3/9/2022,Monthly
s29489,Karan Wilson,45,Male,Canada,1/25/2019,Free
s29490,Noah Martin,26,Male,India,6/30/2019,Monthly
s29491,Noah Lewis,45,Male,Australia,12/14/2019,Monthly
s29492,Liam Smith,18,Other,Canada,3/8/2021,Monthly
s29493,Riya Singh,34,Male,Australia,4/13/2022,Monthly
s29494,Arjun Miller,54,Female,Germany,9/30/2020,Yearly
s29495,Meera Patel,24,Male,Canada,1/5/2020,Free
s29496,Amelia Wilson,25,Female,India,5/26/2022,Free
s29497,Noah Wilson,61,Female,Australia,1/17/2022,Yearly
s29498,Karan Thomas,21,Female,UK,11/23/2021,Free
s29499,Eva Sharma,18,Other,USA,7/12/2022,Yearly
s29500,Sophia Singh,39,Male,USA,4/1/2021,Monthly
s29501,Sophia Sharma,36,Male,Germany,2/9/2020,Monthly
s29502,Amelia Lee,28,Other,UK,7/21/2019,Monthly
s29503,Benjamin Thomas,44,Female,USA,9/7/2022,Free
s29504,Isabella Verma,56,Other,India,2/22/2021,Monthly
s29505,Zara Davis,64,Other,USA,9/10/2020,Free
s29506,Aarav Martin,59,Other,Canada,3/28/2020,Yearly
s29507,Isabella Johnson,55,Female,Canada,5/6/2020,Yearly
s29508,Zara Walker,43,Other,Germany,2/15/2021,Monthly
s29509,Riya Walker,61,Other,Germany,8/22/2019,Yearly
s29510,Meera Walker,43,Male,Canada,1/9/2019,Free
s29511,Eva Lewis,33,Other,UK,9/24/2022,Yearly
s29512,Isabella Taylor,19,Other,Canada,5/1/2019,Free
s29513,Amelia Lee,24,Male,Germany,3/16/2021,Yearly
s29514,Arjun Brown,18,Female,Australia,7/21/2019,Monthly
s29515,Emma Singh,24,Other,USA,4/1/2021,Yearly
s29516,Mia Brown,53,Female,UK,12/18/2020,Yearly
s29517,Zara Johnson,63,Female,USA,6/30/2019,Free
s29518,Lucas Lewis,25,Male,Germany,6/20/2020,Free
s29519,Noah Martin,26,Male,USA,2/3/2022,Free
s29520,Noah Moore,36,Other,Australia,7/31/2020,Free
s29521,Noah Lewis,20,Other,India,3/26/2019,Monthly
s29522,Lucas Thomas,24,Male,UK,10/10/2021,Yearly
s29523,Zara Johnson,20,Male,Germany,11/20/2019,Monthly
s29524,Sophia Brown,19,Male,Canada,12/29/2021,Yearly
s29525,Arjun Walker,50,Female,UK,6/16/2020,Free
s29526,Olivia Davis,52,Other,Canada,1/5/2019,Free
s29527,Amelia Patel,23,Female,India,9/29/2022,Free
s29528,Aarav Taylor,23,Other,Canada,1/15/2022,Free
s29529,Arjun Smith,25,Female,Germany,9/28/2022,Free
s29530,Meera Lee,66,Male,Germany,6/2/2020,Free
s29531,Noah Thomas,47,Male,UK,10/22/2021,Yearly
s29532,Benjamin Sharma,25,Female,USA,7/4/2021,Yearly
s29533,Arjun Wilson,57,Female,Canada,1/30/2021,Free
s29534,Mia Wilson,55,Other,India,8/29/2022,Yearly
s29535,Eva Clark,18,Male,USA,10/8/2020,Yearly
s29536,Emma Lee,42,Male,USA,7/8/2022,Free
s29537,Riya Miller,24,Female,Australia,12/4/2021,Yearly
s29538,Zara Taylor,18,Male,Australia,11/12/2022,Yearly
s29539,Karan Davis,24,Other,Australia,12/30/2022,Free
s29540,Benjamin Davis,24,Male,Australia,12/10/2019,Yearly
s29541,Aarav Verma,21,Other,India,1/21/2020,Monthly
s29542,Emma Sharma,22,Other,Canada,2/23/2022,Yearly
s29543,Isabella Verma,22,Male,Australia,2/20/2022,Monthly
s29544,Lucas Verma,21,Other,UK,6/19/2019,Free
s29545,Emma Johnson,58,Other,India,6/19/2020,Yearly
s29546,Vihaan Sharma,44,Other,USA,8/18/2020,Yearly
s29547,Isabella Thomas,25,Female,Germany,10/13/2019,Yearly
s29548,Karan Miller,39,Other,Australia,9/11/2021,Free
s29549,Sophia Verma,21,Male,Canada,5/24/2021,Monthly
s29550,Meera Johnson,21,Female,Germany,1/16/2021,Free
s29551,Zara Lee,63,Female,Germany,11/9/2020,Yearly
s29552,Olivia Patel,19,Female,India,4/29/2020,Yearly
s29553,Eva Johnson,23,Male,USA,3/4/2020,Free
s29554,Amelia Martin,29,Male,Canada,6/10/2022,Free
s29555,Aarav Smith,24,Other,Canada,10/30/2022,Yearly
s29556,Aarav Thomas,20,Other,Germany,6/16/2022,Monthly
s29557,Sophia Martin,24,Male,Australia,7/7/2020,Free
s29558,Karan Davis,25,Female,UK,9/2/2021,Monthly
s29559,Karan Hall,47,Other,Australia,12/13/2019,Monthly
s29560,Mia Davis,22,Female,Canada,1/12/2020,Monthly
s29561,Noah Davis,18,Male,Germany,3/19/2022,Yearly
s29562,Eva Singh,30,Male,India,10/3/2020,Monthly
s29563,Mia Miller,22,Other,Australia,1/12/2021,Monthly
s29564,Vihaan Lee,19,Other,UK,3/20/2020,Free
s29565,Noah Thomas,52,Male,India,5/22/2021,Monthly
s29566,Riya Martin,20,Female,Germany,4/28/2022,Free
s29567,Olivia Singh,28,Male,UK,7/30/2019,Monthly
s29568,Emma Martin,41,Female,UK,11/6/2021,Monthly
s29569,Sophia Moore,67,Female,Germany,2/9/2022,Monthly
s29570,Benjamin Smith,43,Other,Canada,5/23/2020,Free
s29571,Meera Davis,44,Male,UK,5/22/2019,Free
s29572,Emma Johnson,23,Male,Germany,11/17/2022,Yearly
s29573,Karan Lewis,40,Female,Australia,4/12/2021,Monthly
s29574,Liam Lee,35,Female,Canada,4/21/2021,Free
s29575,Aanya Singh,29,Male,Germany,5/25/2020,Yearly
s29576,Arjun Wilson,42,Other,India,8/3/2019,Monthly
s29577,Isabella Thomas,38,Male,Australia,6/3/2020,Free
s29578,Lucas Verma,65,Other,USA,5/24/2022,Yearly
s29579,Eva Singh,27,Other,Australia,1/15/2020,Monthly
s29580,Amelia Patel,35,Male,India,1/10/2020,Free
s29581,Aanya Lewis,25,Female,Australia,6/1/2019,Free
s29582,Lucas Sharma,33,Other,UK,6/17/2022,Yearly
s29583,Lucas Thomas,22,Female,Germany,11/21/2020,Monthly
s29584,Mia Verma,21,Other,USA,1/13/2021,Yearly
s29585,Arjun Lewis,23,Female,India,6/29/2019,Monthly
s29586,Aarav Hall,20,Female,Australia,8/28/2022,Yearly
s29587,Isabella Miller,21,Female,India,2/23/2021,Free
s29588,Lucas Brown,36,Other,Canada,1/3/2019,Yearly
s29589,Emma Verma,27,Female,USA,9/18/2019,Monthly
s29590,Isabella Lewis,54,Other,Canada,10/31/2022,Free
s29591,Mia Clark,29,Female,India,8/10/2019,Monthly
s29592,Amelia Lewis,44,Other,India,12/27/2020,Free
s29593,Ethan Lewis,39,Other,USA,12/22/2022,Free
s29594,Emma Clark,62,Other,Canada,4/27/2020,Yearly
s29595,Aarav Singh,23,Male,Australia,10/17/2021,Monthly
s29596,Arjun Smith,41,Male,UK,8/12/2022,Free
s29597,Lucas Walker,42,Other,Germany,11/19/2020,Yearly
s29598,Amelia Smith,25,Other,India,6/13/2022,Free
s29599,Zara Anderson,41,Male,India,1/17/2020,Yearly
s29600,Benjamin Moore,20,Other,UK,1/9/2021,Monthly
s29601,Riya Anderson,56,Other,Canada,2/5/2021,Free
s29602,Riya Verma,21,Female,Canada,8/4/2021,Free
s29603,Amelia Patel,50,Male,Australia,3/27/2020,Monthly
s29604,Emma Taylor,32,Female,UK,1/9/2022,Yearly
s29605,Eva Smith,45,Male,Canada,5/21/2022,Yearly
s29606,Olivia Davis,20,Male,Australia,8/17/2020,Monthly
s29607,Emma Brown,40,Other,Australia,5/5/2022,Yearly
s29608,Vihaan Sharma,24,Other,Germany,2/28/2019,Yearly
s29609,Riya Verma,24,Other,Canada,7/27/2022,Free
s29610,Lucas Sharma,20,Other,Germany,6/4/2022,Monthly
s29611,Olivia Singh,39,Other,USA,12/5/2021,Yearly
s29612,Arjun Singh,52,Other,India,11/5/2020,Free
s29613,Lucas Verma,63,Female,Australia,12/2/2020,Free
s29614,Riya Brown,20,Other,Australia,11/6/2022,Yearly
s29615,Aarav Patel,34,Male,UK,4/21/2019,Free
s29616,Arjun Verma,21,Other,Australia,10/31/2022,Yearly
s29617,Sophia Moore,33,Female,Germany,8/11/2021,Free
s29618,Olivia Davis,25,Female,Australia,1/10/2021,Free
s29619,Meera Clark,25,Female,USA,6/15/2020,Monthly
s29620,Arjun Verma,58,Other,Canada,5/31/2021,Yearly
s29621,Riya Johnson,20,Male,India,8/25/2022,Free
s29622,Vihaan Smith,41,Other,USA,11/28/2022,Free
s29623,Aanya Taylor,28,Female,Australia,5/21/2022,Free
s29624,Emma Davis,31,Other,Canada,1/27/2019,Monthly
s29625,Aanya Sharma,18,Female,USA,8/5/2021,Free
s29626,Olivia Patel,36,Male,USA,7/16/2020,Yearly
s29627,Karan Miller,21,Female,USA,6/5/2020,Free
s29628,Meera Martin,19,Male,Canada,4/7/2020,Free
s29629,Liam Lewis,32,Female,USA,7/28/2019,Monthly
s29630,Karan Clark,26,Other,Canada,12/2/2021,Free
s29631,Mia Patel,24,Male,Canada,10/11/2021,Monthly
s29632,Ethan Miller,64,Male,UK,7/2/2020,Monthly
s29633,Lucas Thomas,37,Other,India,6/10/2020,Yearly
s29634,Isabella Sharma,36,Other,Australia,4/5/2020,Yearly
s29635,Ethan Moore,18,Female,USA,4/1/2021,Monthly
s29636,Eva Miller,27,Other,India,9/14/2022,Free
s29637,Olivia Lee,20,Other,USA,1/29/2019,Free
s29638,Olivia Smith,23,Other,USA,8/29/2022,Free
s29639,Aanya Moore,21,Other,India,2/20/2021,Free
s29640,Olivia Sharma,43,Female,Canada,6/25/2022,Free
s29641,Liam Wilson,21,Male,UK,5/28/2021,Free
s29642,Isabella Lewis,34,Male,UK,11/9/2022,Monthly
s29643,Aarav Sharma,19,Male,Canada,2/28/2021,Free
s29644,Ethan Sharma,33,Female,Germany,5/6/2019,Monthly
s29645,Olivia Smith,62,Male,Australia,4/14/2021,Yearly
s29646,Sophia Moore,27,Male,Australia,11/11/2019,Monthly
s29647,Mia Lee,22,Male,UK,4/9/2020,Monthly
s29648,Aarav Clark,38,Other,India,1/14/2019,Monthly
s29649,Amelia Hall,18,Other,UK,11/26/2022,Yearly
s29650,Aanya Thomas,42,Male,Germany,6/22/2020,Free
s29651,Zara Anderson,38,Male,Canada,8/15/2019,Yearly
s29652,Benjamin Taylor,28,Female,Australia,10/24/2022,Monthly
s29653,Sophia Lee,51,Female,Germany,10/7/2020,Free
s29654,Meera Thomas,24,Male,Germany,10/19/2022,Free
s29655,Karan Miller,18,Female,Canada,4/11/2020,Monthly
s29656,Zara Wilson,33,Male,UK,10/11/2019,Yearly
s29657,Ethan Martin,19,Male,India,6/9/2019,Monthly
s29658,Zara Singh,18,Other,India,9/5/2022,Yearly
s29659,Noah Thomas,51,Male,Australia,4/27/2022,Yearly
s29660,Noah Singh,26,Male,Canada,6/11/2020,Free
s29661,Meera Lee,26,Female,UK,3/30/2020,Free
s29662,Meera Sharma,25,Other,Australia,9/25/2022,Yearly
s29663,Emma Taylor,39,Female,India,2/5/2022,Yearly
s29664,Arjun Patel,38,Male,Germany,12/1/2019,Free
s29665,Vihaan Smith,21,Male,UK,2/6/2019,Yearly
s29666,Mia Wilson,18,Female,UK,11/17/2020,Yearly
s29667,Liam Sharma,19,Female,Australia,12/6/2021,Yearly
s29668,Benjamin Patel,65,Male,UK,6/24/2019,Monthly
s29669,Noah Martin,41,Other,India,1/9/2022,Free
s29670,Meera Clark,20,Female,UK,4/1/2022,Monthly
s29671,Karan Thomas,36,Other,Canada,2/27/2020,Free
s29672,Ethan Sharma,19,Female,Australia,3/24/2020,Free
s29673,Liam Hall,18,Male,USA,11/20/2020,Monthly
s29674,Zara Hall,28,Male,Australia,12/14/2019,Free
s29675,Ethan Verma,27,Female,UK,8/9/2021,Free
s29676,Sophia Thomas,18,Other,UK,9/22/2020,Free
s29677,Meera Anderson,34,Male,UK,7/21/2020,Yearly
s29678,Amelia Martin,29,Female,Australia,5/7/2019,Yearly
s29679,Aarav Patel,59,Male,UK,10/4/2020,Monthly
s29680,Arjun Thomas,25,Other,Australia,1/8/2020,Free
s29681,Zara Davis,45,Male,UK,8/11/2022,Yearly
s29682,Amelia Taylor,32,Male,UK,1/6/2021,Free
s29683,Lucas Davis,18,Female,Australia,6/25/2022,Yearly
s29684,Lucas Lewis,18,Male,India,7/26/2022,Free
s29685,Sophia Singh,22,Male,Australia,11/20/2021,Yearly
s29686,Benjamin Smith,42,Male,India,7/23/2022,Monthly
s29687,Lucas Sharma,22,Female,UK,7/21/2021,Monthly
s29688,Zara Smith,34,Other,Australia,7/31/2021,Yearly
s29689,Liam Walker,27,Other,UK,10/14/2019,Free
s29690,Zara Anderson,21,Other,UK,1/9/2020,Free
s29691,Emma Smith,19,Male,India,5/7/2021,Yearly
s29692,Aanya Brown,21,Other,Canada,3/27/2022,Free
s29693,Zara Moore,62,Other,India,12/7/2022,Yearly
s29694,Olivia Lewis,24,Male,Australia,9/6/2020,Yearly
s29695,Eva Anderson,19,Female,India,12/30/2021,Free
s29696,Emma Clark,36,Other,Germany,6/21/2019,Monthly
s29697,Lucas Taylor,19,Female,UK,5/20/2022,Free
s29698,Meera Wilson,21,Other,Australia,5/28/2020,Monthly
s29699,Mia Clark,20,Female,Australia,9/8/2020,Free
s29700,Eva Clark,27,Male,Australia,12/20/2019,Monthly
s29701,Olivia Lewis,23,Other,Canada,10/28/2020,Monthly
s29702,Arjun Wilson,31,Male,Germany,6/22/2020,Free
s29703,Sophia Patel,49,Male,UK,9/22/2021,Monthly
s29704,Amelia Singh,26,Other,Canada,7/21/2021,Monthly
s29705,Lucas Miller,43,Other,USA,10/25/2019,Monthly
s29706,Eva Walker,45,Male,USA,4/12/2021,Free
s29707,Aarav Patel,51,Male,India,8/27/2021,Free
s29708,Riya Patel,26,Other,UK,1/7/2019,Free
s29709,Arjun Walker,20,Other,Germany,5/29/2021,Free
s29710,Zara Hall,24,Other,Australia,4/15/2021,Yearly
s29711,Lucas Hall,18,Other,UK,6/3/2022,Yearly
s29712,Mia Clark,18,Female,USA,5/18/2020,Monthly
s29713,Emma Brown,58,Other,UK,12/17/2022,Yearly
s29714,Amelia Verma,21,Other,Australia,7/25/2021,Free
s29715,Riya Wilson,19,Female,Australia,5/25/2019,Free
s29716,Emma Lee,21,Female,Australia,12/26/2021,Free
s29717,Liam Miller,32,Female,India,1/29/2022,Monthly
s29718,Arjun Singh,20,Female,Australia,9/27/2022,Yearly
s29719,Benjamin Taylor,22,Other,USA,7/24/2020,Yearly
s29720,Riya Miller,29,Other,USA,11/1/2020,Free
s29721,Karan Davis,22,Other,India,11/1/2019,Free
s29722,Karan Lee,25,Other,UK,2/20/2022,Free
s29723,Ethan Singh,66,Female,UK,2/9/2019,Yearly
s29724,Emma Clark,35,Female,Australia,9/13/2022,Free
s29725,Eva Lewis,20,Female,Germany,7/3/2021,Free
s29726,Benjamin Singh,52,Other,Australia,8/18/2022,Yearly
s29727,Liam Thomas,27,Other,UK,1/16/2019,Monthly
s29728,Sophia Anderson,24,Other,Australia,2/27/2020,Yearly
s29729,Karan Patel,26,Male,Canada,4/6/2019,Free
s29730,Isabella Clark,25,Other,Canada,7/2/2020,Free
s29731,Mia Patel,26,Female,Germany,7/26/2020,Yearly
s29732,Meera Moore,26,Female,India,7/9/2022,Free
s29733,Olivia Lewis,19,Female,UK,2/16/2020,Free
s29734,Zara Thomas,46,Female,USA,1/29/2020,Yearly
s29735,Benjamin Taylor,19,Male,Canada,11/16/2019,Monthly
s29736,Isabella Patel,28,Other,Australia,12/31/2020,Monthly
s29737,Liam Taylor,53,Male,Germany,10/3/2019,Monthly
s29738,Eva Smith,19,Male,Australia,4/8/2020,Free
s29739,Vihaan Patel,56,Female,Canada,4/19/2021,Free
s29740,Emma Johnson,24,Female,Canada,8/13/2019,Monthly
s29741,Amelia Clark,24,Male,Australia,6/15/2022,Monthly
s29742,Eva Moore,19,Other,USA,5/8/2020,Free
s29743,Amelia Anderson,21,Male,USA,12/20/2022,Free
s29744,Amelia Taylor,18,Male,USA,7/12/2022,Monthly
s29745,Mia Lee,24,Other,Germany,4/5/2019,Yearly
s29746,Benjamin Hall,49,Male,UK,5/31/2022,Monthly
s29747,Riya Johnson,18,Female,Canada,4/17/2022,Yearly
s29748,Emma Verma,25,Other,Canada,3/14/2021,Monthly
s29749,Amelia Sharma,27,Other,USA,5/7/2020,Free
s29750,Lucas Hall,23,Other,Germany,9/26/2020,Yearly
s29751,Aanya Brown,19,Other,India,12/9/2020,Yearly
s29752,Emma Lee,27,Female,Germany,12/27/2020,Yearly
s29753,Riya Lee,23,Male,UK,8/14/2019,Free
s29754,Liam Davis,24,Female,India,1/29/2022,Free
s29755,Zara Hall,32,Other,Germany,1/14/2019,Monthly
s29756,Meera Verma,41,Male,Germany,5/27/2019,Free
s29757,Mia Walker,43,Other,Australia,10/2/2021,Yearly
s29758,Mia Walker,24,Male,USA,11/19/2019,Free
s29759,Lucas Smith,18,Female,USA,5/23/2020,Free
s29760,Amelia Miller,20,Male,Canada,3/3/2019,Yearly
s29761,Lucas Wilson,21,Female,UK,1/24/2020,Free
s29762,Aanya Martin,45,Other,India,6/10/2022,Free
s29763,Noah Miller,38,Other,USA,12/7/2020,Monthly
s29764,Olivia Wilson,22,Female,UK,11/17/2020,Free
s29765,Aanya Anderson,29,Other,UK,8/2/2019,Yearly
s29766,Mia Verma,26,Other,Australia,6/30/2020,Yearly
s29767,Amelia Smith,30,Female,Canada,10/20/2022,Yearly
s29768,Mia Lewis,24,Other,Canada,8/3/2022,Free
s29769,Eva Smith,21,Other,UK,9/10/2019,Monthly
s29770,Lucas Brown,25,Female,Australia,4/18/2019,Free
s29771,Isabella Hall,29,Other,USA,11/6/2021,Free
s29772,Aanya Wilson,24,Other,Australia,6/6/2022,Free
s29773,Mia Smith,24,Other,Australia,3/31/2021,Monthly
s29774,Zara Moore,26,Male,Germany,5/19/2022,Monthly
s29775,Lucas Patel,43,Other,India,1/8/2022,Yearly
s29776,Zara Wilson,42,Other,Germany,6/26/2021,Free
s29777,Sophia Wilson,23,Other,Germany,9/4/2021,Monthly
s29778,Karan Smith,54,Other,USA,5/13/2022,Free
s29779,Benjamin Hall,18,Other,UK,7/6/2020,Free
s29780,Mia Patel,20,Male,India,1/21/2021,Free
s29781,Arjun Thomas,23,Male,Canada,1/21/2020,Free
s29782,Arjun Walker,18,Male,UK,6/13/2020,Free
s29783,Benjamin Sharma,26,Other,Canada,5/26/2022,Yearly
s29784,Emma Moore,44,Female,Canada,11/29/2020,Free
s29785,Lucas Verma,47,Other,India,6/2/2019,Yearly
s29786,Aarav Walker,63,Female,Australia,10/10/2020,Free
s29787,Lucas Anderson,29,Male,USA,6/19/2019,Monthly
s29788,Arjun Davis,42,Male,Canada,5/29/2022,Free
s29789,Mia Miller,26,Male,India,7/24/2021,Free
s29790,Zara Hall,19,Other,Germany,2/19/2021,Monthly
s29791,Lucas Brown,44,Male,UK,8/9/2019,Free
s29792,Eva Patel,21,Male,Germany,7/24/2020,Free
s29793,Meera Martin,23,Other,Germany,4/27/2022,Free
s29794,Meera Brown,20,Male,Germany,11/21/2019,Yearly
s29795,Emma Verma,26,Male,India,1/30/2021,Monthly
s29796,Amelia Singh,47,Male,Australia,2/5/2020,Free
s29797,Benjamin Sharma,36,Male,India,3/15/2022,Yearly
s29798,Aarav Hall,35,Female,Australia,1/5/2020,Monthly
s29799,Karan Anderson,25,Female,India,12/7/2020,Free
s29800,Eva Verma,36,Male,USA,10/29/2019,Free
s29801,Eva Thomas,25,Male,Canada,4/21/2021,Yearly
s29802,Karan Clark,45,Male,Germany,12/16/2019,Free
s29803,Aanya Lewis,19,Male,Canada,1/19/2019,Free
s29804,Emma Wilson,21,Female,USA,9/17/2022,Monthly
s29805,Emma Hall,24,Male,Germany,6/11/2020,Yearly
s29806,Sophia Verma,19,Male,India,9/23/2021,Monthly
s29807,Isabella Singh,52,Other,Canada,5/22/2021,Yearly
s29808,Meera Verma,25,Other,UK,12/11/2022,Monthly
s29809,Ethan Martin,24,Other,USA,6/4/2019,Yearly
s29810,Olivia Patel,22,Female,India,3/1/2022,Yearly
s29811,Olivia Smith,59,Male,Canada,11/10/2020,Free
s29812,Riya Lee,42,Male,UK,8/30/2019,Monthly
s29813,Lucas Verma,38,Other,UK,10/11/2019,Free
s29814,Karan Wilson,35,Female,India,8/9/2019,Monthly
s29815,Vihaan Clark,43,Other,Germany,2/24/2021,Yearly
s29816,Arjun Martin,27,Male,Germany,4/11/2022,Free
s29817,Zara Johnson,38,Male,UK,3/4/2019,Monthly
s29818,Karan Patel,20,Other,Australia,5/11/2022,Monthly
s29819,Olivia Singh,44,Male,USA,12/14/2022,Yearly
s29820,Benjamin Johnson,27,Other,Canada,5/31/2021,Monthly
s29821,Arjun Verma,23,Other,India,6/20/2019,Yearly
s29822,Zara Davis,37,Female,USA,6/9/2019,Yearly
s29823,Vihaan Anderson,19,Male,Australia,12/27/2019,Free
s29824,Benjamin Lewis,27,Other,Germany,1/8/2019,Monthly
s29825,Lucas Wilson,20,Male,India,6/20/2019,Yearly
s29826,Eva Johnson,27,Other,Germany,8/15/2022,Yearly
s29827,Olivia Patel,18,Other,India,10/22/2019,Monthly
s29828,Lucas Clark,21,Female,UK,8/8/2022,Free
s29829,Eva Wilson,41,Female,Canada,7/31/2022,Yearly
s29830,Eva Smith,18,Female,Germany,6/7/2022,Yearly
s29831,Riya Lewis,27,Other,India,6/11/2020,Free
s29832,Liam Johnson,18,Female,Australia,11/17/2021,Free
s29833,Olivia Johnson,65,Female,Germany,5/3/2021,Free
s29834,Arjun Singh,42,Male,Germany,2/27/2021,Free
s29835,Ethan Smith,24,Other,Canada,12/17/2021,Yearly
s29836,Aarav Lewis,18,Female,Germany,6/18/2020,Yearly
s29837,Vihaan Thomas,18,Male,Australia,2/19/2019,Free
s29838,Benjamin Brown,55,Female,UK,1/28/2019,Yearly
s29839,Aarav Verma,44,Male,UK,9/19/2020,Yearly
s29840,Zara Sharma,62,Male,India,1/20/2022,Monthly
s29841,Lucas Sharma,24,Female,India,6/21/2019,Free
s29842,Mia Sharma,18,Other,Germany,7/15/2019,Monthly
s29843,Sophia Hall,21,Other,India,7/26/2019,Monthly
s29844,Lucas Anderson,26,Other,Canada,12/10/2019,Free
s29845,Zara Miller,38,Other,USA,3/25/2019,Free
s29846,Meera Moore,31,Female,UK,2/16/2020,Yearly
s29847,Ethan Brown,60,Other,India,1/16/2019,Free
s29848,Benjamin Anderson,19,Male,UK,5/20/2021,Free
s29849,Karan Lee,31,Male,Australia,3/4/2022,Yearly
s29850,Emma Lewis,32,Male,USA,2/23/2020,Monthly
s29851,Benjamin Sharma,26,Other,Germany,4/18/2021,Free
s29852,Riya Martin,24,Male,Canada,1/27/2019,Free
s29853,Olivia Martin,61,Female,India,7/30/2021,Free
s29854,Isabella Moore,21,Male,UK,10/24/2022,Monthly
s29855,Sophia Sharma,39,Male,UK,8/8/2022,Monthly
s29856,Lucas Lewis,22,Other,Canada,7/9/2020,Yearly
s29857,Zara Lee,34,Male,Australia,10/13/2019,Yearly
s29858,Liam Taylor,27,Male,UK,5/17/2020,Free
s29859,Aarav Sharma,19,Male,India,2/6/2020,Monthly
s29860,Sophia Moore,60,Female,India,3/27/2019,Free
s29861,Arjun Moore,24,Other,USA,5/3/2021,Monthly
s29862,Olivia Singh,34,Female,Canada,10/18/2019,Monthly
s29863,Karan Miller,19,Male,Canada,9/2/2020,Monthly
s29864,Olivia Martin,67,Other,UK,12/29/2019,Yearly
s29865,Arjun Thomas,43,Female,India,2/4/2020,Monthly
s29866,Benjamin Hall,19,Male,UK,12/1/2021,Free
s29867,Vihaan Singh,25,Male,India,6/23/2021,Yearly
s29868,Riya Hall,30,Female,Canada,7/20/2020,Monthly
s29869,Sophia Clark,23,Male,USA,5/29/2021,Free
s29870,Aanya Verma,21,Other,India,3/19/2020,Free
s29871,Noah Hall,32,Other,UK,9/11/2020,Free
s29872,Meera Verma,42,Male,Canada,9/10/2020,Monthly
s29873,Lucas Brown,18,Other,UK,11/28/2021,Yearly
s29874,Aarav Wilson,33,Female,UK,1/7/2020,Free
s29875,Vihaan Smith,24,Female,UK,4/17/2021,Free
s29876,Olivia Clark,27,Other,USA,1/3/2019,Free
s29877,Vihaan Anderson,36,Other,Germany,4/28/2021,Monthly
s29878,Noah Clark,20,Female,USA,12/15/2022,Yearly
s29879,Lucas Moore,20,Female,UK,2/5/2019,Monthly
s29880,Arjun Moore,20,Other,Australia,1/17/2019,Yearly
s29881,Isabella Miller,20,Other,Germany,7/2/2022,Free
s29882,Olivia Thomas,34,Female,India,1/24/2022,Yearly
s29883,Amelia Clark,22,Other,UK,2/21/2021,Monthly
s29884,Benjamin Martin,38,Female,Canada,8/11/2019,Monthly
s29885,Isabella Anderson,31,Other,UK,5/7/2019,Yearly
s29886,Sophia Davis,18,Male,Canada,3/12/2022,Monthly
s29887,Eva Thomas,29,Female,Canada,4/30/2022,Yearly
s29888,Meera Thomas,58,Male,India,6/20/2021,Monthly
s29889,Emma Davis,23,Other,UK,12/26/2020,Free
s29890,Emma Hall,18,Female,Australia,4/8/2021,Monthly
s29891,Vihaan Smith,48,Other,Australia,5/11/2022,Yearly
s29892,Zara Johnson,38,Other,India,12/19/2021,Yearly
s29893,Noah Clark,25,Other,USA,6/18/2022,Monthly
s29894,Vihaan Hall,23,Male,Germany,6/3/2019,Yearly
s29895,Benjamin Clark,49,Other,Australia,2/26/2020,Free
s29896,Aarav Miller,26,Other,UK,5/9/2021,Yearly
s29897,Sophia Miller,26,Other,Germany,6/5/2022,Yearly
s29898,Olivia Patel,37,Male,UK,3/6/2021,Free
s29899,Liam Sharma,25,Male,Canada,1/5/2020,Yearly
s29900,Aanya Singh,23,Other,Australia,10/15/2019,Yearly
s29901,Vihaan Walker,20,Other,Australia,6/14/2022,Monthly
s29902,Amelia Brown,27,Other,Germany,6/29/2021,Yearly
s29903,Sophia Moore,44,Female,Germany,11/24/2022,Yearly
s29904,Liam Moore,48,Other,India,3/30/2020,Yearly
s29905,Arjun Moore,29,Female,India,9/15/2022,Free
s29906,Sophia Taylor,27,Female,Australia,9/16/2022,Yearly
s29907,Ethan Davis,25,Other,Germany,12/11/2019,Yearly
s29908,Karan Brown,25,Other,Australia,8/14/2019,Free
s29909,Eva Walker,18,Other,Canada,4/25/2019,Yearly
s29910,Noah Davis,54,Other,Germany,4/21/2019,Yearly
s29911,Liam Singh,19,Male,Australia,9/2/2022,Monthly
s29912,Zara Singh,23,Male,Canada,7/23/2021,Yearly
s29913,Riya Davis,39,Other,USA,1/5/2020,Free
s29914,Amelia Wilson,21,Other,Germany,5/15/2021,Monthly
s29915,Lucas Wilson,29,Other,USA,12/18/2021,Monthly
s29916,Vihaan Patel,24,Other,Germany,5/14/2020,Yearly
s29917,Benjamin Clark,40,Male,Canada,9/26/2021,Monthly
s29918,Noah Clark,31,Female,USA,10/2/2020,Monthly
s29919,Mia Smith,42,Female,USA,7/20/2020,Monthly
s29920,Aarav Walker,56,Female,UK,8/4/2022,Monthly
s29921,Arjun Singh,27,Female,Canada,1/1/2019,Free
s29922,Aanya Clark,22,Female,UK,7/16/2020,Monthly
s29923,Isabella Walker,24,Female,India,6/12/2019,Monthly
s29924,Sophia Clark,25,Female,India,7/16/2022,Free
s29925,Amelia Davis,49,Female,Canada,2/17/2022,Monthly
s29926,Meera Lee,44,Male,Germany,2/14/2022,Free
s29927,Meera Miller,67,Other,India,4/2/2021,Monthly
s29928,Sophia Patel,42,Other,Canada,10/21/2022,Free
s29929,Mia Wilson,39,Female,Australia,4/30/2019,Yearly
s29930,Eva Patel,23,Other,UK,12/7/2022,Monthly
s29931,Lucas Verma,28,Other,Australia,5/31/2020,Yearly
s29932,Amelia Brown,18,Other,India,8/4/2020,Free
s29933,Aanya Walker,27,Female,UK,12/7/2022,Yearly
s29934,Mia Smith,20,Male,Germany,9/4/2021,Yearly
s29935,Arjun Patel,23,Other,Germany,11/13/2020,Monthly
s29936,Olivia Singh,26,Female,Germany,4/27/2019,Monthly
s29937,Liam Lewis,25,Male,UK,7/8/2020,Monthly
s29938,Arjun Miller,22,Other,India,10/1/2020,Monthly
s29939,Isabella Sharma,60,Female,Germany,9/27/2021,Monthly
s29940,Sophia Miller,42,Male,USA,8/6/2021,Free
s29941,Benjamin Verma,19,Other,Canada,3/10/2019,Monthly
s29942,Olivia Hall,28,Female,UK,1/22/2021,Yearly
s29943,Zara Thomas,22,Male,UK,3/7/2021,Monthly
s29944,Isabella Walker,22,Male,USA,4/5/2019,Yearly
s29945,Benjamin Brown,26,Female,Germany,1/11/2021,Free
s29946,Lucas Taylor,20,Other,Germany,3/2/2019,Yearly
s29947,Arjun Miller,57,Other,UK,9/1/2022,Monthly
s29948,Meera Smith,23,Other,Germany,7/23/2019,Free
s29949,Lucas Hall,22,Male,Germany,8/30/2019,Free
s29950,Emma Miller,20,Male,Australia,12/8/2021,Monthly
s29951,Riya Sharma,64,Male,Canada,5/17/2019,Yearly
s29952,Aarav Wilson,50,Female,India,2/11/2021,Yearly
s29953,Isabella Wilson,23,Male,USA,3/28/2021,Monthly
s29954,Ethan Hall,19,Other,USA,9/8/2019,Free
s29955,Sophia Walker,18,Other,UK,10/15/2021,Yearly
s29956,Benjamin Anderson,51,Male,UK,12/30/2021,Free
s29957,Emma Miller,67,Other,India,1/10/2022,Yearly
s29958,Riya Anderson,19,Other,USA,3/23/2021,Yearly
s29959,Olivia Wilson,28,Female,India,10/18/2022,Monthly
s29960,Noah Lewis,18,Other,UK,9/20/2022,Monthly
s29961,Olivia Lee,21,Female,Australia,7/15/2022,Monthly
s29962,Riya Brown,39,Other,Canada,5/31/2021,Yearly
s29963,Karan Davis,29,Other,UK,11/7/2021,Monthly
s29964,Isabella Verma,18,Male,India,10/3/2021,Yearly
s29965,Noah Moore,67,Other,Germany,5/27/2020,Monthly
s29966,Amelia Miller,18,Male,Canada,8/9/2019,Monthly
s29967,Amelia Smith,40,Other,India,7/12/2020,Free
s29968,Ethan Clark,27,Other,UK,2/2/2020,Free
s29969,Riya Brown,18,Female,Canada,5/6/2021,Free
s29970,Aanya Taylor,44,Other,Canada,4/12/2021,Monthly
s29971,Mia Moore,25,Other,Canada,7/30/2020,Free
s29972,Vihaan Singh,25,Female,Germany,6/8/2020,Monthly
s29973,Emma Smith,24,Male,UK,1/27/2020,Monthly
s29974,Eva Wilson,38,Male,Germany,4/1/2021,Monthly
s29975,Emma Verma,22,Male,Germany,7/29/2019,Monthly
s29976,Vihaan Brown,19,Other,Germany,11/29/2019,Monthly
s29977,Eva Lee,18,Other,UK,5/27/2019,Yearly
s29978,Arjun Miller,60,Female,Canada,7/9/2019,Yearly
s29979,Olivia Anderson,67,Other,USA,10/4/2019,Free
s29980,Benjamin Davis,45,Other,Germany,6/22/2021,Free
s29981,Aanya Lewis,28,Other,Germany,1/6/2022,Free
s29982,Eva Lee,24,Other,Canada,6/25/2020,Monthly
s29983,Eva Lewis,45,Male,India,7/17/2022,Yearly
s29984,Riya Miller,46,Female,Canada,10/23/2019,Free
s29985,Meera Clark,21,Female,USA,6/15/2021,Free
s29986,Vihaan Walker,40,Male,USA,7/4/2021,Yearly
s29987,Emma Martin,21,Other,UK,7/7/2019,Monthly
s29988,Vihaan Taylor,18,Female,USA,1/4/2020,Monthly
s29989,Zara Lewis,47,Female,UK,10/20/2022,Free
s29990,Riya Smith,27,Male,USA,6/30/2020,Yearly
s29991,Lucas Singh,26,Other,UK,10/3/2021,Free
s29992,Riya Hall,32,Male,Canada,11/9/2022,Yearly
s29993,Eva Lewis,18,Male,Germany,11/12/2022,Yearly
s29994,Liam Moore,25,Male,India,2/15/2020,Monthly
s29995,Aarav Sharma,41,Male,India,6/23/2019,Free
s29996,Vihaan Taylor,64,Male,Australia,10/4/2019,Free
s29997,Aarav Johnson,63,Male,USA,4/24/2021,Free
s29998,Liam Patel,66,Other,UK,10/8/2022,Yearly
s29999,Riya Lee,26,Female,USA,9/6/2022,Monthly
s30000,Lucas Singh,35,Female,India,3/14/2020,Monthly
s30001,Meera Patel,62,Male,UK,7/19/2021,Yearly
s30002,Zara Verma,24,Female,Australia,10/30/2022,Monthly
s30003,Sophia Johnson,19,Male,Germany,3/31/2019,Free
s30004,Zara Sharma,25,Female,Australia,8/15/2019,Free
s30005,Aanya Walker,64,Other,Canada,8/12/2022,Monthly
s30006,Vihaan Miller,26,Male,Australia,2/15/2021,Yearly
s30007,Aarav Singh,20,Other,Canada,8/5/2021,Free
s30008,Aarav Walker,20,Male,Canada,9/30/2021,Yearly
s30009,Lucas Singh,22,Female,UK,8/25/2019,Free
s30010,Vihaan Singh,46,Other,UK,3/7/2021,Free
s30011,Karan Hall,23,Other,Canada,10/30/2019,Monthly
s30012,Isabella Hall,26,Male,Germany,10/3/2022,Monthly
s30013,Olivia Patel,21,Other,India,4/19/2019,Free
s30014,Arjun Taylor,28,Other,Germany,4/28/2020,Yearly
s30015,Aarav Smith,23,Other,UK,4/4/2021,Monthly
s30016,Mia Davis,22,Male,India,6/30/2019,Yearly
s30017,Amelia Anderson,28,Other,UK,7/28/2022,Free
s30018,Sophia Lewis,57,Female,Australia,4/26/2021,Monthly
s30019,Aarav Thomas,22,Male,USA,12/9/2022,Free
s30020,Noah Thomas,27,Male,Australia,8/14/2019,Monthly
s30021,Lucas Singh,24,Other,USA,3/21/2019,Yearly
s30022,Arjun Smith,19,Other,Australia,6/5/2021,Free
s30023,Benjamin Taylor,50,Other,Australia,11/1/2020,Yearly
s30024,Noah Sharma,31,Female,USA,11/10/2019,Monthly
s30025,Mia Miller,44,Other,India,12/18/2019,Free
s30026,Aarav Miller,23,Female,India,11/25/2022,Yearly
s30027,Ethan Martin,22,Other,Canada,10/6/2020,Yearly
s30028,Vihaan Martin,29,Other,India,4/23/2019,Yearly
s30029,Zara Johnson,34,Male,USA,10/10/2022,Free
s30030,Arjun Taylor,25,Other,Australia,9/2/2021,Yearly
s30031,Isabella Thomas,35,Male,Germany,9/19/2020,Free
s30032,Zara Verma,60,Other,Australia,10/16/2021,Free
s30033,Amelia Davis,20,Female,UK,8/6/2022,Monthly
s30034,Liam Lewis,27,Male,Australia,12/16/2019,Free
s30035,Isabella Hall,24,Other,India,3/28/2020,Monthly
s30036,Liam Taylor,33,Other,UK,9/15/2019,Yearly
s30037,Karan Wilson,32,Other,USA,3/22/2022,Free
s30038,Olivia Thomas,21,Male,Australia,5/15/2020,Monthly
s30039,Vihaan Walker,25,Other,Canada,8/26/2019,Free
s30040,Eva Brown,20,Other,Canada,2/1/2022,Monthly
s30041,Mia Patel,18,Female,Canada,2/7/2021,Free
s30042,Liam Walker,18,Male,UK,9/10/2021,Monthly
s30043,Emma Singh,21,Other,Germany,2/29/2020,Yearly
s30044,Eva Lewis,18,Male,India,4/4/2019,Monthly
s30045,Benjamin Davis,31,Other,UK,7/8/2021,Free
s30046,Eva Miller,51,Female,Germany,1/1/2021,Monthly
s30047,Sophia Anderson,22,Other,UK,5/10/2019,Monthly
s30048,Arjun Taylor,25,Female,USA,7/30/2020,Yearly
s30049,Ethan Smith,45,Other,Australia,10/12/2021,Free
s30050,Liam Moore,28,Male,USA,4/16/2021,Free
s30051,Olivia Wilson,21,Other,USA,12/3/2020,Yearly
s30052,Mia Brown,19,Female,Germany,9/3/2022,Free
s30053,Amelia Clark,20,Female,USA,8/3/2019,Monthly
s30054,Eva Thomas,40,Male,UK,3/9/2022,Yearly
s30055,Benjamin Walker,36,Male,Canada,8/13/2020,Yearly
s30056,Lucas Wilson,20,Male,USA,1/10/2019,Monthly
s30057,Mia Miller,40,Male,USA,2/9/2021,Free
s30058,Emma Martin,23,Male,India,1/27/2022,Yearly
s30059,Karan Clark,66,Other,Australia,10/22/2019,Free
s30060,Olivia Johnson,20,Female,USA,3/5/2020,Free
s30061,Liam Davis,25,Female,Australia,8/10/2020,Free
s30062,Benjamin Thomas,30,Other,UK,4/14/2020,Yearly
s30063,Riya Walker,41,Female,India,1/26/2020,Monthly
s30064,Mia Lewis,19,Male,USA,8/1/2020,Monthly
s30065,Isabella Taylor,21,Male,Germany,3/9/2020,Monthly
s30066,Isabella Hall,23,Female,Canada,8/21/2021,Monthly
s30067,Benjamin Taylor,38,Female,Australia,1/11/2019,Yearly
s30068,Amelia Taylor,22,Male,India,7/9/2019,Free
s30069,Mia Lewis,25,Female,Germany,2/4/2020,Monthly
s30070,Riya Patel,24,Other,Germany,5/9/2021,Yearly
s30071,Eva Anderson,23,Other,Germany,5/11/2019,Monthly
s30072,Riya Verma,67,Female,UK,11/3/2021,Free
s30073,Eva Lewis,36,Male,USA,4/26/2020,Yearly
s30074,Zara Wilson,19,Other,Canada,9/28/2021,Monthly
s30075,Eva Clark,42,Female,Australia,2/19/2019,Monthly
s30076,Liam Johnson,19,Female,Australia,1/19/2020,Monthly
s30077,Vihaan Brown,35,Male,India,5/30/2021,Free
s30078,Meera Sharma,25,Other,India,12/15/2022,Free
s30079,Vihaan Smith,22,Male,UK,4/1/2020,Free
s30080,Aanya Verma,54,Female,Canada,12/25/2020,Free
s30081,Arjun Hall,27,Other,USA,5/1/2021,Free
s30082,Liam Brown,33,Male,Canada,8/2/2020,Monthly
s30083,Ethan Davis,24,Male,India,6/18/2019,Yearly
s30084,Meera Hall,24,Male,Australia,10/16/2022,Monthly
s30085,Aarav Brown,22,Other,India,12/15/2022,Monthly
s30086,Amelia Thomas,27,Male,USA,2/10/2020,Monthly
s30087,Amelia Taylor,36,Other,USA,5/8/2022,Monthly
s30088,Noah Hall,27,Male,Canada,7/25/2019,Yearly
s30089,Arjun Johnson,25,Other,India,2/24/2019,Monthly
s30090,Sophia Walker,21,Male,UK,8/13/2020,Yearly
s30091,Liam Clark,38,Other,Germany,11/15/2019,Monthly
s30092,Eva Moore,44,Female,India,4/14/2020,Yearly
s30093,Isabella Brown,36,Female,India,2/21/2022,Free
s30094,Zara Singh,33,Male,UK,6/3/2022,Yearly
s30095,Isabella Davis,32,Other,Australia,2/5/2021,Yearly
s30096,Isabella Wilson,32,Female,Australia,9/1/2022,Free
s30097,Ethan Brown,35,Male,Canada,3/2/2020,Monthly
s30098,Riya Verma,19,Female,Germany,11/19/2021,Yearly
s30099,Karan Clark,25,Other,India,9/3/2021,Monthly
s30100,Aanya Hall,23,Other,India,8/7/2021,Yearly
s30101,Isabella Singh,19,Female,USA,6/19/2022,Monthly
s30102,Amelia Walker,43,Female,Germany,11/27/2022,Free
s30103,Isabella Martin,27,Other,UK,1/3/2022,Free
s30104,Isabella Martin,26,Other,India,11/10/2019,Free
s30105,Mia Hall,56,Male,USA,5/11/2022,Free
s30106,Ethan Brown,50,Female,Germany,2/22/2020,Yearly
s30107,Liam Moore,47,Female,Australia,4/10/2019,Monthly
s30108,Zara Thomas,19,Female,India,10/26/2021,Yearly
s30109,Sophia Lewis,18,Other,USA,3/21/2019,Yearly
s30110,Noah Davis,25,Other,Australia,11/26/2022,Yearly
s30111,Liam Taylor,24,Male,USA,2/3/2020,Yearly
s30112,Sophia Martin,27,Male,India,9/29/2021,Monthly
s30113,Aarav Thomas,25,Male,USA,4/13/2020,Free
s30114,Vihaan Sharma,34,Male,USA,8/30/2020,Yearly
s30115,Isabella Hall,26,Male,Canada,10/14/2022,Monthly
s30116,Aarav Moore,27,Male,Germany,4/21/2019,Yearly
s30117,Amelia Miller,21,Female,UK,1/21/2020,Free
s30118,Riya Miller,51,Female,UK,1/8/2022,Monthly
s30119,Aarav Lewis,19,Female,USA,4/28/2020,Yearly
s30120,Benjamin Smith,53,Male,Canada,4/16/2020,Yearly
s30121,Aanya Johnson,22,Male,India,6/30/2019,Free
s30122,Aanya Walker,46,Male,Canada,2/26/2022,Monthly
s30123,Karan Walker,23,Male,India,6/8/2019,Monthly
s30124,Riya Brown,55,Male,USA,1/20/2019,Yearly
s30125,Emma Walker,18,Male,Australia,11/26/2020,Monthly
s30126,Vihaan Taylor,25,Female,India,10/2/2021,Monthly
s30127,Vihaan Verma,23,Male,Canada,7/24/2019,Yearly
s30128,Zara Clark,20,Other,USA,1/25/2019,Yearly
s30129,Ethan Sharma,31,Male,USA,12/5/2020,Yearly
s30130,Aanya Lee,21,Other,USA,11/12/2019,Yearly
s30131,Eva Smith,46,Female,Australia,7/27/2019,Yearly
s30132,Liam Clark,33,Female,UK,3/2/2021,Monthly
s30133,Mia Clark,24,Male,Canada,1/13/2022,Yearly
s30134,Aarav Clark,65,Other,UK,1/29/2022,Yearly
s30135,Amelia Patel,27,Other,UK,12/12/2019,Yearly
s30136,Sophia Taylor,27,Male,Australia,12/28/2022,Yearly
s30137,Vihaan Johnson,61,Male,India,2/16/2022,Yearly
s30138,Amelia Lewis,29,Male,USA,9/30/2020,Free
s30139,Liam Sharma,34,Female,UK,4/9/2019,Yearly
s30140,Lucas Miller,34,Female,India,5/19/2021,Yearly
s30141,Benjamin Wilson,21,Female,Canada,3/27/2020,Monthly
s30142,Ethan Verma,37,Female,Germany,7/4/2021,Yearly
s30143,Amelia Clark,45,Other,Canada,11/26/2020,Monthly
s30144,Liam Thomas,20,Male,USA,12/20/2021,Monthly
s30145,Sophia Thomas,20,Other,India,9/22/2021,Monthly
s30146,Lucas Walker,46,Male,Canada,1/11/2021,Free
s30147,Lucas Thomas,26,Male,UK,11/7/2022,Yearly
s30148,Eva Miller,32,Female,UK,11/5/2021,Free
s30149,Ethan Clark,34,Female,Germany,6/2/2021,Free
s30150,Mia Verma,39,Female,India,10/15/2020,Yearly
s30151,Aarav Walker,27,Male,Canada,4/19/2022,Monthly
s30152,Ethan Lewis,52,Other,USA,4/22/2022,Monthly
s30153,Isabella Thomas,25,Other,USA,6/9/2019,Yearly
s30154,Emma Wilson,46,Male,Canada,7/9/2020,Yearly
s30155,Lucas Walker,36,Female,UK,10/3/2019,Monthly
s30156,Meera Patel,37,Other,India,2/11/2021,Yearly
s30157,Zara Lee,25,Other,Australia,7/21/2022,Yearly
s30158,Olivia Lewis,53,Other,USA,6/6/2019,Yearly
s30159,Liam Anderson,20,Female,India,9/5/2021,Yearly
s30160,Sophia Anderson,36,Female,Germany,8/17/2019,Yearly
s30161,Benjamin Johnson,46,Other,Australia,1/31/2022,Yearly
s30162,Zara Anderson,25,Other,India,2/28/2019,Yearly
s30163,Vihaan Clark,41,Female,Germany,7/30/2021,Free
s30164,Aarav Wilson,26,Other,USA,8/15/2022,Monthly
s30165,Olivia Martin,24,Male,Germany,8/6/2020,Free
s30166,Arjun Patel,27,Other,India,2/1/2022,Free
s30167,Karan Sharma,27,Other,UK,11/15/2021,Yearly
s30168,Karan Hall,41,Female,India,12/17/2022,Yearly
s30169,Emma Singh,26,Other,Australia,12/5/2021,Yearly
s30170,Mia Patel,59,Female,Germany,10/30/2020,Monthly
s30171,Aarav Anderson,25,Female,Australia,1/23/2022,Free
s30172,Lucas Sharma,24,Female,Australia,5/17/2020,Yearly
s30173,Vihaan Wilson,35,Female,USA,9/20/2020,Free
s30174,Emma Smith,29,Female,USA,12/24/2020,Free
s30175,Aarav Smith,60,Female,Canada,7/26/2020,Monthly
s30176,Aarav Walker,21,Male,Australia,2/25/2022,Yearly
s30177,Mia Clark,26,Female,UK,2/24/2020,Monthly
s30178,Noah Taylor,46,Male,USA,5/14/2020,Free
s30179,Vihaan Clark,21,Male,India,4/1/2020,Free
s30180,Isabella Brown,25,Other,Canada,5/7/2020,Free
s30181,Isabella Johnson,43,Other,Germany,3/10/2021,Monthly
s30182,Aarav Walker,22,Other,Australia,7/23/2022,Yearly
s30183,Vihaan Johnson,25,Female,USA,8/28/2021,Free
s30184,Liam Smith,18,Male,Australia,10/26/2022,Yearly
s30185,Riya Miller,34,Other,Canada,10/25/2019,Yearly
s30186,Karan Hall,46,Female,India,5/2/2022,Free
s30187,Aanya Davis,32,Other,Canada,1/7/2020,Monthly
s30188,Eva Verma,23,Other,Germany,4/21/2022,Yearly
s30189,Sophia Davis,26,Female,USA,3/1/2021,Yearly
s30190,Aanya Verma,20,Male,Australia,6/28/2020,Monthly
s30191,Ethan Clark,42,Male,Canada,1/17/2021,Free
s30192,Aarav Clark,28,Male,Australia,2/17/2019,Yearly
s30193,Arjun Wilson,25,Male,Canada,6/1/2020,Yearly
s30194,Noah Wilson,59,Female,Germany,3/21/2021,Monthly
s30195,Eva Martin,24,Female,Germany,9/1/2022,Monthly
s30196,Liam Wilson,18,Other,USA,12/20/2020,Yearly
s30197,Emma Brown,25,Female,Australia,7/29/2020,Free
s30198,Amelia Lewis,21,Female,USA,11/20/2020,Yearly
s30199,Benjamin Singh,22,Female,UK,3/28/2021,Free
s30200,Arjun Smith,58,Female,UK,2/6/2022,Yearly
s30201,Sophia Moore,25,Female,India,11/12/2019,Monthly
s30202,Benjamin Anderson,19,Male,Canada,10/20/2020,Free
s30203,Arjun Brown,23,Female,India,8/31/2020,Yearly
s30204,Karan Thomas,25,Female,Canada,9/6/2019,Yearly
s30205,Sophia Verma,23,Other,Germany,4/3/2019,Free
s30206,Mia Brown,22,Female,Australia,4/9/2020,Free
s30207,Zara Davis,18,Other,Australia,7/11/2019,Free
s30208,Isabella Miller,25,Male,UK,2/25/2022,Yearly
s30209,Aanya Sharma,47,Other,Australia,12/2/2020,Free
s30210,Aarav Brown,35,Female,USA,3/11/2019,Monthly
s30211,Lucas Walker,27,Female,Australia,7/14/2021,Yearly
s30212,Aarav Johnson,34,Male,Australia,9/30/2021,Free
s30213,Noah Clark,24,Male,USA,3/22/2019,Yearly
s30214,Noah Hall,61,Male,Canada,11/4/2020,Monthly
s30215,Zara Lee,19,Other,Australia,5/5/2021,Free
s30216,Emma Brown,43,Other,USA,2/3/2021,Monthly
s30217,Mia Sharma,23,Female,Australia,11/9/2021,Free
s30218,Eva Clark,53,Female,USA,2/24/2019,Monthly
s30219,Arjun Davis,20,Female,UK,10/16/2021,Monthly
s30220,Mia Wilson,33,Other,USA,9/16/2022,Yearly
s30221,Arjun Patel,22,Female,Australia,9/22/2022,Yearly
s30222,Liam Brown,26,Other,Australia,2/24/2021,Monthly
s30223,Emma Taylor,42,Male,Germany,8/31/2021,Yearly
s30224,Aarav Singh,38,Male,India,8/22/2019,Monthly
s30225,Riya Patel,64,Male,USA,1/10/2022,Free
s30226,Meera Lewis,65,Other,USA,8/21/2022,Yearly
s30227,Noah Walker,56,Male,Germany,9/16/2019,Free
s30228,Benjamin Singh,20,Female,Canada,10/1/2021,Free
s30229,Sophia Brown,38,Female,USA,9/8/2020,Monthly
s30230,Vihaan Walker,28,Female,Australia,12/28/2019,Monthly
s30231,Arjun Sharma,21,Female,Germany,7/20/2019,Yearly
s30232,Emma Smith,27,Other,USA,2/5/2021,Yearly
s30233,Lucas Lee,27,Male,Germany,10/15/2022,Free
s30234,Mia Lee,44,Other,Canada,6/30/2022,Monthly
s30235,Aanya Hall,24,Female,UK,10/11/2021,Monthly
s30236,Amelia Hall,40,Male,India,5/11/2021,Yearly
s30237,Zara Hall,46,Male,India,7/2/2020,Yearly
s30238,Olivia Patel,20,Other,Germany,3/21/2021,Free
s30239,Aanya Clark,20,Other,Canada,8/20/2020,Free
s30240,Noah Martin,20,Female,India,6/6/2020,Yearly
s30241,Lucas Johnson,23,Other,Australia,7/13/2022,Monthly
s30242,Riya Wilson,40,Male,UK,3/3/2019,Free
s30243,Lucas Sharma,23,Female,India,12/29/2022,Monthly
s30244,Noah Taylor,24,Other,Canada,5/9/2021,Free
s30245,Meera Walker,27,Other,Australia,1/27/2019,Yearly
s30246,Aanya Smith,22,Female,Germany,4/22/2022,Free
s30247,Benjamin Davis,64,Other,USA,9/6/2019,Monthly
s30248,Zara Martin,18,Male,Canada,1/20/2019,Yearly
s30249,Olivia Patel,24,Other,USA,7/2/2022,Free
s30250,Riya Moore,20,Female,India,2/11/2019,Free
s30251,Aanya Johnson,24,Female,Canada,9/17/2020,Yearly
s30252,Isabella Taylor,35,Female,Australia,3/29/2019,Yearly
s30253,Lucas Clark,47,Male,Canada,2/9/2022,Monthly
s30254,Sophia Smith,24,Other,India,12/27/2019,Monthly
s30255,Aanya Clark,18,Other,Australia,6/30/2021,Free
s30256,Ethan Taylor,36,Other,UK,11/18/2019,Yearly
s30257,Ethan Clark,19,Female,UK,12/16/2019,Free
s30258,Vihaan Smith,29,Other,Germany,8/10/2021,Yearly
s30259,Olivia Hall,23,Male,USA,7/5/2019,Yearly
s30260,Ethan Anderson,27,Male,Germany,6/18/2020,Free
s30261,Zara Wilson,42,Male,USA,3/2/2019,Free
s30262,Noah Patel,23,Other,UK,5/28/2020,Free
s30263,Aarav Thomas,41,Female,Germany,1/27/2019,Yearly
s30264,Vihaan Lewis,24,Male,USA,4/11/2021,Yearly
s30265,Emma Singh,57,Female,India,7/29/2019,Monthly
s30266,Ethan Hall,23,Male,India,8/14/2019,Free
s30267,Aanya Patel,37,Female,India,7/13/2019,Monthly
s30268,Benjamin Martin,18,Female,UK,11/19/2021,Free
s30269,Ethan Sharma,53,Female,USA,3/23/2019,Monthly
s30270,Zara Martin,24,Other,Germany,5/11/2019,Free
s30271,Riya Sharma,27,Other,USA,3/24/2019,Free
s30272,Sophia Verma,18,Male,Australia,1/10/2021,Free
s30273,Ethan Martin,39,Other,India,7/19/2019,Free
s30274,Liam Brown,20,Male,UK,6/4/2021,Monthly
s30275,Sophia Anderson,20,Female,Australia,7/9/2020,Free
s30276,Isabella Brown,52,Other,Germany,2/1/2020,Yearly
s30277,Aarav Miller,22,Other,UK,1/30/2022,Monthly
s30278,Sophia Clark,26,Male,USA,9/26/2022,Yearly
s30279,Benjamin Smith,31,Male,India,8/13/2019,Free
s30280,Meera Lee,20,Male,India,2/11/2022,Yearly
s30281,Benjamin Moore,20,Female,Canada,4/18/2022,Yearly
s30282,Riya Anderson,65,Female,Germany,5/26/2019,Yearly
s30283,Sophia Martin,24,Male,India,2/21/2019,Free
s30284,Emma Miller,24,Male,USA,10/30/2019,Yearly
s30285,Meera Singh,22,Other,India,4/18/2020,Monthly
s30286,Sophia Lewis,26,Other,Germany,3/30/2022,Monthly
s30287,Olivia Lee,19,Female,Germany,2/25/2019,Monthly
s30288,Meera Anderson,29,Other,Australia,7/18/2019,Yearly
s30289,Vihaan Davis,46,Male,Germany,3/17/2022,Free
s30290,Isabella Patel,23,Female,USA,3/5/2021,Yearly
s30291,Noah Brown,41,Female,Australia,7/11/2021,Monthly
s30292,Aarav Moore,23,Other,Germany,8/17/2021,Yearly
s30293,Amelia Patel,18,Other,USA,9/22/2020,Yearly
s30294,Vihaan Patel,56,Male,Germany,5/8/2019,Yearly
s30295,Ethan Sharma,40,Female,India,8/6/2021,Monthly
s30296,Mia Brown,22,Female,USA,6/27/2020,Yearly
s30297,Eva Walker,28,Female,UK,7/10/2019,Yearly
s30298,Amelia Wilson,45,Female,Germany,8/1/2019,Free
s30299,Aanya Verma,26,Male,India,8/16/2019,Yearly
s30300,Mia Wilson,26,Female,USA,3/24/2022,Yearly
s30301,Sophia Smith,20,Male,Germany,3/17/2019,Monthly
s30302,Eva Wilson,21,Female,India,6/22/2020,Yearly
s30303,Ethan Hall,25,Other,India,8/27/2022,Yearly
s30304,Amelia Davis,23,Male,UK,4/3/2020,Monthly
s30305,Aarav Martin,67,Other,Australia,9/15/2019,Yearly
s30306,Ethan Lee,25,Other,UK,5/18/2022,Monthly
s30307,Riya Lewis,27,Male,Australia,8/12/2019,Monthly
s30308,Olivia Walker,25,Female,Germany,4/26/2019,Monthly
s30309,Amelia Wilson,27,Male,UK,4/27/2022,Yearly
s30310,Ethan Sharma,20,Male,Germany,3/28/2021,Yearly
s30311,Lucas Thomas,26,Female,Canada,1/18/2020,Free
s30312,Noah Anderson,67,Other,Germany,9/7/2019,Monthly
s30313,Amelia Singh,24,Other,Germany,9/14/2021,Yearly
s30314,Eva Verma,37,Female,USA,2/17/2021,Free
s30315,Ethan Miller,24,Male,Australia,10/4/2020,Free
s30316,Meera Anderson,26,Female,UK,9/23/2020,Free
s30317,Riya Smith,26,Female,USA,10/31/2021,Yearly
s30318,Aanya Hall,24,Male,USA,7/12/2019,Yearly
s30319,Riya Verma,34,Male,Australia,9/12/2022,Yearly
s30320,Sophia Wilson,21,Female,Australia,8/31/2020,Yearly
s30321,Riya Wilson,64,Other,Australia,1/22/2019,Free
s30322,Eva Johnson,34,Female,USA,1/6/2019,Free
s30323,Benjamin Davis,67,Female,Canada,7/3/2021,Free
s30324,Sophia Sharma,19,Male,Australia,4/27/2022,Yearly
s30325,Aarav Clark,21,Male,Canada,4/8/2022,Monthly
s30326,Isabella Martin,19,Male,UK,4/18/2022,Monthly
s30327,Lucas Brown,44,Other,Canada,9/24/2019,Yearly
s30328,Vihaan Miller,24,Male,India,12/30/2020,Yearly
s30329,Emma Verma,22,Male,India,8/22/2022,Yearly
s30330,Mia Davis,30,Female,Germany,2/22/2020,Yearly
s30331,Aarav Clark,39,Male,Germany,6/24/2021,Yearly
s30332,Olivia Clark,38,Other,Australia,6/24/2020,Yearly
s30333,Riya Davis,55,Female,Canada,8/8/2019,Free
s30334,Olivia Anderson,27,Female,UK,3/7/2022,Yearly
s30335,Ethan Moore,24,Female,Germany,12/11/2019,Yearly
s30336,Noah Lee,25,Other,UK,11/18/2021,Free
s30337,Karan Thomas,19,Other,UK,2/17/2021,Yearly
s30338,Vihaan Davis,22,Male,Canada,1/21/2021,Monthly
s30339,Karan Thomas,33,Female,Canada,9/15/2022,Monthly
s30340,Vihaan Thomas,30,Female,Australia,2/19/2021,Monthly
s30341,Aanya Miller,44,Other,India,8/5/2019,Monthly
s30342,Benjamin Singh,21,Other,USA,12/21/2022,Free
s30343,Sophia Anderson,23,Other,Germany,4/11/2020,Free
s30344,Meera Singh,27,Male,Australia,6/29/2019,Yearly
s30345,Meera Lee,47,Male,Canada,12/28/2021,Free
s30346,Isabella Martin,22,Male,UK,1/17/2021,Monthly
s30347,Isabella Wilson,25,Other,UK,7/22/2019,Yearly
s30348,Vihaan Thomas,27,Other,USA,10/14/2019,Monthly
s30349,Emma Lee,26,Male,India,10/19/2021,Yearly
s30350,Benjamin Patel,26,Female,India,1/31/2021,Monthly
s30351,Zara Smith,59,Female,Germany,5/24/2020,Yearly
s30352,Eva Wilson,22,Other,Canada,5/22/2019,Monthly
s30353,Zara Davis,20,Female,USA,4/23/2020,Yearly
s30354,Riya Lewis,23,Female,Australia,4/29/2019,Free
s30355,Eva Johnson,63,Male,India,2/13/2020,Yearly
s30356,Meera Singh,19,Other,Canada,4/21/2021,Monthly
s30357,Liam Anderson,27,Other,India,7/29/2019,Free
s30358,Arjun Lee,18,Female,USA,11/24/2020,Yearly
s30359,Ethan Lee,59,Male,Australia,8/28/2021,Free
s30360,Aarav Lee,39,Female,Australia,4/9/2020,Free
s30361,Liam Walker,21,Other,USA,4/24/2021,Free
s30362,Benjamin Smith,64,Other,USA,11/28/2019,Monthly
s30363,Aarav Smith,34,Male,India,1/23/2021,Yearly
s30364,Olivia Walker,34,Other,Germany,4/17/2020,Free
s30365,Eva Miller,38,Female,Canada,6/7/2022,Yearly
s30366,Aarav Brown,21,Male,USA,10/30/2021,Free
s30367,Amelia Hall,35,Other,Germany,10/30/2020,Monthly
s30368,Zara Wilson,27,Male,UK,4/7/2021,Monthly
s30369,Benjamin Taylor,27,Other,Australia,10/27/2021,Free
s30370,Benjamin Davis,18,Other,Canada,4/13/2022,Yearly
s30371,Karan Moore,35,Other,India,8/16/2019,Monthly
s30372,Aanya Clark,47,Female,Germany,2/8/2019,Free
s30373,Arjun Lewis,39,Male,UK,3/2/2020,Monthly
s30374,Isabella Smith,45,Other,Canada,8/24/2022,Yearly
s30375,Lucas Taylor,26,Female,India,2/16/2021,Yearly
s30376,Ethan Miller,18,Male,Canada,7/3/2021,Yearly
s30377,Meera Miller,46,Other,USA,3/2/2019,Yearly
s30378,Riya Verma,21,Female,Australia,4/15/2019,Monthly
s30379,Vihaan Patel,25,Female,India,11/25/2022,Yearly
s30380,Mia Lewis,27,Male,Australia,9/3/2021,Yearly
s30381,Meera Moore,22,Other,Germany,9/28/2022,Yearly
s30382,Liam Taylor,46,Male,UK,3/4/2021,Free
s30383,Benjamin Wilson,40,Other,Canada,5/20/2021,Monthly
s30384,Isabella Verma,24,Male,UK,4/30/2021,Yearly
s30385,Aanya Johnson,23,Female,Australia,4/26/2022,Yearly
s30386,Liam Wilson,29,Other,Germany,7/26/2020,Yearly
s30387,Aanya Lewis,40,Other,Canada,7/22/2021,Yearly
s30388,Sophia Johnson,27,Other,Germany,11/22/2019,Free
s30389,Mia Davis,27,Female,USA,10/20/2020,Free
s30390,Olivia Wilson,44,Male,India,8/23/2020,Free
s30391,Aanya Lewis,21,Male,Germany,7/16/2019,Yearly
s30392,Emma Lee,18,Other,USA,12/17/2021,Free
s30393,Zara Anderson,42,Male,USA,3/2/2021,Yearly
s30394,Sophia Smith,22,Other,Germany,2/15/2020,Yearly
s30395,Mia Brown,22,Other,India,6/23/2019,Yearly
s30396,Karan Walker,20,Female,Australia,7/30/2019,Monthly
s30397,Aarav Smith,65,Other,Germany,8/27/2022,Free
s30398,Amelia Wilson,43,Other,UK,9/3/2022,Yearly
s30399,Amelia Anderson,21,Female,USA,11/27/2019,Free
s30400,Sophia Lewis,18,Other,Australia,7/1/2019,Monthly
s30401,Karan Hall,66,Other,Germany,7/4/2019,Yearly
s30402,Zara Verma,27,Other,India,6/4/2022,Yearly
s30403,Isabella Johnson,19,Male,USA,11/11/2022,Free
s30404,Zara Brown,45,Other,Australia,8/3/2022,Monthly
s30405,Noah Johnson,27,Other,Germany,2/22/2019,Free
s30406,Aarav Moore,19,Male,Germany,7/27/2022,Free
s30407,Olivia Brown,21,Male,USA,3/8/2020,Monthly
s30408,Aarav Wilson,22,Female,USA,10/27/2020,Monthly
s30409,Riya Taylor,28,Other,Germany,3/31/2021,Free
s30410,Olivia Clark,63,Male,UK,4/16/2019,Free
s30411,Amelia Johnson,19,Other,UK,11/21/2022,Monthly
s30412,Eva Wilson,24,Other,USA,2/12/2019,Yearly
s30413,Benjamin Davis,25,Male,Australia,8/11/2020,Free
s30414,Arjun Martin,35,Other,India,5/2/2022,Free
s30415,Amelia Lewis,22,Female,Canada,5/11/2020,Monthly
s30416,Ethan Singh,33,Female,India,9/28/2019,Monthly
s30417,Riya Johnson,31,Male,India,11/27/2022,Free
s30418,Karan Hall,21,Male,UK,9/25/2019,Monthly
s30419,Riya Clark,22,Other,USA,11/20/2020,Monthly
s30420,Eva Smith,21,Other,Germany,10/16/2020,Yearly
s30421,Emma Thomas,19,Male,Germany,6/29/2019,Monthly
s30422,Lucas Brown,50,Female,Germany,1/11/2021,Yearly
s30423,Emma Martin,62,Male,UK,7/12/2020,Free
s30424,Noah Wilson,27,Female,Germany,12/21/2021,Monthly
s30425,Meera Johnson,21,Other,Germany,2/15/2019,Monthly
s30426,Isabella Verma,28,Male,India,5/15/2020,Free
s30427,Olivia Wilson,21,Other,UK,9/3/2021,Monthly
s30428,Olivia Thomas,20,Male,Canada,5/30/2020,Yearly
s30429,Aanya Wilson,19,Female,India,2/6/2022,Yearly
s30430,Karan Patel,25,Other,India,6/2/2021,Free
s30431,Ethan Davis,20,Male,UK,11/5/2020,Free
s30432,Sophia Clark,25,Male,USA,2/16/2022,Yearly
s30433,Sophia Moore,26,Female,Australia,1/1/2021,Yearly
s30434,Isabella Miller,24,Other,Germany,4/10/2019,Yearly
s30435,Aanya Brown,27,Female,Australia,4/20/2019,Yearly
s30436,Zara Wilson,24,Male,Australia,7/15/2022,Free
s30437,Noah Singh,18,Female,Germany,7/3/2020,Yearly
s30438,Karan Lewis,24,Male,India,10/1/2021,Free
s30439,Arjun Anderson,22,Other,USA,4/10/2022,Free
s30440,Eva Hall,18,Other,India,6/9/2019,Yearly
s30441,Liam Hall,19,Other,USA,12/3/2020,Yearly
s30442,Benjamin Clark,40,Male,USA,8/13/2021,Free
s30443,Sophia Thomas,19,Male,Australia,6/7/2019,Monthly
s30444,Olivia Clark,41,Other,India,7/14/2019,Yearly
s30445,Emma Moore,30,Other,Australia,1/20/2019,Yearly
s30446,Meera Moore,27,Male,UK,10/1/2020,Free
s30447,Isabella Patel,18,Other,Germany,12/15/2022,Free
s30448,Arjun Davis,35,Male,USA,10/2/2021,Monthly
s30449,Zara Brown,18,Female,India,1/26/2019,Monthly
s30450,Vihaan Patel,31,Male,Germany,3/28/2020,Monthly
s30451,Aanya Lee,28,Male,India,4/16/2022,Yearly
s30452,Mia Walker,45,Other,Australia,8/10/2022,Yearly
s30453,Riya Taylor,45,Female,India,4/24/2019,Monthly
s30454,Aanya Martin,41,Other,India,4/30/2021,Free
s30455,Liam Taylor,19,Female,Germany,7/24/2021,Free
s30456,Amelia Thomas,30,Female,USA,1/23/2020,Monthly
s30457,Zara Taylor,52,Other,Germany,10/27/2020,Yearly
s30458,Ethan Miller,28,Other,Canada,4/17/2019,Yearly
s30459,Arjun Sharma,26,Female,Germany,11/28/2021,Monthly
s30460,Liam Taylor,18,Other,USA,11/7/2019,Yearly
s30461,Riya Lee,21,Other,Canada,3/23/2022,Monthly
s30462,Emma Hall,23,Female,Germany,5/22/2022,Monthly
s30463,Noah Sharma,20,Female,Germany,11/7/2021,Monthly
s30464,Amelia Verma,25,Male,Australia,10/16/2019,Monthly
s30465,Benjamin Anderson,21,Female,UK,7/31/2020,Yearly
s30466,Benjamin Miller,29,Male,UK,9/10/2021,Free
s30467,Aarav Johnson,26,Male,USA,3/28/2020,Monthly
s30468,Mia Sharma,61,Other,Germany,9/20/2021,Free
s30469,Zara Lee,24,Male,Australia,2/17/2020,Free
s30470,Aarav Singh,21,Female,India,3/17/2021,Monthly
s30471,Karan Taylor,26,Other,USA,8/10/2020,Monthly
s30472,Benjamin Singh,19,Male,USA,5/14/2022,Monthly
s30473,Riya Singh,24,Male,Germany,12/27/2021,Yearly
s30474,Ethan Miller,22,Other,USA,9/15/2020,Monthly
s30475,Benjamin Thomas,44,Male,UK,10/8/2019,Free
s30476,Amelia Davis,22,Male,Canada,2/4/2021,Yearly
s30477,Riya Wilson,28,Female,Germany,11/29/2021,Free
s30478,Mia Smith,49,Male,India,3/14/2022,Free
s30479,Arjun Anderson,27,Male,Canada,12/10/2021,Monthly
s30480,Arjun Lee,44,Other,Canada,4/8/2020,Yearly
s30481,Aanya Wilson,26,Male,India,10/14/2019,Monthly
s30482,Arjun Singh,27,Female,Germany,4/15/2022,Free
s30483,Amelia Johnson,48,Female,Germany,4/12/2022,Free
s30484,Liam Patel,42,Male,India,10/20/2020,Yearly
s30485,Lucas Lee,24,Female,Australia,2/19/2019,Monthly
s30486,Meera Lee,26,Female,UK,4/7/2019,Free
s30487,Noah Moore,24,Other,UK,12/14/2022,Free
s30488,Zara Davis,37,Male,India,3/23/2022,Free
s30489,Sophia Wilson,51,Other,USA,1/14/2021,Monthly
s30490,Emma Verma,26,Other,UK,8/22/2020,Yearly
s30491,Vihaan Walker,33,Male,Canada,11/24/2020,Yearly
s30492,Benjamin Smith,24,Other,UK,3/27/2022,Yearly
s30493,Sophia Brown,19,Female,USA,11/14/2019,Free
s30494,Liam Verma,25,Other,Canada,2/24/2019,Yearly
s30495,Emma Clark,25,Other,Germany,11/16/2021,Yearly
s30496,Aanya Sharma,40,Other,Canada,10/3/2022,Monthly
s30497,Karan Brown,26,Female,USA,2/14/2022,Monthly
s30498,Aarav Clark,34,Other,USA,3/11/2020,Yearly
s30499,Aarav Sharma,39,Female,UK,6/3/2021,Free
s30500,Benjamin Anderson,51,Male,Australia,1/23/2019,Free
s30501,Sophia Singh,32,Other,Australia,6/25/2020,Monthly
s30502,Arjun Singh,26,Female,UK,2/20/2019,Monthly
s30503,Aanya Sharma,25,Male,Australia,1/21/2021,Free
s30504,Lucas Lee,25,Other,Canada,12/25/2020,Monthly
s30505,Mia Sharma,18,Other,India,11/4/2021,Yearly
s30506,Aanya Clark,19,Female,Australia,11/15/2021,Free
s30507,Emma Verma,21,Male,Germany,10/20/2022,Yearly
s30508,Aanya Sharma,48,Female,Germany,2/24/2021,Yearly
s30509,Emma Taylor,53,Female,Australia,9/17/2021,Yearly
s30510,Lucas Smith,26,Other,Germany,6/7/2021,Free
s30511,Isabella Walker,50,Female,UK,7/2/2022,Free
s30512,Amelia Hall,24,Female,USA,1/28/2022,Yearly
s30513,Ethan Johnson,45,Female,UK,10/12/2022,Free
s30514,Noah Anderson,19,Female,UK,9/22/2021,Monthly
s30515,Karan Patel,53,Male,UK,7/27/2021,Yearly
s30516,Eva Wilson,20,Male,Australia,2/13/2019,Monthly
s30517,Liam Verma,25,Male,Canada,8/19/2021,Yearly
s30518,Amelia Davis,23,Other,USA,8/18/2022,Monthly
s30519,Emma Brown,19,Female,Australia,1/1/2021,Yearly
s30520,Ethan Miller,26,Female,Australia,3/5/2022,Yearly
s30521,Vihaan Lewis,40,Male,Canada,10/28/2021,Yearly
s30522,Arjun Walker,18,Female,Canada,5/10/2020,Monthly
s30523,Mia Davis,25,Other,UK,7/16/2020,Monthly
s30524,Eva Thomas,29,Female,Germany,8/22/2021,Monthly
s30525,Liam Hall,23,Other,India,12/13/2022,Yearly
s30526,Liam Walker,23,Female,Australia,4/25/2019,Monthly
s30527,Vihaan Walker,35,Male,UK,8/29/2021,Free
s30528,Liam Sharma,23,Male,Germany,6/14/2021,Yearly
s30529,Aarav Johnson,40,Other,India,3/7/2019,Monthly
s30530,Meera Wilson,23,Other,Canada,10/31/2019,Free
s30531,Liam Martin,63,Other,UK,6/9/2022,Yearly
s30532,Emma Brown,19,Male,UK,3/9/2021,Monthly
s30533,Lucas Verma,42,Male,Canada,8/1/2021,Monthly
s30534,Mia Hall,20,Other,USA,4/16/2019,Free
s30535,Lucas Smith,24,Male,Canada,10/6/2021,Free
s30536,Lucas Johnson,35,Female,Germany,8/20/2021,Monthly
s30537,Lucas Taylor,18,Female,Australia,7/18/2022,Free
s30538,Liam Moore,30,Other,Australia,4/2/2022,Yearly
s30539,Aarav Lee,22,Male,UK,5/21/2022,Free
s30540,Karan Lewis,27,Female,UK,1/3/2021,Yearly
s30541,Olivia Thomas,45,Male,India,6/3/2019,Yearly
s30542,Riya Johnson,19,Other,Australia,1/15/2021,Free
s30543,Meera Anderson,43,Male,Germany,1/9/2021,Free
s30544,Ethan Lewis,24,Male,USA,8/7/2020,Yearly
s30545,Vihaan Taylor,25,Other,Canada,9/13/2020,Monthly
s30546,Benjamin Verma,27,Male,UK,3/26/2019,Free
s30547,Olivia Brown,35,Male,Australia,8/29/2020,Free
s30548,Riya Singh,19,Other,Australia,10/4/2022,Monthly
s30549,Aanya Clark,21,Male,USA,11/8/2019,Yearly
s30550,Karan Lewis,23,Male,Germany,8/6/2020,Free
s30551,Zara Singh,25,Male,UK,7/6/2022,Monthly
s30552,Olivia Lewis,22,Male,USA,5/6/2019,Monthly
s30553,Riya Singh,22,Female,UK,9/1/2022,Free
s30554,Benjamin Lewis,40,Female,India,9/28/2021,Yearly
s30555,Meera Verma,18,Other,Canada,9/1/2022,Yearly
s30556,Meera Anderson,19,Other,Canada,1/28/2022,Monthly
s30557,Vihaan Anderson,64,Male,USA,4/11/2020,Yearly
s30558,Olivia Taylor,31,Male,Germany,7/9/2020,Monthly
s30559,Isabella Wilson,19,Male,USA,4/20/2022,Monthly
s30560,Emma Martin,23,Other,Australia,3/1/2021,Monthly
s30561,Ethan Brown,46,Other,Germany,1/26/2021,Free
s30562,Sophia Walker,36,Female,Germany,7/22/2022,Yearly
s30563,Olivia Miller,32,Female,Germany,1/9/2020,Monthly
s30564,Amelia Brown,42,Female,Canada,2/9/2022,Monthly
s30565,Benjamin Brown,20,Male,USA,8/3/2021,Yearly
s30566,Amelia Lee,23,Male,Germany,2/9/2019,Monthly
s30567,Benjamin Wilson,23,Male,USA,8/1/2021,Free
s30568,Liam Davis,23,Female,USA,3/30/2020,Yearly
s30569,Ethan Brown,22,Male,Germany,11/19/2019,Free
s30570,Emma Walker,36,Other,USA,5/31/2020,Free
s30571,Arjun Sharma,24,Male,Australia,9/17/2021,Yearly
s30572,Arjun Davis,25,Female,UK,8/13/2020,Yearly
s30573,Riya Moore,25,Other,Australia,7/22/2020,Free
s30574,Meera Lewis,62,Female,Australia,6/18/2022,Yearly
s30575,Riya Singh,64,Other,UK,10/27/2022,Free
s30576,Noah Davis,20,Male,UK,8/10/2020,Free
s30577,Mia Sharma,20,Female,UK,12/14/2019,Free
s30578,Mia Smith,26,Male,Canada,7/18/2021,Free
s30579,Benjamin Anderson,26,Other,Australia,3/16/2019,Free
s30580,Vihaan Singh,57,Other,India,2/3/2020,Yearly
s30581,Liam Brown,23,Male,Australia,12/26/2020,Free
s30582,Amelia Smith,24,Other,India,2/8/2019,Monthly
s30583,Karan Thomas,19,Male,USA,10/1/2022,Yearly
s30584,Zara Miller,26,Female,Germany,7/8/2022,Monthly
s30585,Liam Davis,26,Female,Germany,8/16/2020,Monthly
s30586,Vihaan Martin,19,Male,Germany,10/30/2022,Free
s30587,Sophia Smith,19,Female,USA,5/26/2021,Free
s30588,Arjun Patel,25,Male,USA,7/25/2021,Yearly
s30589,Karan Lee,25,Other,India,5/31/2022,Monthly
s30590,Aarav Lee,18,Other,Australia,11/9/2022,Free
s30591,Eva Smith,26,Male,Australia,8/16/2021,Free
s30592,Karan Singh,26,Male,Australia,12/24/2019,Yearly
s30593,Arjun Verma,26,Other,India,9/26/2021,Free
s30594,Aanya Clark,39,Male,Canada,9/14/2022,Free
s30595,Olivia Martin,26,Other,India,11/14/2020,Monthly
s30596,Benjamin Lewis,21,Male,UK,10/5/2022,Monthly
s30597,Noah Sharma,26,Male,India,9/11/2020,Yearly
s30598,Emma Moore,27,Other,UK,9/7/2021,Yearly
s30599,Eva Brown,25,Male,Germany,6/23/2022,Monthly
s30600,Vihaan Walker,23,Male,USA,1/25/2022,Monthly
s30601,Meera Thomas,21,Female,UK,6/7/2021,Monthly
s30602,Aanya Miller,22,Male,Germany,8/23/2020,Free
s30603,Zara Singh,18,Female,USA,8/25/2021,Monthly
s30604,Meera Sharma,23,Other,Australia,1/6/2020,Monthly
s30605,Aanya Hall,25,Female,India,6/16/2022,Yearly
s30606,Zara Clark,19,Other,Australia,5/27/2022,Monthly
s30607,Aarav Smith,22,Other,UK,10/28/2022,Free
s30608,Olivia Walker,24,Other,Germany,4/1/2021,Monthly
s30609,Emma Lewis,63,Female,Germany,3/30/2019,Free
s30610,Lucas Lewis,57,Female,USA,12/9/2021,Monthly
s30611,Emma Lee,31,Male,USA,1/12/2022,Yearly
s30612,Eva Smith,35,Male,USA,9/29/2020,Monthly
s30613,Eva Patel,33,Other,USA,2/9/2021,Yearly
s30614,Noah Martin,20,Female,Germany,7/29/2020,Free
s30615,Arjun Johnson,30,Other,Germany,10/3/2020,Monthly
s30616,Olivia Verma,59,Male,India,9/11/2020,Yearly
s30617,Aarav Thomas,26,Female,UK,2/22/2020,Monthly
s30618,Lucas Davis,22,Female,Canada,5/18/2019,Yearly
s30619,Mia Singh,18,Other,USA,12/29/2021,Yearly
s30620,Zara Davis,23,Female,Germany,9/4/2020,Yearly
s30621,Lucas Hall,44,Male,UK,3/28/2022,Monthly
s30622,Riya Patel,47,Male,India,6/30/2020,Monthly
s30623,Sophia Walker,56,Other,Canada,9/1/2019,Free
s30624,Karan Moore,27,Other,Canada,7/2/2021,Free
s30625,Emma Taylor,35,Male,USA,12/16/2022,Monthly
s30626,Zara Patel,40,Male,Australia,4/29/2021,Free
s30627,Emma Thomas,26,Other,UK,6/25/2022,Free
s30628,Benjamin Johnson,20,Male,Canada,11/23/2021,Yearly
s30629,Liam Lewis,46,Female,UK,12/2/2019,Free
s30630,Zara Smith,46,Other,Germany,1/11/2021,Yearly
s30631,Sophia Patel,27,Female,USA,4/1/2020,Yearly
s30632,Karan Moore,23,Female,Canada,11/18/2019,Free
s30633,Lucas Lewis,18,Male,India,3/1/2022,Yearly
s30634,Riya Walker,23,Female,Australia,1/29/2022,Yearly
s30635,Amelia Hall,41,Other,Australia,5/30/2022,Yearly
s30636,Aarav Davis,42,Other,Australia,5/6/2019,Monthly
s30637,Riya Wilson,26,Other,Australia,7/3/2022,Free
s30638,Benjamin Smith,28,Female,Germany,8/25/2019,Free
s30639,Olivia Sharma,31,Female,India,2/2/2021,Yearly
s30640,Arjun Patel,42,Other,India,5/5/2021,Monthly
s30641,Meera Singh,22,Female,India,11/16/2022,Monthly
s30642,Emma Patel,26,Other,Canada,12/20/2021,Monthly
s30643,Mia Walker,61,Male,India,6/7/2021,Yearly
s30644,Benjamin Lewis,59,Female,India,11/14/2019,Monthly
s30645,Meera Davis,45,Other,Canada,5/31/2019,Yearly
s30646,Lucas Johnson,25,Male,Germany,7/6/2022,Yearly
s30647,Ethan Thomas,23,Male,USA,6/4/2020,Monthly
s30648,Vihaan Hall,37,Other,Germany,8/2/2021,Yearly
s30649,Amelia Patel,25,Other,Australia,3/11/2019,Monthly
s30650,Benjamin Brown,32,Male,India,7/1/2022,Monthly
s30651,Sophia Moore,26,Other,UK,5/28/2020,Free
s30652,Amelia Lewis,63,Female,Germany,7/16/2021,Monthly
s30653,Arjun Verma,39,Male,Germany,1/30/2019,Free
s30654,Benjamin Lewis,23,Female,India,10/27/2019,Free
s30655,Eva Sharma,19,Female,Germany,12/15/2020,Yearly
s30656,Olivia Moore,37,Female,Germany,12/8/2020,Monthly
s30657,Isabella Singh,19,Other,Germany,10/5/2022,Yearly
s30658,Vihaan Smith,24,Female,USA,1/18/2020,Monthly
s30659,Amelia Miller,38,Female,Australia,3/22/2020,Monthly
s30660,Eva Miller,23,Other,Canada,6/3/2020,Free
s30661,Isabella Moore,22,Male,India,7/10/2022,Monthly
s30662,Aarav Anderson,38,Other,India,12/6/2020,Free
s30663,Riya Martin,43,Male,UK,10/1/2022,Yearly
s30664,Vihaan Patel,56,Other,UK,3/14/2021,Yearly
s30665,Karan Taylor,32,Other,India,3/19/2021,Monthly
s30666,Emma Verma,22,Male,UK,6/11/2021,Monthly
s30667,Liam Anderson,23,Other,UK,10/11/2021,Yearly
s30668,Emma Sharma,19,Male,Australia,5/15/2020,Free
s30669,Ethan Brown,18,Male,India,4/25/2021,Yearly
s30670,Ethan Moore,48,Female,USA,3/26/2019,Monthly
s30671,Isabella Johnson,25,Female,Canada,9/2/2022,Monthly
s30672,Zara Patel,41,Female,Canada,3/21/2020,Monthly
s30673,Liam Walker,20,Other,Germany,10/16/2022,Yearly
s30674,Noah Sharma,27,Male,USA,8/20/2019,Free
s30675,Olivia Davis,22,Other,Germany,7/3/2019,Free
s30676,Aarav Sharma,29,Female,UK,9/1/2020,Monthly
s30677,Amelia Clark,41,Female,USA,3/7/2022,Monthly
s30678,Mia Thomas,22,Male,UK,3/15/2020,Free
s30679,Noah Brown,23,Other,USA,7/6/2021,Free
s30680,Karan Patel,22,Other,Australia,12/11/2021,Yearly
s30681,Ethan Anderson,18,Male,Canada,11/9/2019,Yearly
s30682,Karan Smith,23,Other,UK,12/7/2021,Yearly
s30683,Meera Sharma,18,Other,USA,3/21/2019,Monthly
s30684,Noah Lee,19,Female,India,5/22/2022,Free
s30685,Benjamin Martin,44,Other,USA,11/10/2020,Free
s30686,Vihaan Moore,20,Female,Australia,4/5/2020,Monthly
s30687,Aanya Lee,34,Other,Canada,4/20/2020,Monthly
s30688,Aanya Johnson,42,Other,Germany,11/2/2020,Free
s30689,Aarav Davis,27,Other,India,10/22/2022,Free
s30690,Noah Hall,25,Male,Germany,8/24/2020,Free
s30691,Riya Anderson,48,Female,Germany,4/22/2021,Monthly
s30692,Meera Brown,22,Other,India,5/17/2022,Free
s30693,Riya Wilson,46,Male,Germany,12/29/2021,Yearly
s30694,Meera Lewis,23,Male,Germany,12/20/2021,Yearly
s30695,Olivia Moore,23,Other,Germany,9/13/2021,Monthly
s30696,Sophia Verma,57,Female,India,4/22/2022,Monthly
s30697,Lucas Singh,22,Male,Germany,7/12/2019,Free
s30698,Lucas Lewis,28,Other,UK,5/14/2021,Free
s30699,Arjun Smith,21,Other,Germany,12/24/2019,Monthly
s30700,Meera Walker,38,Male,UK,5/2/2020,Monthly
s30701,Amelia Martin,25,Female,USA,5/22/2019,Yearly
s30702,Aarav Sharma,41,Male,Germany,2/17/2020,Monthly
s30703,Sophia Wilson,38,Male,USA,9/28/2021,Free
s30704,Arjun Johnson,23,Female,Australia,3/18/2020,Monthly
s30705,Lucas Lee,27,Female,India,10/6/2019,Monthly
s30706,Olivia Johnson,61,Other,Germany,2/2/2021,Yearly
s30707,Meera Verma,22,Male,Germany,8/19/2019,Yearly
s30708,Riya Lewis,19,Male,UK,5/29/2022,Yearly
s30709,Meera Lee,21,Male,Germany,10/9/2022,Monthly
s30710,Mia Thomas,29,Female,USA,4/23/2021,Monthly
s30711,Aarav Verma,18,Female,India,5/12/2019,Monthly
s30712,Riya Hall,21,Other,Canada,1/26/2021,Monthly
s30713,Lucas Singh,26,Male,UK,9/17/2021,Free
s30714,Aanya Wilson,38,Female,Canada,11/1/2020,Yearly
s30715,Aarav Anderson,25,Other,Australia,4/20/2022,Monthly
s30716,Aanya Anderson,21,Male,Canada,10/23/2020,Monthly
s30717,Karan Johnson,21,Other,Australia,5/3/2019,Yearly
s30718,Mia Lewis,19,Female,USA,7/6/2022,Free
s30719,Aarav Johnson,57,Other,UK,9/11/2020,Monthly
s30720,Mia Davis,23,Male,UK,7/4/2020,Monthly
s30721,Aarav Brown,25,Other,Canada,9/12/2020,Free
s30722,Benjamin Sharma,36,Other,Germany,10/28/2021,Free
s30723,Meera Clark,20,Female,Australia,6/6/2019,Monthly
s30724,Zara Davis,28,Other,UK,7/28/2019,Monthly
s30725,Meera Thomas,49,Female,UK,10/9/2019,Free
s30726,Olivia Hall,25,Female,UK,11/12/2019,Yearly
s30727,Amelia Hall,40,Male,India,8/25/2022,Free
s30728,Mia Taylor,45,Male,Canada,4/21/2021,Yearly
s30729,Aanya Verma,58,Other,UK,10/18/2019,Free
s30730,Aanya Brown,19,Male,UK,10/25/2021,Monthly
s30731,Noah Taylor,32,Male,Germany,1/19/2022,Free
s30732,Eva Singh,26,Male,Germany,5/10/2020,Monthly
s30733,Zara Hall,47,Male,Australia,10/29/2019,Free
s30734,Lucas Anderson,35,Other,USA,5/12/2022,Monthly
s30735,Arjun Lewis,33,Female,Canada,12/14/2022,Monthly
s30736,Vihaan Walker,25,Male,India,12/19/2022,Yearly
s30737,Benjamin Lee,25,Male,Canada,2/1/2022,Yearly
s30738,Mia Singh,27,Male,Australia,2/20/2021,Free
s30739,Olivia Patel,26,Male,USA,6/25/2019,Monthly
s30740,Noah Taylor,34,Male,India,9/29/2021,Free
s30741,Aarav Singh,22,Male,Canada,1/31/2022,Yearly
s30742,Karan Clark,24,Male,Australia,7/21/2020,Monthly
s30743,Emma Clark,20,Male,India,12/28/2020,Yearly
s30744,Mia Davis,39,Other,USA,1/23/2022,Yearly
s30745,Vihaan Clark,20,Male,India,1/25/2021,Monthly
s30746,Noah Martin,66,Female,Germany,6/1/2019,Monthly
s30747,Noah Hall,20,Other,Germany,6/28/2019,Free
s30748,Sophia Walker,46,Male,Canada,1/20/2019,Free
s30749,Lucas Patel,24,Other,UK,12/21/2021,Free
s30750,Eva Walker,30,Female,UK,11/23/2022,Free
s30751,Ethan Verma,23,Male,USA,6/24/2019,Monthly
s30752,Arjun Anderson,25,Male,Germany,11/25/2022,Monthly
s30753,Sophia Davis,39,Male,India,9/11/2021,Yearly
s30754,Karan Lewis,27,Male,UK,9/19/2021,Yearly
s30755,Noah Lee,22,Other,UK,12/8/2020,Yearly
s30756,Aanya Miller,26,Other,Canada,6/11/2020,Free
s30757,Noah Martin,23,Male,UK,11/1/2019,Free
s30758,Olivia Sharma,24,Female,Australia,4/13/2019,Monthly
s30759,Zara Martin,24,Other,Canada,5/27/2019,Yearly
s30760,Lucas Davis,24,Male,USA,9/29/2021,Free
s30761,Zara Smith,19,Male,India,5/23/2019,Yearly
s30762,Aanya Anderson,57,Other,Australia,7/22/2020,Yearly
s30763,Olivia Hall,23,Other,UK,8/8/2019,Free
s30764,Aarav Thomas,21,Female,USA,12/30/2020,Monthly
s30765,Vihaan Sharma,43,Other,UK,11/20/2019,Free
s30766,Zara Wilson,27,Female,India,4/10/2019,Free
s30767,Karan Hall,24,Female,UK,1/25/2020,Free
s30768,Liam Lewis,20,Other,India,6/24/2020,Free
s30769,Aanya Smith,19,Other,India,10/4/2022,Monthly
s30770,Noah Taylor,21,Male,USA,8/9/2019,Free
s30771,Vihaan Brown,25,Female,India,7/20/2022,Free
s30772,Eva Johnson,20,Male,UK,11/30/2022,Yearly
s30773,Amelia Patel,25,Other,Germany,11/27/2019,Free
s30774,Meera Singh,20,Male,UK,9/18/2019,Monthly
s30775,Olivia Patel,19,Other,UK,6/16/2022,Yearly
s30776,Emma Lee,23,Female,Germany,11/9/2019,Yearly
s30777,Sophia Clark,26,Male,Australia,4/6/2021,Free
s30778,Olivia Martin,18,Male,India,2/16/2021,Monthly
s30779,Aarav Verma,20,Male,Australia,5/11/2021,Free
s30780,Sophia Johnson,28,Male,Australia,7/23/2021,Free
s30781,Vihaan Lee,38,Male,USA,8/15/2020,Monthly
s30782,Olivia Patel,21,Female,USA,1/25/2022,Monthly
s30783,Aarav Brown,66,Female,Canada,3/27/2022,Free
s30784,Aarav Wilson,25,Other,Germany,4/25/2022,Free
s30785,Aanya Walker,26,Male,Australia,4/9/2022,Yearly
s30786,Zara Lewis,48,Other,UK,4/16/2019,Monthly
s30787,Sophia Lewis,23,Other,India,10/15/2021,Yearly
s30788,Riya Martin,32,Male,USA,9/17/2020,Monthly
s30789,Mia Thomas,25,Male,UK,7/6/2021,Free
s30790,Aarav Clark,22,Female,India,1/29/2022,Monthly
s30791,Lucas Lewis,24,Female,UK,9/17/2021,Monthly
s30792,Riya Clark,26,Male,India,7/16/2021,Yearly
s30793,Mia Moore,20,Male,Australia,1/6/2022,Yearly
s30794,Noah Miller,22,Other,Canada,12/15/2022,Free
s30795,Eva Miller,25,Female,Australia,7/8/2022,Monthly
s30796,Mia Patel,25,Male,Germany,5/1/2022,Monthly
s30797,Riya Brown,24,Male,UK,12/3/2021,Free
s30798,Amelia Anderson,29,Other,USA,11/22/2021,Yearly
s30799,Karan Moore,26,Female,UK,4/6/2020,Yearly
s30800,Vihaan Hall,43,Female,Germany,7/19/2019,Yearly
s30801,Aanya Taylor,37,Male,Canada,10/28/2022,Free
s30802,Zara Smith,34,Other,Australia,9/15/2022,Free
s30803,Lucas Martin,18,Other,Australia,1/2/2021,Yearly
s30804,Riya Hall,23,Female,USA,1/30/2019,Yearly
s30805,Vihaan Taylor,41,Female,USA,5/9/2019,Yearly
s30806,Riya Lee,23,Male,UK,3/21/2020,Monthly
s30807,Aarav Wilson,27,Female,India,10/17/2020,Free
s30808,Zara Brown,40,Male,Canada,2/11/2022,Monthly
s30809,Aanya Clark,33,Female,Germany,10/27/2021,Yearly
s30810,Arjun Sharma,64,Female,Germany,10/30/2022,Yearly
s30811,Karan Singh,18,Female,UK,2/16/2019,Yearly
s30812,Aarav Brown,39,Other,USA,7/8/2020,Free
s30813,Sophia Smith,38,Male,Australia,2/23/2020,Free
s30814,Karan Davis,25,Other,UK,1/6/2021,Free
s30815,Karan Wilson,32,Male,Australia,1/19/2019,Yearly
s30816,Zara Moore,27,Male,India,1/3/2022,Yearly
s30817,Amelia Davis,39,Other,UK,4/20/2021,Monthly
s30818,Noah Moore,22,Female,India,4/7/2021,Yearly
s30819,Isabella Anderson,21,Female,Australia,5/1/2022,Free
s30820,Arjun Miller,23,Female,Germany,8/13/2021,Monthly
s30821,Mia Davis,49,Male,Australia,6/3/2019,Monthly
s30822,Meera Brown,18,Female,Australia,11/2/2021,Monthly
s30823,Lucas Patel,26,Male,Australia,9/21/2019,Yearly
s30824,Meera Singh,41,Female,India,10/9/2021,Monthly
s30825,Zara Thomas,47,Female,UK,5/16/2021,Free
s30826,Ethan Smith,20,Other,Australia,1/8/2022,Free
s30827,Amelia Miller,19,Female,India,1/29/2019,Monthly
s30828,Riya Brown,35,Male,Australia,5/29/2022,Monthly
s30829,Ethan Singh,29,Female,USA,11/20/2021,Yearly
s30830,Riya Verma,27,Other,Australia,5/6/2019,Yearly
s30831,Sophia Lewis,23,Male,Germany,5/8/2022,Monthly
s30832,Isabella Singh,67,Other,UK,6/4/2020,Free
s30833,Amelia Patel,29,Female,Germany,6/5/2022,Free
s30834,Vihaan Sharma,20,Other,Germany,5/24/2021,Monthly
s30835,Mia Johnson,21,Female,Germany,7/6/2019,Yearly
s30836,Ethan Lee,31,Female,Australia,1/10/2021,Free
s30837,Mia Patel,25,Other,India,6/2/2022,Yearly
s30838,Liam Walker,40,Other,USA,2/26/2020,Free
s30839,Karan Davis,67,Other,Canada,3/2/2021,Free
s30840,Noah Verma,23,Male,Australia,8/14/2021,Yearly
s30841,Sophia Thomas,41,Other,USA,8/26/2019,Yearly
s30842,Karan Martin,22,Female,India,1/27/2022,Free
s30843,Noah Brown,62,Other,Australia,10/16/2020,Free
s30844,Amelia Lewis,50,Female,Germany,12/21/2020,Monthly
s30845,Benjamin Smith,19,Female,Australia,12/4/2020,Yearly
s30846,Karan Walker,27,Male,Australia,7/10/2021,Free
s30847,Riya Anderson,19,Female,Australia,5/10/2020,Free
s30848,Emma Thomas,23,Male,India,12/23/2020,Monthly
s30849,Karan Martin,19,Male,India,1/24/2021,Free
s30850,Sophia Hall,52,Other,Australia,8/5/2021,Free
s30851,Arjun Anderson,24,Other,USA,2/21/2020,Yearly
s30852,Sophia Taylor,26,Other,Germany,6/28/2020,Monthly
s30853,Isabella Thomas,36,Male,UK,2/22/2021,Monthly
s30854,Aanya Miller,26,Male,UK,3/6/2021,Yearly
s30855,Amelia Davis,24,Other,USA,3/20/2020,Monthly
s30856,Eva Thomas,25,Female,Germany,11/2/2022,Yearly
s30857,Emma Anderson,24,Female,USA,8/6/2019,Monthly
s30858,Eva Miller,21,Male,India,7/4/2022,Monthly
s30859,Zara Davis,28,Male,Australia,6/19/2021,Monthly
s30860,Aarav Verma,28,Male,USA,5/4/2021,Monthly
s30861,Arjun Hall,51,Female,Canada,7/26/2019,Free
s30862,Sophia Miller,46,Male,Germany,11/30/2019,Free
s30863,Amelia Lee,34,Other,Australia,1/1/2021,Free
s30864,Liam Lee,23,Female,UK,1/28/2019,Yearly
s30865,Liam Johnson,61,Female,UK,11/17/2021,Yearly
s30866,Karan Thomas,32,Female,Germany,3/25/2020,Free
s30867,Noah Miller,46,Other,India,4/16/2022,Monthly
s30868,Amelia Taylor,40,Male,Canada,11/12/2020,Yearly
s30869,Vihaan Wilson,18,Female,Germany,1/16/2022,Monthly
s30870,Emma Anderson,66,Male,India,7/14/2020,Monthly
s30871,Aanya Miller,35,Male,Australia,2/5/2022,Yearly
s30872,Emma Lee,19,Female,India,7/3/2019,Free
s30873,Emma Johnson,23,Male,UK,12/27/2020,Monthly
s30874,Olivia Wilson,23,Male,Germany,5/7/2020,Monthly
s30875,Noah Verma,41,Female,India,8/20/2022,Monthly
s30876,Karan Brown,55,Other,Australia,4/17/2021,Yearly
s30877,Ethan Miller,49,Male,Germany,11/22/2022,Free
s30878,Zara Brown,21,Female,Germany,12/4/2022,Yearly
s30879,Vihaan Martin,24,Male,Canada,7/23/2020,Yearly
s30880,Lucas Davis,67,Female,USA,1/30/2020,Free
s30881,Liam Smith,56,Male,UK,12/21/2019,Yearly
s30882,Sophia Martin,20,Other,UK,4/29/2021,Free
s30883,Sophia Davis,35,Female,Canada,5/3/2022,Monthly
s30884,Vihaan Verma,44,Female,Germany,4/9/2022,Yearly
s30885,Mia Martin,22,Male,Canada,9/20/2021,Monthly
s30886,Mia Verma,38,Male,Canada,1/3/2019,Yearly
s30887,Karan Verma,26,Male,India,9/5/2022,Free
s30888,Noah Davis,27,Other,Germany,12/13/2019,Yearly
s30889,Benjamin Wilson,25,Other,Germany,4/10/2019,Yearly
s30890,Amelia Moore,25,Other,India,5/27/2022,Yearly
s30891,Olivia Thomas,64,Female,UK,2/3/2019,Free
s30892,Lucas Davis,21,Female,India,9/21/2022,Free
s30893,Aanya Singh,19,Other,Germany,1/5/2019,Yearly
s30894,Zara Taylor,38,Male,USA,9/6/2022,Yearly
s30895,Arjun Smith,22,Male,Australia,5/15/2021,Free
s30896,Emma Hall,21,Female,USA,7/18/2022,Yearly
s30897,Emma Verma,43,Other,USA,4/21/2022,Yearly
s30898,Zara Taylor,26,Male,Germany,8/20/2021,Monthly
s30899,Aanya Lee,39,Female,Canada,9/7/2019,Free
s30900,Karan Brown,24,Other,USA,4/22/2019,Free
s30901,Zara Smith,28,Other,Australia,11/24/2020,Monthly
s30902,Amelia Miller,36,Male,Canada,3/1/2021,Free
s30903,Eva Lewis,31,Other,Australia,4/11/2021,Monthly
s30904,Zara Miller,19,Other,Germany,7/7/2019,Yearly
s30905,Aarav Sharma,25,Female,UK,7/6/2021,Free
s30906,Eva Singh,37,Female,UK,3/30/2021,Yearly
s30907,Amelia Wilson,18,Other,Canada,5/26/2019,Free
s30908,Eva Clark,28,Male,Australia,11/8/2022,Yearly
s30909,Karan Martin,21,Female,Australia,6/9/2022,Yearly
s30910,Mia Walker,20,Other,India,3/16/2022,Yearly
s30911,Arjun Lewis,27,Female,Germany,6/27/2022,Yearly
s30912,Sophia Lewis,46,Other,Canada,11/21/2022,Yearly
s30913,Liam Lee,26,Female,Australia,12/25/2021,Monthly
s30914,Noah Sharma,21,Male,USA,4/2/2021,Monthly
s30915,Zara Moore,67,Male,Canada,12/2/2020,Free
s30916,Emma Taylor,21,Female,Australia,2/25/2022,Free
s30917,Noah Brown,46,Other,USA,5/17/2021,Free
s30918,Aanya Thomas,26,Female,UK,8/19/2021,Monthly
s30919,Meera Singh,25,Female,India,1/21/2022,Monthly
s30920,Ethan Lewis,47,Male,Canada,5/13/2019,Free
s30921,Vihaan Taylor,21,Male,India,6/1/2019,Free
s30922,Meera Thomas,28,Male,Australia,11/24/2021,Yearly
s30923,Riya Hall,44,Other,Germany,5/2/2020,Monthly
s30924,Amelia Anderson,21,Other,Germany,5/18/2021,Monthly
s30925,Zara Thomas,23,Male,USA,12/9/2021,Free
s30926,Riya Moore,27,Other,USA,5/25/2022,Yearly
s30927,Olivia Davis,23,Female,Germany,6/27/2019,Free
s30928,Eva Clark,21,Female,Australia,1/7/2019,Yearly
s30929,Lucas Miller,43,Female,USA,10/15/2021,Yearly
s30930,Noah Moore,20,Male,India,10/15/2021,Monthly
s30931,Aarav Lee,36,Male,Canada,1/1/2021,Monthly
s30932,Lucas Clark,20,Male,Germany,9/3/2022,Monthly
s30933,Liam Sharma,41,Other,Canada,9/3/2020,Yearly
s30934,Emma Patel,23,Male,UK,8/31/2019,Yearly
s30935,Eva Miller,23,Male,Germany,6/25/2021,Free
s30936,Emma Clark,36,Male,USA,6/6/2021,Free
s30937,Vihaan Singh,23,Female,Germany,11/26/2019,Monthly
s30938,Sophia Moore,20,Male,Germany,10/25/2021,Monthly
s30939,Noah Anderson,19,Female,India,5/29/2020,Monthly
s30940,Noah Lewis,20,Male,India,4/17/2019,Monthly
s30941,Benjamin Miller,38,Female,Canada,6/19/2021,Monthly
s30942,Eva Martin,20,Other,UK,10/3/2022,Yearly
s30943,Lucas Smith,35,Male,USA,3/10/2020,Free
s30944,Ethan Taylor,51,Female,Australia,6/25/2019,Monthly
s30945,Meera Davis,37,Other,Germany,2/14/2019,Free
s30946,Lucas Anderson,67,Female,Canada,9/17/2022,Free
s30947,Liam Sharma,46,Other,UK,10/2/2022,Free
s30948,Meera Johnson,33,Other,Australia,8/15/2022,Yearly
s30949,Vihaan Brown,19,Other,Australia,7/23/2019,Free
s30950,Eva Verma,26,Male,USA,9/13/2022,Monthly
s30951,Liam Clark,21,Other,India,5/10/2021,Yearly
s30952,Emma Clark,42,Female,USA,10/22/2020,Free
s30953,Isabella Wilson,20,Male,UK,3/23/2020,Yearly
s30954,Olivia Davis,37,Female,UK,8/14/2022,Free
s30955,Riya Anderson,24,Male,UK,10/17/2020,Monthly
s30956,Riya Johnson,38,Other,Germany,7/6/2022,Yearly
s30957,Eva Wilson,27,Male,Canada,1/19/2020,Monthly
s30958,Benjamin Lewis,21,Male,India,2/11/2021,Free
s30959,Noah Martin,19,Other,Germany,7/6/2019,Monthly
s30960,Benjamin Verma,21,Other,India,1/29/2022,Free
s30961,Vihaan Patel,43,Female,Germany,2/11/2021,Yearly
s30962,Sophia Smith,21,Female,Australia,4/24/2020,Free
s30963,Mia Clark,20,Other,India,11/24/2021,Free
s30964,Aarav Brown,21,Female,UK,5/28/2022,Monthly
s30965,Aanya Smith,19,Male,Canada,1/8/2022,Monthly
s30966,Ethan Verma,25,Other,Germany,11/6/2022,Yearly
s30967,Sophia Clark,27,Female,USA,1/11/2022,Yearly
s30968,Aarav Moore,23,Other,Canada,5/18/2022,Yearly
s30969,Sophia Thomas,25,Other,Canada,1/11/2021,Free
s30970,Olivia Anderson,41,Other,UK,7/10/2022,Yearly
s30971,Meera Moore,18,Male,Australia,4/20/2020,Monthly
s30972,Emma Smith,27,Other,Australia,12/3/2022,Monthly
s30973,Amelia Thomas,26,Other,USA,7/27/2020,Monthly
s30974,Eva Anderson,40,Other,Canada,11/30/2021,Yearly
s30975,Aanya Sharma,51,Female,Australia,7/26/2019,Yearly
s30976,Karan Lee,28,Other,India,4/13/2022,Yearly
s30977,Arjun Thomas,19,Male,India,10/9/2021,Yearly
s30978,Benjamin Patel,27,Female,UK,12/13/2021,Free
s30979,Arjun Anderson,42,Female,Australia,5/23/2020,Monthly
s30980,Riya Johnson,65,Male,Australia,11/25/2021,Yearly
s30981,Isabella Singh,44,Male,Germany,9/1/2020,Yearly
s30982,Mia Moore,20,Other,Germany,6/9/2021,Free
s30983,Zara Miller,67,Female,India,2/7/2019,Yearly
s30984,Riya Lee,65,Female,Australia,12/22/2020,Monthly
s30985,Noah Johnson,23,Other,Germany,12/17/2022,Monthly
s30986,Noah Patel,24,Female,Australia,2/25/2019,Monthly
s30987,Ethan Hall,33,Male,Canada,10/29/2021,Yearly
s30988,Aanya Lewis,22,Female,Australia,3/11/2022,Yearly
s30989,Zara Anderson,19,Other,Canada,3/18/2019,Yearly
s30990,Mia Thomas,55,Other,UK,6/9/2019,Yearly
s30991,Aarav Verma,26,Male,UK,8/11/2019,Free
s30992,Vihaan Lee,30,Male,India,6/20/2022,Free
s30993,Emma Hall,22,Female,Canada,6/2/2022,Yearly
s30994,Zara Moore,38,Male,Australia,7/19/2020,Yearly
s30995,Amelia Walker,63,Other,India,12/14/2022,Free
s30996,Aanya Patel,32,Female,India,5/14/2019,Free
s30997,Aanya Verma,22,Other,Australia,10/19/2022,Monthly
s30998,Benjamin Brown,34,Female,UK,1/18/2021,Monthly
s30999,Mia Verma,25,Other,UK,9/27/2021,Free
s31000,Eva Clark,23,Other,Canada,10/7/2022,Yearly
s31001,Noah Singh,22,Female,UK,3/25/2021,Monthly
s31002,Arjun Thomas,46,Male,Germany,11/18/2022,Free
s31003,Karan Lewis,40,Female,Canada,10/12/2022,Yearly
s31004,Riya Walker,39,Male,USA,11/4/2020,Free
s31005,Meera Singh,32,Male,Australia,5/4/2020,Free
s31006,Emma Miller,18,Other,India,3/17/2019,Yearly
s31007,Mia Lee,24,Female,UK,11/5/2020,Free
s31008,Noah Anderson,45,Other,India,3/7/2019,Free
s31009,Sophia Verma,18,Other,UK,9/28/2020,Free
s31010,Noah Lee,46,Other,Germany,3/27/2020,Monthly
s31011,Vihaan Anderson,45,Female,USA,2/8/2020,Free
s31012,Eva Lee,45,Male,Australia,4/4/2022,Monthly
s31013,Arjun Brown,20,Male,Australia,5/18/2021,Yearly
s31014,Meera Davis,42,Male,UK,10/30/2022,Monthly
s31015,Karan Smith,40,Other,India,4/11/2020,Free
s31016,Ethan Moore,18,Female,Canada,4/10/2019,Yearly
s31017,Vihaan Hall,20,Male,UK,4/8/2019,Free
s31018,Isabella Walker,28,Female,Australia,5/10/2021,Free
s31019,Meera Taylor,24,Male,Germany,7/28/2020,Monthly
s31020,Arjun Thomas,32,Female,Germany,2/12/2022,Free
s31021,Eva Lee,18,Female,India,2/19/2020,Monthly
s31022,Karan Davis,22,Male,Australia,10/9/2022,Monthly
s31023,Noah Wilson,40,Female,Germany,2/1/2019,Yearly
s31024,Riya Moore,40,Other,India,12/25/2022,Yearly
s31025,Aanya Taylor,25,Female,USA,5/8/2021,Monthly
s31026,Isabella Smith,19,Male,Canada,9/11/2021,Yearly
s31027,Liam Moore,20,Female,Germany,2/26/2019,Free
s31028,Lucas Patel,27,Male,Canada,3/10/2022,Free
s31029,Meera Sharma,18,Other,India,6/3/2019,Yearly
s31030,Isabella Lee,22,Male,Australia,7/13/2022,Yearly
s31031,Amelia Patel,34,Other,UK,8/10/2019,Yearly
s31032,Zara Lewis,21,Other,USA,7/12/2019,Yearly
s31033,Ethan Singh,24,Other,India,10/15/2019,Yearly
s31034,Olivia Verma,46,Other,Canada,2/20/2022,Free
s31035,Riya Walker,27,Female,USA,12/11/2019,Free
s31036,Vihaan Johnson,39,Other,UK,3/24/2019,Monthly
s31037,Karan Taylor,24,Other,Australia,1/1/2021,Monthly
s31038,Amelia Miller,27,Other,UK,11/27/2022,Free
s31039,Aarav Miller,19,Female,USA,11/24/2020,Monthly
s31040,Vihaan Anderson,27,Female,Germany,8/19/2021,Yearly
s31041,Karan Verma,65,Female,Canada,6/21/2020,Yearly
s31042,Sophia Johnson,32,Male,Canada,11/23/2019,Free
s31043,Olivia Lee,29,Male,India,6/12/2020,Free
s31044,Isabella Lewis,26,Other,UK,9/12/2019,Yearly
s31045,Lucas Brown,24,Female,USA,5/15/2022,Monthly
s31046,Isabella Lee,19,Female,USA,7/30/2022,Yearly
s31047,Olivia Hall,27,Male,Canada,9/15/2020,Free
s31048,Vihaan Martin,23,Female,USA,4/5/2020,Free
s31049,Aarav Lee,22,Female,Australia,10/26/2022,Monthly
s31050,Emma Taylor,37,Other,Germany,10/3/2022,Monthly
s31051,Aanya Johnson,42,Female,Canada,1/5/2021,Free
s31052,Lucas Moore,27,Other,Canada,9/9/2019,Yearly
s31053,Noah Johnson,19,Female,Canada,8/10/2020,Yearly
s31054,Aanya Moore,19,Female,UK,5/13/2021,Free
s31055,Noah Johnson,31,Other,India,8/31/2022,Free
s31056,Meera Lee,22,Other,Germany,10/11/2022,Free
s31057,Aanya Johnson,24,Male,Australia,4/30/2020,Monthly
s31058,Riya Sharma,21,Female,Canada,7/14/2020,Monthly
s31059,Emma Patel,21,Other,USA,10/22/2020,Monthly
s31060,Aarav Taylor,23,Male,Germany,6/4/2020,Yearly
s31061,Vihaan Johnson,24,Female,India,7/13/2019,Monthly
s31062,Arjun Wilson,46,Other,UK,6/24/2020,Yearly
s31063,Isabella Clark,22,Female,India,1/13/2021,Yearly
s31064,Riya Lee,25,Male,Canada,7/24/2021,Monthly
s31065,Aanya Anderson,27,Female,Germany,5/7/2019,Free
s31066,Benjamin Lee,35,Female,Australia,4/15/2020,Free
s31067,Karan Hall,20,Female,UK,12/21/2020,Monthly
s31068,Aarav Clark,19,Female,Canada,7/29/2020,Monthly
s31069,Arjun Moore,50,Female,Germany,3/26/2022,Free
s31070,Meera Lee,27,Female,Australia,9/2/2020,Monthly
s31071,Ethan Sharma,27,Female,USA,6/5/2022,Monthly
s31072,Aarav Martin,27,Male,Canada,5/11/2020,Monthly
s31073,Karan Moore,27,Other,Australia,1/15/2019,Free
s31074,Amelia Verma,42,Other,USA,6/9/2019,Yearly
s31075,Aarav Moore,31,Other,USA,7/22/2022,Yearly
s31076,Karan Anderson,27,Female,Australia,2/17/2019,Monthly
s31077,Karan Johnson,21,Female,India,12/17/2022,Monthly
s31078,Karan Thomas,23,Male,India,10/11/2022,Yearly
s31079,Lucas Miller,23,Female,USA,4/17/2022,Free
s31080,Aarav Wilson,23,Other,USA,10/21/2022,Free
s31081,Eva Wilson,27,Female,Australia,11/25/2019,Free
s31082,Ethan Thomas,23,Other,Germany,3/28/2020,Yearly
s31083,Sophia Johnson,35,Male,Canada,12/26/2020,Monthly
s31084,Ethan Verma,28,Male,UK,3/7/2019,Monthly
s31085,Aarav Martin,25,Female,UK,9/15/2021,Monthly
s31086,Emma Smith,23,Female,Australia,2/3/2021,Yearly
s31087,Sophia Taylor,19,Female,Australia,1/12/2020,Free
s31088,Benjamin Hall,27,Other,India,12/3/2020,Monthly
s31089,Benjamin Smith,18,Male,Germany,10/5/2019,Yearly
s31090,Mia Walker,56,Other,India,7/13/2021,Monthly
s31091,Sophia Martin,18,Male,UK,3/11/2021,Yearly
s31092,Arjun Walker,66,Female,Canada,7/17/2020,Yearly
s31093,Aarav Brown,20,Male,Canada,5/18/2022,Yearly
s31094,Arjun Walker,19,Female,USA,9/6/2019,Yearly
s31095,Mia Lee,18,Other,UK,8/8/2019,Monthly
s31096,Eva Martin,40,Other,Germany,1/3/2020,Monthly
s31097,Isabella Verma,47,Female,India,3/1/2020,Monthly
s31098,Isabella Lee,64,Male,USA,5/19/2021,Free
s31099,Arjun Smith,25,Male,Canada,7/5/2020,Monthly
s31100,Lucas Verma,21,Female,Canada,11/10/2020,Yearly
s31101,Riya Singh,37,Other,USA,10/13/2021,Monthly
s31102,Eva Singh,54,Other,Germany,2/11/2019,Yearly
s31103,Mia Moore,20,Other,UK,6/15/2021,Free
s31104,Aarav Clark,19,Other,UK,1/7/2020,Yearly
s31105,Noah Clark,19,Male,Australia,10/9/2020,Free
s31106,Emma Hall,43,Male,USA,7/31/2022,Free
s31107,Liam Clark,19,Female,UK,8/12/2021,Free
s31108,Emma Brown,24,Other,Australia,11/27/2021,Free
s31109,Emma Verma,20,Other,Australia,12/2/2019,Monthly
s31110,Liam Hall,25,Other,India,7/14/2022,Free
s31111,Ethan Anderson,67,Male,USA,7/18/2022,Free
s31112,Liam Lewis,20,Other,USA,10/5/2022,Monthly
s31113,Lucas Thomas,20,Male,India,1/8/2020,Free
s31114,Ethan Lee,29,Male,UK,9/18/2022,Yearly
s31115,Aarav Hall,21,Other,Germany,7/13/2021,Monthly
s31116,Karan Sharma,20,Male,USA,6/11/2020,Free
s31117,Olivia Smith,47,Female,Canada,1/3/2021,Yearly
s31118,Ethan Walker,27,Other,Germany,5/15/2022,Monthly
s31119,Riya Lewis,45,Male,Canada,6/8/2019,Yearly
s31120,Arjun Taylor,47,Other,India,11/20/2021,Monthly
s31121,Noah Wilson,43,Female,Australia,5/19/2019,Free
s31122,Emma Martin,42,Female,UK,2/4/2019,Yearly
s31123,Isabella Thomas,18,Male,India,11/9/2019,Free
s31124,Sophia Davis,22,Female,Germany,9/4/2021,Yearly
s31125,Ethan Smith,20,Other,USA,7/27/2019,Yearly
s31126,Meera Johnson,18,Female,UK,8/5/2020,Monthly
s31127,Zara Walker,42,Male,India,4/22/2022,Yearly
s31128,Aanya Davis,21,Female,Canada,7/25/2021,Yearly
s31129,Mia Lee,46,Other,Canada,1/11/2019,Free
s31130,Aarav Martin,22,Female,India,4/29/2019,Monthly
s31131,Meera Wilson,66,Female,Australia,1/3/2022,Free
s31132,Lucas Anderson,29,Male,UK,10/26/2019,Yearly
s31133,Liam Hall,25,Female,Canada,7/22/2022,Monthly
s31134,Eva Verma,22,Male,India,11/4/2019,Free
s31135,Liam Smith,25,Other,India,2/18/2020,Yearly
s31136,Noah Patel,22,Male,Canada,8/10/2020,Yearly
s31137,Noah Walker,45,Other,India,1/13/2019,Yearly
s31138,Emma Moore,52,Other,Germany,10/20/2022,Yearly
s31139,Aarav Sharma,20,Male,USA,10/21/2019,Yearly
s31140,Riya Singh,26,Female,India,3/6/2019,Yearly
s31141,Amelia Brown,23,Female,Germany,2/22/2022,Yearly
s31142,Noah Singh,23,Male,Canada,10/20/2020,Monthly
s31143,Amelia Verma,34,Other,Germany,8/4/2019,Yearly
s31144,Amelia Lee,18,Female,Australia,8/24/2022,Free
s31145,Arjun Verma,23,Male,India,10/23/2021,Monthly
s31146,Amelia Miller,22,Other,Australia,4/7/2021,Monthly
s31147,Noah Singh,18,Other,India,6/30/2022,Monthly
s31148,Lucas Patel,20,Male,USA,5/22/2022,Free
s31149,Olivia Singh,46,Other,USA,2/3/2022,Free
s31150,Aanya Singh,20,Male,India,5/21/2019,Monthly
s31151,Aarav Moore,27,Female,Germany,3/4/2022,Monthly
s31152,Aarav Singh,25,Female,Australia,5/13/2019,Free
s31153,Vihaan Lee,21,Male,USA,1/11/2021,Monthly
s31154,Eva Brown,23,Male,India,1/3/2021,Free
s31155,Ethan Lee,26,Male,India,5/2/2019,Free
s31156,Aanya Taylor,34,Female,India,3/31/2019,Yearly
s31157,Isabella Sharma,38,Male,Canada,7/7/2021,Free
s31158,Amelia Miller,18,Female,Australia,7/17/2019,Free
s31159,Benjamin Walker,43,Female,Canada,1/12/2021,Monthly
s31160,Ethan Smith,20,Other,Canada,8/29/2020,Yearly
s31161,Noah Moore,27,Other,Australia,7/21/2019,Yearly
s31162,Sophia Walker,25,Male,UK,7/8/2022,Yearly
s31163,Liam Moore,26,Other,UK,2/18/2020,Yearly
s31164,Eva Patel,52,Male,USA,5/3/2022,Yearly
s31165,Benjamin Miller,46,Male,India,11/3/2020,Yearly
s31166,Ethan Miller,19,Female,USA,3/2/2020,Monthly
s31167,Vihaan Miller,23,Female,UK,9/16/2022,Yearly
s31168,Eva Smith,21,Other,India,1/19/2022,Monthly
s31169,Noah Miller,49,Female,UK,9/16/2021,Yearly
s31170,Vihaan Patel,27,Other,USA,12/9/2021,Monthly
s31171,Riya Johnson,18,Male,UK,8/11/2019,Monthly
s31172,Benjamin Thomas,42,Other,Germany,5/29/2021,Yearly
s31173,Aarav Brown,27,Other,India,10/27/2021,Yearly
s31174,Aarav Anderson,25,Male,UK,8/7/2022,Yearly
s31175,Arjun Taylor,29,Other,UK,5/15/2022,Free
s31176,Meera Wilson,25,Male,UK,2/10/2022,Monthly
s31177,Isabella Martin,18,Other,India,9/5/2021,Yearly
s31178,Emma Hall,46,Male,India,4/7/2020,Monthly
s31179,Karan Moore,21,Other,USA,8/23/2021,Yearly
s31180,Mia Moore,62,Female,USA,3/24/2019,Yearly
s31181,Aanya Sharma,22,Male,Canada,1/5/2020,Free
s31182,Mia Thomas,41,Female,India,12/4/2019,Free
s31183,Isabella Miller,29,Female,UK,7/19/2019,Yearly
s31184,Lucas Moore,35,Female,USA,9/29/2021,Monthly
s31185,Isabella Taylor,23,Male,Canada,6/22/2021,Yearly
s31186,Noah Walker,24,Other,Germany,12/19/2020,Free
s31187,Meera Smith,28,Female,Germany,6/7/2020,Yearly
s31188,Zara Patel,33,Female,UK,4/30/2020,Yearly
s31189,Karan Martin,19,Male,Canada,6/26/2020,Free
s31190,Mia Brown,21,Female,UK,7/15/2020,Yearly
s31191,Ethan Sharma,49,Other,USA,6/13/2022,Free
s31192,Isabella Lewis,33,Other,Australia,3/13/2022,Free
s31193,Ethan Wilson,46,Male,Canada,5/29/2020,Monthly
s31194,Ethan Clark,21,Female,Germany,4/3/2020,Free
s31195,Emma Martin,27,Other,India,1/19/2021,Yearly
s31196,Olivia Wilson,24,Male,USA,5/14/2021,Monthly
s31197,Emma Lee,19,Female,India,3/28/2022,Yearly
s31198,Meera Brown,29,Male,USA,7/2/2020,Free
s31199,Lucas Taylor,22,Male,Australia,5/18/2019,Monthly
s31200,Liam Verma,18,Male,Germany,7/16/2021,Monthly
s31201,Liam Davis,25,Other,India,12/4/2022,Yearly
s31202,Meera Davis,26,Other,India,1/6/2020,Free
s31203,Ethan Martin,33,Other,Australia,7/16/2019,Monthly
s31204,Aarav Sharma,19,Female,Germany,5/18/2022,Free
s31205,Riya Moore,45,Female,Germany,1/23/2021,Yearly
s31206,Amelia Thomas,24,Male,India,10/23/2019,Yearly
s31207,Meera Wilson,29,Female,UK,1/27/2022,Monthly
s31208,Sophia Patel,38,Other,India,3/22/2019,Free
s31209,Meera Martin,26,Male,Australia,4/29/2020,Monthly
s31210,Liam Wilson,25,Other,Australia,6/25/2022,Yearly
s31211,Sophia Thomas,35,Female,Australia,1/3/2021,Yearly
s31212,Meera Singh,19,Male,Canada,8/2/2019,Yearly
s31213,Liam Hall,21,Male,UK,4/25/2021,Yearly
s31214,Isabella Lewis,20,Male,USA,12/6/2020,Yearly
s31215,Sophia Clark,43,Female,Canada,10/16/2022,Monthly
s31216,Emma Moore,27,Male,Canada,12/30/2022,Monthly
s31217,Karan Clark,30,Male,India,8/3/2019,Monthly
s31218,Noah Wilson,42,Male,India,6/10/2022,Monthly
s31219,Amelia Sharma,24,Other,India,4/23/2022,Monthly
s31220,Benjamin Wilson,23,Male,Canada,5/15/2022,Yearly
s31221,Meera Martin,56,Other,Germany,12/24/2021,Monthly
s31222,Aanya Smith,32,Female,Germany,9/27/2021,Yearly
s31223,Aanya Clark,20,Other,USA,1/3/2020,Yearly
s31224,Arjun Wilson,46,Female,Germany,1/7/2022,Monthly
s31225,Vihaan Sharma,21,Female,India,8/29/2022,Yearly
s31226,Aanya Clark,22,Other,Germany,3/21/2020,Free
s31227,Olivia Singh,20,Other,Canada,5/21/2019,Free
s31228,Aanya Johnson,18,Male,UK,6/30/2022,Yearly
s31229,Olivia Wilson,21,Male,Australia,4/10/2022,Monthly
s31230,Meera Verma,43,Male,USA,3/20/2019,Free
s31231,Mia Smith,25,Female,Australia,10/13/2019,Free
s31232,Zara Moore,27,Other,Canada,5/14/2019,Monthly
s31233,Ethan Taylor,19,Other,Germany,9/3/2022,Monthly
s31234,Meera Clark,21,Female,USA,7/27/2021,Monthly
s31235,Riya Lee,27,Female,Germany,5/25/2019,Yearly
s31236,Sophia Clark,22,Male,Germany,11/14/2022,Yearly
s31237,Zara Anderson,47,Other,UK,12/18/2021,Free
s31238,Olivia Lewis,59,Other,India,10/3/2021,Free
s31239,Sophia Brown,23,Male,Australia,1/22/2019,Free
s31240,Aarav Johnson,27,Male,India,4/25/2020,Yearly
s31241,Benjamin Walker,25,Male,UK,1/18/2020,Free
s31242,Karan Clark,22,Female,Australia,6/17/2019,Yearly
s31243,Olivia Brown,27,Female,India,12/15/2021,Monthly
s31244,Sophia Lewis,40,Other,UK,8/8/2021,Free
s31245,Sophia Walker,26,Female,UK,6/29/2022,Monthly
s31246,Emma Singh,43,Female,Canada,11/15/2020,Yearly
s31247,Olivia Taylor,22,Male,India,3/24/2019,Monthly
s31248,Ethan Thomas,50,Male,UK,12/19/2019,Free
s31249,Mia Clark,20,Male,Germany,12/28/2022,Free
s31250,Amelia Verma,42,Other,India,12/13/2019,Monthly
s31251,Lucas Wilson,20,Other,UK,7/10/2021,Yearly
s31252,Vihaan Martin,44,Other,India,7/14/2020,Yearly
s31253,Ethan Johnson,39,Female,India,8/28/2021,Free
s31254,Lucas Hall,25,Male,Germany,5/31/2021,Free
s31255,Sophia Lee,35,Female,UK,2/13/2019,Yearly
s31256,Karan Walker,21,Other,Canada,9/30/2022,Yearly
s31257,Riya Taylor,22,Other,Australia,10/2/2022,Free
s31258,Zara Miller,36,Male,Germany,4/2/2019,Free
s31259,Karan Thomas,22,Male,India,7/25/2020,Free
s31260,Ethan Verma,25,Other,Germany,9/4/2022,Free
s31261,Benjamin Thomas,27,Male,Germany,12/20/2022,Free
s31262,Isabella Patel,27,Female,UK,2/24/2019,Yearly
s31263,Aarav Verma,23,Other,Canada,1/13/2022,Monthly
s31264,Vihaan Thomas,20,Female,Canada,4/28/2019,Monthly
s31265,Ethan Brown,19,Male,UK,12/19/2020,Yearly
s31266,Emma Hall,21,Male,Germany,12/26/2022,Monthly
s31267,Arjun Johnson,27,Male,Australia,2/14/2020,Free
s31268,Noah Sharma,36,Male,USA,11/3/2022,Free
s31269,Amelia Anderson,18,Female,UK,5/12/2021,Free
s31270,Amelia Wilson,27,Other,UK,3/19/2022,Monthly
s31271,Mia Hall,18,Female,UK,8/2/2022,Yearly
s31272,Arjun Wilson,25,Female,India,1/14/2022,Monthly
s31273,Olivia Martin,51,Other,USA,8/8/2019,Yearly
s31274,Riya Wilson,21,Female,UK,8/16/2019,Free
s31275,Riya Davis,34,Other,Australia,10/26/2021,Monthly
s31276,Zara Davis,18,Other,India,10/31/2019,Monthly
s31277,Sophia Singh,23,Other,Canada,1/18/2021,Free
s31278,Ethan Verma,53,Female,Australia,7/6/2022,Yearly
s31279,Noah Moore,27,Other,Canada,12/13/2020,Yearly
s31280,Lucas Taylor,22,Male,UK,4/19/2020,Monthly
s31281,Arjun Taylor,25,Other,India,3/17/2022,Monthly
s31282,Isabella Hall,27,Male,USA,5/31/2022,Monthly
s31283,Lucas Sharma,63,Female,UK,12/5/2022,Monthly
s31284,Meera Martin,22,Female,Australia,6/20/2022,Yearly
s31285,Noah Taylor,22,Other,India,5/16/2021,Monthly
s31286,Mia Lewis,35,Female,USA,4/13/2020,Yearly
s31287,Ethan Johnson,49,Other,Australia,11/8/2022,Free
s31288,Ethan Johnson,54,Female,Canada,6/17/2019,Yearly
s31289,Zara Walker,24,Other,USA,4/28/2019,Monthly
s31290,Noah Patel,18,Male,Germany,3/31/2019,Free
s31291,Zara Patel,23,Other,Australia,8/31/2022,Free
s31292,Aarav Hall,21,Male,Australia,5/23/2020,Monthly
s31293,Vihaan Patel,35,Male,USA,2/5/2022,Monthly
s31294,Aanya Sharma,24,Other,UK,2/12/2020,Monthly
s31295,Mia Singh,20,Female,Canada,10/29/2020,Free
s31296,Sophia Singh,42,Other,USA,12/27/2022,Yearly
s31297,Sophia Lewis,27,Male,Canada,11/1/2020,Yearly
s31298,Riya Smith,41,Female,India,2/20/2021,Yearly
s31299,Vihaan Taylor,22,Other,USA,5/15/2019,Yearly
s31300,Sophia Brown,24,Male,Germany,5/17/2021,Monthly
s31301,Aarav Thomas,28,Female,USA,3/15/2020,Monthly
s31302,Benjamin Verma,26,Male,Germany,8/16/2019,Yearly
s31303,Riya Verma,31,Female,Australia,2/20/2021,Yearly
s31304,Aanya Wilson,27,Male,Germany,9/2/2020,Monthly
s31305,Riya Martin,23,Other,UK,4/27/2020,Yearly
s31306,Sophia Verma,25,Other,India,11/13/2022,Yearly
s31307,Zara Walker,22,Male,Canada,1/20/2022,Free
s31308,Arjun Taylor,24,Male,Germany,5/25/2022,Monthly
s31309,Lucas Lee,27,Female,Australia,8/23/2020,Yearly
s31310,Karan Miller,43,Other,Germany,7/9/2021,Monthly
s31311,Liam Wilson,39,Male,USA,3/18/2019,Monthly
s31312,Lucas Lee,21,Male,India,12/26/2021,Yearly
s31313,Liam Martin,26,Male,Canada,8/25/2019,Monthly
s31314,Liam Anderson,34,Female,Australia,11/2/2021,Monthly
s31315,Riya Anderson,18,Female,Canada,10/22/2022,Yearly
s31316,Meera Wilson,31,Male,India,4/18/2022,Yearly
s31317,Meera Anderson,18,Other,India,12/25/2019,Free
s31318,Isabella Moore,24,Male,Germany,10/30/2020,Free
s31319,Eva Thomas,21,Female,Canada,10/16/2020,Monthly
s31320,Eva Walker,24,Male,Australia,2/19/2019,Free
s31321,Benjamin Lewis,26,Male,Germany,1/29/2021,Monthly
s31322,Mia Miller,23,Female,USA,2/14/2020,Yearly
s31323,Benjamin Sharma,50,Other,India,4/24/2019,Monthly
s31324,Aanya Martin,38,Male,Australia,2/20/2020,Free
s31325,Aarav Anderson,26,Male,Germany,8/14/2020,Yearly
s31326,Ethan Brown,22,Male,Canada,8/8/2020,Yearly
s31327,Zara Sharma,44,Female,India,6/22/2021,Monthly
s31328,Sophia Sharma,22,Other,Germany,4/4/2021,Free
s31329,Mia Davis,25,Female,Canada,5/20/2021,Yearly
s31330,Vihaan Davis,25,Other,USA,7/5/2019,Yearly
s31331,Lucas Thomas,22,Other,India,12/19/2020,Yearly
s31332,Liam Wilson,27,Female,USA,9/15/2020,Free
s31333,Vihaan Hall,41,Male,UK,6/26/2019,Monthly
s31334,Sophia Walker,22,Male,Canada,6/18/2021,Monthly
s31335,Meera Davis,18,Other,India,6/1/2021,Free
s31336,Amelia Verma,24,Female,USA,11/12/2022,Free
s31337,Emma Miller,20,Male,India,4/21/2019,Free
s31338,Mia Singh,21,Other,UK,1/8/2021,Free
s31339,Karan Thomas,18,Female,Australia,1/18/2019,Monthly
s31340,Noah Martin,43,Female,UK,12/26/2021,Free
s31341,Emma Moore,19,Female,Australia,10/12/2022,Yearly
s31342,Aarav Lewis,26,Female,Germany,3/27/2022,Free
s31343,Meera Verma,29,Male,Australia,4/18/2020,Monthly
s31344,Meera Martin,21,Other,USA,8/14/2020,Yearly
s31345,Eva Sharma,43,Other,USA,4/4/2022,Free
s31346,Benjamin Anderson,33,Female,UK,4/15/2020,Free
s31347,Benjamin Thomas,25,Other,USA,10/6/2020,Monthly
s31348,Aarav Davis,41,Other,Canada,11/27/2022,Free
s31349,Karan Hall,26,Male,Australia,12/9/2019,Free
s31350,Olivia Clark,37,Female,India,11/11/2020,Monthly
s31351,Emma Martin,39,Other,Australia,5/29/2021,Free
s31352,Karan Walker,27,Female,UK,11/24/2019,Yearly
s31353,Karan Brown,24,Other,UK,1/26/2022,Monthly
s31354,Benjamin Johnson,45,Male,Australia,1/19/2022,Free
s31355,Amelia Johnson,41,Male,Canada,11/26/2019,Yearly
s31356,Liam Smith,34,Other,USA,6/3/2021,Yearly
s31357,Arjun Davis,21,Female,India,11/8/2019,Monthly
s31358,Olivia Clark,22,Male,Germany,3/13/2021,Free
s31359,Liam Miller,22,Other,India,12/9/2019,Yearly
s31360,Mia Moore,26,Other,India,1/6/2020,Yearly
s31361,Vihaan Singh,21,Male,India,3/30/2020,Free
s31362,Eva Brown,31,Other,India,6/28/2022,Monthly
s31363,Karan Lee,22,Other,India,3/26/2020,Yearly
s31364,Meera Brown,26,Other,India,11/11/2021,Free
s31365,Isabella Taylor,49,Male,Canada,1/3/2019,Yearly
s31366,Isabella Singh,21,Male,UK,7/4/2020,Yearly
s31367,Benjamin Martin,18,Other,Germany,2/18/2020,Yearly
s31368,Isabella Miller,37,Female,India,9/13/2019,Monthly
s31369,Karan Johnson,22,Male,Germany,4/2/2022,Yearly
s31370,Sophia Lee,20,Female,Canada,7/27/2019,Yearly
s31371,Lucas Thomas,19,Other,Germany,8/7/2020,Yearly
s31372,Noah Sharma,44,Other,Australia,9/1/2019,Monthly
s31373,Mia Johnson,25,Male,India,5/24/2021,Yearly
s31374,Arjun Lewis,23,Other,Canada,1/2/2022,Monthly
s31375,Amelia Clark,46,Female,Australia,12/12/2019,Free
s31376,Arjun Smith,27,Male,UK,10/1/2019,Free
s31377,Meera Singh,48,Male,UK,10/23/2020,Free
s31378,Riya Smith,25,Male,India,3/1/2020,Monthly
s31379,Zara Clark,21,Male,Canada,11/12/2022,Free
s31380,Vihaan Lewis,18,Male,India,10/7/2021,Yearly
s31381,Benjamin Hall,22,Female,Canada,9/4/2022,Yearly
s31382,Lucas Clark,42,Male,USA,9/29/2020,Yearly
s31383,Ethan Moore,25,Female,India,8/17/2020,Monthly
s31384,Vihaan Miller,33,Other,UK,6/17/2022,Yearly
s31385,Vihaan Clark,26,Other,Canada,10/31/2021,Monthly
s31386,Karan Moore,40,Male,Australia,1/26/2019,Monthly
s31387,Meera Sharma,18,Male,India,9/12/2020,Monthly
s31388,Olivia Hall,23,Other,Australia,3/16/2020,Free
s31389,Meera Miller,66,Female,India,9/26/2020,Monthly
s31390,Riya Sharma,27,Male,Germany,7/23/2021,Yearly
s31391,Ethan Davis,37,Female,Australia,1/9/2022,Yearly
s31392,Aarav Miller,24,Female,UK,3/21/2021,Yearly
s31393,Ethan Johnson,36,Female,Australia,8/20/2020,Monthly
s31394,Olivia Smith,39,Other,Australia,5/13/2022,Monthly
s31395,Mia Taylor,23,Female,Australia,9/29/2020,Free
s31396,Arjun Walker,45,Other,USA,6/24/2020,Monthly
s31397,Liam Patel,20,Other,Canada,9/20/2020,Yearly
s31398,Mia Lewis,25,Other,India,1/20/2022,Yearly
s31399,Vihaan Singh,23,Female,India,12/27/2021,Free
s31400,Isabella Singh,38,Other,Australia,9/18/2020,Monthly
s31401,Karan Martin,22,Female,Germany,4/1/2019,Yearly
s31402,Ethan Moore,21,Female,Germany,5/22/2020,Yearly
s31403,Aanya Walker,34,Female,Germany,11/8/2020,Yearly
s31404,Aarav Martin,20,Male,Canada,5/22/2022,Yearly
s31405,Arjun Sharma,23,Female,Australia,11/14/2022,Free
s31406,Karan Thomas,44,Male,USA,7/20/2021,Free
s31407,Emma Martin,27,Other,Australia,10/24/2019,Yearly
s31408,Noah Wilson,21,Other,Australia,1/4/2019,Free
s31409,Aarav Martin,24,Other,Canada,11/22/2021,Free
s31410,Vihaan Davis,45,Other,USA,2/15/2022,Free
s31411,Aanya Wilson,19,Female,Germany,10/24/2022,Yearly
s31412,Lucas Sharma,25,Female,Germany,3/18/2019,Free
s31413,Emma Johnson,18,Other,India,8/2/2020,Monthly
s31414,Isabella Martin,44,Female,India,6/3/2020,Free
s31415,Ethan Anderson,23,Male,Australia,8/14/2019,Monthly
s31416,Sophia Johnson,25,Male,Australia,8/13/2021,Yearly
s31417,Aanya Verma,35,Female,UK,10/19/2019,Monthly
s31418,Riya Moore,23,Male,Canada,8/9/2022,Free
s31419,Arjun Verma,33,Female,Germany,3/21/2021,Free
s31420,Arjun Thomas,40,Female,Australia,6/28/2020,Monthly
s31421,Zara Lee,33,Other,Germany,6/14/2022,Free
s31422,Ethan Thomas,27,Female,Australia,12/30/2022,Free
s31423,Meera Patel,40,Male,Canada,9/2/2021,Monthly
s31424,Eva Brown,43,Other,Germany,4/1/2020,Yearly
s31425,Sophia Lewis,22,Male,India,5/15/2020,Monthly
s31426,Mia Verma,27,Male,India,10/13/2019,Free
s31427,Riya Miller,27,Other,UK,11/3/2020,Monthly
s31428,Zara Patel,38,Male,Australia,12/13/2020,Free
s31429,Arjun Johnson,44,Male,India,6/12/2022,Monthly
s31430,Emma Martin,21,Male,UK,5/8/2020,Monthly
s31431,Zara Johnson,18,Female,Australia,12/17/2021,Yearly
s31432,Vihaan Taylor,26,Female,UK,4/29/2021,Monthly
s31433,Amelia Johnson,26,Male,India,3/14/2021,Yearly
s31434,Isabella Johnson,24,Other,USA,12/22/2020,Monthly
s31435,Karan Taylor,67,Female,Australia,11/2/2020,Yearly
s31436,Liam Moore,21,Female,Germany,6/8/2022,Monthly
s31437,Meera Wilson,26,Female,Australia,2/21/2021,Free
s31438,Vihaan Smith,21,Female,USA,1/29/2021,Yearly
s31439,Amelia Lewis,27,Male,USA,8/11/2020,Monthly
s31440,Vihaan Lee,44,Other,Australia,7/9/2022,Monthly
s31441,Zara Walker,27,Male,Australia,4/26/2019,Free
s31442,Meera Moore,39,Other,Australia,12/5/2019,Yearly
s31443,Emma Walker,18,Male,Germany,2/13/2020,Monthly
s31444,Aanya Moore,28,Male,Canada,12/29/2019,Monthly
s31445,Liam Thomas,20,Male,UK,11/13/2019,Yearly
s31446,Olivia Lee,32,Other,UK,6/29/2019,Monthly
s31447,Mia Singh,25,Other,USA,9/18/2020,Free
s31448,Lucas Thomas,26,Female,Australia,2/19/2021,Monthly
s31449,Zara Martin,62,Male,Canada,9/6/2020,Monthly
s31450,Aarav Verma,55,Male,Canada,5/30/2021,Free
s31451,Aarav Sharma,27,Female,India,2/22/2019,Free
s31452,Amelia Hall,55,Female,India,11/18/2022,Yearly
s31453,Meera Martin,27,Male,Germany,11/20/2019,Free
s31454,Ethan Martin,22,Other,Germany,8/2/2021,Monthly
s31455,Arjun Moore,53,Male,Australia,4/2/2019,Yearly
s31456,Vihaan Moore,21,Male,Germany,12/13/2019,Yearly
s31457,Noah Moore,47,Female,Australia,7/9/2020,Monthly
s31458,Liam Singh,44,Other,Canada,9/11/2021,Yearly
s31459,Amelia Brown,36,Female,Australia,12/27/2019,Yearly
s31460,Olivia Lewis,19,Other,Canada,11/13/2021,Yearly
s31461,Olivia Martin,21,Female,Australia,9/23/2022,Yearly
s31462,Emma Walker,23,Male,Canada,9/25/2022,Yearly
s31463,Isabella Smith,30,Male,Australia,9/11/2022,Monthly
s31464,Karan Verma,18,Male,India,12/8/2021,Monthly
s31465,Amelia Patel,52,Female,Australia,12/28/2019,Yearly
s31466,Amelia Lee,20,Other,USA,12/3/2019,Yearly
s31467,Amelia Hall,22,Female,Germany,2/5/2022,Yearly
s31468,Arjun Lewis,27,Other,India,10/11/2020,Free
s31469,Sophia Moore,25,Female,Australia,2/27/2021,Yearly
s31470,Olivia Singh,21,Other,UK,5/8/2020,Free
s31471,Sophia Hall,51,Other,Germany,7/28/2022,Free
s31472,Aarav Miller,27,Male,Canada,1/12/2021,Free
s31473,Liam Thomas,23,Other,Canada,4/28/2020,Yearly
s31474,Sophia Smith,27,Other,Australia,4/11/2019,Yearly
s31475,Aanya Verma,65,Other,Germany,8/22/2019,Free
s31476,Emma Lee,63,Male,Australia,2/11/2022,Yearly
s31477,Riya Lewis,22,Female,India,2/11/2019,Monthly
s31478,Aanya Singh,27,Other,Germany,8/19/2019,Yearly
s31479,Mia Johnson,19,Female,UK,2/24/2020,Free
s31480,Isabella Moore,41,Other,UK,3/16/2019,Monthly
s31481,Zara Martin,27,Other,UK,8/9/2019,Free
s31482,Aanya Johnson,26,Male,UK,1/7/2022,Free
s31483,Meera Clark,47,Female,India,6/13/2019,Monthly
s31484,Eva Singh,50,Male,UK,9/21/2020,Monthly
s31485,Isabella Verma,18,Female,USA,4/21/2020,Yearly
s31486,Lucas Martin,43,Male,India,12/8/2021,Free
s31487,Olivia Martin,49,Male,Canada,6/5/2021,Free
s31488,Meera Davis,19,Other,UK,11/4/2021,Yearly
s31489,Arjun Taylor,41,Female,USA,11/20/2021,Monthly
s31490,Isabella Taylor,21,Other,Australia,11/16/2021,Yearly
s31491,Eva Brown,43,Male,Germany,8/6/2019,Yearly
s31492,Aanya Wilson,19,Female,Germany,4/14/2022,Free
s31493,Ethan Verma,22,Female,USA,6/20/2019,Free
s31494,Lucas Lewis,18,Female,Australia,3/1/2021,Yearly
s31495,Olivia Patel,42,Other,Australia,12/4/2019,Free
s31496,Benjamin Taylor,21,Male,USA,9/18/2022,Free
s31497,Liam Singh,21,Female,Canada,12/20/2021,Yearly
s31498,Meera Davis,20,Female,Australia,7/11/2021,Free
s31499,Karan Lewis,43,Female,USA,12/17/2021,Yearly
s31500,Arjun Davis,42,Female,Canada,9/19/2020,Free
s31501,Zara Lewis,39,Female,UK,7/22/2021,Free
s31502,Sophia Patel,24,Male,India,6/27/2022,Monthly
s31503,Emma Verma,27,Male,Australia,6/8/2021,Free
s31504,Isabella Patel,20,Male,USA,7/15/2019,Free
s31505,Zara Smith,26,Male,USA,12/15/2019,Yearly
s31506,Liam Patel,27,Other,UK,1/14/2019,Yearly
s31507,Vihaan Wilson,23,Male,UK,5/15/2021,Monthly
s31508,Emma Martin,24,Female,Germany,6/13/2021,Monthly
s31509,Liam Sharma,19,Male,Canada,5/19/2019,Free
s31510,Zara Moore,19,Other,Canada,9/6/2021,Yearly
s31511,Sophia Smith,24,Male,UK,10/7/2022,Free
s31512,Emma Smith,31,Female,UK,4/28/2021,Monthly
s31513,Amelia Thomas,37,Other,Australia,3/4/2019,Yearly
s31514,Riya Davis,19,Male,UK,4/21/2019,Monthly
s31515,Ethan Lewis,23,Male,Australia,5/11/2020,Yearly
s31516,Olivia Walker,37,Other,UK,12/16/2021,Yearly
s31517,Aanya Lee,26,Male,Australia,3/15/2022,Yearly
s31518,Liam Sharma,30,Female,USA,10/11/2022,Free
s31519,Amelia Hall,31,Other,India,4/18/2020,Free
s31520,Noah Sharma,30,Other,UK,10/30/2019,Free
s31521,Meera Miller,55,Male,India,1/9/2022,Yearly
s31522,Meera Martin,67,Other,India,3/5/2022,Free
s31523,Mia Verma,21,Female,Germany,3/6/2020,Monthly
s31524,Olivia Johnson,29,Female,Germany,8/12/2020,Yearly
s31525,Liam Moore,23,Other,Australia,10/4/2022,Free
s31526,Zara Singh,21,Other,USA,8/27/2019,Free
s31527,Olivia Walker,38,Other,Germany,7/15/2020,Monthly
s31528,Riya Sharma,36,Male,Australia,7/23/2020,Yearly
s31529,Isabella Wilson,20,Other,Canada,12/6/2019,Yearly
s31530,Eva Verma,32,Male,Canada,2/22/2019,Monthly
s31531,Liam Anderson,18,Female,Australia,7/14/2022,Yearly
s31532,Sophia Davis,24,Male,Australia,10/29/2019,Yearly
s31533,Liam Wilson,23,Female,Canada,11/27/2019,Monthly
s31534,Aarav Walker,20,Female,Canada,10/12/2022,Monthly
s31535,Benjamin Wilson,23,Female,Germany,11/7/2020,Free
s31536,Olivia Lee,22,Female,Australia,10/8/2019,Free
s31537,Ethan Patel,60,Other,UK,5/16/2019,Monthly
s31538,Amelia Lee,28,Other,USA,3/15/2019,Yearly
s31539,Amelia Martin,22,Male,Canada,1/17/2020,Yearly
s31540,Noah Walker,23,Other,USA,6/25/2021,Monthly
s31541,Aarav Verma,27,Male,UK,10/15/2020,Monthly
s31542,Lucas Hall,26,Other,India,6/30/2022,Yearly
s31543,Aanya Thomas,27,Male,Canada,9/15/2019,Free
s31544,Riya Thomas,55,Male,Canada,7/30/2020,Free
s31545,Emma Walker,27,Other,Germany,5/29/2020,Free
s31546,Olivia Anderson,26,Female,Germany,7/15/2021,Free
s31547,Eva Lee,18,Other,Australia,9/15/2021,Free
s31548,Zara Singh,18,Other,Canada,10/29/2021,Yearly
s31549,Emma Moore,18,Male,Australia,1/26/2021,Monthly
s31550,Benjamin Martin,24,Female,USA,6/14/2022,Free
s31551,Ethan Clark,43,Other,UK,2/26/2022,Free
s31552,Noah Thomas,40,Other,Australia,6/9/2021,Free
s31553,Amelia Lewis,19,Female,Australia,7/22/2019,Free
s31554,Riya Thomas,26,Other,Canada,3/14/2020,Yearly
s31555,Aarav Johnson,20,Female,India,10/6/2021,Monthly
s31556,Vihaan Miller,21,Female,UK,10/2/2020,Free
s31557,Lucas Hall,47,Female,Germany,9/18/2019,Monthly
s31558,Arjun Verma,19,Female,USA,8/15/2021,Monthly
s31559,Zara Moore,22,Male,Germany,12/10/2021,Monthly
s31560,Benjamin Taylor,19,Other,UK,7/5/2019,Monthly
s31561,Liam Anderson,38,Male,Australia,8/7/2022,Yearly
s31562,Emma Sharma,35,Other,USA,12/13/2021,Yearly
s31563,Noah Lee,26,Male,USA,7/29/2020,Free
s31564,Ethan Johnson,55,Female,Germany,5/21/2019,Yearly
s31565,Olivia Verma,44,Male,Australia,9/21/2019,Yearly
s31566,Sophia Martin,46,Male,UK,7/19/2020,Free
s31567,Amelia Clark,24,Female,USA,3/4/2019,Monthly
s31568,Liam Anderson,36,Female,Canada,3/27/2020,Yearly
s31569,Isabella Davis,19,Female,Germany,3/20/2022,Yearly
s31570,Noah Clark,32,Male,Canada,10/21/2019,Yearly
s31571,Eva Moore,27,Male,UK,8/29/2021,Yearly
s31572,Isabella Miller,27,Other,UK,3/10/2020,Yearly
s31573,Amelia Singh,27,Male,UK,11/29/2019,Free
s31574,Mia Singh,60,Female,UK,4/11/2020,Monthly
s31575,Aarav Verma,23,Other,USA,7/25/2021,Monthly
s31576,Riya Patel,19,Male,USA,5/8/2019,Monthly
s31577,Eva Walker,20,Male,India,3/22/2020,Monthly
s31578,Ethan Miller,20,Male,USA,11/29/2021,Monthly
s31579,Emma Hall,59,Female,Australia,6/2/2022,Free
s31580,Liam Wilson,24,Female,USA,8/21/2021,Monthly
s31581,Emma Sharma,24,Female,Canada,11/26/2021,Yearly
s31582,Vihaan Brown,26,Other,USA,12/16/2021,Yearly
s31583,Liam Clark,39,Male,UK,7/6/2022,Free
s31584,Meera Clark,22,Female,Germany,1/19/2022,Yearly
s31585,Mia Verma,27,Male,USA,11/13/2022,Free
s31586,Benjamin Martin,24,Female,USA,7/25/2020,Yearly
s31587,Karan Clark,42,Female,UK,5/19/2021,Free
s31588,Eva Davis,18,Male,USA,7/3/2021,Yearly
s31589,Aanya Sharma,21,Female,Germany,7/1/2020,Monthly
s31590,Karan Lewis,42,Male,Germany,4/27/2020,Free
s31591,Ethan Thomas,19,Male,Germany,10/12/2022,Monthly
s31592,Meera Moore,28,Female,Australia,3/26/2021,Free
s31593,Karan Lee,67,Female,UK,2/24/2021,Yearly
s31594,Mia Martin,24,Female,Canada,11/11/2022,Free
s31595,Liam Sharma,20,Male,Canada,1/3/2021,Monthly
s31596,Ethan Lee,18,Male,Germany,9/17/2019,Free
s31597,Noah Anderson,37,Female,USA,6/13/2022,Yearly
s31598,Liam Martin,36,Other,Australia,4/24/2022,Monthly
s31599,Liam Moore,26,Female,USA,2/13/2020,Free
s31600,Emma Davis,31,Other,Germany,2/23/2021,Yearly
s31601,Amelia Lewis,19,Male,Canada,10/8/2022,Free
s31602,Vihaan Singh,24,Female,India,11/15/2022,Monthly
s31603,Emma Moore,33,Other,Germany,9/6/2021,Free
s31604,Liam Taylor,21,Male,Australia,1/27/2021,Free
s31605,Vihaan Singh,63,Male,India,1/16/2019,Monthly
s31606,Benjamin Brown,55,Female,USA,10/4/2020,Yearly
s31607,Amelia Walker,24,Female,Canada,12/1/2019,Monthly
s31608,Benjamin Verma,24,Female,Australia,8/10/2022,Monthly
s31609,Liam Moore,45,Male,Canada,10/6/2021,Monthly
s31610,Isabella Martin,18,Other,Canada,7/23/2021,Monthly
s31611,Ethan Thomas,23,Female,USA,5/19/2020,Monthly
s31612,Riya Smith,27,Female,Australia,4/26/2020,Free
s31613,Eva Brown,26,Male,Germany,8/23/2022,Free
s31614,Noah Lee,64,Female,UK,1/26/2021,Yearly
s31615,Sophia Johnson,45,Male,Canada,12/6/2020,Free
s31616,Ethan Wilson,31,Female,UK,8/20/2019,Monthly
s31617,Noah Lee,62,Male,Canada,8/15/2019,Monthly
s31618,Benjamin Anderson,67,Other,Australia,1/12/2020,Free
s31619,Eva Martin,19,Male,USA,1/30/2019,Monthly
s31620,Sophia Moore,18,Other,Germany,1/27/2019,Free
s31621,Riya Walker,26,Other,UK,7/11/2019,Yearly
s31622,Zara Anderson,26,Female,UK,2/23/2019,Monthly
s31623,Aanya Walker,21,Male,UK,7/22/2019,Yearly
s31624,Karan Brown,26,Other,India,2/26/2019,Monthly
s31625,Aarav Brown,19,Male,UK,10/13/2022,Free
s31626,Arjun Verma,60,Male,Germany,9/24/2020,Free
s31627,Arjun Thomas,30,Other,Canada,8/3/2021,Free
s31628,Ethan Davis,20,Male,Australia,1/5/2019,Yearly
s31629,Riya Miller,24,Female,UK,11/30/2019,Free
s31630,Isabella Anderson,27,Female,Canada,3/21/2020,Monthly
s31631,Sophia Lewis,20,Other,Australia,2/25/2020,Yearly
s31632,Liam Lewis,19,Other,Canada,5/14/2019,Free
s31633,Arjun Brown,66,Female,Canada,3/21/2020,Free
s31634,Ethan Taylor,27,Other,India,3/29/2021,Monthly
s31635,Lucas Miller,19,Female,USA,2/19/2022,Free
s31636,Eva Taylor,24,Female,Germany,6/4/2022,Yearly
s31637,Emma Thomas,22,Male,Germany,4/18/2022,Free
s31638,Riya Moore,34,Other,USA,10/8/2022,Free
s31639,Olivia Moore,57,Other,Australia,7/11/2019,Monthly
s31640,Isabella Miller,19,Male,India,1/9/2020,Yearly
s31641,Noah Lewis,21,Male,Germany,5/14/2022,Yearly
s31642,Aanya Hall,21,Other,USA,8/17/2021,Free
s31643,Arjun Moore,18,Other,USA,1/23/2020,Yearly
s31644,Noah Brown,63,Female,Canada,1/26/2022,Free
s31645,Liam Smith,21,Male,Canada,12/24/2019,Monthly
s31646,Arjun Miller,26,Other,UK,1/31/2021,Free
s31647,Isabella Sharma,22,Male,Canada,12/9/2022,Free
s31648,Eva Brown,45,Other,Canada,11/20/2021,Yearly
s31649,Noah Walker,22,Other,USA,11/5/2021,Monthly
s31650,Meera Brown,18,Female,India,7/10/2021,Monthly
s31651,Zara Singh,51,Other,Australia,11/5/2019,Free
s31652,Lucas Taylor,18,Other,USA,1/15/2020,Yearly
s31653,Isabella Thomas,18,Other,Canada,11/24/2021,Yearly
s31654,Olivia Lee,20,Female,USA,6/24/2019,Free
s31655,Isabella Verma,18,Male,USA,12/5/2020,Monthly
s31656,Isabella Hall,19,Female,USA,4/21/2020,Monthly
s31657,Emma Moore,20,Female,India,10/25/2019,Monthly
s31658,Arjun Verma,36,Other,UK,4/7/2020,Free
s31659,Meera Smith,24,Male,USA,8/26/2020,Yearly
s31660,Aanya Sharma,32,Other,India,5/15/2019,Free
s31661,Aanya Martin,35,Male,Canada,8/4/2019,Yearly
s31662,Zara Miller,19,Other,Germany,11/21/2021,Yearly
s31663,Aarav Davis,43,Male,USA,9/20/2022,Free
s31664,Mia Singh,61,Other,UK,2/7/2021,Monthly
s31665,Sophia Brown,39,Female,Canada,2/9/2022,Free
s31666,Aanya Wilson,37,Male,Germany,2/10/2020,Monthly
s31667,Aanya Anderson,23,Other,Germany,3/20/2020,Monthly
s31668,Arjun Martin,39,Male,USA,4/12/2019,Free
s31669,Meera Anderson,20,Female,Germany,10/8/2022,Free
s31670,Noah Taylor,22,Female,USA,1/13/2021,Yearly
s31671,Olivia Moore,34,Other,Germany,5/6/2020,Free
s31672,Vihaan Miller,39,Male,UK,9/1/2022,Monthly
s31673,Amelia Miller,35,Female,India,5/13/2019,Yearly
s31674,Zara Clark,22,Male,USA,3/15/2022,Monthly
s31675,Emma Johnson,21,Other,Germany,7/14/2019,Yearly
s31676,Sophia Hall,27,Other,UK,6/21/2019,Yearly
s31677,Mia Walker,26,Other,Australia,10/15/2021,Yearly
s31678,Zara Anderson,25,Other,India,3/21/2019,Yearly
s31679,Vihaan Patel,44,Other,USA,9/20/2019,Monthly
s31680,Olivia Singh,58,Female,USA,5/18/2019,Monthly
s31681,Karan Davis,27,Male,USA,2/22/2019,Monthly
s31682,Aanya Walker,33,Female,Canada,9/14/2020,Yearly
s31683,Ethan Patel,19,Female,USA,11/23/2022,Free
s31684,Eva Moore,49,Other,India,9/18/2020,Free
s31685,Noah Brown,20,Female,USA,2/15/2021,Free
s31686,Isabella Brown,24,Male,Australia,3/20/2022,Monthly
s31687,Eva Taylor,21,Other,India,1/2/2022,Yearly
s31688,Benjamin Martin,24,Female,USA,6/6/2022,Yearly
s31689,Aarav Walker,49,Female,USA,5/14/2020,Yearly
s31690,Sophia Sharma,27,Other,India,9/20/2019,Monthly
s31691,Aanya Johnson,25,Other,Germany,11/5/2020,Yearly
s31692,Arjun Lewis,31,Female,Australia,7/25/2022,Yearly
s31693,Aanya Patel,26,Other,Germany,9/30/2022,Monthly
s31694,Arjun Hall,30,Female,Canada,8/30/2020,Yearly
s31695,Zara Miller,22,Other,Australia,5/10/2021,Monthly
s31696,Amelia Lewis,67,Other,UK,6/18/2019,Monthly
s31697,Mia Davis,26,Other,Australia,12/15/2019,Monthly
s31698,Olivia Verma,28,Female,UK,5/11/2021,Monthly
s31699,Sophia Martin,18,Female,UK,3/6/2022,Yearly
s31700,Zara Brown,22,Female,USA,6/20/2022,Monthly
s31701,Karan Sharma,28,Male,USA,12/26/2022,Free
s31702,Benjamin Johnson,28,Male,Canada,2/5/2020,Free
s31703,Isabella Davis,24,Female,UK,9/28/2020,Free
s31704,Meera Davis,27,Other,India,12/12/2019,Yearly
s31705,Sophia Thomas,27,Other,USA,5/5/2020,Monthly
s31706,Sophia Clark,20,Female,Canada,12/1/2020,Yearly
s31707,Amelia Anderson,56,Female,UK,8/4/2022,Monthly
s31708,Vihaan Moore,25,Other,UK,1/7/2019,Monthly
s31709,Vihaan Clark,43,Female,USA,3/31/2022,Free
s31710,Ethan Miller,47,Female,Germany,1/19/2020,Free
s31711,Mia Martin,23,Other,Germany,2/13/2020,Monthly
s31712,Meera Taylor,29,Other,Canada,4/11/2020,Monthly
s31713,Liam Thomas,24,Male,Germany,4/19/2020,Free
s31714,Emma Verma,27,Other,Germany,9/27/2022,Yearly
s31715,Emma Taylor,45,Male,USA,11/28/2021,Yearly
s31716,Lucas Verma,22,Male,UK,7/10/2022,Yearly
s31717,Ethan Lewis,25,Female,USA,3/10/2022,Free
s31718,Karan Smith,18,Other,Germany,3/10/2022,Monthly
s31719,Isabella Davis,23,Female,India,5/31/2020,Free
s31720,Noah Johnson,22,Other,UK,4/11/2021,Monthly
s31721,Ethan Hall,19,Female,Germany,3/18/2019,Free
s31722,Noah Moore,41,Other,India,2/26/2021,Monthly
s31723,Benjamin Miller,24,Female,UK,8/25/2019,Yearly
s31724,Zara Thomas,25,Other,Germany,7/28/2019,Yearly
s31725,Aarav Johnson,20,Female,Germany,8/29/2022,Monthly
s31726,Eva Walker,25,Other,Australia,9/2/2022,Yearly
s31727,Amelia Brown,25,Male,USA,12/18/2022,Monthly
s31728,Sophia Taylor,21,Other,India,9/6/2021,Monthly
s31729,Meera Brown,33,Other,Australia,9/24/2020,Free
s31730,Aarav Johnson,47,Male,USA,5/17/2021,Monthly
s31731,Noah Johnson,35,Female,India,6/5/2022,Monthly
s31732,Riya Smith,27,Other,Canada,10/6/2022,Yearly
s31733,Mia Lewis,20,Female,Canada,5/27/2022,Free
s31734,Isabella Lewis,42,Male,Germany,7/9/2021,Monthly
s31735,Liam Sharma,26,Other,UK,7/30/2019,Monthly
s31736,Ethan Singh,38,Other,Germany,3/12/2020,Free
s31737,Liam Davis,23,Female,Australia,9/29/2020,Yearly
s31738,Lucas Anderson,27,Male,India,12/2/2020,Free
s31739,Aarav Thomas,20,Male,UK,3/26/2021,Free
s31740,Isabella Anderson,26,Other,Australia,12/14/2020,Free
s31741,Noah Davis,19,Other,USA,7/30/2022,Yearly
s31742,Zara Johnson,20,Female,UK,9/1/2019,Free
s31743,Meera Brown,23,Female,USA,6/7/2019,Yearly
s31744,Benjamin Singh,18,Male,Canada,1/13/2021,Yearly
s31745,Ethan Johnson,20,Other,UK,11/21/2022,Yearly
s31746,Eva Thomas,26,Other,USA,10/23/2019,Monthly
s31747,Liam Smith,29,Female,UK,9/28/2019,Yearly
s31748,Isabella Patel,33,Female,Canada,10/26/2019,Yearly
s31749,Vihaan Hall,30,Male,UK,9/24/2020,Yearly
s31750,Karan Smith,38,Other,Germany,12/8/2021,Monthly
s31751,Eva Sharma,55,Female,USA,1/2/2019,Monthly
s31752,Vihaan Taylor,43,Female,Australia,1/14/2019,Yearly
s31753,Vihaan Singh,20,Female,Canada,5/16/2022,Free
s31754,Ethan Taylor,27,Other,Canada,8/4/2020,Yearly
s31755,Benjamin Lewis,21,Male,USA,2/4/2019,Free
s31756,Meera Wilson,23,Other,USA,12/11/2019,Yearly
s31757,Lucas Miller,20,Female,Canada,5/18/2021,Free
s31758,Liam Taylor,27,Male,Germany,8/9/2020,Monthly
s31759,Zara Martin,25,Female,Germany,1/20/2020,Free
s31760,Karan Martin,43,Female,Canada,6/9/2019,Monthly
s31761,Amelia Wilson,20,Male,Australia,11/27/2021,Yearly
s31762,Isabella Brown,25,Other,Canada,1/13/2022,Free
s31763,Ethan Johnson,20,Male,USA,1/29/2022,Yearly
s31764,Isabella Walker,18,Male,Germany,1/30/2021,Yearly
s31765,Amelia Johnson,34,Female,India,6/6/2019,Monthly
s31766,Eva Singh,23,Male,UK,3/31/2019,Monthly
s31767,Emma Taylor,67,Female,Australia,12/26/2021,Free
s31768,Isabella Sharma,18,Other,India,10/14/2019,Free
s31769,Amelia Singh,47,Male,USA,8/12/2021,Free
s31770,Noah Wilson,38,Other,UK,2/19/2019,Free
s31771,Lucas Lewis,31,Male,Australia,5/21/2021,Free
s31772,Ethan Johnson,30,Male,Germany,12/5/2019,Monthly
s31773,Eva Moore,20,Male,Canada,12/19/2019,Yearly
s31774,Riya Thomas,25,Male,India,12/20/2021,Yearly
s31775,Zara Thomas,19,Male,Australia,3/21/2019,Yearly
s31776,Vihaan Sharma,34,Other,Australia,8/8/2019,Yearly
s31777,Mia Hall,29,Female,India,8/2/2021,Free
s31778,Isabella Clark,26,Other,India,8/20/2019,Yearly
s31779,Isabella Miller,25,Male,India,4/15/2019,Monthly
s31780,Ethan Singh,24,Female,India,11/13/2021,Yearly
s31781,Sophia Sharma,18,Other,Australia,4/20/2019,Yearly
s31782,Ethan Hall,38,Male,Australia,4/20/2022,Monthly
s31783,Eva Anderson,58,Other,India,8/10/2022,Free
s31784,Liam Miller,26,Other,India,8/19/2020,Free
s31785,Karan Singh,18,Female,USA,1/13/2020,Yearly
s31786,Vihaan Wilson,55,Female,UK,3/10/2020,Monthly
s31787,Benjamin Walker,21,Other,UK,2/5/2021,Free
s31788,Karan Hall,25,Other,USA,4/2/2020,Free
s31789,Arjun Thomas,32,Other,UK,8/21/2021,Monthly
s31790,Emma Anderson,26,Female,India,4/22/2020,Monthly
s31791,Liam Johnson,43,Female,UK,3/4/2019,Monthly
s31792,Isabella Smith,31,Other,USA,1/15/2021,Yearly
s31793,Emma Sharma,22,Other,Germany,3/19/2019,Monthly
s31794,Aanya Brown,24,Other,Australia,9/5/2019,Free
s31795,Liam Wilson,19,Female,Australia,3/1/2021,Free
s31796,Meera Miller,34,Male,UK,8/1/2020,Monthly
s31797,Aarav Anderson,26,Other,UK,9/27/2020,Free
s31798,Eva Verma,42,Other,Germany,6/25/2020,Free
s31799,Riya Lewis,27,Male,USA,11/4/2022,Free
s31800,Aanya Taylor,22,Female,Germany,6/2/2020,Monthly
s31801,Olivia Lee,39,Other,India,9/19/2022,Yearly
s31802,Zara Moore,36,Other,India,1/3/2020,Yearly
s31803,Emma Miller,26,Male,UK,7/17/2019,Yearly
s31804,Arjun Verma,34,Male,Germany,8/18/2020,Yearly
s31805,Amelia Lewis,22,Other,Australia,5/14/2019,Yearly
s31806,Aanya Lee,26,Female,UK,12/12/2020,Free
s31807,Noah Thomas,19,Male,USA,10/31/2019,Yearly
s31808,Isabella Verma,18,Female,USA,6/6/2021,Free
s31809,Liam Martin,24,Other,Germany,3/25/2019,Yearly
s31810,Eva Verma,23,Female,Canada,11/1/2021,Monthly
s31811,Olivia Clark,44,Other,Germany,1/24/2019,Free
s31812,Amelia Wilson,45,Male,USA,3/26/2021,Yearly
s31813,Aanya Hall,58,Other,Australia,11/23/2020,Yearly
s31814,Emma Walker,43,Female,Canada,4/10/2022,Monthly
s31815,Riya Davis,21,Other,UK,4/7/2021,Free
s31816,Lucas Singh,42,Other,Australia,5/25/2019,Monthly
s31817,Lucas Brown,22,Other,Australia,2/9/2021,Monthly
s31818,Aarav Sharma,44,Male,Canada,8/20/2020,Yearly
s31819,Amelia Hall,25,Male,Australia,9/24/2020,Monthly
s31820,Olivia Walker,23,Male,Canada,1/16/2020,Free
s31821,Olivia Singh,25,Other,Canada,1/13/2021,Monthly
s31822,Olivia Hall,44,Female,UK,11/2/2021,Monthly
s31823,Zara Hall,19,Other,UK,12/11/2020,Monthly
s31824,Benjamin Martin,38,Female,India,7/28/2022,Monthly
s31825,Mia Walker,35,Female,UK,9/30/2019,Free
s31826,Liam Taylor,19,Female,India,12/8/2022,Monthly
s31827,Olivia Lewis,46,Other,UK,2/24/2019,Monthly
s31828,Aanya Walker,29,Other,USA,11/30/2021,Free
s31829,Liam Anderson,24,Other,USA,6/10/2020,Free
s31830,Olivia Anderson,53,Male,UK,10/3/2020,Monthly
s31831,Amelia Thomas,27,Other,USA,10/21/2020,Monthly
s31832,Aarav Smith,19,Male,UK,8/9/2019,Monthly
s31833,Liam Clark,23,Female,Germany,4/28/2021,Yearly
s31834,Zara Moore,60,Other,UK,1/15/2021,Free
s31835,Lucas Lewis,44,Male,Australia,3/21/2021,Free
s31836,Vihaan Brown,27,Female,USA,10/5/2020,Yearly
s31837,Olivia Brown,39,Male,UK,11/3/2022,Yearly
s31838,Arjun Patel,44,Male,USA,4/25/2019,Yearly
s31839,Liam Patel,28,Male,Australia,4/2/2021,Free
s31840,Eva Davis,32,Female,Germany,11/9/2021,Yearly
s31841,Arjun Wilson,31,Other,UK,8/29/2020,Monthly
s31842,Ethan Clark,19,Female,UK,12/16/2021,Monthly
s31843,Sophia Johnson,32,Male,Australia,10/25/2022,Free
s31844,Eva Moore,42,Female,Germany,11/27/2022,Yearly
s31845,Eva Lewis,43,Male,UK,3/26/2019,Yearly
s31846,Liam Lee,31,Female,USA,6/22/2021,Free
s31847,Vihaan Clark,43,Female,USA,12/6/2019,Monthly
s31848,Vihaan Martin,31,Other,UK,6/3/2019,Free
s31849,Aarav Thomas,26,Other,India,11/30/2019,Yearly
s31850,Olivia Davis,21,Male,Canada,6/4/2020,Monthly
s31851,Aanya Anderson,27,Female,UK,8/10/2019,Yearly
s31852,Benjamin Smith,21,Female,UK,4/24/2022,Yearly
s31853,Emma Brown,41,Female,Canada,12/31/2019,Yearly
s31854,Lucas Walker,25,Female,Canada,11/16/2019,Monthly
s31855,Liam Walker,23,Other,UK,9/15/2022,Monthly
s31856,Ethan Thomas,20,Male,India,1/26/2019,Yearly
s31857,Noah Moore,41,Male,UK,2/22/2022,Monthly
s31858,Zara Taylor,26,Female,Australia,9/6/2022,Monthly
s31859,Liam Anderson,34,Other,India,7/25/2019,Free
s31860,Arjun Smith,33,Male,India,3/30/2020,Yearly
s31861,Karan Lee,23,Male,Canada,5/8/2021,Free
s31862,Sophia Walker,31,Male,USA,1/20/2022,Yearly
s31863,Amelia Miller,35,Male,India,10/6/2020,Yearly
s31864,Eva Wilson,64,Female,India,10/21/2019,Free
s31865,Noah Patel,32,Male,USA,11/4/2019,Yearly
s31866,Mia Thomas,29,Male,India,8/1/2020,Yearly
s31867,Sophia Miller,24,Female,India,12/10/2020,Monthly
s31868,Vihaan Moore,25,Male,Australia,4/29/2022,Free
s31869,Olivia Smith,37,Female,India,5/23/2021,Free
s31870,Amelia Taylor,39,Other,UK,2/6/2020,Monthly
s31871,Vihaan Moore,24,Other,Canada,2/17/2020,Yearly
s31872,Mia Brown,31,Other,Australia,11/13/2020,Free
s31873,Vihaan Verma,28,Female,Australia,8/15/2021,Yearly
s31874,Sophia Clark,60,Other,UK,7/18/2022,Yearly
s31875,Noah Davis,40,Other,India,1/7/2022,Monthly
s31876,Riya Thomas,30,Female,USA,1/20/2020,Free
s31877,Mia Taylor,41,Other,Germany,2/24/2021,Free
s31878,Riya Clark,20,Other,USA,6/30/2020,Free
s31879,Vihaan Lee,41,Other,Canada,6/9/2019,Monthly
s31880,Olivia Moore,65,Male,India,1/7/2020,Monthly
s31881,Aanya Verma,22,Other,USA,5/10/2022,Monthly
s31882,Olivia Wilson,18,Male,Germany,11/11/2019,Free
s31883,Arjun Martin,22,Other,Australia,1/24/2019,Free
s31884,Riya Johnson,45,Female,USA,5/27/2021,Free
s31885,Olivia Thomas,18,Female,Canada,2/2/2022,Free
s31886,Riya Wilson,56,Male,India,3/20/2022,Yearly
s31887,Ethan Davis,36,Other,Australia,8/14/2019,Monthly
s31888,Riya Verma,20,Other,India,12/11/2020,Free
s31889,Vihaan Taylor,24,Female,Germany,4/7/2019,Yearly
s31890,Aanya Brown,18,Male,UK,5/23/2020,Free
s31891,Benjamin Anderson,24,Other,USA,2/7/2020,Yearly
s31892,Arjun Walker,21,Female,India,11/25/2020,Yearly
s31893,Mia Wilson,24,Female,USA,7/14/2020,Yearly
s31894,Noah Moore,24,Female,India,10/26/2022,Yearly
s31895,Lucas Sharma,32,Male,UK,11/5/2022,Yearly
s31896,Benjamin Clark,59,Other,Germany,11/19/2022,Free
s31897,Zara Martin,28,Other,India,4/22/2021,Free
s31898,Olivia Smith,22,Female,Australia,12/8/2022,Free
s31899,Emma Verma,32,Male,UK,2/8/2021,Yearly
s31900,Zara Verma,35,Male,Canada,1/29/2021,Yearly
s31901,Amelia Verma,19,Male,USA,11/9/2019,Free
s31902,Sophia Brown,18,Other,Germany,1/1/2021,Free
s31903,Zara Davis,56,Female,UK,5/28/2019,Monthly
s31904,Lucas Johnson,62,Other,USA,2/19/2020,Yearly
s31905,Zara Patel,24,Male,Germany,6/22/2019,Monthly
s31906,Riya Patel,24,Female,USA,1/5/2020,Free
s31907,Riya Clark,19,Female,USA,7/30/2022,Monthly
s31908,Amelia Lee,25,Other,Germany,10/5/2019,Monthly
s31909,Aanya Moore,39,Other,USA,6/2/2020,Yearly
s31910,Isabella Johnson,37,Female,USA,5/3/2022,Free
s31911,Emma Wilson,24,Female,UK,1/7/2021,Free
s31912,Riya Verma,38,Male,USA,1/16/2020,Monthly
s31913,Mia Lewis,41,Male,India,2/13/2019,Monthly
s31914,Emma Davis,33,Male,Canada,9/21/2022,Monthly
s31915,Zara Hall,19,Male,India,12/15/2020,Yearly
s31916,Lucas Johnson,26,Female,UK,12/24/2019,Yearly
s31917,Ethan Davis,23,Male,Canada,1/4/2021,Free
s31918,Emma Wilson,21,Other,Australia,7/4/2019,Yearly
s31919,Amelia Smith,26,Female,USA,4/11/2022,Monthly
s31920,Noah Clark,22,Male,UK,2/27/2022,Monthly
s31921,Liam Verma,42,Female,Australia,9/5/2021,Free
s31922,Ethan Clark,24,Female,UK,12/12/2019,Yearly
s31923,Karan Lee,23,Male,UK,10/29/2021,Monthly
s31924,Meera Hall,42,Male,Canada,6/15/2019,Monthly
s31925,Emma Taylor,33,Male,Canada,5/29/2020,Yearly
s31926,Noah Patel,38,Other,Germany,4/8/2021,Free
s31927,Benjamin Sharma,25,Other,Australia,10/1/2021,Yearly
s31928,Mia Anderson,28,Male,UK,6/1/2019,Yearly
s31929,Arjun Smith,27,Female,Canada,12/18/2021,Free
s31930,Arjun Singh,31,Male,Australia,12/16/2020,Free
s31931,Aanya Brown,24,Female,Australia,8/27/2019,Monthly
s31932,Olivia Thomas,25,Male,Canada,2/9/2021,Monthly
s31933,Karan Singh,25,Female,UK,6/15/2019,Yearly
s31934,Lucas Verma,61,Other,UK,12/14/2022,Yearly
s31935,Vihaan Sharma,23,Other,Australia,1/24/2021,Yearly
s31936,Benjamin Smith,67,Other,UK,10/9/2022,Monthly
s31937,Amelia Davis,44,Female,India,10/8/2019,Free
s31938,Isabella Singh,19,Male,India,7/9/2019,Monthly
s31939,Noah Verma,19,Other,Australia,10/12/2019,Yearly
s31940,Meera Sharma,42,Female,USA,5/31/2020,Monthly
s31941,Ethan Brown,58,Other,USA,8/2/2022,Yearly
s31942,Lucas Singh,36,Other,India,2/9/2020,Free
s31943,Benjamin Brown,26,Female,Germany,9/5/2020,Monthly
s31944,Riya Patel,24,Other,UK,10/12/2021,Monthly
s31945,Isabella Verma,30,Male,Australia,7/8/2022,Monthly
s31946,Liam Patel,19,Female,India,6/2/2020,Yearly
s31947,Lucas Clark,42,Other,USA,3/28/2019,Monthly
s31948,Noah Smith,21,Male,UK,4/26/2022,Monthly
s31949,Ethan Hall,27,Female,Canada,9/4/2019,Monthly
s31950,Zara Clark,24,Male,Canada,7/7/2021,Monthly
s31951,Karan Brown,26,Other,UK,6/8/2021,Monthly
s31952,Noah Patel,19,Other,Germany,5/3/2021,Monthly
s31953,Zara Patel,53,Other,Australia,11/11/2019,Yearly
s31954,Zara Patel,19,Other,Australia,12/23/2022,Yearly
s31955,Mia Taylor,23,Female,India,7/23/2019,Yearly
s31956,Meera Smith,23,Female,UK,4/7/2019,Monthly
s31957,Aanya Davis,26,Male,USA,6/20/2021,Free
s31958,Sophia Martin,26,Female,India,6/25/2021,Yearly
s31959,Ethan Wilson,25,Other,UK,7/2/2019,Monthly
s31960,Riya Walker,20,Other,Australia,5/25/2019,Monthly
s31961,Aarav Lee,21,Female,India,2/24/2022,Monthly
s31962,Karan Martin,34,Female,UK,3/24/2022,Monthly
s31963,Emma Sharma,26,Female,UK,10/16/2021,Monthly
s31964,Arjun Brown,22,Other,Germany,1/5/2021,Yearly
s31965,Zara Lewis,62,Other,Canada,7/28/2022,Yearly
s31966,Karan Smith,46,Male,India,11/27/2019,Monthly
s31967,Zara Wilson,19,Female,Germany,11/18/2019,Free
s31968,Zara Taylor,20,Male,Germany,11/30/2020,Free
s31969,Noah Thomas,23,Other,Australia,5/2/2021,Free
s31970,Aarav Taylor,27,Male,UK,11/13/2021,Yearly
s31971,Arjun Patel,32,Other,Canada,6/21/2020,Yearly
s31972,Sophia Patel,37,Other,India,12/1/2022,Monthly
s31973,Vihaan Smith,26,Male,UK,1/19/2020,Free
s31974,Emma Moore,27,Male,Australia,5/6/2021,Monthly
s31975,Liam Brown,26,Male,Australia,9/21/2020,Free
s31976,Liam Martin,28,Other,Germany,3/29/2022,Monthly
s31977,Olivia Wilson,34,Male,USA,7/30/2020,Free
s31978,Eva Miller,28,Male,India,3/26/2019,Monthly
s31979,Meera Singh,25,Female,USA,4/2/2019,Yearly
s31980,Meera Lewis,19,Male,India,12/19/2019,Yearly
s31981,Liam Lee,22,Other,USA,3/16/2019,Yearly
s31982,Riya Johnson,24,Female,USA,9/10/2022,Yearly
s31983,Aarav Sharma,19,Male,Australia,4/3/2022,Free
s31984,Riya Walker,32,Male,Australia,3/28/2020,Free
s31985,Karan Brown,37,Female,USA,8/27/2019,Monthly
s31986,Arjun Martin,19,Other,Australia,11/10/2021,Monthly
s31987,Liam Walker,26,Female,Canada,8/18/2022,Monthly
s31988,Mia Anderson,31,Male,Canada,2/1/2020,Monthly
s31989,Vihaan Lee,44,Male,Australia,5/26/2021,Free
s31990,Riya Walker,44,Other,UK,1/31/2021,Free
s31991,Riya Wilson,27,Female,USA,5/26/2019,Free
s31992,Riya Hall,30,Female,Canada,2/28/2022,Free
s31993,Karan Taylor,24,Other,Germany,11/25/2019,Monthly
s31994,Amelia Lewis,27,Female,Germany,9/19/2020,Free
s31995,Sophia Anderson,27,Female,Canada,5/12/2022,Yearly
s31996,Arjun Singh,58,Male,India,3/7/2020,Yearly
s31997,Ethan Miller,23,Female,India,5/2/2019,Free
s31998,Aarav Johnson,25,Female,UK,4/24/2020,Yearly
s31999,Aarav Moore,66,Female,USA,10/8/2021,Monthly
s32000,Benjamin Brown,42,Male,USA,2/5/2020,Yearly
s32001,Zara Anderson,23,Male,India,4/27/2022,Free
s32002,Riya Patel,23,Female,Germany,5/20/2022,Monthly
s32003,Riya Hall,51,Other,Canada,2/29/2020,Free
s32004,Aanya Miller,23,Other,UK,6/12/2022,Yearly
s32005,Amelia Wilson,23,Male,Australia,3/24/2021,Monthly
s32006,Mia Verma,24,Other,India,3/13/2020,Yearly
s32007,Vihaan Patel,42,Male,Australia,7/30/2021,Monthly
s32008,Zara Thomas,22,Other,India,5/22/2021,Free
s32009,Mia Miller,23,Other,Canada,12/4/2019,Free
s32010,Amelia Hall,23,Female,Canada,9/23/2020,Free
s32011,Vihaan Sharma,27,Male,UK,8/10/2019,Yearly
s32012,Olivia Taylor,22,Other,India,4/14/2021,Monthly
s32013,Ethan Moore,20,Other,UK,8/5/2022,Monthly
s32014,Benjamin Taylor,20,Male,USA,8/10/2021,Monthly
s32015,Aanya Brown,20,Other,India,6/14/2022,Free
s32016,Vihaan Davis,36,Other,Germany,10/4/2020,Yearly
s32017,Arjun Johnson,37,Female,USA,1/12/2022,Free
s32018,Karan Wilson,27,Female,UK,12/2/2019,Free
s32019,Olivia Moore,19,Female,Germany,10/5/2020,Yearly
s32020,Noah Sharma,23,Male,Germany,4/17/2020,Free
s32021,Isabella Davis,29,Other,Australia,12/28/2022,Yearly
s32022,Amelia Miller,18,Male,India,9/28/2020,Monthly
s32023,Amelia Singh,27,Female,Germany,6/13/2021,Yearly
s32024,Emma Moore,27,Female,UK,5/2/2022,Free
s32025,Noah Anderson,60,Male,Canada,7/30/2019,Yearly
s32026,Aarav Patel,27,Other,USA,7/11/2019,Monthly
s32027,Arjun Martin,19,Male,Australia,9/7/2021,Free
s32028,Zara Anderson,19,Male,Germany,5/3/2021,Free
s32029,Benjamin Johnson,45,Female,Germany,1/3/2020,Yearly
s32030,Amelia Smith,30,Other,Germany,5/27/2019,Free
s32031,Aarav Miller,21,Male,India,11/19/2019,Free
s32032,Arjun Miller,24,Female,USA,3/23/2021,Free
s32033,Benjamin Verma,37,Other,UK,4/20/2021,Free
s32034,Vihaan Anderson,19,Female,Canada,12/13/2021,Monthly
s32035,Sophia Patel,39,Male,USA,9/7/2019,Free
s32036,Riya Anderson,54,Other,Australia,9/10/2022,Monthly
s32037,Aarav Sharma,23,Other,UK,7/17/2019,Yearly
s32038,Emma Martin,24,Male,Canada,3/2/2022,Yearly
s32039,Sophia Thomas,22,Male,Australia,12/19/2019,Yearly
s32040,Sophia Patel,19,Other,USA,3/10/2019,Free
s32041,Zara Miller,31,Other,Australia,4/16/2020,Free
s32042,Karan Lewis,67,Female,Germany,2/16/2021,Monthly
s32043,Lucas Singh,24,Other,USA,10/13/2019,Free
s32044,Meera Miller,66,Male,Canada,8/16/2021,Yearly
s32045,Noah Thomas,43,Female,USA,8/6/2020,Free
s32046,Zara Sharma,31,Male,Canada,6/12/2020,Yearly
s32047,Aarav Anderson,20,Other,India,8/1/2019,Monthly
s32048,Riya Lee,58,Female,UK,1/4/2020,Free
s32049,Riya Martin,23,Female,Australia,4/23/2020,Monthly
s32050,Riya Walker,45,Male,USA,6/6/2021,Yearly
s32051,Olivia Martin,18,Other,Canada,7/30/2019,Yearly
s32052,Eva Sharma,34,Female,Canada,10/14/2020,Monthly
s32053,Olivia Brown,43,Other,Germany,4/5/2022,Yearly
s32054,Meera Lewis,21,Female,UK,3/1/2019,Yearly
s32055,Sophia Sharma,23,Female,UK,6/6/2020,Monthly
s32056,Olivia Sharma,24,Male,Canada,5/9/2020,Yearly
s32057,Mia Wilson,23,Female,Germany,3/13/2021,Free
s32058,Meera Moore,65,Female,Canada,2/5/2021,Yearly
s32059,Lucas Lewis,25,Male,Canada,1/5/2022,Yearly
s32060,Benjamin Sharma,40,Other,USA,8/6/2019,Free
s32061,Vihaan Thomas,27,Male,Canada,10/10/2019,Free
s32062,Aarav Davis,29,Male,USA,1/23/2022,Yearly
s32063,Liam Lee,23,Female,Canada,4/8/2020,Free
s32064,Riya Lee,19,Male,Australia,7/8/2019,Yearly
s32065,Aanya Anderson,33,Other,USA,5/19/2019,Yearly
s32066,Ethan Brown,26,Female,USA,10/23/2020,Free
s32067,Ethan Johnson,51,Female,India,8/31/2020,Monthly
s32068,Ethan Clark,40,Other,Germany,1/26/2020,Yearly
s32069,Benjamin Davis,23,Other,Germany,6/1/2020,Free
s32070,Amelia Sharma,53,Female,Germany,7/24/2021,Free
s32071,Eva Singh,24,Other,Australia,7/25/2020,Monthly
s32072,Zara Sharma,45,Male,USA,8/25/2019,Monthly
s32073,Arjun Wilson,21,Other,Germany,10/28/2021,Monthly
s32074,Aanya Moore,42,Female,UK,5/4/2019,Free
s32075,Riya Clark,37,Female,UK,2/11/2022,Monthly
s32076,Ethan Brown,29,Female,Australia,5/9/2022,Free
s32077,Amelia Lewis,27,Male,India,2/27/2021,Yearly
s32078,Zara Anderson,40,Other,UK,8/17/2019,Yearly
s32079,Aanya Thomas,41,Other,Australia,7/14/2021,Monthly
s32080,Sophia Miller,24,Male,Australia,11/10/2020,Free
s32081,Arjun Brown,47,Other,India,11/21/2019,Free
s32082,Liam Sharma,22,Other,USA,4/24/2019,Yearly
s32083,Meera Wilson,22,Female,India,4/1/2020,Free
s32084,Karan Thomas,27,Male,UK,8/12/2020,Free
s32085,Riya Martin,26,Female,India,2/16/2020,Free
s32086,Isabella Thomas,20,Male,Canada,2/28/2021,Monthly
s32087,Emma Martin,24,Male,India,11/29/2021,Monthly
s32088,Lucas Davis,30,Other,Australia,6/23/2022,Free
s32089,Olivia Moore,20,Other,India,8/26/2022,Yearly
s32090,Arjun Lee,41,Male,Canada,6/22/2021,Monthly
s32091,Riya Verma,37,Other,Germany,5/6/2022,Yearly
s32092,Aanya Walker,36,Female,USA,10/8/2019,Free
s32093,Arjun Anderson,23,Male,USA,3/28/2020,Yearly
s32094,Eva Verma,26,Female,USA,6/4/2019,Monthly
s32095,Aarav Davis,25,Male,Australia,2/21/2022,Monthly
s32096,Amelia Miller,67,Female,Canada,10/18/2020,Free
s32097,Meera Hall,53,Female,India,7/29/2020,Monthly
s32098,Zara Lee,23,Male,USA,4/13/2021,Monthly
s32099,Arjun Martin,18,Female,Australia,7/10/2019,Monthly
s32100,Lucas Verma,19,Female,USA,6/8/2020,Yearly
s32101,Aanya Davis,20,Male,India,12/11/2019,Free
s32102,Benjamin Singh,18,Female,India,7/16/2021,Free
s32103,Amelia Patel,53,Other,Germany,11/25/2020,Monthly
s32104,Arjun Davis,29,Other,USA,10/20/2022,Yearly
s32105,Liam Sharma,55,Other,UK,3/24/2021,Monthly
s32106,Liam Verma,37,Female,UK,6/16/2019,Monthly
s32107,Lucas Moore,32,Other,India,1/20/2021,Yearly
s32108,Olivia Davis,24,Female,UK,2/4/2020,Monthly
s32109,Riya Johnson,19,Male,Canada,7/4/2022,Free
s32110,Arjun Anderson,39,Other,Germany,11/1/2019,Monthly
s32111,Emma Sharma,42,Male,USA,6/1/2021,Free
s32112,Karan Wilson,24,Male,USA,2/7/2019,Free
s32113,Zara Davis,20,Male,UK,4/22/2020,Monthly
s32114,Amelia Verma,32,Female,India,12/4/2019,Monthly
s32115,Aarav Davis,27,Male,UK,5/13/2022,Monthly
s32116,Benjamin Sharma,24,Male,USA,7/20/2021,Free
s32117,Lucas Brown,18,Other,India,5/1/2022,Yearly
s32118,Noah Wilson,24,Male,India,1/27/2019,Monthly
s32119,Ethan Moore,21,Male,Australia,8/18/2021,Yearly
s32120,Riya Hall,35,Male,Canada,10/31/2022,Monthly
s32121,Lucas Thomas,44,Female,Australia,10/14/2019,Yearly
s32122,Olivia Brown,23,Female,Canada,5/29/2021,Free
s32123,Noah Miller,48,Other,India,1/12/2020,Free
s32124,Ethan Brown,31,Other,Canada,11/21/2020,Free
s32125,Emma Anderson,19,Male,USA,7/25/2022,Yearly
s32126,Amelia Lee,20,Other,Germany,4/19/2022,Yearly
s32127,Meera Walker,26,Other,UK,4/21/2022,Yearly
s32128,Noah Lee,41,Female,Canada,5/19/2021,Yearly
s32129,Noah Anderson,27,Other,UK,12/15/2019,Free
s32130,Eva Brown,24,Male,Germany,3/16/2022,Yearly
s32131,Olivia Verma,23,Other,India,9/28/2020,Free
s32132,Liam Lewis,21,Other,Australia,3/31/2021,Yearly
s32133,Mia Wilson,40,Female,UK,9/27/2019,Yearly
s32134,Arjun Lee,25,Other,UK,6/2/2020,Free
s32135,Benjamin Lee,38,Female,Australia,4/5/2020,Free
s32136,Lucas Singh,27,Male,Canada,11/5/2020,Free
s32137,Riya Moore,24,Male,USA,9/22/2021,Yearly
s32138,Olivia Lee,25,Female,UK,11/26/2019,Yearly
s32139,Benjamin Taylor,41,Other,Germany,9/2/2022,Free
s32140,Karan Davis,24,Other,USA,7/3/2020,Monthly
s32141,Eva Thomas,22,Female,UK,12/3/2021,Yearly
s32142,Zara Patel,33,Other,Germany,11/18/2019,Monthly
s32143,Aanya Wilson,26,Other,Canada,2/11/2021,Monthly
s32144,Noah Martin,24,Male,Germany,4/3/2021,Free
s32145,Sophia Wilson,20,Other,Australia,4/11/2019,Monthly
s32146,Emma Walker,19,Male,USA,11/18/2020,Monthly
s32147,Liam Brown,62,Other,Australia,4/17/2020,Free
s32148,Mia Taylor,26,Other,Germany,7/16/2020,Free
s32149,Karan Clark,20,Female,India,3/10/2020,Monthly
s32150,Isabella Davis,23,Male,Canada,6/15/2020,Free
s32151,Karan Miller,18,Male,UK,2/4/2020,Monthly
s32152,Aarav Miller,23,Female,Canada,2/17/2022,Yearly
s32153,Ethan Hall,20,Male,India,12/3/2020,Yearly
s32154,Vihaan Brown,21,Other,Canada,9/17/2019,Monthly
s32155,Mia Smith,44,Other,Canada,10/3/2020,Yearly
s32156,Benjamin Taylor,26,Female,USA,8/17/2019,Yearly
s32157,Riya Brown,26,Other,Germany,12/5/2022,Yearly
s32158,Vihaan Singh,40,Other,USA,11/4/2020,Free
s32159,Aanya Thomas,48,Other,UK,10/4/2022,Yearly
s32160,Riya Verma,34,Female,USA,7/25/2021,Monthly
s32161,Karan Lee,28,Male,Australia,6/16/2020,Yearly
s32162,Sophia Lewis,25,Female,Canada,11/10/2022,Yearly
s32163,Isabella Brown,37,Other,USA,2/13/2022,Yearly
s32164,Aarav Davis,27,Male,Canada,3/20/2022,Yearly
s32165,Liam Miller,26,Female,Germany,12/12/2021,Monthly
s32166,Liam Moore,29,Male,India,12/18/2022,Free
s32167,Karan Sharma,38,Other,USA,7/24/2022,Yearly
s32168,Ethan Hall,25,Male,USA,6/15/2020,Monthly
s32169,Arjun Martin,34,Male,UK,4/11/2020,Yearly
s32170,Mia Sharma,53,Male,Canada,1/11/2022,Free
s32171,Riya Hall,39,Female,UK,4/10/2019,Free
s32172,Karan Wilson,46,Female,UK,5/7/2022,Free
s32173,Olivia Anderson,55,Male,USA,12/2/2021,Yearly
s32174,Riya Sharma,34,Female,Australia,2/24/2022,Free
s32175,Isabella Clark,34,Other,USA,12/27/2019,Monthly
s32176,Zara Anderson,64,Other,Germany,7/2/2020,Monthly
s32177,Benjamin Verma,27,Male,Canada,2/6/2021,Monthly
s32178,Meera Thomas,24,Female,UK,11/9/2021,Free
s32179,Mia Brown,56,Male,UK,8/16/2019,Yearly
s32180,Meera Clark,24,Male,USA,9/4/2020,Free
s32181,Sophia Walker,22,Male,India,5/28/2020,Free
s32182,Meera Thomas,23,Other,Australia,12/3/2022,Yearly
s32183,Arjun Taylor,43,Male,USA,9/30/2019,Free
s32184,Aanya Davis,21,Male,Canada,6/24/2021,Monthly
s32185,Eva Martin,27,Female,Germany,3/5/2021,Monthly
s32186,Eva Davis,21,Other,Canada,5/11/2020,Yearly
s32187,Amelia Johnson,19,Other,Canada,1/14/2020,Monthly
s32188,Mia Walker,43,Male,Australia,9/5/2021,Yearly
s32189,Noah Brown,22,Male,Australia,10/15/2020,Monthly
s32190,Eva Sharma,43,Male,USA,12/22/2020,Yearly
s32191,Liam Davis,25,Female,UK,6/11/2021,Yearly
s32192,Karan Singh,67,Other,India,7/21/2021,Yearly
s32193,Eva Johnson,25,Other,Germany,12/12/2019,Yearly
s32194,Meera Lewis,26,Female,Germany,6/20/2022,Monthly
s32195,Karan Smith,19,Other,USA,10/8/2019,Yearly
s32196,Riya Wilson,23,Other,Australia,8/11/2022,Yearly
s32197,Benjamin Moore,38,Male,India,9/2/2020,Monthly
s32198,Mia Smith,40,Male,USA,2/8/2019,Monthly
s32199,Isabella Wilson,34,Male,India,7/1/2022,Monthly
s32200,Sophia Clark,25,Other,Germany,12/2/2020,Free
s32201,Arjun Johnson,26,Other,UK,9/27/2019,Monthly
s32202,Vihaan Davis,42,Female,Germany,10/13/2020,Free
s32203,Olivia Davis,23,Female,Germany,10/18/2022,Free
s32204,Arjun Smith,26,Male,USA,9/23/2020,Free
s32205,Olivia Patel,30,Male,USA,12/20/2019,Free
s32206,Liam Martin,27,Other,Canada,8/26/2021,Free
s32207,Liam Sharma,57,Female,Australia,6/28/2021,Free
s32208,Noah Clark,25,Other,USA,4/23/2019,Free
s32209,Mia Hall,38,Male,Canada,11/25/2019,Monthly
s32210,Lucas Sharma,27,Female,UK,1/11/2022,Yearly
s32211,Lucas Smith,29,Female,Canada,9/8/2021,Monthly
s32212,Liam Wilson,26,Female,India,7/1/2020,Yearly
s32213,Isabella Verma,26,Male,Germany,5/7/2022,Yearly
s32214,Amelia Miller,48,Other,USA,9/2/2019,Monthly
s32215,Vihaan Moore,19,Other,Canada,4/3/2020,Monthly
s32216,Benjamin Lee,24,Female,UK,6/23/2021,Monthly
s32217,Ethan Brown,20,Other,Australia,8/29/2022,Yearly
s32218,Meera Wilson,21,Female,Germany,10/14/2021,Yearly
s32219,Eva Taylor,19,Male,Germany,7/1/2019,Yearly
s32220,Sophia Hall,21,Female,Australia,7/26/2022,Yearly
s32221,Amelia Moore,39,Male,USA,7/7/2021,Monthly
s32222,Karan Lewis,29,Male,India,6/25/2019,Monthly
s32223,Ethan Singh,46,Other,India,2/19/2021,Yearly
s32224,Benjamin Wilson,18,Other,India,5/8/2019,Free
s32225,Sophia Smith,51,Female,Germany,10/30/2022,Yearly
s32226,Noah Johnson,25,Male,Germany,6/6/2020,Yearly
s32227,Aarav Lewis,25,Female,Canada,4/11/2022,Monthly
s32228,Arjun Wilson,33,Other,Germany,11/1/2019,Yearly
s32229,Mia Lewis,25,Other,USA,7/1/2019,Free
s32230,Eva Martin,37,Other,Canada,11/5/2021,Monthly
s32231,Zara Lewis,35,Male,India,12/24/2020,Free
s32232,Arjun Singh,21,Other,UK,7/19/2020,Yearly
s32233,Arjun Lewis,19,Male,India,2/17/2020,Free
s32234,Liam Wilson,21,Female,Germany,2/6/2021,Free
s32235,Isabella Hall,21,Other,USA,10/16/2022,Monthly
s32236,Amelia Miller,25,Male,Australia,11/30/2019,Free
s32237,Lucas Miller,21,Other,Australia,12/26/2020,Monthly
s32238,Sophia Miller,22,Female,India,9/11/2020,Monthly
s32239,Lucas Johnson,19,Female,Germany,1/3/2020,Monthly
s32240,Lucas Davis,53,Male,UK,10/14/2019,Yearly
s32241,Arjun Smith,18,Other,USA,10/1/2019,Yearly
s32242,Mia Patel,19,Other,Germany,3/18/2019,Free
s32243,Lucas Martin,46,Other,Canada,8/7/2019,Free
s32244,Vihaan Davis,20,Other,UK,2/2/2019,Yearly
s32245,Emma Johnson,23,Other,UK,1/26/2019,Free
s32246,Lucas Miller,27,Female,Germany,2/21/2022,Free
s32247,Olivia Moore,21,Male,India,7/29/2019,Yearly
s32248,Amelia Singh,34,Other,Germany,5/8/2019,Free
s32249,Sophia Smith,21,Other,UK,12/21/2022,Free
s32250,Amelia Thomas,37,Female,Australia,2/7/2020,Monthly
s32251,Riya Thomas,25,Female,India,10/12/2019,Free
s32252,Eva Hall,18,Male,Canada,3/19/2022,Free
s32253,Zara Patel,22,Male,Canada,1/15/2021,Yearly
s32254,Benjamin Hall,31,Other,Australia,6/4/2021,Free
s32255,Karan Sharma,62,Male,Germany,12/25/2020,Yearly
s32256,Vihaan Martin,20,Male,Germany,2/19/2019,Monthly
s32257,Amelia Hall,27,Other,Australia,5/16/2022,Monthly
s32258,Emma Thomas,27,Male,Canada,7/27/2019,Free
s32259,Meera Lewis,34,Male,India,1/21/2020,Monthly
s32260,Isabella Sharma,57,Male,UK,4/18/2019,Yearly
s32261,Karan Walker,28,Male,USA,7/13/2022,Monthly
s32262,Vihaan Singh,42,Male,Canada,1/18/2022,Monthly
s32263,Zara Martin,24,Female,UK,5/3/2021,Free
s32264,Lucas Walker,27,Female,UK,9/14/2020,Monthly
s32265,Arjun Lewis,27,Female,UK,12/29/2019,Monthly
s32266,Emma Smith,21,Female,USA,7/5/2020,Yearly
s32267,Benjamin Verma,22,Female,Germany,9/24/2021,Monthly
s32268,Olivia Davis,19,Female,Canada,9/6/2020,Yearly
s32269,Benjamin Davis,27,Other,Canada,9/24/2022,Monthly
s32270,Karan Lewis,22,Male,UK,12/12/2021,Yearly
s32271,Zara Taylor,18,Male,Germany,8/24/2020,Free
s32272,Noah Davis,19,Other,Australia,9/6/2020,Free
s32273,Benjamin Davis,63,Other,USA,1/4/2020,Monthly
s32274,Olivia Smith,19,Male,India,4/22/2020,Monthly
s32275,Mia Clark,27,Female,UK,11/20/2020,Free
s32276,Vihaan Davis,46,Female,Germany,3/11/2022,Monthly
s32277,Mia Davis,18,Male,India,4/15/2019,Yearly
s32278,Ethan Davis,39,Male,USA,5/2/2022,Free
s32279,Arjun Clark,27,Other,USA,6/10/2021,Monthly
s32280,Aanya Singh,60,Other,USA,10/7/2022,Yearly
s32281,Aanya Thomas,46,Female,Canada,7/27/2019,Free
s32282,Vihaan Verma,27,Male,Australia,12/30/2021,Free
s32283,Benjamin Anderson,53,Male,India,8/26/2019,Free
s32284,Amelia Anderson,26,Female,Canada,10/13/2022,Monthly
s32285,Riya Walker,30,Other,India,6/20/2020,Monthly
s32286,Aanya Martin,21,Other,Germany,5/5/2021,Monthly
s32287,Zara Smith,27,Female,Germany,1/7/2021,Yearly
s32288,Liam Martin,18,Male,Australia,9/21/2021,Yearly
s32289,Karan Anderson,20,Female,USA,5/14/2020,Monthly
s32290,Arjun Sharma,48,Other,India,11/6/2021,Free
s32291,Noah Johnson,29,Male,UK,10/28/2021,Monthly
s32292,Ethan Martin,62,Other,Canada,12/12/2021,Yearly
s32293,Zara Lee,46,Female,USA,4/20/2019,Yearly
s32294,Liam Clark,59,Other,UK,2/7/2019,Free
s32295,Mia Moore,33,Female,Canada,8/29/2022,Monthly
s32296,Ethan Patel,34,Female,Australia,7/28/2019,Free
s32297,Meera Taylor,18,Other,UK,3/17/2020,Free
s32298,Lucas Lewis,36,Male,Australia,4/24/2021,Yearly
s32299,Meera Miller,27,Female,Australia,9/9/2022,Monthly
s32300,Mia Miller,18,Female,India,7/5/2022,Yearly
s32301,Benjamin Lewis,21,Other,Canada,5/9/2019,Monthly
s32302,Noah Johnson,25,Female,India,7/26/2021,Free
s32303,Amelia Moore,28,Male,India,10/5/2022,Yearly
s32304,Aarav Moore,25,Female,Germany,10/14/2021,Free
s32305,Arjun Moore,20,Other,Germany,6/17/2022,Yearly
s32306,Vihaan Anderson,26,Female,USA,4/12/2021,Yearly
s32307,Mia Martin,29,Female,Canada,12/9/2022,Monthly
s32308,Meera Anderson,24,Male,Australia,1/2/2019,Free
s32309,Isabella Taylor,18,Female,Germany,8/15/2022,Free
s32310,Isabella Clark,23,Other,Australia,4/1/2021,Yearly
s32311,Karan Verma,24,Male,Germany,8/8/2022,Yearly
s32312,Mia Sharma,30,Other,Germany,5/30/2020,Yearly
s32313,Arjun Thomas,36,Male,Germany,9/4/2019,Yearly
s32314,Lucas Sharma,24,Male,Germany,12/8/2022,Yearly
s32315,Riya Sharma,34,Female,UK,12/26/2020,Yearly
s32316,Aanya Brown,19,Male,USA,2/14/2020,Monthly
s32317,Noah Clark,22,Male,Germany,6/10/2021,Free
s32318,Sophia Walker,21,Female,Australia,7/23/2022,Yearly
s32319,Benjamin Anderson,60,Female,USA,5/21/2021,Yearly
s32320,Ethan Walker,22,Male,UK,1/22/2020,Free
s32321,Riya Moore,47,Male,Germany,5/21/2019,Monthly
s32322,Benjamin Verma,38,Other,UK,7/10/2020,Yearly
s32323,Isabella Clark,18,Female,UK,12/5/2022,Free
s32324,Sophia Hall,25,Female,India,7/16/2020,Monthly
s32325,Mia Clark,25,Other,India,9/3/2019,Monthly
s32326,Eva Sharma,40,Female,Australia,8/18/2022,Free
s32327,Lucas Miller,27,Other,Canada,12/3/2020,Yearly
s32328,Zara Singh,67,Male,Germany,8/2/2020,Yearly
s32329,Arjun Patel,23,Female,India,11/1/2021,Free
s32330,Aanya Taylor,19,Female,Canada,7/26/2021,Free
s32331,Benjamin Anderson,44,Other,Australia,4/7/2019,Yearly
s32332,Noah Singh,19,Female,India,4/23/2019,Yearly
s32333,Zara Moore,18,Female,India,8/31/2021,Free
s32334,Olivia Johnson,24,Other,Australia,4/9/2022,Yearly
s32335,Noah Moore,19,Male,India,10/9/2022,Free
s32336,Amelia Hall,20,Female,Germany,10/27/2019,Monthly
s32337,Sophia Lewis,19,Other,India,5/2/2021,Monthly
s32338,Mia Singh,25,Other,India,12/13/2021,Free
s32339,Meera Martin,35,Other,Canada,2/9/2019,Yearly
s32340,Amelia Hall,36,Male,Germany,12/27/2020,Free
s32341,Mia Lewis,27,Female,Germany,11/8/2020,Yearly
s32342,Meera Lewis,18,Female,Australia,2/19/2022,Free
s32343,Lucas Davis,26,Female,Australia,8/22/2022,Free
s32344,Noah Smith,38,Female,Australia,11/16/2021,Monthly
s32345,Vihaan Verma,50,Other,India,12/26/2021,Monthly
s32346,Benjamin Anderson,23,Other,Australia,11/22/2022,Free
s32347,Liam Walker,29,Other,Australia,6/28/2020,Monthly
s32348,Emma Walker,31,Female,UK,11/23/2020,Free
s32349,Liam Moore,35,Male,Germany,12/16/2019,Free
s32350,Isabella Smith,50,Other,USA,10/9/2021,Free
s32351,Amelia Martin,21,Female,Australia,12/29/2020,Monthly
s32352,Riya Verma,32,Other,UK,6/6/2022,Free
s32353,Vihaan Wilson,36,Other,Australia,7/25/2022,Free
s32354,Noah Singh,18,Other,USA,6/16/2022,Free
s32355,Riya Taylor,18,Male,Australia,7/5/2022,Monthly
s32356,Liam Brown,20,Other,USA,11/15/2020,Yearly
s32357,Karan Smith,52,Male,Germany,1/1/2021,Yearly
s32358,Benjamin Wilson,20,Other,India,10/24/2020,Yearly
s32359,Sophia Singh,24,Male,UK,3/23/2021,Monthly
s32360,Arjun Johnson,19,Other,UK,12/23/2019,Yearly
s32361,Mia Lee,39,Female,India,5/25/2019,Free
s32362,Ethan Davis,21,Other,Germany,10/23/2019,Free
s32363,Lucas Hall,22,Other,Canada,8/26/2020,Yearly
s32364,Sophia Walker,35,Female,USA,2/23/2019,Free
s32365,Emma Martin,19,Male,Canada,1/6/2019,Monthly
s32366,Amelia Verma,18,Other,USA,1/4/2020,Monthly
s32367,Benjamin Johnson,26,Male,Germany,12/27/2019,Free
s32368,Amelia Lewis,18,Male,UK,12/14/2020,Free
s32369,Aanya Taylor,43,Male,UK,2/6/2019,Free
s32370,Ethan Clark,25,Female,Germany,4/4/2019,Monthly
s32371,Lucas Lewis,30,Other,USA,7/18/2021,Free
s32372,Karan Smith,19,Female,Australia,12/24/2022,Yearly
s32373,Ethan Brown,18,Other,Canada,10/21/2021,Monthly
s32374,Zara Anderson,23,Male,Australia,2/22/2021,Free
s32375,Aanya Moore,35,Female,UK,1/27/2020,Monthly
s32376,Ethan Taylor,47,Male,Canada,12/2/2020,Free
s32377,Aarav Clark,24,Male,Canada,12/24/2020,Monthly
s32378,Olivia Taylor,49,Female,Australia,6/4/2020,Free
s32379,Aanya Wilson,55,Male,USA,6/28/2022,Yearly
s32380,Arjun Lee,20,Other,Australia,10/19/2019,Free
s32381,Eva Anderson,29,Male,Germany,4/19/2019,Yearly
s32382,Vihaan Singh,24,Male,USA,3/26/2021,Free
s32383,Olivia Taylor,39,Male,Canada,3/21/2020,Yearly
s32384,Aanya Wilson,19,Female,Germany,3/15/2021,Monthly
s32385,Ethan Smith,24,Female,Germany,3/24/2022,Free
s32386,Liam Anderson,67,Female,Germany,7/2/2022,Monthly
s32387,Meera Martin,49,Male,UK,4/17/2020,Yearly
s32388,Eva Smith,24,Female,India,8/18/2019,Free
s32389,Noah Sharma,20,Other,Germany,7/30/2021,Yearly
s32390,Amelia Wilson,27,Female,UK,11/20/2020,Yearly
s32391,Karan Brown,37,Female,USA,11/6/2019,Monthly
s32392,Lucas Walker,21,Male,Australia,1/25/2021,Free
s32393,Aanya Anderson,23,Other,Australia,8/21/2021,Yearly
s32394,Eva Singh,28,Other,UK,8/9/2020,Yearly
s32395,Mia Lee,23,Other,USA,10/24/2022,Free
s32396,Eva Brown,31,Male,India,10/10/2022,Yearly
s32397,Emma Martin,55,Female,Australia,1/6/2021,Yearly
s32398,Riya Davis,27,Male,UK,11/19/2019,Free
s32399,Meera Thomas,66,Other,Canada,2/4/2021,Free
s32400,Aanya Brown,26,Female,UK,3/14/2019,Yearly
s32401,Zara Singh,25,Male,Germany,3/6/2019,Free
s32402,Emma Verma,45,Female,Australia,5/9/2021,Yearly
s32403,Sophia Patel,45,Other,Germany,10/2/2022,Monthly
s32404,Ethan Davis,22,Female,Australia,5/4/2020,Monthly
s32405,Riya Taylor,46,Other,India,6/26/2019,Free
s32406,Arjun Lewis,36,Male,Australia,10/22/2020,Free
s32407,Olivia Wilson,29,Male,India,8/6/2022,Free
s32408,Lucas Lewis,34,Male,Australia,4/22/2019,Yearly
s32409,Aanya Brown,28,Male,Canada,12/2/2021,Monthly
s32410,Karan Johnson,40,Female,Canada,7/4/2021,Yearly
s32411,Ethan Brown,24,Other,India,6/29/2022,Free
s32412,Riya Walker,47,Male,UK,6/23/2019,Yearly
s32413,Ethan Verma,38,Female,USA,7/4/2019,Free
s32414,Karan Lee,28,Male,Australia,12/10/2021,Yearly
s32415,Lucas Johnson,26,Other,India,12/1/2021,Yearly
s32416,Aanya Moore,44,Female,Canada,11/17/2019,Free
s32417,Mia Clark,66,Male,Germany,1/16/2022,Yearly
s32418,Eva Lewis,38,Other,UK,3/26/2021,Monthly
s32419,Sophia Moore,22,Female,India,5/20/2021,Monthly
s32420,Lucas Smith,25,Other,India,11/30/2021,Yearly
s32421,Emma Walker,41,Female,India,2/27/2020,Monthly
s32422,Liam Sharma,25,Female,USA,5/8/2022,Yearly
s32423,Noah Verma,47,Other,Australia,5/29/2022,Yearly
s32424,Aarav Verma,22,Male,USA,4/28/2019,Monthly
s32425,Eva Brown,20,Other,UK,2/10/2021,Monthly
s32426,Zara Johnson,22,Other,India,6/3/2022,Monthly
s32427,Amelia Smith,39,Male,Germany,4/7/2020,Monthly
s32428,Vihaan Moore,25,Female,Australia,9/9/2020,Monthly
s32429,Aanya Verma,20,Male,Germany,11/15/2022,Yearly
s32430,Sophia Miller,24,Other,Germany,6/21/2022,Yearly
s32431,Benjamin Clark,27,Male,USA,6/22/2020,Yearly
s32432,Aanya Wilson,52,Male,Canada,4/29/2022,Free
s32433,Ethan Moore,18,Male,Germany,11/16/2021,Yearly
s32434,Amelia Lewis,21,Female,Australia,3/14/2019,Monthly
s32435,Mia Patel,35,Other,USA,4/18/2021,Monthly
s32436,Karan Miller,26,Other,Australia,6/3/2022,Monthly
s32437,Noah Miller,32,Female,Canada,5/23/2021,Yearly
s32438,Benjamin Sharma,36,Female,Germany,7/12/2020,Yearly
s32439,Liam Lewis,27,Other,Canada,11/14/2020,Yearly
s32440,Noah Taylor,25,Male,Germany,12/8/2019,Yearly
s32441,Aanya Taylor,27,Other,USA,4/1/2019,Yearly
s32442,Riya Smith,18,Female,Germany,7/7/2022,Free
s32443,Zara Martin,22,Male,UK,12/7/2020,Yearly
s32444,Meera Martin,19,Other,UK,10/25/2019,Yearly
s32445,Isabella Moore,20,Female,Canada,4/23/2019,Free
s32446,Ethan Thomas,36,Male,India,1/8/2020,Free
s32447,Benjamin Johnson,24,Other,India,10/20/2020,Yearly
s32448,Meera Taylor,18,Male,USA,2/4/2022,Monthly
s32449,Mia Anderson,27,Female,India,3/30/2022,Yearly
s32450,Aarav Davis,25,Other,USA,2/1/2019,Free
s32451,Noah Moore,26,Male,Germany,8/7/2022,Free
s32452,Riya Johnson,20,Female,UK,8/1/2021,Yearly
s32453,Aanya Lee,32,Other,USA,10/5/2020,Free
s32454,Karan Clark,19,Other,UK,11/21/2019,Monthly
s32455,Lucas Verma,21,Other,Australia,3/28/2022,Monthly
s32456,Arjun Lee,41,Female,Germany,10/25/2022,Monthly
s32457,Mia Lewis,25,Other,UK,6/26/2019,Free
s32458,Emma Thomas,47,Female,India,4/2/2019,Monthly
s32459,Mia Miller,22,Male,Canada,12/3/2022,Yearly
s32460,Arjun Walker,20,Other,Australia,9/10/2021,Yearly
s32461,Vihaan Brown,18,Female,USA,7/12/2021,Free
s32462,Sophia Wilson,33,Male,Canada,2/7/2021,Monthly
s32463,Lucas Sharma,36,Male,USA,12/8/2020,Monthly
s32464,Noah Sharma,26,Male,Germany,4/8/2020,Yearly
s32465,Isabella Wilson,21,Female,Canada,11/8/2020,Monthly
s32466,Emma Patel,62,Female,Germany,8/8/2019,Monthly
s32467,Benjamin Miller,42,Female,Germany,5/12/2019,Monthly
s32468,Amelia Davis,46,Other,Germany,5/3/2022,Monthly
s32469,Eva Verma,60,Female,Australia,4/22/2021,Monthly
s32470,Isabella Singh,46,Female,Germany,9/4/2019,Free
s32471,Isabella Moore,22,Other,USA,10/27/2022,Monthly
s32472,Vihaan Thomas,39,Other,India,10/21/2022,Monthly
s32473,Liam Sharma,18,Other,Germany,10/16/2022,Monthly
s32474,Aanya Verma,27,Male,USA,2/3/2019,Monthly
s32475,Vihaan Verma,22,Other,India,6/13/2021,Free
s32476,Vihaan Moore,27,Other,Canada,2/3/2022,Monthly
s32477,Mia Davis,32,Other,Canada,3/2/2020,Monthly
s32478,Aarav Taylor,20,Female,Australia,7/6/2019,Yearly
s32479,Meera Johnson,35,Female,India,2/14/2020,Monthly
s32480,Riya Lewis,26,Other,Germany,6/11/2021,Free
s32481,Isabella Taylor,44,Male,Australia,7/29/2021,Free
s32482,Riya Johnson,24,Other,Australia,12/22/2020,Yearly
s32483,Olivia Moore,32,Female,USA,5/6/2022,Free
s32484,Aanya Johnson,28,Male,Canada,5/13/2019,Monthly
s32485,Emma Taylor,66,Female,India,11/2/2019,Yearly
s32486,Meera Lee,28,Female,Australia,1/21/2019,Monthly
s32487,Liam Taylor,24,Other,India,2/9/2019,Yearly
s32488,Aanya Thomas,40,Other,Australia,4/9/2021,Monthly
s32489,Emma Wilson,21,Female,Germany,8/29/2020,Monthly
s32490,Noah Taylor,21,Other,UK,2/28/2022,Monthly
s32491,Riya Lee,26,Female,Australia,10/2/2019,Free
s32492,Noah Sharma,18,Female,Canada,7/10/2022,Yearly
s32493,Zara Verma,47,Female,Canada,5/22/2020,Free
s32494,Liam Sharma,23,Female,Canada,3/11/2021,Monthly
s32495,Amelia Moore,24,Female,India,2/24/2021,Yearly
s32496,Riya Anderson,30,Male,India,1/3/2022,Monthly
s32497,Emma Sharma,42,Other,Canada,7/27/2022,Yearly
s32498,Amelia Walker,40,Other,Canada,5/26/2021,Free
s32499,Riya Lee,22,Female,India,3/16/2021,Free
s32500,Noah Miller,31,Male,India,10/13/2020,Free
s32501,Vihaan Hall,21,Other,India,9/22/2022,Free
s32502,Riya Thomas,19,Other,India,11/14/2021,Free
s32503,Karan Verma,30,Other,Australia,4/18/2019,Monthly
s32504,Arjun Wilson,33,Female,India,3/6/2019,Free
s32505,Riya Brown,25,Other,Canada,9/25/2020,Free
s32506,Benjamin Wilson,23,Female,USA,5/10/2022,Free
s32507,Amelia Anderson,23,Male,USA,1/24/2021,Monthly
s32508,Aanya Miller,58,Female,Canada,7/10/2019,Yearly
s32509,Arjun Sharma,22,Female,Canada,2/10/2019,Yearly
s32510,Aarav Singh,32,Female,Germany,6/12/2021,Free
s32511,Benjamin Verma,27,Other,Germany,4/29/2019,Monthly
s32512,Arjun Lewis,47,Male,USA,11/14/2021,Yearly
s32513,Mia Hall,26,Other,USA,6/22/2021,Monthly
s32514,Meera Martin,41,Other,Canada,3/14/2022,Monthly
s32515,Karan Singh,23,Male,UK,9/10/2022,Yearly
s32516,Liam Patel,36,Male,India,7/30/2021,Yearly
s32517,Aanya Taylor,21,Female,Australia,10/20/2021,Free
s32518,Isabella Wilson,28,Female,Australia,5/20/2021,Free
s32519,Ethan Martin,21,Male,USA,3/10/2021,Monthly
s32520,Olivia Martin,27,Male,Germany,1/15/2019,Monthly
s32521,Riya Sharma,26,Other,Australia,5/17/2020,Monthly
s32522,Zara Miller,60,Other,Australia,10/21/2020,Monthly
s32523,Benjamin Anderson,26,Female,USA,3/16/2020,Free
s32524,Vihaan Davis,22,Other,Canada,8/8/2022,Yearly
s32525,Karan Patel,62,Female,India,12/22/2020,Monthly
s32526,Zara Wilson,21,Female,USA,6/23/2022,Monthly
s32527,Riya Verma,26,Other,UK,1/1/2020,Monthly
s32528,Lucas Brown,47,Male,Germany,9/3/2022,Monthly
s32529,Karan Hall,62,Other,Canada,3/25/2020,Free
s32530,Ethan Hall,46,Female,UK,6/21/2021,Free
s32531,Vihaan Johnson,19,Other,USA,6/2/2019,Yearly
s32532,Aanya Verma,21,Male,Canada,2/8/2022,Yearly
s32533,Meera Verma,21,Female,UK,12/17/2022,Free
s32534,Eva Brown,26,Other,UK,9/20/2021,Yearly
s32535,Arjun Anderson,20,Other,Canada,8/2/2020,Yearly
s32536,Lucas Davis,31,Female,UK,10/27/2022,Monthly
s32537,Vihaan Verma,29,Other,USA,4/8/2020,Monthly
s32538,Meera Verma,23,Other,USA,5/2/2019,Free
s32539,Vihaan Sharma,22,Female,USA,3/29/2022,Monthly
s32540,Aanya Clark,21,Other,Germany,4/27/2022,Free
s32541,Ethan Patel,39,Male,Australia,4/30/2020,Free
s32542,Vihaan Johnson,20,Male,Germany,4/23/2021,Free
s32543,Ethan Patel,20,Other,Canada,10/22/2022,Free
s32544,Emma Walker,30,Female,Australia,11/8/2020,Monthly
s32545,Aanya Smith,25,Female,USA,1/2/2021,Monthly
s32546,Ethan Moore,31,Female,Canada,5/1/2022,Yearly
s32547,Aanya Hall,35,Male,USA,6/17/2019,Yearly
s32548,Meera Lee,26,Male,Australia,5/10/2019,Monthly
s32549,Ethan Brown,33,Female,Australia,8/3/2021,Yearly
s32550,Meera Moore,47,Female,USA,7/16/2021,Monthly
s32551,Emma Walker,45,Other,UK,5/26/2020,Free
s32552,Noah Moore,32,Female,Australia,4/25/2022,Yearly
s32553,Eva Walker,18,Other,Canada,8/27/2019,Monthly
s32554,Isabella Lewis,55,Female,UK,4/9/2022,Monthly
s32555,Arjun Wilson,18,Male,USA,6/11/2020,Free
s32556,Eva Brown,50,Female,Germany,8/17/2022,Yearly
s32557,Arjun Patel,21,Male,UK,6/21/2022,Monthly
s32558,Ethan Wilson,23,Female,USA,9/14/2021,Yearly
s32559,Sophia Verma,19,Female,Australia,7/20/2020,Yearly
s32560,Vihaan Hall,24,Female,Australia,2/20/2019,Yearly
s32561,Vihaan Thomas,27,Other,UK,11/29/2022,Yearly
s32562,Noah Thomas,21,Male,UK,12/16/2020,Yearly
s32563,Arjun Miller,22,Male,UK,10/10/2022,Monthly
s32564,Noah Moore,19,Other,Australia,1/11/2020,Yearly
s32565,Ethan Walker,25,Male,Germany,1/29/2022,Free
s32566,Noah Brown,23,Male,Canada,11/4/2021,Yearly
s32567,Aanya Thomas,18,Female,UK,11/30/2019,Monthly
s32568,Meera Smith,22,Other,Australia,12/13/2021,Monthly
s32569,Amelia Smith,18,Male,UK,6/20/2022,Free
s32570,Mia Wilson,19,Male,India,11/2/2021,Free
s32571,Aarav Martin,22,Male,Canada,7/9/2019,Free
s32572,Aarav Thomas,25,Male,India,10/28/2022,Monthly
s32573,Aarav Brown,25,Other,USA,12/15/2020,Yearly
s32574,Sophia Miller,44,Male,India,3/27/2020,Free
s32575,Meera Sharma,30,Male,India,5/13/2019,Monthly
s32576,Benjamin Thomas,26,Other,USA,2/27/2021,Free
s32577,Emma Clark,22,Male,India,6/21/2019,Monthly
s32578,Arjun Clark,53,Female,Canada,2/29/2020,Yearly
s32579,Eva Anderson,24,Male,India,3/31/2022,Yearly
s32580,Zara Walker,25,Other,Australia,8/25/2021,Yearly
s32581,Arjun Johnson,43,Other,Australia,8/13/2021,Monthly
s32582,Arjun Anderson,25,Female,India,5/10/2020,Yearly
s32583,Mia Davis,47,Male,USA,3/17/2020,Monthly
s32584,Benjamin Clark,26,Male,Germany,6/13/2020,Monthly
s32585,Vihaan Anderson,26,Male,Australia,6/11/2021,Free
s32586,Benjamin Patel,26,Male,India,8/18/2020,Yearly
s32587,Olivia Anderson,19,Other,India,12/6/2022,Yearly
s32588,Vihaan Brown,27,Female,Germany,5/15/2021,Free
s32589,Benjamin Smith,20,Other,India,12/4/2021,Free
s32590,Vihaan Brown,18,Other,USA,8/5/2019,Free
s32591,Riya Davis,26,Other,Canada,10/21/2020,Free
s32592,Ethan Wilson,25,Male,India,7/23/2021,Monthly
s32593,Eva Wilson,24,Female,Canada,1/5/2020,Monthly
s32594,Aarav Wilson,22,Other,USA,1/26/2019,Free
s32595,Isabella Taylor,34,Other,Canada,12/6/2020,Monthly
s32596,Aarav Singh,25,Female,Germany,12/12/2020,Yearly
s32597,Benjamin Lee,24,Female,USA,10/31/2019,Monthly
s32598,Liam Taylor,61,Other,Australia,7/5/2020,Free
s32599,Aarav Patel,58,Male,USA,12/1/2021,Monthly
s32600,Liam Taylor,20,Female,India,4/28/2022,Yearly
s32601,Isabella Anderson,27,Female,Canada,2/6/2021,Free
s32602,Amelia Miller,27,Male,Australia,4/22/2020,Monthly
s32603,Sophia Martin,27,Female,Canada,9/3/2019,Yearly
s32604,Isabella Lee,21,Female,Canada,6/12/2020,Free
s32605,Amelia Verma,18,Other,UK,7/12/2020,Monthly
s32606,Ethan Taylor,48,Female,Canada,1/30/2021,Free
s32607,Vihaan Brown,27,Male,Germany,6/23/2020,Monthly
s32608,Lucas Clark,27,Other,India,10/20/2021,Yearly
s32609,Meera Clark,18,Female,India,11/15/2019,Free
s32610,Lucas Hall,35,Male,USA,11/1/2019,Yearly
s32611,Lucas Moore,54,Male,Germany,1/28/2022,Yearly
s32612,Vihaan Sharma,26,Female,Canada,2/22/2020,Free
s32613,Meera Singh,44,Other,India,1/8/2022,Free
s32614,Liam Johnson,39,Female,India,3/22/2020,Yearly
s32615,Arjun Verma,26,Male,Australia,5/31/2020,Monthly
s32616,Noah Lee,24,Other,UK,6/1/2019,Yearly
s32617,Lucas Martin,25,Female,Germany,2/22/2022,Yearly
s32618,Sophia Davis,34,Other,Canada,5/7/2020,Monthly
s32619,Liam Moore,19,Female,UK,8/22/2020,Yearly
s32620,Ethan Lewis,21,Male,USA,12/3/2022,Yearly
s32621,Olivia Martin,22,Male,Canada,5/30/2021,Yearly
s32622,Sophia Anderson,35,Other,UK,12/25/2019,Yearly
s32623,Aarav Verma,44,Other,UK,10/26/2022,Monthly
s32624,Riya Singh,22,Male,Germany,5/25/2019,Yearly
s32625,Aarav Patel,19,Other,Germany,2/21/2020,Monthly
s32626,Lucas Martin,25,Female,UK,7/7/2020,Monthly
s32627,Mia Miller,26,Female,India,7/3/2020,Yearly
s32628,Olivia Brown,19,Other,UK,3/23/2021,Monthly
s32629,Eva Moore,18,Other,USA,2/15/2022,Free
s32630,Aarav Verma,21,Female,Australia,7/9/2022,Monthly
s32631,Karan Smith,25,Female,Canada,10/21/2020,Free
s32632,Vihaan Clark,31,Other,UK,9/22/2019,Free
s32633,Riya Brown,65,Other,Australia,10/28/2020,Free
s32634,Benjamin Wilson,38,Female,Canada,4/21/2019,Yearly
s32635,Amelia Martin,52,Female,UK,9/20/2019,Monthly
s32636,Aanya Brown,18,Male,Australia,12/18/2022,Yearly
s32637,Aanya Lewis,38,Male,India,11/5/2020,Yearly
s32638,Meera Sharma,48,Other,Canada,1/21/2021,Yearly
s32639,Isabella Sharma,24,Male,Germany,3/1/2022,Yearly
s32640,Liam Miller,42,Other,India,6/9/2022,Yearly
s32641,Noah Anderson,20,Other,Australia,6/5/2020,Yearly
s32642,Arjun Brown,27,Other,Germany,7/27/2019,Monthly
s32643,Liam Anderson,39,Female,USA,8/30/2020,Yearly
s32644,Benjamin Brown,29,Male,Canada,2/20/2021,Free
s32645,Ethan Moore,39,Female,India,9/25/2020,Monthly
s32646,Aarav Brown,18,Male,Australia,11/27/2019,Monthly
s32647,Zara Lewis,23,Female,UK,11/27/2019,Free
s32648,Liam Davis,26,Other,Germany,11/18/2019,Yearly
s32649,Sophia Smith,19,Other,Germany,3/2/2022,Yearly
s32650,Aarav Brown,47,Female,Germany,1/27/2019,Yearly
s32651,Zara Clark,26,Female,Australia,7/26/2019,Monthly
s32652,Aarav Lewis,24,Female,Canada,11/22/2020,Free
s32653,Amelia Miller,43,Other,Germany,2/11/2022,Yearly
s32654,Zara Smith,49,Other,India,8/31/2019,Free
s32655,Aanya Singh,25,Female,Canada,11/4/2022,Monthly
s32656,Vihaan Miller,31,Other,Australia,5/16/2021,Free
s32657,Benjamin Smith,21,Male,Germany,4/11/2021,Free
s32658,Isabella Sharma,40,Male,Australia,3/13/2021,Monthly
s32659,Benjamin Wilson,26,Other,UK,6/11/2022,Free
s32660,Benjamin Singh,25,Male,India,11/18/2022,Yearly
s32661,Sophia Martin,18,Female,UK,12/8/2021,Monthly
s32662,Meera Miller,52,Female,USA,5/29/2019,Monthly
s32663,Ethan Anderson,18,Female,UK,9/17/2021,Monthly
s32664,Isabella Smith,24,Female,Australia,3/31/2019,Yearly
s32665,Arjun Lewis,47,Other,Australia,12/6/2019,Yearly
s32666,Vihaan Smith,38,Male,USA,10/28/2019,Monthly
s32667,Ethan Thomas,20,Other,Canada,6/5/2019,Free
s32668,Riya Moore,23,Female,India,12/31/2021,Free
s32669,Aarav Taylor,34,Other,Germany,4/6/2020,Free
s32670,Eva Verma,41,Other,UK,3/16/2022,Monthly
s32671,Aanya Singh,22,Female,India,3/25/2019,Monthly
s32672,Riya Anderson,45,Female,USA,6/11/2021,Free
s32673,Vihaan Clark,58,Male,Australia,1/11/2019,Yearly
s32674,Emma Davis,21,Male,Germany,1/8/2021,Free
s32675,Lucas Verma,20,Male,UK,3/25/2020,Monthly
s32676,Vihaan Thomas,19,Female,Canada,8/6/2022,Yearly
s32677,Emma Walker,22,Female,USA,4/10/2021,Yearly
s32678,Karan Lewis,27,Female,India,10/15/2021,Yearly
s32679,Benjamin Verma,45,Male,USA,4/30/2020,Free
s32680,Aanya Anderson,27,Female,UK,9/1/2022,Free
s32681,Amelia Taylor,22,Other,UK,6/9/2022,Yearly
s32682,Zara Johnson,26,Other,UK,12/22/2022,Free
s32683,Benjamin Taylor,21,Other,Canada,9/6/2021,Free
s32684,Eva Davis,65,Other,India,11/3/2021,Free
s32685,Vihaan Thomas,39,Male,USA,3/21/2022,Free
s32686,Sophia Lewis,25,Female,Canada,1/17/2021,Yearly
s32687,Emma Lee,44,Other,Australia,3/2/2022,Monthly
s32688,Karan Lee,22,Other,Germany,3/23/2021,Monthly
s32689,Liam Lewis,61,Female,India,1/7/2021,Monthly
s32690,Eva Davis,24,Female,Germany,7/9/2021,Yearly
s32691,Eva Moore,19,Other,Canada,2/11/2021,Yearly
s32692,Riya Thomas,21,Other,Australia,12/30/2021,Yearly
s32693,Aarav Martin,51,Female,Germany,2/9/2022,Monthly
s32694,Mia Johnson,34,Other,Canada,9/18/2021,Monthly
s32695,Mia Wilson,38,Male,Australia,5/7/2021,Free
s32696,Meera Davis,62,Male,Germany,8/1/2022,Yearly
s32697,Arjun Smith,18,Female,India,10/1/2020,Monthly
s32698,Liam Lee,18,Female,Germany,11/14/2019,Free
s32699,Amelia Taylor,19,Male,Canada,4/22/2022,Yearly
s32700,Sophia Patel,23,Female,USA,4/1/2021,Monthly
s32701,Zara Anderson,18,Female,USA,1/29/2020,Monthly
s32702,Mia Johnson,19,Other,Australia,11/19/2022,Free
s32703,Lucas Hall,22,Female,UK,10/8/2020,Monthly
s32704,Aarav Lewis,19,Female,USA,3/17/2021,Free
s32705,Vihaan Brown,38,Female,UK,12/26/2020,Monthly
s32706,Liam Lewis,26,Female,India,12/6/2020,Free
s32707,Olivia Hall,22,Female,Australia,11/21/2021,Free
s32708,Sophia Sharma,24,Female,Canada,9/12/2021,Free
s32709,Noah Sharma,20,Male,USA,10/24/2020,Monthly
s32710,Mia Lewis,37,Male,Germany,5/8/2019,Yearly
s32711,Sophia Sharma,20,Other,Canada,2/5/2020,Yearly
s32712,Benjamin Miller,56,Female,India,4/1/2021,Monthly
s32713,Karan Davis,37,Female,Canada,10/3/2022,Yearly
s32714,Liam Lee,33,Female,UK,5/4/2019,Yearly
s32715,Lucas Walker,22,Other,UK,4/10/2020,Monthly
s32716,Olivia Taylor,27,Male,Canada,10/24/2020,Free
s32717,Noah Miller,23,Other,Germany,9/8/2019,Free
s32718,Karan Davis,32,Male,Australia,1/14/2022,Yearly
s32719,Meera Wilson,47,Female,India,7/15/2021,Monthly
s32720,Zara Patel,24,Female,Australia,10/24/2022,Free
s32721,Isabella Smith,42,Other,India,7/28/2019,Free
s32722,Meera Smith,37,Other,Canada,3/2/2019,Free
s32723,Aarav Sharma,27,Female,Germany,3/14/2022,Free
s32724,Meera Anderson,22,Male,USA,1/27/2022,Monthly
s32725,Benjamin Clark,19,Male,Germany,4/18/2022,Monthly
s32726,Ethan Lee,44,Female,Australia,1/13/2019,Monthly
s32727,Aanya Moore,65,Other,Canada,2/26/2022,Yearly
s32728,Aanya Verma,32,Other,UK,7/16/2022,Monthly
s32729,Aanya Singh,23,Other,Australia,10/10/2019,Monthly
s32730,Eva Smith,25,Other,Australia,10/30/2020,Monthly
s32731,Noah Walker,46,Male,Canada,9/19/2019,Monthly
s32732,Isabella Thomas,19,Other,UK,6/11/2021,Free
s32733,Karan Lewis,27,Male,UK,10/15/2022,Monthly
s32734,Aanya Wilson,22,Female,USA,1/24/2021,Monthly
s32735,Olivia Patel,18,Other,Canada,3/10/2021,Yearly
s32736,Riya Smith,54,Other,USA,12/31/2019,Monthly
s32737,Arjun Verma,24,Other,USA,7/14/2020,Free
s32738,Arjun Walker,18,Other,Australia,1/1/2021,Yearly
s32739,Zara Moore,35,Female,UK,12/17/2019,Yearly
s32740,Olivia Singh,56,Other,UK,9/19/2020,Monthly
s32741,Lucas Hall,33,Other,India,7/17/2022,Yearly
s32742,Riya Sharma,18,Female,USA,12/15/2020,Monthly
s32743,Meera Anderson,33,Male,Canada,1/19/2022,Yearly
s32744,Aanya Anderson,20,Other,UK,1/6/2021,Free
s32745,Mia Miller,53,Male,India,4/18/2022,Monthly
s32746,Liam Brown,24,Other,Canada,2/17/2022,Yearly
s32747,Meera Patel,18,Male,UK,5/17/2019,Yearly
s32748,Aanya Patel,61,Other,Germany,4/15/2020,Monthly
s32749,Sophia Lewis,22,Other,Canada,10/13/2019,Free
s32750,Vihaan Davis,36,Female,USA,2/3/2020,Monthly
s32751,Emma Davis,54,Male,Canada,11/12/2022,Free
s32752,Riya Wilson,30,Male,UK,11/12/2021,Monthly
s32753,Sophia Hall,29,Male,Germany,8/9/2021,Monthly
s32754,Aanya Singh,27,Other,USA,12/13/2020,Yearly
s32755,Aanya Taylor,22,Female,Canada,1/7/2021,Yearly
s32756,Karan Lee,25,Female,Germany,9/17/2022,Yearly
s32757,Lucas Lee,45,Female,USA,6/27/2021,Monthly
s32758,Olivia Patel,60,Female,Australia,6/3/2019,Free
s32759,Aarav Clark,49,Female,Australia,3/26/2019,Monthly
s32760,Mia Anderson,22,Other,India,1/12/2021,Yearly
s32761,Emma Singh,26,Female,Canada,11/30/2021,Monthly
s32762,Liam Brown,36,Other,UK,2/22/2019,Monthly
s32763,Mia Davis,21,Other,Germany,3/26/2019,Yearly
s32764,Vihaan Davis,39,Female,Germany,9/28/2021,Free
s32765,Karan Martin,26,Female,USA,9/25/2022,Monthly
s32766,Zara Smith,66,Female,Australia,2/20/2020,Free
s32767,Lucas Patel,51,Other,Canada,3/4/2019,Free
s32768,Benjamin Smith,39,Female,Australia,4/24/2020,Free
s32769,Zara Singh,34,Female,Australia,3/4/2021,Yearly
s32770,Zara Singh,30,Female,Canada,1/5/2021,Yearly
s32771,Mia Miller,57,Female,UK,11/5/2019,Free
s32772,Emma Clark,41,Male,UK,11/13/2021,Yearly
s32773,Eva Brown,26,Male,India,7/29/2020,Free
s32774,Noah Moore,20,Female,Australia,7/14/2021,Yearly
s32775,Karan Lewis,53,Other,Australia,5/21/2021,Free
s32776,Aarav Thomas,25,Female,UK,10/27/2022,Yearly
s32777,Liam Thomas,22,Male,Germany,3/22/2019,Free
s32778,Noah Hall,36,Male,Australia,12/1/2022,Yearly
s32779,Liam Moore,27,Other,Germany,5/18/2019,Free
s32780,Arjun Verma,33,Other,Canada,9/12/2022,Monthly
s32781,Amelia Anderson,20,Other,Germany,12/27/2019,Monthly
s32782,Sophia Lee,20,Female,Australia,10/9/2021,Free
s32783,Mia Lee,23,Male,USA,7/3/2019,Yearly
s32784,Amelia Patel,25,Male,India,2/21/2021,Free
s32785,Vihaan Anderson,24,Other,Germany,7/6/2021,Free
s32786,Noah Patel,22,Male,India,9/20/2020,Monthly
s32787,Lucas Davis,59,Other,USA,5/4/2021,Free
s32788,Meera Anderson,26,Male,India,10/8/2020,Free
s32789,Vihaan Wilson,24,Male,USA,6/24/2021,Free
s32790,Arjun Davis,43,Female,USA,11/13/2020,Free
s32791,Benjamin Clark,22,Male,UK,7/27/2022,Yearly
s32792,Karan Anderson,31,Other,India,3/4/2022,Free
s32793,Vihaan Hall,55,Female,India,3/16/2021,Free
s32794,Zara Brown,27,Other,Germany,9/11/2021,Monthly
s32795,Vihaan Thomas,25,Female,Australia,5/29/2022,Monthly
s32796,Isabella Smith,54,Female,Australia,1/22/2021,Free
s32797,Lucas Smith,22,Other,Australia,3/26/2021,Yearly
s32798,Meera Singh,56,Male,USA,8/22/2019,Free
s32799,Meera Davis,31,Female,UK,11/17/2020,Yearly
s32800,Benjamin Anderson,51,Male,India,2/10/2020,Monthly
s32801,Karan Miller,46,Female,India,10/2/2020,Monthly
s32802,Vihaan Clark,24,Other,Canada,9/19/2022,Monthly
s32803,Zara Davis,57,Other,India,4/10/2020,Yearly
s32804,Riya Brown,26,Other,Canada,10/3/2020,Yearly
s32805,Meera Thomas,47,Female,Germany,6/26/2022,Free
s32806,Sophia Moore,44,Male,India,5/17/2021,Free
s32807,Meera Patel,21,Male,Australia,6/10/2019,Free
s32808,Amelia Taylor,19,Male,Germany,2/2/2022,Monthly
s32809,Vihaan Moore,26,Male,Germany,2/3/2019,Monthly
s32810,Emma Singh,23,Male,USA,3/4/2022,Yearly
s32811,Liam Patel,41,Male,USA,6/13/2020,Monthly
s32812,Arjun Davis,55,Male,USA,12/17/2022,Yearly
s32813,Isabella Hall,53,Other,Australia,8/13/2020,Free
s32814,Sophia Thomas,24,Female,USA,2/2/2022,Free
s32815,Noah Walker,21,Male,Germany,2/17/2020,Free
s32816,Arjun Singh,25,Female,Australia,4/26/2020,Free
s32817,Isabella Wilson,29,Other,Canada,6/24/2021,Free
s32818,Liam Patel,22,Female,Canada,6/1/2020,Monthly
s32819,Benjamin Lee,24,Female,Australia,2/13/2019,Yearly
s32820,Eva Johnson,20,Other,Canada,7/6/2020,Yearly
s32821,Aarav Patel,42,Male,Germany,12/13/2022,Yearly
s32822,Eva Walker,19,Female,USA,10/24/2020,Yearly
s32823,Karan Smith,29,Male,UK,5/31/2022,Free
s32824,Isabella Patel,23,Other,USA,3/28/2022,Free
s32825,Arjun Singh,25,Male,UK,3/16/2019,Yearly
s32826,Vihaan Martin,20,Male,Canada,7/21/2020,Free
s32827,Zara Verma,24,Male,Germany,5/2/2021,Free
s32828,Mia Hall,25,Other,India,7/23/2019,Free
s32829,Amelia Brown,24,Other,Germany,1/4/2022,Free
s32830,Vihaan Walker,58,Male,Australia,12/7/2022,Free
s32831,Riya Verma,47,Female,India,7/18/2022,Free
s32832,Karan Walker,37,Other,Canada,5/22/2019,Yearly
s32833,Amelia Brown,44,Female,Canada,5/20/2020,Monthly
s32834,Benjamin Singh,44,Male,Germany,8/12/2021,Free
s32835,Liam Walker,18,Other,USA,4/30/2021,Yearly
s32836,Emma Davis,46,Other,Germany,6/19/2020,Monthly
s32837,Benjamin Patel,48,Male,India,12/9/2021,Free
s32838,Olivia Moore,20,Female,Australia,9/3/2021,Monthly
s32839,Sophia Johnson,27,Female,Canada,1/4/2022,Monthly
s32840,Ethan Moore,47,Male,Canada,9/7/2019,Yearly
s32841,Olivia Davis,23,Other,Canada,12/14/2020,Yearly
s32842,Eva Hall,28,Female,USA,2/20/2019,Yearly
s32843,Noah Taylor,25,Other,Canada,1/16/2021,Monthly
s32844,Emma Thomas,37,Female,India,4/25/2022,Monthly
s32845,Arjun Miller,19,Male,USA,11/6/2022,Yearly
s32846,Riya Walker,33,Other,USA,6/19/2022,Monthly
s32847,Eva Clark,22,Male,Germany,8/12/2019,Free
s32848,Ethan Hall,29,Other,Australia,3/20/2022,Yearly
s32849,Isabella Taylor,25,Female,India,2/12/2019,Free
s32850,Eva Taylor,51,Male,USA,7/24/2020,Free
s32851,Eva Singh,43,Female,India,11/26/2022,Yearly
s32852,Aanya Brown,24,Female,UK,7/27/2020,Free
s32853,Zara Martin,23,Male,Canada,12/5/2020,Free
s32854,Zara Johnson,21,Male,USA,7/12/2019,Monthly
s32855,Aanya Martin,25,Male,Canada,8/12/2020,Monthly
s32856,Vihaan Miller,43,Female,Germany,7/20/2021,Monthly
s32857,Lucas Martin,47,Female,Germany,4/9/2019,Free
s32858,Arjun Brown,25,Male,Australia,2/22/2021,Monthly
s32859,Aanya Sharma,26,Female,Germany,9/12/2019,Free
s32860,Meera Moore,32,Male,Germany,9/24/2020,Monthly
s32861,Benjamin Brown,35,Other,Australia,2/8/2022,Monthly
s32862,Mia Thomas,23,Other,UK,4/13/2019,Yearly
s32863,Aarav Wilson,47,Male,USA,3/15/2020,Free
s32864,Riya Lee,24,Male,Germany,7/23/2021,Free
s32865,Benjamin Patel,30,Other,India,12/10/2022,Free
s32866,Eva Thomas,19,Other,India,11/15/2022,Yearly
s32867,Arjun Verma,22,Male,Australia,9/7/2022,Monthly
s32868,Arjun Smith,48,Other,Australia,5/28/2022,Free
s32869,Lucas Smith,44,Male,India,2/10/2021,Monthly
s32870,Liam Walker,21,Male,Australia,8/6/2022,Free
s32871,Sophia Smith,20,Male,Germany,3/2/2022,Free
s32872,Zara Lee,41,Other,UK,8/13/2019,Yearly
s32873,Olivia Wilson,21,Male,UK,7/23/2019,Free
s32874,Vihaan Anderson,34,Other,Canada,2/2/2021,Free
s32875,Arjun Lewis,20,Male,UK,10/4/2021,Yearly
s32876,Isabella Taylor,64,Male,India,4/23/2020,Yearly
s32877,Aanya Taylor,19,Other,India,4/16/2022,Free
s32878,Benjamin Clark,46,Female,India,6/21/2019,Monthly
s32879,Sophia Verma,23,Male,USA,4/30/2020,Yearly
s32880,Arjun Lee,18,Other,USA,4/1/2019,Yearly
s32881,Noah Walker,25,Other,Australia,4/14/2019,Free
s32882,Aarav Sharma,47,Male,USA,3/28/2020,Free
s32883,Vihaan Patel,38,Male,Australia,2/23/2019,Monthly
s32884,Aarav Miller,25,Other,Canada,2/22/2021,Free
s32885,Sophia Patel,20,Other,India,10/11/2020,Monthly
s32886,Benjamin Wilson,40,Male,UK,12/5/2019,Free
s32887,Aanya Verma,21,Male,UK,8/17/2021,Monthly
s32888,Arjun Patel,23,Female,Germany,7/14/2021,Yearly
s32889,Sophia Miller,23,Male,Canada,10/14/2019,Free
s32890,Riya Lee,27,Male,India,4/24/2022,Free
s32891,Olivia Lewis,34,Female,USA,12/22/2021,Yearly
s32892,Emma Hall,26,Other,Germany,2/9/2020,Free
s32893,Benjamin Verma,50,Male,Australia,11/2/2019,Monthly
s32894,Lucas Verma,46,Female,Australia,7/12/2022,Free
s32895,Emma Brown,60,Other,Canada,3/2/2019,Monthly
s32896,Olivia Lewis,22,Other,USA,6/16/2020,Yearly
s32897,Sophia Lewis,22,Male,Canada,7/11/2019,Free
s32898,Lucas Moore,20,Other,Australia,2/11/2021,Yearly
s32899,Isabella Singh,40,Other,UK,9/1/2020,Yearly
s32900,Aarav Taylor,27,Male,India,2/4/2021,Free
s32901,Aarav Verma,23,Female,India,4/2/2019,Free
s32902,Sophia Davis,22,Male,Canada,9/12/2021,Yearly
s32903,Zara Davis,22,Male,Germany,2/1/2020,Monthly
s32904,Riya Anderson,22,Other,India,3/16/2020,Yearly
s32905,Liam Smith,32,Female,India,10/22/2021,Yearly
s32906,Emma Thomas,27,Other,Canada,4/23/2021,Yearly
s32907,Meera Walker,40,Other,Australia,5/25/2020,Free
s32908,Aarav Martin,23,Female,Australia,2/4/2021,Yearly
s32909,Sophia Johnson,20,Female,Germany,11/24/2021,Yearly
s32910,Noah Wilson,19,Female,Australia,2/15/2022,Monthly
s32911,Karan Thomas,31,Other,Australia,1/12/2021,Free
s32912,Noah Thomas,18,Female,Germany,4/27/2019,Monthly
s32913,Sophia Lewis,26,Male,Canada,4/15/2020,Monthly
s32914,Liam Singh,22,Male,USA,10/2/2019,Monthly
s32915,Amelia Hall,28,Female,USA,11/21/2020,Monthly
s32916,Sophia Miller,22,Male,UK,8/10/2022,Yearly
s32917,Vihaan Walker,23,Female,Australia,8/18/2021,Monthly
s32918,Riya Johnson,18,Male,Germany,2/18/2019,Free
s32919,Lucas Miller,27,Male,Germany,7/15/2021,Monthly
s32920,Aanya Moore,37,Female,USA,1/6/2021,Free
s32921,Liam Martin,19,Other,India,12/8/2021,Free
s32922,Zara Martin,26,Other,Canada,2/15/2022,Monthly
s32923,Lucas Moore,39,Male,India,12/15/2021,Yearly
s32924,Lucas Taylor,20,Other,Germany,12/30/2022,Monthly
s32925,Benjamin Miller,31,Female,Germany,11/12/2022,Free
s32926,Meera Davis,32,Female,India,5/14/2022,Monthly
s32927,Sophia Patel,57,Other,India,9/28/2022,Free
s32928,Emma Taylor,35,Male,India,6/15/2021,Yearly
s32929,Amelia Davis,19,Male,Germany,2/19/2022,Monthly
s32930,Liam Taylor,30,Other,UK,10/31/2022,Monthly
s32931,Isabella Johnson,26,Other,Canada,10/28/2022,Free
s32932,Karan Wilson,45,Male,India,1/5/2019,Free
s32933,Liam Walker,19,Other,USA,8/21/2020,Monthly
s32934,Amelia Verma,19,Male,Australia,12/4/2019,Free
s32935,Noah Taylor,40,Other,India,9/11/2019,Free
s32936,Zara Singh,22,Male,UK,11/20/2022,Yearly
s32937,Karan Singh,21,Other,India,10/23/2020,Yearly
s32938,Riya Hall,32,Female,UK,9/26/2022,Yearly
s32939,Amelia Lewis,46,Female,Australia,11/13/2019,Yearly
s32940,Noah Johnson,38,Female,India,12/17/2019,Monthly
s32941,Liam Lewis,20,Female,UK,11/10/2019,Free
s32942,Noah Singh,21,Male,Canada,5/5/2022,Monthly
s32943,Vihaan Patel,41,Female,UK,10/16/2022,Free
s32944,Isabella Clark,20,Female,Canada,5/22/2022,Monthly
s32945,Emma Thomas,22,Male,USA,11/25/2022,Yearly
s32946,Olivia Martin,27,Other,Australia,9/9/2021,Free
s32947,Meera Smith,42,Other,Australia,8/4/2022,Monthly
s32948,Emma Anderson,19,Other,Germany,1/20/2021,Monthly
s32949,Eva Sharma,25,Other,India,10/23/2021,Monthly
s32950,Ethan Walker,63,Male,UK,3/1/2022,Yearly
s32951,Aarav Johnson,18,Male,Germany,12/6/2019,Free
s32952,Vihaan Brown,24,Other,Germany,2/21/2019,Free
s32953,Benjamin Thomas,57,Other,Canada,10/2/2021,Yearly
s32954,Ethan Brown,19,Female,India,12/12/2019,Free
s32955,Meera Hall,26,Female,USA,5/10/2020,Yearly
s32956,Olivia Singh,23,Other,UK,10/11/2021,Monthly
s32957,Ethan Verma,24,Other,Canada,4/13/2020,Free
s32958,Noah Clark,19,Male,India,8/1/2022,Free
s32959,Benjamin Moore,19,Other,Germany,1/19/2021,Yearly
s32960,Lucas Taylor,30,Female,USA,2/9/2021,Yearly
s32961,Aanya Clark,25,Other,Canada,7/19/2019,Free
s32962,Karan Anderson,66,Other,Germany,9/24/2019,Monthly
s32963,Ethan Miller,47,Other,India,5/11/2021,Free
s32964,Mia Thomas,40,Female,USA,8/19/2019,Yearly
s32965,Aarav Singh,27,Female,India,10/28/2019,Free
s32966,Eva Lee,32,Male,UK,6/15/2019,Monthly
s32967,Aarav Lewis,23,Male,UK,4/9/2020,Monthly
s32968,Noah Thomas,24,Other,Germany,9/7/2020,Free
s32969,Riya Brown,27,Female,India,4/2/2019,Yearly
s32970,Amelia Lee,28,Male,UK,10/13/2021,Monthly
s32971,Benjamin Anderson,20,Male,Australia,11/6/2019,Yearly
s32972,Eva Martin,45,Male,Canada,9/9/2020,Yearly
s32973,Amelia Thomas,26,Female,India,8/18/2021,Monthly
s32974,Noah Thomas,20,Male,Germany,2/2/2020,Yearly
s32975,Ethan Anderson,23,Male,USA,11/25/2019,Free
s32976,Mia Thomas,26,Female,USA,2/9/2019,Free
s32977,Benjamin Smith,18,Male,Germany,11/13/2022,Free
s32978,Meera Lewis,25,Female,UK,4/3/2020,Monthly
s32979,Olivia Singh,29,Female,UK,4/23/2021,Yearly
s32980,Karan Lee,24,Female,Canada,3/14/2020,Yearly
s32981,Ethan Thomas,30,Female,Australia,11/4/2022,Yearly
s32982,Isabella Taylor,58,Female,Australia,5/18/2019,Yearly
s32983,Zara Smith,22,Female,India,6/7/2019,Monthly
s32984,Noah Walker,22,Female,India,1/19/2019,Monthly
s32985,Emma Walker,45,Male,India,1/20/2020,Monthly
s32986,Zara Sharma,27,Male,UK,11/14/2020,Free
s32987,Vihaan Moore,31,Female,UK,1/12/2020,Free
s32988,Riya Anderson,37,Other,India,4/11/2021,Free
s32989,Noah Walker,21,Female,Germany,7/16/2019,Free
s32990,Lucas Smith,21,Male,Germany,11/8/2022,Yearly
s32991,Benjamin Moore,19,Male,USA,6/26/2021,Yearly
s32992,Emma Lewis,22,Male,UK,9/9/2022,Free
s32993,Olivia Lewis,52,Other,India,4/14/2021,Monthly
s32994,Mia Brown,18,Female,USA,2/18/2021,Monthly
s32995,Eva Davis,39,Female,India,3/15/2022,Free
s32996,Arjun Clark,27,Female,India,7/16/2022,Free
s32997,Amelia Martin,25,Male,Canada,12/14/2021,Free
s32998,Benjamin Miller,38,Female,Canada,8/18/2021,Free
s32999,Aarav Hall,56,Male,Germany,10/5/2021,Yearly
s33000,Isabella Wilson,33,Female,Canada,4/1/2021,Yearly
s33001,Benjamin Walker,19,Other,USA,11/4/2019,Monthly
s33002,Noah Singh,37,Female,India,6/19/2021,Monthly
s33003,Arjun Thomas,32,Female,USA,12/27/2022,Monthly
s33004,Mia Singh,34,Male,USA,10/24/2020,Yearly
s33005,Benjamin Johnson,26,Other,UK,6/23/2022,Free
s33006,Aarav Brown,40,Female,Canada,6/30/2019,Free
s33007,Vihaan Taylor,34,Female,India,1/9/2022,Free
s33008,Noah Lewis,21,Female,USA,6/17/2020,Free
s33009,Liam Smith,33,Male,Canada,5/1/2020,Monthly
s33010,Mia Davis,39,Female,Germany,3/28/2021,Yearly
s33011,Isabella Thomas,46,Other,UK,3/25/2020,Free
s33012,Liam Martin,41,Other,India,1/7/2021,Free
s33013,Amelia Martin,36,Other,USA,11/24/2019,Yearly
s33014,Riya Verma,61,Male,Canada,9/16/2019,Yearly
s33015,Ethan Clark,45,Female,India,1/18/2019,Monthly
s33016,Emma Verma,39,Female,India,4/1/2021,Free
s33017,Eva Lewis,58,Female,UK,7/13/2020,Yearly
s33018,Riya Singh,22,Male,USA,10/21/2019,Monthly
s33019,Amelia Taylor,19,Female,UK,10/8/2020,Monthly
s33020,Zara Lee,20,Other,UK,9/2/2019,Yearly
s33021,Meera Hall,26,Female,USA,6/28/2021,Monthly
s33022,Vihaan Singh,26,Other,USA,12/12/2021,Yearly
s33023,Meera Clark,43,Other,India,2/1/2020,Yearly
s33024,Ethan Miller,23,Male,USA,10/7/2022,Monthly
s33025,Ethan Walker,20,Female,Canada,8/7/2022,Yearly
s33026,Sophia Martin,23,Male,UK,6/20/2019,Free
s33027,Emma Moore,63,Female,India,10/20/2020,Monthly
s33028,Eva Patel,51,Female,Australia,10/9/2020,Monthly
s33029,Arjun Martin,25,Female,UK,5/13/2021,Yearly
s33030,Emma Lee,22,Female,India,11/23/2020,Yearly
s33031,Zara Anderson,35,Female,Germany,4/29/2022,Yearly
s33032,Aanya Lee,59,Other,India,11/4/2019,Monthly
s33033,Sophia Thomas,33,Male,USA,9/15/2020,Yearly
s33034,Riya Verma,24,Male,UK,7/14/2022,Free
s33035,Eva Johnson,43,Male,USA,9/7/2022,Free
s33036,Lucas Anderson,51,Female,USA,9/3/2019,Yearly
s33037,Meera Martin,25,Female,Canada,6/3/2021,Free
s33038,Meera Hall,24,Other,Germany,10/31/2019,Yearly
s33039,Arjun Patel,25,Female,India,3/4/2021,Monthly
s33040,Mia Taylor,24,Female,Australia,5/31/2019,Yearly
s33041,Liam Patel,26,Other,Germany,7/8/2021,Free
s33042,Meera Clark,32,Male,Australia,3/9/2020,Free
s33043,Eva Brown,38,Female,Canada,10/21/2021,Free
s33044,Sophia Davis,19,Other,Australia,8/29/2020,Free
s33045,Aanya Wilson,26,Female,Germany,12/1/2022,Free
s33046,Zara Martin,40,Female,Germany,6/26/2019,Free
s33047,Amelia Davis,63,Other,USA,10/7/2019,Free
s33048,Vihaan Thomas,34,Female,India,9/18/2021,Free
s33049,Arjun Taylor,38,Female,Canada,7/22/2021,Free
s33050,Emma Walker,32,Female,Canada,6/8/2020,Free
s33051,Benjamin Verma,27,Female,Germany,4/19/2021,Monthly
s33052,Vihaan Patel,33,Female,UK,12/12/2020,Yearly
s33053,Aarav Thomas,35,Male,India,9/20/2020,Yearly
s33054,Olivia Thomas,24,Male,India,2/8/2019,Free
s33055,Aarav Hall,42,Other,Australia,1/19/2019,Free
s33056,Amelia Wilson,36,Male,USA,10/11/2020,Yearly
s33057,Vihaan Patel,36,Female,India,9/16/2021,Yearly
s33058,Vihaan Anderson,20,Other,Canada,7/15/2021,Yearly
s33059,Meera Lewis,38,Female,Australia,10/15/2019,Yearly
s33060,Aanya Hall,32,Male,Australia,11/14/2021,Monthly
s33061,Eva Johnson,22,Other,Australia,1/22/2021,Free
s33062,Aarav Patel,19,Other,Germany,3/3/2020,Monthly
s33063,Noah Verma,22,Other,India,5/15/2020,Yearly
s33064,Aanya Singh,19,Male,UK,5/16/2022,Yearly
s33065,Emma Wilson,31,Male,Australia,7/26/2019,Yearly
s33066,Sophia Sharma,49,Male,Germany,10/13/2022,Free
s33067,Arjun Lewis,26,Female,India,4/16/2020,Yearly
s33068,Benjamin Moore,23,Other,Australia,12/9/2020,Yearly
s33069,Riya Lewis,23,Female,Germany,7/2/2019,Yearly
s33070,Amelia Verma,44,Male,USA,7/28/2022,Free
s33071,Amelia Lewis,20,Female,Australia,10/5/2020,Yearly
s33072,Aarav Taylor,21,Male,USA,4/18/2019,Monthly
s33073,Liam Martin,21,Male,Germany,1/6/2021,Free
s33074,Eva Verma,20,Other,UK,7/2/2022,Monthly
s33075,Sophia Davis,26,Other,Germany,4/19/2021,Yearly
s33076,Lucas Miller,48,Female,India,10/15/2019,Free
s33077,Noah Smith,26,Male,UK,10/5/2022,Free
s33078,Isabella Verma,42,Female,Australia,8/1/2020,Free
s33079,Arjun Singh,26,Male,Australia,4/1/2020,Free
s33080,Karan Davis,40,Female,Canada,6/20/2020,Free
s33081,Ethan Hall,36,Female,Germany,5/9/2020,Yearly
s33082,Lucas Clark,59,Male,India,3/12/2021,Yearly
s33083,Liam Verma,19,Female,India,9/1/2022,Free
s33084,Isabella Martin,39,Female,USA,2/17/2020,Free
s33085,Benjamin Martin,19,Other,Australia,2/18/2021,Yearly
s33086,Aanya Patel,25,Female,Germany,12/12/2021,Free
s33087,Karan Wilson,21,Female,Canada,11/28/2022,Monthly
s33088,Vihaan Wilson,21,Other,Australia,3/9/2022,Yearly
s33089,Karan Clark,25,Male,USA,4/24/2020,Monthly
s33090,Liam Martin,21,Female,UK,11/25/2021,Yearly
s33091,Karan Lewis,25,Other,USA,3/2/2021,Yearly
s33092,Mia Clark,22,Male,India,4/20/2019,Free
s33093,Amelia Walker,27,Other,Australia,4/19/2019,Yearly
s33094,Amelia Singh,18,Female,UK,10/28/2020,Monthly
s33095,Lucas Davis,18,Female,USA,3/7/2022,Free
s33096,Olivia Davis,24,Female,Germany,1/15/2022,Monthly
s33097,Aanya Davis,26,Other,Canada,10/27/2020,Monthly
s33098,Benjamin Wilson,43,Female,Canada,4/10/2022,Free
s33099,Isabella Hall,27,Other,UK,9/15/2021,Monthly
s33100,Aarav Patel,21,Female,USA,3/21/2019,Monthly
s33101,Meera Thomas,24,Male,USA,7/28/2022,Free
s33102,Emma Singh,40,Female,Canada,8/28/2019,Free
s33103,Meera Thomas,50,Other,UK,12/15/2021,Free
s33104,Isabella Singh,21,Female,Australia,12/31/2021,Monthly
s33105,Benjamin Thomas,67,Male,Australia,2/26/2019,Yearly
s33106,Benjamin Anderson,19,Other,USA,6/25/2022,Free
s33107,Vihaan Patel,24,Other,Canada,2/15/2021,Monthly
s33108,Emma Walker,23,Other,UK,2/3/2020,Yearly
s33109,Emma Johnson,23,Female,Australia,8/6/2020,Monthly
s33110,Olivia Walker,20,Female,Australia,1/12/2021,Yearly
s33111,Zara Wilson,29,Other,India,10/28/2020,Free
s33112,Meera Martin,28,Female,USA,1/14/2019,Free
s33113,Olivia Moore,19,Female,Canada,3/10/2019,Yearly
s33114,Amelia Sharma,37,Female,Australia,4/14/2020,Monthly
s33115,Ethan Thomas,25,Female,Canada,7/27/2019,Free
s33116,Isabella Johnson,25,Other,India,10/22/2020,Monthly
s33117,Olivia Walker,53,Male,UK,6/15/2021,Free
s33118,Olivia Thomas,41,Other,Canada,8/12/2021,Yearly
s33119,Olivia Miller,40,Other,USA,10/21/2022,Yearly
s33120,Zara Johnson,47,Male,Germany,2/2/2020,Monthly
s33121,Arjun Clark,52,Other,UK,9/15/2021,Monthly
s33122,Riya Miller,21,Male,Australia,10/22/2020,Yearly
s33123,Aarav Taylor,24,Male,USA,6/19/2022,Free
s33124,Benjamin Patel,19,Female,India,1/2/2019,Monthly
s33125,Liam Brown,25,Female,Australia,9/2/2019,Yearly
s33126,Karan Davis,23,Female,Germany,10/12/2019,Monthly
s33127,Aarav Smith,25,Other,Australia,6/29/2019,Yearly
s33128,Noah Walker,18,Male,Canada,2/15/2019,Monthly
s33129,Aanya Lee,20,Other,USA,5/13/2022,Free
s33130,Liam Lee,21,Male,UK,7/25/2021,Free
s33131,Emma Singh,22,Male,USA,10/10/2021,Monthly
s33132,Emma Taylor,35,Female,Germany,7/10/2020,Monthly
s33133,Eva Brown,37,Female,India,12/15/2022,Monthly
s33134,Sophia Clark,22,Other,India,8/19/2021,Monthly
s33135,Aanya Hall,23,Other,India,9/21/2022,Yearly
s33136,Isabella Miller,19,Male,Australia,4/19/2021,Yearly
s33137,Amelia Verma,27,Other,India,4/6/2022,Yearly
s33138,Emma Walker,37,Other,India,8/7/2021,Monthly
s33139,Sophia Lee,20,Male,Germany,2/2/2020,Yearly
s33140,Riya Singh,23,Male,UK,10/18/2019,Monthly
s33141,Lucas Wilson,33,Female,UK,7/1/2020,Free
s33142,Zara Johnson,25,Male,Australia,11/29/2021,Yearly
s33143,Arjun Davis,18,Other,USA,4/14/2021,Monthly
s33144,Mia Johnson,26,Other,India,7/30/2019,Free
s33145,Mia Brown,59,Female,Germany,2/5/2020,Yearly
s33146,Ethan Brown,19,Other,Canada,6/11/2021,Yearly
s33147,Zara Wilson,25,Male,Australia,7/2/2021,Yearly
s33148,Amelia Smith,26,Other,Germany,8/29/2020,Yearly
s33149,Zara Davis,42,Other,UK,1/15/2022,Monthly
s33150,Liam Wilson,23,Female,Australia,7/11/2020,Monthly
s33151,Aanya Wilson,61,Other,USA,7/13/2020,Monthly
s33152,Zara Davis,24,Female,India,10/13/2019,Free
s33153,Riya Smith,36,Female,USA,12/6/2019,Monthly
s33154,Zara Brown,26,Female,Germany,2/2/2021,Yearly
s33155,Riya Brown,27,Other,Canada,11/26/2020,Yearly
s33156,Benjamin Brown,63,Other,USA,9/12/2022,Yearly
s33157,Lucas Sharma,19,Other,Canada,9/26/2020,Monthly
s33158,Ethan Lewis,18,Female,Australia,12/21/2022,Monthly
s33159,Lucas Anderson,19,Female,Australia,4/27/2019,Free
s33160,Isabella Johnson,21,Male,USA,9/6/2021,Free
s33161,Amelia Brown,25,Female,Australia,11/5/2021,Monthly
s33162,Vihaan Lee,24,Female,India,3/25/2019,Monthly
s33163,Riya Taylor,46,Female,USA,7/21/2022,Yearly
s33164,Aarav Anderson,21,Female,UK,7/17/2019,Monthly
s33165,Olivia Lewis,20,Male,Germany,6/11/2020,Free
s33166,Meera Singh,23,Male,Australia,10/16/2019,Monthly
s33167,Isabella Sharma,26,Male,India,7/10/2022,Free
s33168,Amelia Hall,19,Male,Germany,6/19/2020,Yearly
s33169,Ethan Thomas,39,Male,India,11/10/2022,Monthly
s33170,Lucas Martin,19,Other,Australia,1/6/2020,Free
s33171,Zara Lee,46,Female,Australia,4/22/2021,Yearly
s33172,Arjun Verma,44,Other,Canada,8/24/2019,Free
s33173,Aanya Walker,25,Female,Germany,12/24/2022,Yearly
s33174,Karan Smith,46,Female,Canada,11/1/2021,Monthly
s33175,Karan Davis,37,Male,Australia,11/24/2020,Yearly
s33176,Riya Brown,30,Female,India,1/16/2022,Yearly
s33177,Arjun Singh,21,Male,Germany,3/29/2022,Monthly
s33178,Olivia Anderson,44,Other,India,6/14/2021,Monthly
s33179,Eva Lewis,18,Male,USA,9/24/2020,Free
s33180,Olivia Verma,28,Other,Australia,3/31/2020,Free
s33181,Vihaan Wilson,20,Male,UK,4/27/2022,Free
s33182,Sophia Hall,18,Other,Canada,12/27/2021,Monthly
s33183,Riya Martin,35,Male,Australia,6/19/2020,Free
s33184,Amelia Brown,43,Other,Canada,4/6/2020,Yearly
s33185,Meera Sharma,21,Male,India,3/8/2020,Monthly
s33186,Aanya Thomas,26,Other,Australia,5/16/2020,Monthly
s33187,Amelia Brown,28,Male,USA,10/3/2019,Free
s33188,Aanya Miller,22,Female,Canada,10/24/2021,Yearly
s33189,Riya Singh,20,Other,UK,5/28/2020,Free
s33190,Vihaan Taylor,43,Other,Canada,12/12/2019,Monthly
s33191,Isabella Verma,22,Other,UK,5/11/2021,Yearly
s33192,Lucas Clark,27,Male,Canada,2/20/2022,Monthly
s33193,Olivia Clark,42,Other,India,3/8/2019,Free
s33194,Riya Smith,21,Female,UK,5/13/2022,Monthly
s33195,Karan Wilson,18,Male,UK,7/11/2021,Free
s33196,Arjun Moore,25,Male,UK,1/12/2019,Free
s33197,Arjun Miller,27,Female,UK,2/2/2019,Free
s33198,Emma Martin,61,Male,Australia,5/16/2021,Monthly
s33199,Liam Walker,67,Female,Germany,4/27/2019,Free
s33200,Isabella Walker,64,Other,UK,9/14/2022,Free
s33201,Amelia Patel,46,Male,Germany,5/22/2022,Yearly
s33202,Sophia Brown,24,Female,UK,11/14/2019,Yearly
s33203,Eva Miller,27,Female,UK,8/17/2019,Yearly
s33204,Aanya Smith,20,Other,Canada,9/5/2020,Yearly
s33205,Noah Anderson,34,Other,Australia,12/17/2019,Yearly
s33206,Vihaan Anderson,47,Male,USA,7/9/2019,Yearly
s33207,Riya Wilson,21,Female,Australia,12/25/2021,Yearly
s33208,Eva Lee,41,Male,Australia,11/3/2022,Free
s33209,Liam Brown,25,Male,USA,6/27/2022,Monthly
s33210,Arjun Wilson,38,Other,UK,11/4/2022,Yearly
s33211,Vihaan Taylor,22,Female,USA,6/13/2022,Monthly
s33212,Benjamin Miller,24,Other,Australia,3/22/2020,Yearly
s33213,Mia Clark,19,Other,Canada,7/31/2020,Yearly
s33214,Ethan Martin,25,Other,USA,7/31/2020,Yearly
s33215,Ethan Smith,37,Female,Germany,8/1/2020,Monthly
s33216,Karan Lee,28,Other,Canada,7/20/2019,Monthly
s33217,Emma Davis,26,Other,Canada,3/8/2019,Free
s33218,Ethan Lee,33,Other,Germany,1/25/2020,Free
s33219,Arjun Smith,48,Other,USA,12/13/2019,Yearly
s33220,Noah Patel,19,Male,USA,2/8/2021,Monthly
s33221,Arjun Brown,50,Female,Australia,8/2/2019,Yearly
s33222,Aarav Patel,24,Male,Australia,8/8/2019,Monthly
s33223,Riya Johnson,27,Other,USA,8/19/2020,Monthly
s33224,Isabella Brown,23,Male,Australia,6/30/2022,Monthly
s33225,Olivia Singh,22,Female,Germany,11/21/2021,Yearly
s33226,Olivia Anderson,24,Female,USA,12/12/2020,Yearly
s33227,Noah Moore,50,Other,Australia,9/10/2022,Yearly
s33228,Riya Johnson,34,Female,Australia,2/17/2019,Yearly
s33229,Mia Smith,32,Female,UK,7/12/2020,Free
s33230,Aarav Lewis,21,Male,Australia,12/14/2020,Yearly
s33231,Meera Hall,24,Other,Australia,12/24/2022,Free
s33232,Lucas Johnson,19,Other,Germany,11/3/2021,Monthly
s33233,Karan Thomas,23,Other,Australia,10/10/2020,Yearly
s33234,Benjamin Walker,52,Male,India,2/10/2019,Free
s33235,Lucas Hall,38,Male,Australia,1/7/2021,Free
s33236,Arjun Verma,19,Female,Australia,5/16/2022,Monthly
s33237,Isabella Verma,46,Other,Canada,7/18/2021,Yearly
s33238,Noah Lee,20,Female,Germany,12/30/2019,Monthly
s33239,Arjun Clark,24,Male,Canada,3/11/2020,Free
s33240,Aarav Smith,23,Female,Germany,10/31/2022,Monthly
s33241,Ethan Patel,35,Other,Canada,9/6/2019,Monthly
s33242,Mia Walker,31,Male,Germany,4/13/2019,Free
s33243,Riya Brown,27,Male,Canada,12/13/2019,Monthly
s33244,Vihaan Patel,21,Other,UK,8/26/2020,Monthly
s33245,Zara Patel,23,Other,Canada,4/30/2022,Free
s33246,Arjun Wilson,24,Female,Australia,12/27/2021,Yearly
s33247,Meera Verma,26,Female,Canada,1/13/2020,Monthly
s33248,Vihaan Wilson,21,Female,India,1/1/2019,Free
s33249,Isabella Clark,42,Male,USA,12/11/2020,Monthly
s33250,Ethan Sharma,27,Female,Germany,5/24/2021,Monthly
s33251,Riya Moore,35,Female,USA,3/29/2022,Free
s33252,Mia Taylor,19,Other,India,4/7/2020,Free
s33253,Emma Clark,27,Male,USA,6/14/2019,Yearly
s33254,Riya Davis,24,Male,India,9/25/2020,Free
s33255,Karan Brown,64,Other,Canada,7/2/2019,Monthly
s33256,Liam Smith,44,Other,India,6/19/2021,Free
s33257,Emma Patel,37,Other,Canada,6/12/2019,Free
s33258,Riya Anderson,47,Female,Canada,5/14/2019,Yearly
s33259,Noah Brown,18,Female,India,3/6/2019,Free
s33260,Arjun Hall,26,Female,Canada,6/7/2020,Yearly
s33261,Isabella Walker,25,Other,Germany,12/16/2020,Yearly
s33262,Arjun Smith,28,Other,Germany,6/3/2020,Free
s33263,Zara Lewis,61,Male,USA,5/23/2020,Free
s33264,Karan Verma,47,Other,India,7/4/2020,Monthly
s33265,Benjamin Brown,51,Other,Canada,1/15/2019,Monthly
s33266,Aanya Hall,23,Female,Germany,1/11/2020,Monthly
s33267,Olivia Brown,26,Male,UK,2/20/2020,Free
s33268,Isabella Martin,22,Other,Germany,11/18/2019,Free
s33269,Zara Verma,23,Other,Australia,12/16/2022,Monthly
s33270,Noah Moore,47,Other,India,11/23/2020,Monthly
s33271,Zara Hall,25,Male,Germany,9/24/2022,Yearly
s33272,Aarav Thomas,19,Female,Germany,5/9/2021,Monthly
s33273,Vihaan Moore,26,Female,India,11/8/2022,Free
s33274,Noah Patel,29,Male,Germany,12/25/2019,Free
s33275,Aanya Lee,18,Female,UK,1/16/2021,Monthly
s33276,Benjamin Anderson,40,Female,Australia,9/4/2021,Monthly
s33277,Meera Singh,27,Other,USA,11/13/2020,Monthly
s33278,Zara Sharma,19,Other,USA,11/3/2020,Yearly
s33279,Liam Anderson,27,Female,Germany,7/13/2019,Free
s33280,Liam Thomas,22,Female,India,7/10/2021,Yearly
s33281,Aanya Smith,29,Male,India,6/12/2021,Yearly
s33282,Meera Hall,21,Female,Germany,2/4/2019,Yearly
s33283,Zara Anderson,27,Female,Australia,10/3/2019,Monthly
s33284,Benjamin Johnson,51,Male,Germany,4/27/2020,Yearly
s33285,Emma Moore,22,Male,India,2/3/2021,Free
s33286,Zara Wilson,62,Female,Australia,6/17/2020,Yearly
s33287,Vihaan Lee,37,Other,USA,6/17/2020,Monthly
s33288,Liam Sharma,20,Male,UK,5/25/2020,Free
s33289,Benjamin Thomas,24,Male,UK,8/28/2022,Free
s33290,Aanya Miller,25,Male,Germany,8/9/2020,Yearly
s33291,Noah Singh,31,Other,UK,7/15/2020,Yearly
s33292,Sophia Anderson,25,Male,Australia,5/13/2020,Monthly
s33293,Mia Smith,37,Other,Germany,6/4/2020,Yearly
s33294,Eva Martin,44,Other,Germany,8/7/2022,Yearly
s33295,Isabella Smith,37,Female,UK,6/3/2022,Yearly
s33296,Emma Smith,21,Male,India,11/14/2020,Yearly
s33297,Liam Smith,29,Female,Canada,1/10/2020,Monthly
s33298,Riya Miller,24,Other,India,5/19/2020,Free
s33299,Olivia Anderson,23,Other,Germany,4/5/2019,Yearly
s33300,Benjamin Miller,47,Male,Australia,11/14/2019,Free
s33301,Isabella Patel,24,Female,Canada,9/20/2021,Yearly
s33302,Amelia Lewis,19,Female,Germany,12/19/2021,Monthly
s33303,Amelia Moore,24,Male,Australia,11/18/2020,Monthly
s33304,Meera Miller,22,Female,Germany,6/26/2019,Free
s33305,Lucas Taylor,31,Other,Australia,8/30/2020,Monthly
s33306,Mia Brown,26,Male,USA,4/4/2020,Yearly
s33307,Sophia Anderson,25,Other,India,9/8/2020,Yearly
s33308,Olivia Miller,31,Male,UK,10/5/2019,Yearly
s33309,Isabella Verma,18,Female,Canada,10/12/2021,Yearly
s33310,Ethan Johnson,30,Other,Canada,12/14/2022,Yearly
s33311,Emma Lee,58,Female,USA,9/29/2019,Monthly
s33312,Aarav Verma,41,Male,UK,10/5/2020,Yearly
s33313,Amelia Wilson,26,Male,Germany,11/5/2022,Free
s33314,Liam Hall,31,Female,Australia,3/14/2021,Monthly
s33315,Meera Clark,18,Male,Australia,9/3/2022,Monthly
s33316,Riya Lewis,47,Other,Australia,11/10/2021,Free
s33317,Liam Davis,29,Male,Canada,4/27/2022,Yearly
s33318,Zara Taylor,24,Other,Germany,2/26/2020,Yearly
s33319,Karan Johnson,41,Male,Germany,4/27/2020,Monthly
s33320,Mia Martin,19,Other,UK,5/24/2020,Yearly
s33321,Riya Smith,19,Female,USA,1/7/2020,Monthly
s33322,Vihaan Verma,64,Male,India,3/13/2021,Monthly
s33323,Noah Lee,23,Female,USA,12/1/2019,Monthly
s33324,Mia Brown,27,Other,Australia,10/12/2021,Free
s33325,Emma Lewis,35,Male,UK,8/13/2022,Free
s33326,Amelia Smith,25,Male,Germany,12/14/2020,Monthly
s33327,Olivia Verma,44,Other,Australia,10/18/2019,Free
s33328,Aanya Verma,33,Male,Canada,1/29/2019,Yearly
s33329,Olivia Walker,21,Other,USA,4/7/2020,Free
s33330,Liam Patel,58,Other,Canada,5/5/2021,Free
s33331,Karan Moore,22,Male,India,10/11/2022,Monthly
s33332,Amelia Patel,41,Male,Canada,11/14/2020,Free
s33333,Arjun Lewis,19,Female,India,12/28/2021,Free
s33334,Olivia Lee,19,Other,UK,12/2/2019,Yearly
s33335,Isabella Davis,25,Other,Australia,6/29/2020,Monthly
s33336,Mia Thomas,21,Male,UK,2/5/2022,Free
s33337,Isabella Johnson,31,Female,Australia,11/8/2022,Free
s33338,Arjun Clark,35,Male,Australia,11/8/2019,Yearly
s33339,Liam Clark,45,Female,Australia,6/1/2022,Yearly
s33340,Vihaan Patel,23,Male,USA,12/5/2021,Monthly
s33341,Sophia Johnson,26,Male,Germany,6/23/2020,Monthly
s33342,Lucas Lee,24,Other,Canada,3/31/2019,Yearly
s33343,Benjamin Anderson,24,Male,India,6/15/2021,Free
s33344,Sophia Thomas,35,Other,Germany,9/14/2020,Yearly
s33345,Ethan Hall,22,Male,India,5/13/2022,Yearly
s33346,Karan Taylor,19,Female,Germany,7/11/2020,Monthly
s33347,Liam Smith,52,Male,India,2/3/2022,Yearly
s33348,Emma Moore,22,Male,UK,12/20/2021,Free
s33349,Olivia Taylor,48,Male,India,12/10/2020,Yearly
s33350,Zara Sharma,51,Female,Australia,6/30/2020,Monthly
s33351,Noah Hall,64,Other,UK,9/1/2022,Free
s33352,Riya Davis,36,Male,Canada,3/23/2022,Yearly
s33353,Olivia Lee,19,Female,USA,6/22/2020,Free
s33354,Zara Hall,21,Other,Canada,12/4/2020,Monthly
s33355,Meera Lewis,36,Male,Canada,8/25/2020,Monthly
s33356,Aanya Wilson,60,Other,UK,10/4/2020,Monthly
s33357,Sophia Brown,18,Other,Germany,3/4/2019,Free
s33358,Aarav Davis,32,Female,India,4/19/2022,Monthly
s33359,Vihaan Moore,23,Other,USA,1/24/2022,Yearly
s33360,Aarav Singh,25,Male,Germany,8/9/2021,Monthly
s33361,Isabella Taylor,27,Male,Canada,7/1/2020,Monthly
s33362,Ethan Taylor,25,Other,UK,7/23/2019,Free
s33363,Karan Patel,41,Female,Canada,6/13/2022,Free
s33364,Zara Sharma,25,Male,UK,7/18/2022,Free
s33365,Emma Clark,20,Other,USA,10/30/2020,Free
s33366,Aarav Walker,31,Female,Australia,1/9/2021,Monthly
s33367,Noah Taylor,48,Other,USA,7/21/2020,Yearly
s33368,Riya Davis,28,Male,USA,7/31/2021,Yearly
s33369,Vihaan Verma,37,Male,USA,9/22/2021,Free
s33370,Meera Smith,35,Other,Germany,2/5/2022,Free
s33371,Karan Sharma,29,Other,Canada,11/13/2020,Monthly
s33372,Karan Singh,44,Female,India,7/6/2021,Free
s33373,Amelia Wilson,25,Male,Germany,10/18/2021,Monthly
s33374,Arjun Lee,38,Other,Australia,7/20/2019,Free
s33375,Sophia Miller,20,Female,India,10/20/2021,Free
s33376,Arjun Hall,31,Male,Canada,10/12/2022,Monthly
s33377,Emma Brown,20,Male,UK,11/19/2021,Monthly
s33378,Zara Martin,27,Female,Germany,12/5/2021,Yearly
s33379,Mia Wilson,27,Female,USA,10/5/2022,Monthly
s33380,Noah Johnson,19,Other,Germany,4/24/2021,Free
s33381,Arjun Walker,26,Female,USA,5/17/2019,Yearly
s33382,Amelia Davis,43,Male,Canada,10/9/2019,Free
s33383,Zara Thomas,32,Male,India,8/18/2019,Yearly
s33384,Noah Clark,22,Female,USA,7/9/2021,Yearly
s33385,Eva Clark,22,Other,Germany,4/29/2022,Yearly
s33386,Ethan Patel,30,Male,India,7/5/2022,Monthly
s33387,Vihaan Patel,41,Female,USA,12/30/2021,Yearly
s33388,Meera Miller,19,Other,UK,8/6/2021,Yearly
s33389,Karan Hall,25,Male,USA,11/24/2021,Yearly
s33390,Meera Smith,26,Other,Canada,12/14/2020,Free
s33391,Karan Martin,42,Other,Germany,11/2/2021,Free
s33392,Isabella Miller,32,Female,USA,12/31/2020,Free
s33393,Aanya Anderson,20,Male,Australia,9/4/2021,Yearly
s33394,Benjamin Thomas,21,Male,Australia,4/14/2022,Yearly
s33395,Sophia Verma,55,Male,India,2/23/2019,Yearly
s33396,Emma Hall,31,Male,Australia,5/17/2021,Monthly
s33397,Aanya Lee,22,Male,India,6/15/2022,Free
s33398,Liam Martin,29,Male,USA,4/24/2020,Free
s33399,Aarav Moore,33,Other,India,12/20/2020,Free
s33400,Mia Taylor,30,Female,India,3/30/2019,Yearly
s33401,Aarav Johnson,18,Male,Australia,3/31/2022,Yearly
s33402,Amelia Thomas,44,Female,Australia,11/4/2022,Monthly
s33403,Sophia Thomas,23,Other,Australia,7/10/2020,Monthly
s33404,Emma Lee,25,Other,UK,2/6/2020,Monthly
s33405,Isabella Smith,66,Female,Germany,1/21/2019,Yearly
s33406,Karan Lewis,22,Female,UK,6/23/2022,Free
s33407,Arjun Thomas,25,Other,UK,3/25/2022,Yearly
s33408,Meera Clark,60,Female,Canada,11/28/2020,Monthly
s33409,Benjamin Moore,22,Female,Germany,2/19/2019,Yearly
s33410,Vihaan Lewis,20,Male,Canada,5/24/2020,Free
s33411,Arjun Lee,20,Male,Germany,2/26/2020,Yearly
s33412,Benjamin Miller,39,Other,UK,7/29/2020,Yearly
s33413,Olivia Wilson,61,Other,Canada,5/29/2022,Yearly
s33414,Aanya Verma,39,Male,Germany,5/22/2021,Free
s33415,Aarav Singh,24,Male,India,6/6/2019,Monthly
s33416,Noah Moore,19,Female,USA,1/3/2019,Yearly
s33417,Meera Taylor,46,Other,UK,4/18/2019,Free
s33418,Meera Miller,33,Female,Australia,6/4/2020,Monthly
s33419,Isabella Brown,24,Other,Germany,4/19/2019,Yearly
s33420,Noah Lee,20,Male,Canada,1/23/2019,Yearly
s33421,Liam Taylor,19,Other,Germany,8/30/2021,Yearly
s33422,Mia Verma,35,Female,India,5/19/2020,Monthly
s33423,Liam Walker,33,Female,Germany,11/19/2019,Monthly
s33424,Meera Sharma,19,Female,Canada,1/15/2020,Monthly
s33425,Amelia Taylor,26,Male,USA,3/21/2022,Free
s33426,Zara Patel,64,Other,Australia,5/2/2019,Yearly
s33427,Emma Smith,23,Female,Germany,10/13/2020,Free
s33428,Liam Miller,25,Male,Germany,3/18/2019,Monthly
s33429,Arjun Anderson,30,Male,UK,8/23/2019,Monthly
s33430,Benjamin Sharma,24,Other,India,12/16/2021,Monthly
s33431,Lucas Hall,18,Female,UK,2/4/2019,Monthly
s33432,Eva Moore,41,Female,USA,7/17/2022,Free
s33433,Liam Smith,25,Male,UK,11/26/2020,Yearly
s33434,Amelia Singh,34,Other,USA,8/23/2022,Monthly
s33435,Eva Anderson,20,Male,India,10/16/2022,Free
s33436,Lucas Walker,34,Female,Germany,1/17/2019,Free
s33437,Benjamin Verma,23,Male,Australia,10/1/2021,Monthly
s33438,Aanya Johnson,51,Other,Germany,9/5/2019,Free
s33439,Aanya Wilson,32,Other,UK,7/11/2020,Free
s33440,Isabella Lewis,27,Female,UK,5/9/2019,Yearly
s33441,Ethan Lewis,26,Other,India,12/5/2020,Free
s33442,Ethan Thomas,24,Female,Canada,11/8/2019,Yearly
s33443,Ethan Wilson,18,Male,USA,12/18/2020,Monthly
s33444,Aanya Moore,28,Female,UK,7/1/2021,Free
s33445,Lucas Thomas,33,Female,Germany,3/31/2020,Yearly
s33446,Olivia Clark,24,Male,Canada,5/10/2021,Free
s33447,Amelia Hall,51,Other,Germany,1/28/2021,Yearly
s33448,Zara Lewis,21,Other,Germany,12/27/2019,Free
s33449,Meera Lewis,21,Other,UK,6/17/2020,Monthly
s33450,Noah Clark,20,Female,UK,9/20/2021,Yearly
s33451,Liam Moore,25,Female,India,12/16/2021,Monthly
s33452,Vihaan Sharma,25,Male,India,2/17/2019,Yearly
s33453,Mia Thomas,43,Male,Australia,1/12/2020,Yearly
s33454,Karan Smith,19,Other,USA,9/22/2020,Free
s33455,Riya Brown,20,Female,Australia,8/12/2019,Yearly
s33456,Meera Sharma,31,Other,Canada,1/3/2021,Yearly
s33457,Eva Anderson,42,Female,Australia,6/3/2022,Monthly
s33458,Riya Walker,18,Female,Canada,11/6/2019,Free
s33459,Aanya Clark,26,Other,USA,12/20/2020,Yearly
s33460,Emma Smith,19,Male,India,7/19/2021,Free
s33461,Aarav Walker,19,Other,Germany,2/18/2019,Monthly
s33462,Aarav Patel,18,Male,Canada,10/4/2021,Monthly
s33463,Riya Davis,20,Female,USA,9/28/2021,Yearly
s33464,Benjamin Thomas,33,Female,Canada,3/2/2021,Monthly
s33465,Aanya Walker,52,Male,Germany,8/18/2022,Free
s33466,Arjun Anderson,26,Male,Canada,4/6/2022,Free
s33467,Noah Walker,18,Female,India,11/28/2019,Yearly
s33468,Karan Johnson,42,Male,Germany,5/7/2021,Monthly
s33469,Aarav Anderson,24,Other,Australia,11/28/2019,Monthly
s33470,Vihaan Sharma,21,Female,India,4/18/2022,Monthly
s33471,Vihaan Verma,26,Male,Australia,8/14/2019,Monthly
s33472,Aarav Patel,25,Male,Australia,3/30/2022,Yearly
s33473,Karan Lewis,18,Female,USA,7/26/2020,Yearly
s33474,Ethan Patel,20,Other,UK,3/21/2019,Monthly
s33475,Lucas Moore,48,Female,USA,10/1/2022,Monthly
s33476,Eva Smith,21,Other,USA,12/4/2020,Free
s33477,Karan Verma,63,Other,Germany,11/5/2021,Free
s33478,Riya Miller,39,Male,Canada,8/26/2019,Monthly
s33479,Noah Taylor,19,Male,Germany,12/10/2021,Monthly
s33480,Aarav Moore,24,Male,UK,6/13/2021,Monthly
s33481,Karan Anderson,27,Female,Canada,8/13/2019,Yearly
s33482,Aarav Johnson,18,Other,Germany,6/18/2019,Free
s33483,Meera Lee,52,Other,USA,4/7/2019,Free
s33484,Amelia Taylor,22,Female,USA,6/12/2021,Free
s33485,Meera Smith,25,Other,USA,11/9/2021,Monthly
s33486,Isabella Singh,25,Male,Australia,8/28/2022,Free
s33487,Eva Taylor,38,Female,USA,7/5/2022,Monthly
s33488,Benjamin Lewis,31,Male,Australia,7/7/2022,Monthly
s33489,Liam Singh,29,Other,USA,11/23/2021,Monthly
s33490,Vihaan Wilson,20,Other,Germany,12/6/2020,Free
s33491,Amelia Martin,21,Male,UK,4/24/2020,Monthly
s33492,Meera Anderson,37,Other,USA,12/29/2020,Yearly
s33493,Emma Singh,25,Female,USA,3/28/2021,Free
s33494,Isabella Hall,18,Female,Canada,5/15/2019,Monthly
s33495,Arjun Walker,19,Male,USA,5/23/2021,Monthly
s33496,Liam Patel,26,Female,USA,10/2/2021,Yearly
s33497,Eva Patel,27,Other,USA,6/14/2021,Monthly
s33498,Mia Clark,29,Male,Australia,5/7/2021,Free
s33499,Isabella Wilson,36,Other,USA,2/26/2020,Free
s33500,Riya Hall,31,Male,Germany,1/14/2021,Yearly
s33501,Lucas Johnson,19,Other,UK,6/22/2021,Free
s33502,Liam Walker,22,Female,Canada,8/19/2022,Free
s33503,Emma Taylor,37,Male,Australia,8/27/2019,Monthly
s33504,Benjamin Verma,63,Female,USA,8/5/2022,Free
s33505,Sophia Thomas,25,Female,UK,2/12/2020,Monthly
s33506,Eva Clark,25,Male,Canada,12/5/2021,Monthly
s33507,Vihaan Martin,42,Male,India,11/10/2019,Free
s33508,Zara Lewis,45,Female,India,12/10/2021,Monthly
s33509,Amelia Smith,21,Other,Canada,8/16/2021,Monthly
s33510,Eva Lee,33,Female,Australia,3/25/2022,Monthly
s33511,Mia Taylor,23,Other,USA,6/8/2020,Yearly
s33512,Sophia Sharma,18,Female,USA,3/18/2019,Monthly
s33513,Mia Moore,30,Other,Australia,10/2/2022,Free
s33514,Emma Thomas,26,Male,UK,2/15/2021,Yearly
s33515,Eva Patel,24,Other,Australia,1/9/2021,Monthly
s33516,Sophia Lee,37,Other,India,12/7/2020,Yearly
s33517,Mia Walker,21,Other,UK,7/7/2022,Monthly
s33518,Amelia Taylor,30,Female,Canada,2/3/2021,Free
s33519,Eva Martin,24,Male,India,3/9/2021,Monthly
s33520,Sophia Sharma,18,Other,Canada,1/19/2021,Monthly
s33521,Emma Miller,47,Male,Australia,7/13/2021,Monthly
s33522,Aarav Patel,21,Female,Germany,11/9/2021,Free
s33523,Sophia Lewis,46,Female,Canada,5/14/2019,Yearly
s33524,Eva Martin,64,Other,Australia,12/3/2019,Free
s33525,Karan Miller,63,Male,Canada,1/25/2021,Yearly
s33526,Aanya Johnson,60,Other,USA,12/15/2019,Free
s33527,Aanya Patel,43,Male,Germany,3/18/2022,Yearly
s33528,Arjun Anderson,36,Female,USA,12/13/2020,Yearly
s33529,Aarav Sharma,26,Male,Canada,11/28/2020,Free
s33530,Noah Sharma,23,Female,India,2/3/2020,Yearly
s33531,Lucas Thomas,25,Male,Germany,10/5/2020,Free
s33532,Aarav Martin,54,Male,India,10/25/2020,Free
s33533,Emma Anderson,53,Male,USA,11/14/2020,Yearly
s33534,Emma Sharma,37,Female,USA,2/20/2019,Monthly
s33535,Aarav Walker,41,Other,India,12/10/2022,Yearly
s33536,Aanya Davis,21,Female,India,5/10/2021,Free
s33537,Olivia Johnson,40,Male,UK,11/7/2020,Yearly
s33538,Arjun Taylor,25,Female,USA,3/7/2019,Monthly
s33539,Karan Patel,39,Other,India,6/13/2021,Yearly
s33540,Isabella Sharma,19,Other,Canada,12/25/2019,Yearly
s33541,Aarav Martin,36,Male,UK,2/25/2019,Free
s33542,Karan Davis,21,Male,Germany,4/15/2019,Free
s33543,Noah Davis,38,Female,India,1/1/2019,Free
s33544,Karan Taylor,26,Male,Canada,6/25/2019,Yearly
s33545,Olivia Walker,19,Female,Germany,1/11/2021,Yearly
s33546,Sophia Clark,20,Other,India,5/17/2022,Yearly
s33547,Benjamin Brown,27,Male,Germany,3/6/2022,Free
s33548,Aarav Martin,26,Other,USA,6/9/2020,Free
s33549,Noah Thomas,20,Male,USA,11/5/2022,Monthly
s33550,Eva Smith,18,Male,UK,12/28/2020,Yearly
s33551,Aarav Lewis,33,Other,Canada,6/7/2021,Yearly
s33552,Isabella Patel,35,Female,India,9/18/2020,Monthly
s33553,Aarav Davis,27,Male,Germany,2/27/2022,Yearly
s33554,Karan Patel,38,Male,Australia,8/20/2021,Free
s33555,Lucas Taylor,41,Female,Canada,3/30/2019,Free
s33556,Sophia Miller,20,Male,Germany,9/8/2021,Free
s33557,Lucas Moore,18,Male,India,6/3/2022,Free
s33558,Karan Sharma,18,Other,Canada,3/21/2019,Monthly
s33559,Aarav Wilson,27,Female,UK,7/7/2020,Free
s33560,Liam Anderson,27,Female,Canada,5/6/2020,Yearly
s33561,Arjun Sharma,50,Other,Australia,10/28/2019,Yearly
s33562,Eva Moore,43,Other,Germany,7/21/2021,Monthly
s33563,Aarav Hall,18,Female,India,12/26/2021,Free
s33564,Noah Hall,26,Female,UK,4/8/2021,Monthly
s33565,Lucas Lee,27,Female,Germany,10/2/2022,Free
s33566,Arjun Patel,21,Other,Canada,4/17/2021,Monthly
s33567,Olivia Davis,22,Male,USA,9/7/2021,Monthly
s33568,Zara Thomas,32,Female,Australia,8/25/2020,Free
s33569,Liam Hall,44,Male,Germany,6/24/2020,Yearly
s33570,Aarav Moore,38,Female,Canada,3/25/2021,Monthly
s33571,Arjun Walker,62,Female,Australia,5/18/2019,Free
s33572,Benjamin Verma,23,Other,UK,5/24/2019,Monthly
s33573,Mia Miller,21,Other,Australia,3/23/2020,Monthly
s33574,Aanya Lee,18,Male,India,5/30/2021,Monthly
s33575,Aanya Clark,21,Other,Germany,4/16/2020,Free
s33576,Noah Moore,33,Other,USA,9/16/2022,Yearly
s33577,Isabella Lee,19,Other,Germany,6/3/2021,Monthly
s33578,Noah Davis,18,Male,Germany,8/11/2019,Yearly
s33579,Sophia Johnson,38,Other,Germany,5/21/2020,Free
s33580,Lucas Hall,21,Female,USA,8/13/2020,Free
s33581,Isabella Taylor,23,Other,Australia,1/1/2022,Free
s33582,Amelia Wilson,36,Other,Canada,3/28/2020,Monthly
s33583,Sophia Clark,54,Male,USA,9/7/2020,Yearly
s33584,Zara Taylor,32,Male,India,7/9/2020,Yearly
s33585,Ethan Verma,19,Other,UK,7/6/2022,Free
s33586,Mia Hall,33,Male,Australia,7/24/2020,Free
s33587,Ethan Miller,28,Female,Australia,8/12/2020,Monthly
s33588,Mia Hall,24,Female,UK,6/2/2020,Yearly
s33589,Sophia Miller,18,Other,Germany,7/6/2022,Yearly
s33590,Ethan Singh,19,Female,Canada,2/13/2020,Yearly
s33591,Benjamin Anderson,60,Female,Germany,11/15/2022,Free
s33592,Ethan Martin,34,Female,India,12/24/2020,Monthly
s33593,Sophia Hall,22,Male,Canada,2/7/2021,Monthly
s33594,Amelia Thomas,27,Male,India,8/17/2022,Free
s33595,Lucas Verma,24,Other,USA,7/29/2020,Monthly
s33596,Olivia Patel,21,Other,Australia,9/3/2019,Free
s33597,Isabella Clark,20,Other,UK,7/7/2019,Monthly
s33598,Sophia Anderson,56,Other,USA,1/25/2019,Monthly
s33599,Meera Miller,20,Other,Canada,11/18/2019,Free
s33600,Karan Lewis,41,Female,UK,8/30/2022,Free
s33601,Meera Lewis,36,Male,Canada,12/11/2020,Yearly
s33602,Karan Johnson,54,Other,India,9/4/2021,Yearly
s33603,Riya Martin,46,Female,Australia,8/9/2020,Yearly
s33604,Arjun Miller,20,Male,Australia,9/29/2020,Monthly
s33605,Vihaan Smith,25,Other,USA,1/28/2020,Monthly
s33606,Ethan Johnson,18,Female,Australia,7/6/2020,Monthly
s33607,Noah Sharma,20,Female,Germany,3/2/2019,Free
s33608,Noah Verma,53,Male,Germany,1/3/2021,Monthly
s33609,Meera Clark,23,Male,India,6/8/2021,Free
s33610,Olivia Walker,18,Female,Australia,7/15/2020,Yearly
s33611,Ethan Verma,27,Female,Canada,11/18/2020,Yearly
s33612,Amelia Verma,34,Male,Canada,9/8/2019,Yearly
s33613,Meera Singh,65,Female,UK,6/24/2022,Monthly
s33614,Karan Lewis,30,Female,Australia,1/25/2022,Free
s33615,Aarav Clark,27,Female,UK,10/26/2020,Monthly
s33616,Aarav Walker,60,Other,UK,5/1/2020,Yearly
s33617,Emma Clark,21,Female,USA,10/28/2020,Free
s33618,Noah Johnson,24,Other,Canada,10/6/2021,Monthly
s33619,Mia Sharma,19,Female,UK,4/16/2019,Free
s33620,Karan Davis,23,Female,Australia,6/3/2019,Free
s33621,Meera Sharma,20,Male,Canada,10/4/2019,Yearly
s33622,Lucas Moore,30,Male,USA,10/3/2021,Free
s33623,Riya Anderson,32,Other,UK,4/2/2021,Yearly
s33624,Mia Taylor,34,Male,USA,7/23/2022,Yearly
s33625,Isabella Wilson,27,Other,Germany,2/28/2020,Monthly
s33626,Mia Wilson,25,Other,UK,10/14/2020,Yearly
s33627,Olivia Clark,20,Female,USA,4/16/2019,Yearly
s33628,Sophia Wilson,25,Male,UK,3/6/2022,Monthly
s33629,Ethan Lewis,25,Female,USA,5/27/2019,Free
s33630,Olivia Wilson,24,Male,Australia,10/21/2020,Free
s33631,Benjamin Johnson,22,Other,UK,4/19/2021,Free
s33632,Zara Lee,21,Female,India,8/5/2019,Free
s33633,Amelia Lewis,20,Female,Canada,2/8/2022,Free
s33634,Olivia Walker,67,Male,USA,3/18/2021,Free
s33635,Isabella Smith,59,Male,Australia,11/5/2022,Free
s33636,Noah Smith,22,Female,Australia,9/8/2019,Yearly
s33637,Karan Lee,59,Other,Germany,10/25/2019,Free
s33638,Benjamin Brown,21,Female,Germany,2/22/2022,Monthly
s33639,Isabella Patel,32,Other,Canada,4/25/2019,Monthly
s33640,Noah Sharma,18,Female,UK,12/26/2022,Yearly
s33641,Zara Davis,32,Male,UK,5/6/2021,Yearly
s33642,Aanya Sharma,30,Male,USA,11/9/2020,Monthly
s33643,Noah Walker,25,Female,Germany,11/8/2022,Yearly
s33644,Zara Lee,27,Female,Canada,4/18/2019,Yearly
s33645,Olivia Lee,30,Male,Canada,2/12/2022,Free
s33646,Olivia Lewis,22,Male,UK,7/26/2022,Monthly
s33647,Isabella Brown,39,Male,USA,5/2/2019,Free
s33648,Vihaan Davis,61,Other,UK,11/3/2021,Free
s33649,Noah Hall,22,Female,USA,1/31/2022,Yearly
s33650,Zara Thomas,22,Male,Germany,1/25/2022,Free
s33651,Vihaan Taylor,38,Other,Australia,7/10/2020,Free
s33652,Zara Singh,18,Other,Australia,1/22/2019,Monthly
s33653,Vihaan Patel,22,Female,Germany,7/20/2019,Monthly
s33654,Noah Smith,30,Female,Germany,2/11/2021,Yearly
s33655,Zara Clark,21,Female,Australia,8/18/2022,Monthly
s33656,Amelia Singh,26,Male,USA,10/22/2022,Monthly
s33657,Liam Lee,19,Male,UK,3/22/2019,Yearly
s33658,Olivia Verma,35,Male,USA,1/30/2022,Monthly
s33659,Olivia Anderson,59,Other,UK,10/9/2022,Monthly
s33660,Meera Singh,21,Female,USA,2/12/2022,Yearly
s33661,Aanya Smith,18,Male,India,4/27/2019,Yearly
s33662,Riya Thomas,46,Other,India,10/19/2021,Yearly
s33663,Aarav Lewis,22,Male,USA,11/20/2020,Free
s33664,Aanya Anderson,25,Male,Germany,12/1/2022,Monthly
s33665,Isabella Thomas,46,Other,Germany,4/3/2021,Monthly
s33666,Mia Hall,22,Other,Australia,5/2/2022,Monthly
s33667,Mia Sharma,35,Male,Australia,10/5/2019,Monthly
s33668,Olivia Walker,46,Female,Australia,11/27/2019,Yearly
s33669,Liam Singh,25,Male,UK,8/23/2020,Yearly
s33670,Ethan Davis,25,Male,USA,11/23/2021,Yearly
s33671,Sophia Brown,25,Female,USA,11/20/2021,Free
s33672,Vihaan Lewis,25,Male,UK,4/5/2021,Yearly
s33673,Karan Walker,28,Male,UK,2/24/2022,Free
s33674,Emma Patel,18,Other,India,9/9/2022,Yearly
s33675,Riya Thomas,25,Male,India,10/19/2021,Yearly
s33676,Riya Miller,20,Male,India,6/29/2022,Free
s33677,Riya Davis,26,Other,UK,3/28/2020,Monthly
s33678,Lucas Singh,43,Male,Australia,4/28/2019,Yearly
s33679,Noah Smith,38,Male,UK,12/12/2020,Monthly
s33680,Isabella Lewis,22,Female,USA,8/25/2019,Free
s33681,Ethan Lewis,22,Female,Australia,8/17/2020,Yearly
s33682,Lucas Anderson,37,Female,UK,10/26/2019,Yearly
s33683,Lucas Miller,38,Male,UK,4/16/2021,Monthly
s33684,Amelia Singh,20,Female,Canada,5/2/2019,Yearly
s33685,Emma Verma,25,Female,USA,10/19/2020,Free
s33686,Aarav Lewis,34,Female,UK,6/5/2019,Free
s33687,Benjamin Johnson,45,Male,USA,4/21/2020,Monthly
s33688,Amelia Davis,23,Other,India,11/24/2020,Monthly
s33689,Amelia Lee,33,Male,Germany,11/13/2020,Monthly
s33690,Vihaan Davis,28,Other,Australia,6/22/2022,Yearly
s33691,Lucas Johnson,23,Male,Germany,11/5/2022,Free
s33692,Sophia Verma,26,Female,UK,10/4/2019,Yearly
s33693,Amelia Hall,34,Other,Australia,9/13/2022,Monthly
s33694,Meera Hall,43,Other,Germany,5/29/2021,Monthly
s33695,Ethan Miller,67,Female,Australia,6/11/2022,Free
s33696,Zara Davis,47,Male,Australia,3/27/2019,Monthly
s33697,Noah Lee,18,Female,UK,1/4/2022,Yearly
s33698,Emma Miller,30,Other,Australia,8/27/2022,Free
s33699,Aarav Johnson,19,Other,Germany,4/11/2022,Yearly
s33700,Noah Moore,42,Female,Australia,6/9/2019,Yearly
s33701,Vihaan Patel,25,Other,India,9/30/2022,Yearly
s33702,Mia Davis,18,Female,Germany,12/18/2021,Yearly
s33703,Lucas Hall,31,Male,India,11/18/2020,Free
s33704,Liam Anderson,26,Male,Canada,11/23/2019,Yearly
s33705,Lucas Lewis,57,Male,Germany,7/4/2022,Yearly
s33706,Aarav Miller,22,Female,Canada,9/10/2020,Monthly
s33707,Amelia Walker,19,Other,India,2/13/2022,Free
s33708,Aanya Hall,43,Male,India,5/4/2022,Free
s33709,Mia Moore,24,Female,Germany,6/9/2022,Monthly
s33710,Liam Hall,27,Male,UK,1/21/2019,Yearly
s33711,Emma Verma,29,Male,USA,11/7/2019,Yearly
s33712,Emma Patel,22,Female,India,2/2/2022,Monthly
s33713,Zara Sharma,33,Male,Canada,9/17/2020,Monthly
s33714,Arjun Anderson,24,Other,India,11/29/2022,Free
s33715,Ethan Singh,25,Male,Canada,6/24/2022,Free
s33716,Karan Johnson,30,Female,Australia,6/11/2020,Free
s33717,Aarav Brown,43,Female,UK,6/2/2019,Monthly
s33718,Riya Johnson,23,Male,Canada,10/30/2019,Monthly
s33719,Vihaan Martin,35,Other,Australia,8/17/2021,Yearly
s33720,Lucas Walker,43,Other,Germany,1/3/2021,Free
s33721,Noah Patel,33,Female,Canada,4/12/2020,Free
s33722,Olivia Walker,25,Other,Australia,7/18/2022,Free
s33723,Mia Smith,21,Female,Australia,7/16/2021,Monthly
s33724,Meera Thomas,39,Other,India,6/27/2021,Monthly
s33725,Benjamin Sharma,62,Female,Germany,2/5/2020,Yearly
s33726,Ethan Thomas,40,Female,USA,8/9/2021,Monthly
s33727,Riya Thomas,19,Other,India,6/3/2019,Free
s33728,Amelia Davis,45,Other,Australia,6/7/2019,Yearly
s33729,Aanya Lewis,20,Other,India,12/2/2021,Free
s33730,Liam Martin,33,Other,Germany,1/5/2021,Yearly
s33731,Olivia Brown,46,Female,Canada,11/16/2020,Yearly
s33732,Emma Hall,19,Female,Australia,9/7/2019,Yearly
s33733,Aarav Wilson,32,Other,USA,11/2/2020,Monthly
s33734,Vihaan Walker,34,Other,India,5/25/2022,Yearly
s33735,Karan Taylor,27,Other,Germany,4/1/2022,Monthly
s33736,Meera Davis,43,Female,Canada,7/17/2019,Yearly
s33737,Amelia Johnson,45,Other,Australia,1/10/2019,Free
s33738,Mia Verma,35,Female,Australia,3/7/2020,Monthly
s33739,Aarav Martin,25,Male,UK,8/17/2020,Monthly
s33740,Isabella Taylor,53,Other,India,11/7/2020,Monthly
s33741,Eva Patel,20,Other,Canada,10/26/2020,Monthly
s33742,Liam Miller,47,Female,India,10/17/2021,Free
s33743,Aarav Singh,24,Other,Germany,2/24/2019,Free
s33744,Ethan Thomas,21,Male,USA,7/20/2019,Yearly
s33745,Emma Davis,47,Other,India,12/8/2020,Yearly
s33746,Liam Davis,40,Female,UK,12/21/2021,Yearly
s33747,Zara Thomas,22,Other,Australia,5/5/2022,Free
s33748,Vihaan Miller,37,Male,UK,4/1/2019,Free
s33749,Aarav Clark,25,Other,Germany,2/18/2021,Free
s33750,Karan Johnson,27,Female,Australia,4/13/2019,Yearly
s33751,Eva Brown,19,Other,Canada,11/9/2019,Yearly
s33752,Benjamin Thomas,18,Female,Germany,12/10/2019,Monthly
s33753,Lucas Taylor,21,Male,Germany,11/13/2020,Free
s33754,Olivia Johnson,28,Other,Canada,2/1/2021,Free
s33755,Sophia Johnson,22,Other,Germany,8/17/2022,Monthly
s33756,Benjamin Moore,35,Male,USA,9/19/2022,Yearly
s33757,Arjun Patel,39,Female,USA,7/5/2020,Free
s33758,Isabella Walker,26,Other,Canada,11/19/2021,Monthly
s33759,Zara Anderson,23,Other,Canada,11/10/2022,Monthly
s33760,Ethan Moore,24,Female,UK,8/19/2019,Free
s33761,Eva Lee,21,Male,Germany,8/20/2022,Free
s33762,Ethan Walker,23,Female,USA,6/7/2019,Free
s33763,Karan Moore,35,Male,Australia,1/9/2022,Yearly
s33764,Arjun Walker,19,Other,UK,8/26/2020,Yearly
s33765,Mia Singh,25,Male,Canada,4/26/2021,Free
s33766,Aarav Miller,18,Female,Canada,8/27/2019,Free
s33767,Aanya Verma,31,Female,Canada,11/15/2020,Yearly
s33768,Lucas Clark,21,Male,Canada,12/29/2019,Free
s33769,Karan Lee,31,Other,Canada,9/2/2020,Free
s33770,Karan Verma,21,Other,Australia,8/5/2021,Yearly
s33771,Ethan Davis,27,Male,Australia,7/30/2019,Free
s33772,Olivia Davis,28,Male,Canada,4/15/2019,Free
s33773,Liam Brown,24,Female,Germany,6/27/2019,Free
s33774,Riya Johnson,21,Male,USA,11/19/2019,Yearly
s33775,Eva Verma,20,Male,UK,12/22/2019,Free
s33776,Eva Anderson,22,Male,UK,10/5/2021,Free
s33777,Eva Lewis,23,Other,USA,6/29/2021,Yearly
s33778,Karan Walker,22,Other,USA,7/12/2021,Yearly
s33779,Emma Smith,35,Other,USA,11/23/2022,Monthly
s33780,Karan Hall,35,Other,UK,11/8/2021,Yearly
s33781,Vihaan Moore,19,Male,UK,7/15/2021,Yearly
s33782,Karan Singh,19,Other,UK,7/2/2019,Yearly
s33783,Zara Smith,54,Other,India,6/11/2022,Monthly
s33784,Emma Smith,38,Male,India,1/15/2019,Monthly
s33785,Amelia Brown,34,Other,Germany,3/22/2021,Free
s33786,Mia Clark,18,Male,UK,5/23/2021,Yearly
s33787,Benjamin Taylor,22,Male,Germany,9/19/2019,Yearly
s33788,Isabella Smith,39,Male,India,12/2/2019,Yearly
s33789,Mia Sharma,20,Male,Australia,2/15/2021,Monthly
s33790,Vihaan Verma,27,Other,India,7/26/2019,Monthly
s33791,Sophia Lee,39,Female,Australia,3/18/2019,Free
s33792,Eva Lee,26,Other,Australia,12/3/2019,Free
s33793,Emma Hall,59,Other,Australia,10/12/2020,Monthly
s33794,Karan Martin,26,Female,Canada,6/29/2021,Yearly
s33795,Amelia Johnson,20,Male,Australia,6/14/2022,Monthly
s33796,Benjamin Miller,20,Male,India,4/13/2019,Yearly
s33797,Vihaan Patel,22,Female,Canada,6/5/2021,Monthly
s33798,Ethan Brown,44,Male,USA,12/25/2021,Free
s33799,Lucas Singh,27,Female,UK,5/23/2019,Free
s33800,Arjun Lewis,19,Male,Canada,3/26/2020,Monthly
s33801,Emma Smith,34,Other,India,10/4/2022,Free
s33802,Olivia Davis,37,Other,Australia,6/5/2019,Free
s33803,Emma Hall,37,Female,UK,5/28/2020,Free
s33804,Meera Taylor,19,Male,UK,8/20/2019,Monthly
s33805,Mia Walker,24,Other,Canada,2/27/2020,Free
s33806,Noah Miller,23,Male,India,10/11/2020,Free
s33807,Olivia Smith,27,Other,Canada,12/5/2021,Yearly
s33808,Olivia Wilson,34,Other,Germany,1/4/2020,Yearly
s33809,Emma Lee,40,Male,Australia,6/13/2022,Yearly
s33810,Isabella Patel,37,Other,UK,10/10/2020,Monthly
s33811,Ethan Martin,27,Female,Canada,2/15/2020,Monthly
s33812,Isabella Martin,19,Male,UK,1/1/2021,Monthly
s33813,Zara Davis,40,Male,India,10/19/2020,Free
s33814,Emma Johnson,27,Other,UK,5/28/2021,Monthly
s33815,Vihaan Wilson,66,Male,Canada,1/10/2020,Yearly
s33816,Mia Johnson,20,Other,Canada,1/4/2020,Yearly
s33817,Liam Davis,51,Other,Canada,2/9/2019,Free
s33818,Olivia Smith,27,Female,India,9/16/2019,Monthly
s33819,Olivia Lee,37,Male,India,2/11/2021,Monthly
s33820,Aarav Davis,23,Male,Germany,10/6/2021,Monthly
s33821,Ethan Wilson,22,Other,UK,4/26/2021,Yearly
s33822,Sophia Davis,36,Female,Australia,1/8/2019,Monthly
s33823,Mia Patel,22,Female,India,1/22/2019,Free
s33824,Aanya Martin,22,Male,Australia,8/21/2020,Monthly
s33825,Mia Moore,46,Female,UK,2/11/2022,Free
s33826,Arjun Wilson,22,Female,UK,2/15/2020,Free
s33827,Meera Smith,23,Male,Germany,10/22/2020,Free
s33828,Sophia Verma,52,Female,USA,8/20/2019,Free
s33829,Isabella Anderson,26,Female,UK,4/21/2019,Free
s33830,Aarav Miller,37,Other,UK,10/6/2022,Yearly
s33831,Riya Wilson,19,Male,USA,10/23/2022,Monthly
s33832,Liam Lee,22,Male,Canada,8/27/2022,Monthly
s33833,Amelia Lewis,26,Male,Germany,4/7/2022,Yearly
s33834,Arjun Hall,24,Female,Canada,11/27/2022,Free
s33835,Benjamin Miller,34,Female,India,8/3/2019,Free
s33836,Arjun Moore,26,Male,India,5/4/2022,Free
s33837,Ethan Miller,24,Other,Germany,8/10/2022,Free
s33838,Meera Singh,22,Female,UK,1/6/2020,Monthly
s33839,Riya Taylor,19,Other,Germany,12/27/2021,Free
s33840,Isabella Davis,20,Female,Canada,9/20/2022,Monthly
s33841,Riya Verma,20,Other,Canada,7/23/2021,Monthly
s33842,Eva Thomas,41,Female,USA,2/4/2020,Free
s33843,Mia Miller,22,Other,Canada,12/26/2020,Free
s33844,Emma Patel,32,Female,Australia,5/14/2020,Free
s33845,Meera Martin,40,Other,Germany,3/13/2020,Free
s33846,Benjamin Hall,38,Male,Canada,4/15/2022,Free
s33847,Vihaan Thomas,33,Female,USA,3/17/2019,Monthly
s33848,Mia Moore,48,Female,Canada,8/6/2022,Yearly
s33849,Olivia Sharma,23,Male,India,8/19/2019,Yearly
s33850,Olivia Taylor,35,Female,India,11/16/2022,Yearly
s33851,Noah Wilson,25,Other,Australia,1/25/2022,Yearly
s33852,Lucas Patel,41,Male,Australia,3/1/2020,Monthly
s33853,Olivia Hall,18,Female,India,9/13/2020,Yearly
s33854,Aanya Lee,48,Male,Canada,6/8/2022,Monthly
s33855,Vihaan Singh,20,Female,Germany,1/15/2020,Monthly
s33856,Arjun Moore,24,Male,Australia,5/17/2022,Monthly
s33857,Benjamin Patel,27,Other,USA,7/16/2021,Yearly
s33858,Karan Miller,32,Female,Germany,2/9/2022,Monthly
s33859,Meera Patel,21,Female,India,5/6/2019,Free
s33860,Zara Lee,20,Female,Australia,11/5/2019,Yearly
s33861,Riya Hall,22,Female,Australia,11/21/2020,Yearly
s33862,Benjamin Anderson,18,Female,Canada,10/19/2021,Monthly
s33863,Karan Moore,43,Female,USA,6/2/2021,Free
s33864,Aarav Verma,65,Male,Germany,5/18/2020,Monthly
s33865,Karan Clark,19,Other,India,1/20/2021,Yearly
s33866,Liam Martin,24,Male,UK,1/21/2020,Monthly
s33867,Isabella Lewis,18,Male,UK,11/19/2019,Monthly
s33868,Mia Wilson,21,Female,Australia,11/7/2019,Monthly
s33869,Zara Singh,19,Male,Canada,12/29/2021,Free
s33870,Vihaan Clark,44,Other,India,3/3/2020,Monthly
s33871,Sophia Smith,42,Female,Canada,10/22/2022,Free
s33872,Emma Thomas,27,Other,USA,4/26/2019,Monthly
s33873,Noah Lewis,26,Female,Australia,1/20/2022,Monthly
s33874,Isabella Taylor,19,Male,Germany,1/6/2022,Monthly
s33875,Lucas Lee,19,Other,USA,10/9/2022,Free
s33876,Aanya Sharma,32,Female,USA,7/5/2019,Free
s33877,Vihaan Johnson,43,Male,Australia,12/28/2022,Free
s33878,Arjun Anderson,24,Other,India,2/14/2020,Monthly
s33879,Mia Sharma,21,Male,USA,5/7/2022,Monthly
s33880,Arjun Lee,26,Male,USA,6/22/2021,Monthly
s33881,Meera Walker,19,Female,Australia,12/12/2019,Yearly
s33882,Isabella Hall,25,Other,India,7/23/2020,Monthly
s33883,Emma Taylor,23,Female,India,5/31/2021,Yearly
s33884,Riya Singh,26,Female,Canada,6/23/2020,Free
s33885,Mia Sharma,27,Female,USA,7/20/2020,Monthly
s33886,Aanya Singh,27,Male,Australia,1/24/2020,Free
s33887,Olivia Verma,27,Male,USA,9/26/2020,Free
s33888,Ethan Miller,25,Male,USA,7/21/2022,Yearly
s33889,Arjun Anderson,60,Male,Australia,7/12/2022,Yearly
s33890,Isabella Sharma,20,Male,India,4/25/2022,Monthly
s33891,Mia Moore,45,Male,Canada,7/29/2021,Yearly
s33892,Isabella Patel,23,Male,Canada,11/15/2019,Monthly
s33893,Vihaan Smith,24,Other,Australia,12/9/2019,Monthly
s33894,Lucas Patel,31,Female,India,8/4/2020,Monthly
s33895,Amelia Brown,27,Female,UK,12/26/2020,Monthly
s33896,Aarav Thomas,18,Female,India,8/23/2020,Yearly
s33897,Liam Lee,45,Other,UK,2/11/2020,Yearly
s33898,Zara Taylor,26,Other,USA,9/15/2022,Monthly
s33899,Benjamin Hall,29,Female,Germany,11/12/2021,Yearly
s33900,Liam Anderson,51,Male,Australia,12/28/2022,Yearly
s33901,Riya Thomas,22,Male,Australia,11/4/2020,Yearly
s33902,Lucas Smith,26,Female,USA,2/2/2019,Monthly
s33903,Riya Lewis,24,Female,Germany,11/14/2019,Free
s33904,Olivia Patel,20,Other,Australia,12/4/2021,Monthly
s33905,Vihaan Singh,56,Female,USA,7/7/2019,Free
s33906,Arjun Walker,42,Other,USA,1/17/2022,Free
s33907,Mia Miller,19,Other,India,2/11/2021,Yearly
s33908,Meera Taylor,46,Male,Canada,8/26/2021,Monthly
s33909,Vihaan Brown,19,Female,Canada,9/20/2021,Free
s33910,Ethan Martin,18,Female,USA,2/22/2020,Yearly
s33911,Aanya Sharma,25,Other,Australia,6/13/2022,Free
s33912,Aanya Davis,36,Female,Canada,11/12/2020,Free
s33913,Sophia Taylor,47,Female,Germany,5/27/2022,Monthly
s33914,Lucas Taylor,35,Other,Germany,8/5/2020,Yearly
s33915,Arjun Miller,23,Other,UK,9/7/2020,Monthly
s33916,Zara Moore,32,Female,India,2/23/2021,Yearly
s33917,Benjamin Singh,25,Female,India,3/27/2021,Monthly
s33918,Riya Sharma,26,Other,UK,7/27/2021,Free
s33919,Lucas Miller,26,Male,UK,10/21/2022,Monthly
s33920,Isabella Clark,39,Male,Australia,5/7/2019,Free
s33921,Amelia Singh,23,Female,USA,1/2/2019,Yearly
s33922,Karan Davis,20,Male,UK,4/21/2019,Free
s33923,Aanya Singh,18,Male,UK,9/16/2022,Monthly
s33924,Lucas Clark,67,Female,UK,4/19/2020,Yearly
s33925,Mia Sharma,24,Male,UK,9/21/2019,Monthly
s33926,Eva Johnson,31,Female,Germany,7/4/2022,Yearly
s33927,Mia Sharma,21,Female,USA,1/31/2019,Free
s33928,Olivia Thomas,28,Female,India,4/19/2022,Monthly
s33929,Isabella Miller,21,Male,India,11/6/2021,Free
s33930,Aarav Martin,32,Male,USA,3/31/2022,Yearly
s33931,Olivia Singh,21,Male,Canada,3/27/2019,Monthly
s33932,Olivia Smith,44,Male,Canada,7/29/2020,Monthly
s33933,Aarav Singh,51,Male,Australia,6/24/2020,Monthly
s33934,Eva Martin,44,Male,Australia,10/19/2020,Monthly
s33935,Aanya Wilson,57,Male,Australia,10/24/2021,Free
s33936,Zara Johnson,22,Female,USA,8/25/2020,Monthly
s33937,Karan Lee,25,Female,UK,8/2/2021,Monthly
s33938,Olivia Sharma,19,Male,Australia,3/2/2021,Free
s33939,Riya Verma,26,Female,UK,1/10/2020,Monthly
s33940,Aarav Johnson,23,Other,Australia,11/17/2020,Free
s33941,Olivia Davis,23,Male,Germany,7/14/2019,Yearly
s33942,Aanya Lee,26,Other,Germany,7/2/2021,Free
s33943,Amelia Thomas,20,Male,Australia,7/1/2021,Monthly
s33944,Aanya Johnson,23,Male,Germany,2/13/2020,Yearly
s33945,Liam Davis,20,Male,USA,5/30/2020,Yearly
s33946,Ethan Davis,18,Male,India,4/16/2020,Monthly
s33947,Ethan Singh,47,Female,Germany,4/14/2020,Yearly
s33948,Aanya Smith,23,Other,Australia,11/12/2021,Free
s33949,Riya Sharma,21,Other,USA,5/5/2021,Monthly
s33950,Zara Hall,60,Other,Australia,4/15/2020,Monthly
s33951,Olivia Moore,21,Female,India,3/9/2022,Yearly
s33952,Aarav Walker,33,Male,Germany,2/19/2019,Free
s33953,Liam Patel,51,Other,Australia,10/2/2020,Yearly
s33954,Amelia Walker,18,Other,Germany,8/1/2019,Yearly
s33955,Noah Martin,29,Other,Australia,7/13/2022,Free
s33956,Amelia Verma,30,Other,Germany,10/23/2021,Free
s33957,Sophia Singh,30,Other,UK,6/2/2022,Free
s33958,Benjamin Wilson,22,Other,India,4/29/2021,Free
s33959,Vihaan Johnson,23,Female,Germany,9/11/2019,Monthly
s33960,Amelia Clark,23,Male,Canada,11/14/2019,Free
s33961,Mia Thomas,20,Male,India,7/25/2020,Monthly
s33962,Liam Johnson,37,Male,Germany,8/27/2020,Monthly
s33963,Amelia Smith,27,Male,Germany,10/25/2020,Free
s33964,Ethan Thomas,42,Female,Germany,8/5/2019,Monthly
s33965,Mia Smith,24,Other,USA,8/7/2020,Yearly
s33966,Aarav Moore,24,Male,Canada,8/20/2019,Free
s33967,Eva Thomas,35,Male,Australia,11/4/2022,Free
s33968,Benjamin Anderson,19,Male,India,5/26/2022,Free
s33969,Vihaan Walker,23,Male,UK,12/30/2021,Free
s33970,Meera Singh,25,Female,UK,4/19/2021,Monthly
s33971,Aarav Taylor,18,Other,India,1/9/2020,Free
s33972,Vihaan Clark,44,Male,USA,5/4/2020,Monthly
s33973,Benjamin Verma,30,Other,Canada,6/27/2020,Yearly
s33974,Aarav Singh,22,Female,India,9/23/2021,Monthly
s33975,Meera Smith,25,Male,UK,12/3/2022,Monthly
s33976,Noah Patel,41,Male,USA,6/17/2022,Yearly
s33977,Zara Patel,66,Other,UK,2/6/2021,Free
s33978,Eva Verma,19,Other,USA,12/30/2020,Monthly
s33979,Noah Patel,39,Male,UK,4/30/2020,Free
s33980,Liam Lewis,23,Other,Australia,1/29/2020,Free
s33981,Liam Davis,22,Female,USA,4/30/2020,Monthly
s33982,Benjamin Lewis,55,Male,Australia,10/20/2020,Free
s33983,Isabella Martin,41,Male,Germany,7/3/2019,Yearly
s33984,Meera Smith,21,Male,Canada,3/26/2022,Free
s33985,Karan Johnson,23,Male,India,4/22/2021,Monthly
s33986,Arjun Singh,18,Female,UK,2/2/2022,Yearly
s33987,Eva Hall,24,Male,UK,7/8/2020,Free
s33988,Lucas Patel,33,Other,Germany,4/19/2021,Monthly
s33989,Riya Wilson,35,Female,USA,1/22/2021,Monthly
s33990,Vihaan Singh,18,Male,Canada,6/4/2020,Free
s33991,Mia Anderson,19,Other,USA,12/10/2019,Monthly
s33992,Emma Smith,60,Female,Canada,8/2/2019,Yearly
s33993,Amelia Taylor,27,Female,Canada,2/22/2020,Free
s33994,Mia Verma,27,Other,Australia,6/30/2020,Yearly
s33995,Mia Wilson,39,Male,Germany,3/21/2021,Yearly
s33996,Emma Wilson,25,Male,India,4/14/2020,Free
s33997,Isabella Smith,25,Male,Germany,10/14/2021,Monthly
s33998,Amelia Smith,25,Female,Germany,2/27/2019,Yearly
s33999,Isabella Singh,27,Female,India,8/5/2022,Monthly
s34000,Noah Lee,20,Male,India,10/5/2020,Yearly
s34001,Riya Singh,41,Other,UK,2/14/2021,Free
s34002,Vihaan Lee,51,Male,Germany,8/19/2021,Free
s34003,Aarav Sharma,32,Female,India,1/20/2019,Free
s34004,Olivia Thomas,41,Other,Australia,7/20/2020,Yearly
s34005,Sophia Wilson,59,Other,Canada,3/23/2019,Yearly
s34006,Vihaan Verma,31,Female,USA,9/15/2020,Free
s34007,Isabella Walker,57,Other,USA,6/23/2022,Free
s34008,Meera Thomas,53,Female,USA,2/4/2019,Free
s34009,Benjamin Clark,27,Male,India,10/7/2021,Yearly
s34010,Aarav Verma,24,Female,UK,3/31/2022,Yearly
s34011,Meera Davis,53,Female,UK,12/9/2021,Monthly
s34012,Emma Anderson,59,Other,UK,11/28/2021,Monthly
s34013,Eva Martin,25,Male,Canada,12/4/2019,Free
s34014,Zara Miller,62,Male,Germany,1/17/2021,Free
s34015,Emma Walker,45,Other,Germany,1/1/2020,Monthly
s34016,Meera Lee,62,Other,Germany,9/26/2019,Free
s34017,Meera Martin,18,Male,Australia,8/27/2019,Yearly
s34018,Karan Walker,64,Other,USA,10/18/2022,Monthly
s34019,Amelia Thomas,62,Other,UK,4/25/2020,Free
s34020,Isabella Thomas,18,Male,Canada,9/29/2020,Monthly
s34021,Riya Johnson,21,Male,UK,9/6/2020,Monthly
s34022,Aanya Sharma,18,Male,India,3/22/2022,Free
s34023,Aarav Wilson,27,Male,India,6/15/2020,Yearly
s34024,Karan Sharma,18,Other,Australia,4/5/2021,Yearly
s34025,Eva Lewis,21,Other,UK,6/9/2020,Free
s34026,Meera Thomas,23,Other,Canada,11/7/2020,Free
s34027,Arjun Davis,19,Male,India,6/18/2019,Yearly
s34028,Benjamin Singh,39,Male,Australia,4/25/2019,Monthly
s34029,Olivia Lewis,19,Male,Germany,8/22/2020,Free
s34030,Lucas Martin,18,Male,UK,6/16/2019,Yearly
s34031,Mia Sharma,27,Other,India,8/3/2022,Yearly
s34032,Sophia Clark,24,Other,Australia,3/12/2022,Monthly
s34033,Meera Walker,23,Other,Canada,6/24/2020,Monthly
s34034,Mia Brown,26,Other,UK,10/20/2019,Free
s34035,Lucas Patel,26,Female,Canada,3/4/2022,Yearly
s34036,Benjamin Walker,28,Male,Germany,3/6/2019,Monthly
s34037,Arjun Davis,41,Male,India,7/18/2020,Yearly
s34038,Amelia Moore,34,Other,UK,1/25/2019,Yearly
s34039,Isabella Johnson,27,Male,USA,12/25/2019,Yearly
s34040,Arjun Singh,22,Other,India,9/9/2022,Free
s34041,Lucas Wilson,22,Other,Germany,2/27/2019,Free
s34042,Emma Patel,46,Male,Australia,1/13/2020,Free
s34043,Karan Taylor,26,Other,USA,10/26/2019,Monthly
s34044,Ethan Anderson,19,Other,India,6/17/2019,Yearly
s34045,Sophia Moore,24,Other,India,9/12/2019,Free
s34046,Riya Martin,18,Female,USA,3/17/2019,Yearly
s34047,Lucas Patel,25,Female,Australia,8/17/2022,Monthly
s34048,Olivia Miller,42,Female,Germany,1/26/2020,Free
s34049,Mia Singh,18,Female,Australia,5/11/2022,Monthly
s34050,Liam Johnson,58,Female,UK,11/17/2020,Yearly
s34051,Isabella Miller,18,Male,Germany,2/6/2020,Monthly
s34052,Isabella Clark,35,Male,India,9/5/2022,Yearly
s34053,Ethan Johnson,28,Male,India,7/6/2021,Free
s34054,Lucas Davis,63,Female,Germany,3/11/2022,Free
s34055,Benjamin Johnson,22,Male,Australia,5/9/2019,Monthly
s34056,Olivia Hall,43,Other,Germany,8/2/2019,Monthly
s34057,Benjamin Miller,18,Other,Canada,11/11/2021,Monthly
s34058,Ethan Wilson,21,Male,Australia,6/16/2022,Monthly
s34059,Riya Brown,35,Male,UK,2/19/2022,Monthly
s34060,Zara Smith,32,Male,Germany,4/13/2019,Monthly
s34061,Aarav Thomas,24,Female,UK,6/11/2020,Monthly
s34062,Zara Verma,22,Other,Canada,10/16/2019,Yearly
s34063,Emma Verma,31,Male,Australia,12/27/2020,Monthly
s34064,Noah Johnson,50,Other,Canada,5/11/2022,Yearly
s34065,Aarav Anderson,22,Male,Germany,3/17/2019,Monthly
s34066,Eva Miller,53,Female,Canada,10/11/2020,Monthly
s34067,Amelia Singh,21,Other,India,1/26/2020,Monthly
s34068,Noah Verma,64,Female,USA,12/19/2019,Free
s34069,Benjamin Lee,46,Other,Australia,8/3/2019,Monthly
s34070,Zara Moore,34,Other,Australia,10/15/2019,Monthly
s34071,Benjamin Lee,45,Male,India,9/20/2019,Monthly
s34072,Zara Johnson,63,Male,Canada,8/14/2021,Monthly
s34073,Eva Patel,66,Male,India,5/3/2020,Yearly
s34074,Mia Miller,27,Female,Germany,2/19/2021,Free
s34075,Benjamin Verma,26,Female,Germany,1/8/2020,Monthly
s34076,Amelia Johnson,41,Other,Canada,7/10/2022,Free
s34077,Riya Lee,24,Female,Australia,8/5/2020,Monthly
s34078,Aanya Wilson,21,Female,Canada,5/30/2020,Free
s34079,Ethan Taylor,21,Other,Germany,1/2/2019,Yearly
s34080,Olivia Smith,29,Male,UK,7/9/2019,Yearly
s34081,Sophia Davis,19,Male,USA,1/28/2021,Yearly
s34082,Liam Wilson,60,Other,UK,1/19/2019,Monthly
s34083,Sophia Davis,22,Male,UK,5/5/2022,Yearly
s34084,Meera Clark,28,Female,India,2/13/2022,Yearly
s34085,Noah Martin,47,Female,India,10/13/2022,Free
s34086,Amelia Davis,20,Male,UK,10/12/2021,Yearly
s34087,Isabella Taylor,37,Female,India,7/17/2019,Monthly
s34088,Vihaan Singh,21,Male,Australia,5/3/2021,Monthly
s34089,Aanya Lee,52,Female,Canada,10/12/2021,Yearly
s34090,Emma Taylor,19,Male,India,11/30/2021,Monthly
s34091,Noah Brown,21,Other,UK,9/7/2021,Yearly
s34092,Vihaan Verma,25,Other,UK,6/14/2019,Monthly
s34093,Mia Moore,61,Other,Germany,9/4/2022,Yearly
s34094,Riya Wilson,44,Female,USA,2/27/2019,Free
s34095,Aarav Hall,33,Female,USA,9/27/2021,Free
s34096,Isabella Wilson,26,Female,Germany,6/25/2019,Monthly
s34097,Ethan Verma,21,Female,India,7/6/2021,Monthly
s34098,Noah Singh,19,Female,Germany,3/23/2021,Free
s34099,Ethan Hall,20,Female,Australia,9/12/2022,Yearly
s34100,Aanya Johnson,42,Other,USA,10/13/2022,Monthly
s34101,Noah Sharma,19,Other,Canada,5/31/2022,Free
s34102,Liam Anderson,66,Other,India,1/30/2022,Monthly
s34103,Karan Taylor,18,Other,Canada,10/25/2022,Free
s34104,Noah Johnson,23,Male,UK,9/16/2022,Monthly
s34105,Zara Thomas,32,Other,Australia,1/8/2021,Monthly
s34106,Zara Miller,59,Other,India,7/16/2022,Free
s34107,Meera Davis,20,Female,Canada,12/26/2021,Yearly
s34108,Amelia Taylor,54,Female,India,11/17/2020,Free
s34109,Lucas Sharma,30,Female,USA,8/1/2021,Monthly
s34110,Olivia Wilson,26,Male,Germany,9/11/2021,Monthly
s34111,Eva Wilson,24,Female,UK,6/30/2021,Monthly
s34112,Benjamin Hall,43,Other,Germany,6/14/2019,Monthly
s34113,Olivia Thomas,23,Other,Germany,8/29/2019,Monthly
s34114,Ethan Thomas,24,Female,Germany,1/20/2022,Monthly
s34115,Olivia Hall,29,Female,UK,9/10/2020,Free
s34116,Isabella Smith,43,Female,UK,10/5/2021,Free
s34117,Benjamin Smith,23,Male,USA,9/25/2020,Free
s34118,Emma Clark,21,Male,USA,10/11/2020,Yearly
s34119,Aarav Moore,21,Female,USA,6/18/2021,Free
s34120,Zara Taylor,43,Male,Australia,4/16/2020,Monthly
s34121,Karan Singh,47,Other,Germany,2/21/2020,Yearly
s34122,Aarav Moore,37,Other,India,10/18/2021,Yearly
s34123,Olivia Brown,49,Male,USA,4/10/2019,Yearly
s34124,Emma Hall,23,Other,Australia,5/22/2019,Monthly
s34125,Benjamin Thomas,19,Female,Germany,4/15/2020,Yearly
s34126,Ethan Lewis,59,Other,Germany,8/5/2022,Free
s34127,Aanya Walker,34,Female,India,9/24/2019,Free
s34128,Olivia Miller,30,Other,UK,5/9/2019,Monthly
s34129,Isabella Hall,25,Female,UK,6/18/2022,Yearly
s34130,Liam Johnson,19,Female,Canada,12/21/2020,Monthly
s34131,Vihaan Davis,34,Other,India,8/3/2020,Free
s34132,Vihaan Wilson,24,Male,Canada,2/22/2021,Yearly
s34133,Zara Thomas,25,Male,UK,6/30/2020,Free
s34134,Amelia Smith,39,Female,India,11/4/2019,Monthly
s34135,Isabella Brown,20,Male,USA,6/13/2022,Yearly
s34136,Mia Johnson,23,Other,India,2/12/2021,Monthly
s34137,Benjamin Walker,38,Other,USA,1/25/2020,Yearly
s34138,Mia Walker,27,Male,USA,6/14/2021,Yearly
s34139,Sophia Clark,40,Female,Germany,6/4/2019,Free
s34140,Liam Singh,25,Female,Germany,2/17/2020,Yearly
s34141,Mia Taylor,34,Other,India,6/17/2022,Yearly
s34142,Meera Anderson,23,Female,Germany,2/4/2019,Monthly
s34143,Olivia Anderson,63,Female,Australia,9/23/2021,Monthly
s34144,Benjamin Sharma,21,Other,India,10/24/2019,Yearly
s34145,Emma Wilson,35,Female,Germany,12/18/2022,Free
s34146,Mia Singh,33,Male,Australia,8/31/2020,Free
s34147,Mia Martin,36,Other,Germany,4/1/2022,Free
s34148,Riya Verma,21,Female,India,10/8/2021,Monthly
s34149,Amelia Miller,19,Male,USA,11/1/2021,Yearly
s34150,Arjun Lewis,54,Male,USA,3/29/2019,Monthly
s34151,Liam Singh,19,Other,USA,7/9/2021,Yearly
s34152,Meera Verma,26,Male,Canada,11/20/2021,Yearly
s34153,Liam Johnson,33,Other,Germany,5/1/2022,Free
s34154,Lucas Walker,25,Other,Germany,5/2/2022,Free
s34155,Lucas Wilson,27,Male,UK,12/22/2020,Free
s34156,Zara Brown,23,Female,UK,12/3/2019,Yearly
s34157,Vihaan Singh,42,Other,India,5/31/2020,Free
s34158,Sophia Wilson,23,Male,Canada,8/17/2021,Monthly
s34159,Noah Hall,26,Other,India,8/21/2021,Free
s34160,Aanya Thomas,28,Other,Australia,6/5/2021,Free
s34161,Riya Singh,24,Other,Canada,6/12/2022,Monthly
s34162,Lucas Anderson,27,Other,Canada,7/9/2020,Yearly
s34163,Riya Singh,21,Male,UK,1/30/2021,Free
s34164,Eva Johnson,22,Female,USA,9/28/2019,Monthly
s34165,Vihaan Davis,21,Other,USA,6/2/2020,Free
s34166,Ethan Clark,41,Other,UK,7/2/2020,Monthly
s34167,Ethan Singh,26,Male,India,1/25/2020,Monthly
s34168,Meera Brown,24,Female,Germany,5/11/2021,Monthly
s34169,Benjamin Lee,41,Other,Germany,10/12/2022,Monthly
s34170,Mia Miller,40,Female,Canada,9/17/2020,Free
s34171,Sophia Anderson,25,Female,India,12/24/2022,Monthly
s34172,Noah Martin,19,Other,UK,11/21/2019,Yearly
s34173,Zara Sharma,20,Other,India,4/27/2021,Monthly
s34174,Olivia Moore,50,Female,USA,11/18/2020,Free
s34175,Riya Wilson,22,Male,Canada,12/19/2021,Yearly
s34176,Liam Patel,40,Male,Canada,5/17/2020,Monthly
s34177,Meera Lee,35,Male,UK,9/21/2021,Yearly
s34178,Karan Brown,43,Female,Germany,4/13/2019,Monthly
s34179,Benjamin Singh,26,Male,Germany,4/25/2020,Yearly
s34180,Olivia Clark,25,Female,Germany,12/4/2021,Monthly
s34181,Lucas Singh,26,Male,USA,3/8/2019,Yearly
s34182,Lucas Wilson,46,Female,Germany,8/25/2020,Monthly
s34183,Mia Walker,21,Male,UK,10/25/2021,Free
s34184,Zara Taylor,18,Female,India,4/20/2020,Monthly
s34185,Mia Walker,27,Male,India,10/22/2021,Free
s34186,Liam Martin,40,Female,UK,6/19/2021,Monthly
s34187,Benjamin Johnson,19,Other,UK,11/3/2020,Yearly
s34188,Karan Walker,19,Other,Germany,1/26/2020,Yearly
s34189,Aanya Taylor,33,Male,USA,10/8/2020,Free
s34190,Arjun Moore,23,Other,Australia,8/16/2020,Free
s34191,Ethan Smith,38,Female,Canada,6/10/2020,Monthly
s34192,Karan Moore,47,Other,India,7/6/2020,Free
s34193,Noah Singh,24,Female,Canada,11/22/2021,Yearly
s34194,Karan Patel,23,Male,Australia,4/9/2021,Monthly
s34195,Eva Lewis,31,Other,USA,6/19/2019,Yearly
s34196,Zara Sharma,25,Other,USA,11/11/2020,Yearly
s34197,Sophia Smith,19,Female,UK,11/21/2020,Monthly
s34198,Riya Hall,18,Other,Canada,7/29/2020,Monthly
s34199,Isabella Moore,32,Female,Germany,9/26/2022,Yearly
s34200,Amelia Johnson,18,Female,India,11/15/2021,Yearly
s34201,Lucas Walker,25,Other,Canada,2/18/2021,Monthly
s34202,Amelia Wilson,25,Female,Germany,11/22/2020,Free
s34203,Isabella Sharma,38,Female,India,3/1/2022,Monthly
s34204,Olivia Wilson,18,Other,Canada,2/6/2019,Monthly
s34205,Mia Miller,30,Male,Australia,1/14/2019,Yearly
s34206,Mia Miller,61,Other,UK,10/3/2020,Monthly
s34207,Mia Lee,20,Male,India,10/16/2022,Yearly
s34208,Vihaan Thomas,24,Male,UK,4/25/2019,Monthly
s34209,Sophia Clark,27,Male,Canada,7/9/2019,Yearly
s34210,Benjamin Sharma,24,Male,Germany,5/31/2020,Free
s34211,Karan Walker,27,Female,Canada,5/27/2021,Free
s34212,Amelia Smith,41,Female,Germany,5/27/2019,Yearly
s34213,Sophia Smith,21,Female,Australia,12/10/2019,Monthly
s34214,Riya Smith,55,Other,UK,6/8/2019,Monthly
s34215,Aarav Brown,21,Male,Canada,6/22/2021,Yearly
s34216,Karan Hall,42,Male,UK,9/19/2021,Free
s34217,Zara Anderson,24,Female,Germany,7/3/2021,Yearly
s34218,Aanya Smith,20,Other,India,7/26/2020,Yearly
s34219,Olivia Martin,24,Other,Canada,4/20/2019,Yearly
s34220,Sophia Thomas,22,Other,Australia,1/2/2022,Yearly
s34221,Benjamin Clark,66,Other,UK,4/4/2022,Monthly
s34222,Vihaan Wilson,46,Female,Germany,1/9/2021,Yearly
s34223,Zara Patel,19,Other,Germany,11/9/2019,Monthly
s34224,Sophia Verma,18,Female,USA,10/26/2022,Free
s34225,Lucas Wilson,24,Other,Germany,1/29/2020,Yearly
s34226,Emma Anderson,20,Male,Australia,11/1/2019,Yearly
s34227,Eva Taylor,19,Other,Germany,8/7/2020,Monthly
s34228,Ethan Miller,19,Other,Canada,7/30/2021,Free
s34229,Ethan Smith,55,Other,Australia,8/31/2019,Free
s34230,Isabella Davis,29,Female,Canada,3/9/2020,Monthly
s34231,Emma Taylor,52,Other,India,11/25/2021,Monthly
s34232,Benjamin Lewis,21,Other,Canada,9/2/2020,Yearly
s34233,Eva Sharma,24,Male,Germany,6/29/2019,Free
s34234,Vihaan Anderson,23,Male,Australia,10/12/2022,Monthly
s34235,Riya Thomas,19,Female,India,12/22/2019,Yearly
s34236,Zara Taylor,37,Other,Germany,7/14/2019,Free
s34237,Isabella Taylor,37,Other,Australia,10/22/2019,Free
s34238,Eva Johnson,20,Other,Canada,7/17/2022,Free
s34239,Meera Wilson,25,Male,Canada,7/4/2020,Free
s34240,Isabella Clark,31,Other,Canada,8/1/2020,Yearly
s34241,Ethan Anderson,29,Other,India,6/6/2022,Yearly
s34242,Noah Lee,65,Male,Australia,12/25/2020,Monthly
s34243,Lucas Verma,24,Male,UK,6/13/2019,Free
s34244,Mia Lee,46,Female,Canada,6/21/2019,Monthly
s34245,Vihaan Taylor,45,Other,USA,3/17/2022,Free
s34246,Liam Verma,24,Female,Germany,6/10/2021,Yearly
s34247,Vihaan Patel,21,Male,Canada,6/11/2022,Yearly
s34248,Amelia Thomas,22,Other,Australia,1/20/2022,Yearly
s34249,Karan Anderson,18,Female,Germany,10/28/2019,Monthly
s34250,Riya Smith,22,Female,Canada,3/31/2022,Monthly
s34251,Sophia Lee,23,Other,USA,3/14/2021,Yearly
s34252,Arjun Walker,47,Female,Canada,8/25/2020,Free
s34253,Mia Taylor,34,Other,Germany,6/6/2019,Monthly
s34254,Sophia Taylor,26,Other,Australia,10/11/2021,Monthly
s34255,Olivia Brown,19,Female,Germany,5/21/2019,Monthly
s34256,Aanya Taylor,24,Female,India,8/27/2019,Monthly
s34257,Ethan Hall,45,Male,Germany,6/19/2019,Free
s34258,Olivia Taylor,21,Other,UK,12/1/2022,Yearly
s34259,Karan Lewis,25,Female,USA,10/16/2021,Yearly
s34260,Olivia Taylor,25,Female,UK,6/14/2021,Yearly
s34261,Isabella Wilson,42,Other,Germany,9/26/2020,Monthly
s34262,Sophia Davis,35,Female,UK,10/1/2022,Yearly
s34263,Aanya Singh,22,Female,UK,4/26/2020,Free
s34264,Eva Johnson,20,Male,UK,10/8/2019,Monthly
s34265,Arjun Miller,42,Male,Germany,6/27/2022,Yearly
s34266,Liam Singh,21,Female,Germany,8/21/2022,Yearly
s34267,Zara Anderson,18,Male,USA,6/6/2020,Monthly
s34268,Emma Hall,27,Female,UK,3/19/2020,Free
s34269,Isabella Wilson,19,Female,India,11/27/2019,Free
s34270,Arjun Singh,21,Male,UK,6/2/2022,Yearly
s34271,Riya Thomas,29,Other,USA,1/2/2020,Monthly
s34272,Ethan Miller,19,Other,India,12/26/2020,Monthly
s34273,Riya Thomas,39,Female,Germany,8/14/2021,Free
s34274,Sophia Smith,29,Male,Germany,7/21/2021,Free
s34275,Riya Moore,34,Other,India,3/7/2021,Yearly
s34276,Mia Smith,23,Male,Canada,12/13/2022,Monthly
s34277,Zara Taylor,36,Female,Canada,1/2/2022,Yearly
s34278,Riya Miller,39,Female,Australia,10/9/2019,Free
s34279,Meera Johnson,62,Other,Australia,4/8/2020,Yearly
s34280,Isabella Thomas,24,Male,Australia,11/6/2021,Free
s34281,Riya Hall,18,Other,Canada,11/6/2020,Free
s34282,Meera Lee,20,Other,Australia,2/20/2019,Free
s34283,Riya Sharma,25,Male,Australia,10/5/2021,Monthly
s34284,Riya Martin,54,Female,Australia,10/24/2019,Free
s34285,Eva Clark,25,Male,India,7/31/2021,Yearly
s34286,Ethan Brown,19,Female,Canada,6/16/2021,Monthly
s34287,Sophia Verma,40,Other,Australia,12/18/2022,Free
s34288,Liam Clark,36,Male,USA,1/25/2019,Monthly
s34289,Aanya Johnson,34,Other,India,2/23/2021,Monthly
s34290,Liam Wilson,23,Female,USA,5/22/2021,Monthly
s34291,Aanya Lee,20,Other,UK,1/27/2022,Yearly
s34292,Arjun Sharma,38,Other,USA,7/20/2019,Yearly
s34293,Meera Lee,22,Male,India,4/12/2020,Yearly
s34294,Isabella Anderson,23,Other,USA,11/16/2019,Free
s34295,Liam Lewis,21,Female,Canada,3/10/2020,Monthly
s34296,Liam Wilson,24,Other,Australia,10/22/2021,Monthly
s34297,Zara Thomas,35,Male,India,5/13/2019,Monthly
s34298,Olivia Walker,24,Other,Australia,2/9/2020,Free
s34299,Aarav Walker,42,Female,USA,11/23/2020,Yearly
s34300,Emma Martin,39,Male,Germany,9/22/2022,Yearly
s34301,Karan Taylor,19,Male,USA,6/26/2020,Yearly
s34302,Eva Wilson,37,Other,India,9/15/2020,Yearly
s34303,Isabella Sharma,20,Male,India,10/20/2021,Monthly
s34304,Vihaan Patel,19,Other,India,6/7/2021,Yearly
s34305,Aarav Lewis,26,Female,India,10/28/2020,Monthly
s34306,Arjun Anderson,66,Male,USA,4/15/2022,Yearly
s34307,Olivia Johnson,40,Male,Germany,8/14/2022,Free
s34308,Mia Patel,27,Other,USA,7/10/2022,Yearly
s34309,Amelia Miller,18,Other,USA,3/1/2022,Monthly
s34310,Isabella Hall,26,Male,Australia,5/25/2021,Yearly
s34311,Amelia Smith,48,Female,Canada,7/6/2019,Monthly
s34312,Noah Taylor,23,Other,India,4/13/2020,Yearly
s34313,Ethan Hall,21,Male,Australia,2/1/2019,Free
s34314,Mia Smith,21,Male,Germany,12/8/2020,Monthly
s34315,Zara Verma,40,Female,India,12/30/2021,Monthly
s34316,Liam Hall,27,Other,India,12/12/2020,Free
s34317,Emma Hall,39,Other,Australia,5/6/2019,Monthly
s34318,Riya Singh,24,Other,Canada,11/14/2022,Free
s34319,Aanya Walker,46,Female,UK,8/8/2022,Free
s34320,Isabella Brown,26,Other,Germany,7/7/2022,Free
s34321,Eva Verma,22,Other,USA,8/14/2019,Yearly
s34322,Aanya Hall,22,Male,Canada,11/13/2021,Yearly
s34323,Karan Patel,59,Other,USA,8/8/2022,Yearly
s34324,Aarav Hall,23,Other,Canada,12/20/2019,Free
s34325,Liam Moore,38,Other,UK,8/31/2021,Yearly
s34326,Zara Johnson,22,Female,UK,11/4/2022,Monthly
s34327,Benjamin Smith,51,Female,Canada,7/9/2021,Monthly
s34328,Aarav Johnson,23,Other,USA,12/4/2019,Yearly
s34329,Karan Anderson,43,Female,Canada,5/1/2022,Monthly
s34330,Aarav Wilson,27,Other,Canada,12/5/2020,Yearly
s34331,Benjamin Lewis,63,Female,Canada,5/19/2019,Yearly
s34332,Emma Johnson,18,Other,UK,4/8/2022,Free
s34333,Zara Smith,34,Other,UK,3/30/2020,Monthly
s34334,Amelia Singh,30,Male,UK,3/24/2019,Yearly
s34335,Isabella Miller,44,Other,Germany,12/17/2022,Yearly
s34336,Arjun Sharma,32,Other,Germany,9/10/2019,Yearly
s34337,Eva Sharma,49,Other,UK,5/6/2021,Free
s34338,Arjun Walker,35,Male,Germany,8/20/2020,Monthly
s34339,Emma Walker,27,Female,Canada,2/25/2022,Yearly
s34340,Karan Miller,23,Male,UK,7/20/2019,Monthly
s34341,Zara Hall,21,Other,India,5/3/2022,Monthly
s34342,Olivia Smith,58,Other,India,6/16/2020,Yearly
s34343,Karan Taylor,27,Male,UK,9/12/2022,Monthly
s34344,Eva Clark,38,Male,India,1/7/2019,Free
s34345,Karan Verma,45,Male,India,7/8/2019,Free
s34346,Amelia Miller,22,Female,Australia,11/1/2019,Yearly
s34347,Mia Smith,41,Male,Australia,10/26/2021,Free
s34348,Riya Lewis,33,Male,India,11/7/2020,Monthly
s34349,Riya Thomas,56,Other,Canada,10/9/2021,Free
s34350,Emma Lee,43,Female,USA,1/1/2019,Free
s34351,Arjun Johnson,22,Female,UK,1/8/2022,Monthly
s34352,Aarav Thomas,30,Female,Canada,12/16/2021,Monthly
s34353,Sophia Smith,26,Other,Canada,8/24/2021,Monthly
s34354,Aanya Martin,30,Female,Australia,3/21/2019,Yearly
s34355,Liam Sharma,40,Female,UK,3/18/2021,Monthly
s34356,Vihaan Singh,23,Female,Australia,7/14/2021,Free
s34357,Vihaan Taylor,22,Other,UK,4/1/2020,Monthly
s34358,Mia Taylor,38,Female,Germany,2/13/2020,Yearly
s34359,Karan Moore,25,Female,UK,4/11/2022,Yearly
s34360,Zara Wilson,20,Male,India,8/14/2022,Yearly
s34361,Riya Patel,26,Other,Germany,12/17/2020,Yearly
s34362,Noah Verma,27,Male,India,11/14/2019,Free
s34363,Amelia Anderson,26,Male,Australia,9/25/2021,Monthly
s34364,Lucas Wilson,25,Male,Canada,1/22/2021,Free
s34365,Arjun Brown,39,Other,India,5/14/2021,Yearly
s34366,Aanya Verma,37,Other,USA,12/18/2021,Monthly
s34367,Vihaan Lewis,43,Other,Canada,11/19/2021,Yearly
s34368,Zara Thomas,38,Other,USA,7/17/2019,Yearly
s34369,Vihaan Miller,27,Male,Canada,10/20/2019,Free
s34370,Benjamin Moore,20,Female,Canada,2/13/2021,Yearly
s34371,Benjamin Wilson,46,Female,USA,4/7/2022,Monthly
s34372,Zara Moore,35,Female,Australia,2/4/2020,Monthly
s34373,Emma Walker,41,Male,UK,1/20/2022,Monthly
s34374,Isabella Wilson,23,Male,USA,12/19/2019,Monthly
s34375,Emma Singh,22,Female,UK,11/24/2022,Free
s34376,Riya Miller,26,Other,UK,12/3/2019,Monthly
s34377,Liam Sharma,25,Male,UK,1/19/2022,Free
s34378,Karan Patel,20,Male,Germany,7/30/2021,Free
s34379,Ethan Walker,19,Male,UK,1/22/2020,Monthly
s34380,Zara Smith,31,Male,Canada,8/9/2022,Yearly
s34381,Sophia Clark,37,Male,Australia,10/29/2022,Yearly
s34382,Riya Patel,26,Other,Germany,7/30/2019,Monthly
s34383,Vihaan Sharma,58,Other,Australia,11/18/2019,Yearly
s34384,Mia Smith,23,Male,Canada,4/28/2021,Monthly
s34385,Olivia Clark,45,Other,Germany,4/7/2021,Free
s34386,Amelia Patel,36,Other,USA,2/19/2019,Yearly
s34387,Vihaan Thomas,20,Male,India,8/17/2021,Monthly
s34388,Liam Sharma,24,Male,Germany,2/18/2021,Monthly
s34389,Amelia Johnson,21,Male,Australia,1/17/2021,Monthly
s34390,Aanya Smith,33,Other,India,1/14/2022,Yearly
s34391,Arjun Lee,24,Female,USA,7/28/2019,Free
s34392,Sophia Clark,60,Male,UK,7/6/2020,Monthly
s34393,Mia Brown,24,Male,Canada,4/23/2020,Monthly
s34394,Zara Moore,34,Male,USA,7/13/2021,Monthly
s34395,Karan Sharma,20,Female,Australia,11/28/2022,Free
s34396,Mia Johnson,18,Female,USA,3/20/2022,Free
s34397,Amelia Clark,35,Male,UK,3/23/2020,Free
s34398,Emma Wilson,36,Male,Germany,12/14/2019,Yearly
s34399,Emma Anderson,27,Male,India,6/27/2019,Yearly
s34400,Benjamin Lewis,62,Male,Canada,1/5/2021,Monthly
s34401,Ethan Patel,20,Male,Germany,1/15/2019,Monthly
s34402,Amelia Lewis,25,Other,India,7/22/2021,Yearly
s34403,Emma Martin,23,Male,Germany,1/21/2021,Monthly
s34404,Noah Hall,19,Male,Australia,6/17/2019,Yearly
s34405,Amelia Thomas,26,Male,Australia,7/11/2021,Free
s34406,Ethan Sharma,65,Male,Canada,2/11/2022,Free
s34407,Amelia Anderson,18,Male,Germany,12/6/2020,Free
s34408,Isabella Patel,40,Female,UK,10/4/2020,Yearly
s34409,Sophia Verma,30,Other,India,3/27/2022,Monthly
s34410,Lucas Smith,24,Other,Canada,3/20/2020,Monthly
s34411,Arjun Walker,20,Male,India,3/2/2021,Yearly
s34412,Mia Hall,24,Other,USA,5/18/2020,Yearly
s34413,Olivia Brown,37,Female,Germany,10/11/2021,Yearly
s34414,Isabella Martin,35,Female,Germany,3/26/2021,Yearly
s34415,Sophia Brown,41,Other,India,11/17/2021,Free
s34416,Benjamin Wilson,47,Female,USA,7/7/2020,Yearly
s34417,Karan Taylor,40,Other,India,9/13/2019,Yearly
s34418,Zara Brown,29,Female,UK,2/9/2021,Monthly
s34419,Noah Miller,23,Other,Germany,4/29/2020,Monthly
s34420,Ethan Lee,19,Male,India,1/31/2019,Monthly
s34421,Arjun Lewis,40,Female,India,12/29/2019,Yearly
s34422,Vihaan Lewis,63,Other,Australia,5/8/2019,Free
s34423,Noah Verma,42,Other,Germany,8/7/2021,Yearly
s34424,Aanya Smith,27,Male,Canada,8/4/2020,Free
s34425,Benjamin Johnson,35,Other,USA,6/27/2021,Yearly
s34426,Eva Johnson,26,Female,Canada,12/12/2019,Free
s34427,Benjamin Johnson,34,Female,USA,11/30/2021,Free
s34428,Karan Singh,26,Female,India,6/8/2020,Monthly
s34429,Meera Lee,22,Female,India,3/5/2021,Yearly
s34430,Arjun Singh,24,Female,India,11/25/2022,Yearly
s34431,Meera Walker,22,Female,UK,4/26/2022,Yearly
s34432,Arjun Lewis,25,Male,Australia,2/1/2022,Monthly
s34433,Meera Clark,25,Male,Australia,10/17/2019,Free
s34434,Aarav Walker,60,Female,India,2/11/2021,Monthly
s34435,Aanya Taylor,25,Male,Canada,5/2/2020,Free
s34436,Zara Verma,38,Other,Australia,9/7/2022,Monthly
s34437,Meera Walker,33,Other,India,7/24/2021,Yearly
s34438,Aarav Wilson,43,Other,Canada,8/2/2019,Monthly
s34439,Riya Miller,49,Other,Canada,11/30/2019,Free
s34440,Karan Wilson,23,Male,India,10/21/2021,Monthly
s34441,Mia Davis,45,Female,Canada,1/25/2021,Monthly
s34442,Amelia Davis,21,Other,UK,5/26/2021,Yearly
s34443,Eva Sharma,26,Other,Australia,1/11/2020,Yearly
s34444,Meera Martin,40,Female,Canada,5/22/2019,Monthly
s34445,Benjamin Brown,22,Male,USA,10/2/2019,Free
s34446,Olivia Miller,27,Female,USA,6/13/2019,Yearly
s34447,Olivia Wilson,27,Other,USA,12/15/2020,Monthly
s34448,Karan Taylor,39,Male,India,11/19/2019,Free
s34449,Meera Taylor,23,Female,Canada,7/25/2021,Free
s34450,Liam Sharma,21,Male,India,5/19/2019,Free
s34451,Mia Verma,23,Female,Germany,10/20/2019,Free
s34452,Aanya Singh,20,Other,India,8/3/2021,Monthly
s34453,Benjamin Patel,24,Other,India,12/13/2019,Yearly
s34454,Ethan Johnson,39,Female,Canada,2/3/2019,Monthly
s34455,Lucas Johnson,18,Female,Australia,10/24/2020,Monthly
s34456,Lucas Johnson,33,Male,Canada,10/2/2022,Monthly
s34457,Noah Smith,21,Female,Australia,1/22/2020,Yearly
s34458,Isabella Davis,24,Other,UK,12/8/2022,Monthly
s34459,Benjamin Davis,25,Male,USA,3/5/2022,Free
s34460,Riya Singh,27,Female,India,9/9/2021,Yearly
s34461,Aarav Martin,39,Male,India,2/27/2022,Monthly
s34462,Benjamin Lewis,18,Female,USA,10/27/2020,Monthly
s34463,Aarav Verma,27,Other,India,10/15/2022,Free
s34464,Meera Brown,20,Male,India,11/13/2019,Monthly
s34465,Aarav Johnson,19,Other,India,11/17/2022,Free
s34466,Aanya Miller,20,Female,Germany,6/22/2022,Monthly
s34467,Noah Singh,25,Female,Australia,6/12/2022,Monthly
s34468,Amelia Sharma,19,Female,Germany,3/22/2019,Monthly
s34469,Riya Wilson,22,Male,Germany,1/4/2021,Yearly
s34470,Vihaan Lewis,26,Other,Australia,10/20/2020,Free
s34471,Noah Brown,41,Male,India,1/2/2022,Monthly
s34472,Isabella Sharma,58,Other,Australia,7/5/2020,Monthly
s34473,Karan Miller,24,Female,USA,6/30/2019,Monthly
s34474,Ethan Hall,49,Male,USA,3/24/2022,Free
s34475,Vihaan Clark,25,Female,USA,4/14/2021,Free
s34476,Mia Patel,20,Other,India,11/26/2019,Monthly
s34477,Zara Wilson,38,Female,USA,8/9/2019,Free
s34478,Mia Thomas,20,Female,Australia,9/25/2021,Yearly
s34479,Isabella Thomas,45,Male,India,4/24/2020,Monthly
s34480,Benjamin Smith,38,Male,Canada,7/28/2020,Free
s34481,Meera Clark,43,Female,Germany,10/23/2021,Yearly
s34482,Riya Walker,47,Other,Germany,8/29/2020,Monthly
s34483,Lucas Smith,26,Other,Australia,5/26/2019,Yearly
s34484,Noah Walker,18,Male,Germany,4/23/2019,Yearly
s34485,Liam Singh,24,Other,Australia,8/2/2022,Yearly
s34486,Arjun Davis,23,Other,Germany,3/28/2019,Monthly
s34487,Zara Moore,21,Other,USA,7/12/2020,Free
s34488,Noah Moore,19,Female,India,4/4/2019,Yearly
s34489,Benjamin Davis,26,Other,Germany,6/14/2022,Monthly
s34490,Liam Walker,62,Female,USA,5/24/2021,Yearly
s34491,Riya Brown,62,Female,India,2/10/2022,Yearly
s34492,Zara Hall,43,Female,USA,6/14/2020,Free
s34493,Karan Lewis,67,Male,Canada,6/23/2020,Monthly
s34494,Emma Thomas,64,Male,Australia,7/12/2020,Monthly
s34495,Karan Clark,38,Other,India,8/11/2021,Yearly
s34496,Vihaan Patel,36,Other,Australia,12/25/2022,Monthly
s34497,Emma Moore,18,Female,UK,10/16/2022,Yearly
s34498,Aarav Lee,21,Other,USA,1/12/2020,Yearly
s34499,Benjamin Lee,47,Other,Canada,10/30/2020,Monthly
s34500,Liam Johnson,34,Other,UK,8/12/2020,Monthly
s34501,Zara Thomas,20,Male,Germany,8/16/2021,Yearly
s34502,Amelia Davis,46,Female,UK,4/6/2021,Yearly
s34503,Olivia Brown,20,Other,USA,2/11/2019,Free
s34504,Riya Walker,23,Other,UK,11/13/2021,Free
s34505,Liam Hall,30,Male,Germany,5/31/2022,Free
s34506,Eva Thomas,25,Female,India,7/18/2020,Free
s34507,Benjamin Moore,24,Female,Germany,12/19/2021,Yearly
s34508,Amelia Hall,26,Male,India,3/20/2019,Free
s34509,Aanya Patel,22,Male,Germany,10/30/2020,Monthly
s34510,Arjun Clark,20,Female,Canada,9/16/2021,Free
s34511,Meera Patel,29,Female,India,8/2/2019,Monthly
s34512,Eva Clark,21,Female,Germany,7/2/2022,Yearly
s34513,Mia Miller,24,Other,Australia,1/24/2019,Monthly
s34514,Lucas Taylor,30,Female,Canada,9/17/2022,Yearly
s34515,Noah Miller,27,Other,Canada,5/15/2019,Free
s34516,Riya Lewis,21,Other,India,11/21/2019,Free
s34517,Emma Singh,20,Female,Australia,5/17/2021,Monthly
s34518,Meera Miller,28,Male,USA,6/20/2021,Monthly
s34519,Aanya Verma,63,Other,Australia,5/20/2019,Free
s34520,Vihaan Davis,65,Female,USA,6/6/2019,Yearly
s34521,Aarav Taylor,42,Male,UK,12/12/2021,Free
s34522,Noah Davis,28,Female,UK,10/1/2020,Free
s34523,Ethan Brown,19,Male,Canada,3/14/2022,Yearly
s34524,Aanya Anderson,60,Female,Australia,4/14/2021,Yearly
s34525,Liam Walker,19,Female,India,1/31/2021,Free
s34526,Noah Walker,37,Female,USA,12/1/2021,Monthly
s34527,Zara Johnson,39,Other,Australia,1/29/2022,Free
s34528,Arjun Miller,53,Other,UK,4/24/2019,Yearly
s34529,Emma Lee,22,Other,Canada,3/24/2022,Free
s34530,Lucas Wilson,40,Male,Canada,6/11/2019,Yearly
s34531,Amelia Verma,22,Male,India,7/13/2021,Yearly
s34532,Meera Lewis,20,Female,Germany,3/13/2022,Yearly
s34533,Isabella Brown,25,Other,Germany,5/12/2019,Monthly
s34534,Amelia Smith,19,Other,Germany,11/23/2022,Free
s34535,Amelia Patel,22,Male,Australia,5/25/2019,Monthly
s34536,Aarav Lewis,26,Other,Australia,2/8/2021,Yearly
s34537,Riya Smith,30,Female,Australia,1/11/2022,Yearly
s34538,Arjun Wilson,26,Other,Australia,2/15/2020,Free
s34539,Vihaan Lee,19,Female,India,6/30/2021,Free
s34540,Ethan Wilson,32,Female,USA,8/22/2020,Yearly
s34541,Amelia Lee,22,Other,Australia,6/20/2022,Monthly
s34542,Aarav Verma,47,Male,Germany,4/24/2021,Monthly
s34543,Benjamin Lee,27,Male,Germany,7/9/2019,Free
s34544,Ethan Anderson,27,Other,Australia,7/21/2022,Monthly
s34545,Riya Verma,21,Male,UK,12/8/2021,Yearly
s34546,Karan Davis,40,Female,Germany,12/21/2019,Free
s34547,Zara Lee,39,Female,Germany,5/11/2019,Yearly
s34548,Noah Clark,27,Other,Germany,8/21/2019,Free
s34549,Aarav Moore,59,Other,USA,2/12/2021,Free
s34550,Meera Clark,20,Other,Germany,4/1/2022,Monthly
s34551,Olivia Miller,48,Other,USA,4/20/2021,Monthly
s34552,Emma Sharma,20,Female,India,4/5/2020,Monthly
s34553,Aarav Walker,67,Female,India,1/12/2022,Free
s34554,Arjun Smith,18,Female,India,9/16/2022,Free
s34555,Zara Brown,44,Other,Australia,7/23/2019,Yearly
s34556,Aanya Thomas,23,Male,Canada,2/4/2019,Monthly
s34557,Noah Anderson,26,Male,USA,2/20/2022,Yearly
s34558,Sophia Anderson,37,Other,UK,3/17/2019,Yearly
s34559,Karan Brown,47,Female,Australia,4/4/2022,Monthly
s34560,Zara Wilson,35,Other,Germany,7/15/2022,Yearly
s34561,Benjamin Walker,40,Other,Germany,4/4/2020,Monthly
s34562,Emma Wilson,40,Female,India,10/3/2021,Monthly
s34563,Ethan Davis,26,Female,USA,4/9/2019,Monthly
s34564,Aanya Clark,34,Other,Germany,2/8/2020,Free
s34565,Liam Sharma,20,Other,UK,2/1/2022,Free
s34566,Sophia Anderson,29,Other,USA,1/9/2020,Monthly
s34567,Meera Miller,24,Other,UK,5/4/2019,Free
s34568,Benjamin Smith,20,Female,Germany,9/27/2021,Monthly
s34569,Vihaan Smith,27,Female,UK,10/23/2021,Yearly
s34570,Eva Davis,51,Female,Australia,4/8/2021,Monthly
s34571,Aarav Martin,20,Male,Canada,10/1/2021,Monthly
s34572,Zara Lewis,18,Male,India,11/26/2021,Yearly
s34573,Eva Lee,19,Male,Germany,6/4/2020,Yearly
s34574,Riya Moore,20,Male,Canada,11/5/2022,Monthly
s34575,Sophia Smith,21,Other,UK,2/28/2022,Free
s34576,Zara Sharma,47,Male,UK,5/13/2022,Yearly
s34577,Sophia Lee,60,Other,Australia,11/15/2020,Yearly
s34578,Eva Singh,22,Other,Canada,10/12/2019,Yearly
s34579,Aanya Singh,42,Male,USA,3/19/2020,Free
s34580,Eva Hall,29,Other,USA,8/24/2020,Yearly
s34581,Isabella Thomas,20,Male,Canada,7/18/2019,Monthly
s34582,Zara Singh,21,Other,Germany,1/30/2019,Free
s34583,Olivia Clark,39,Male,India,6/11/2020,Yearly
s34584,Vihaan Lewis,32,Male,Germany,7/3/2022,Yearly
s34585,Arjun Davis,20,Male,Germany,8/15/2021,Yearly
s34586,Zara Smith,25,Male,USA,12/10/2020,Free
s34587,Aarav Clark,21,Female,India,9/20/2021,Monthly
s34588,Isabella Johnson,18,Other,Germany,3/21/2019,Free
s34589,Mia Patel,21,Male,USA,11/28/2021,Yearly
s34590,Sophia Moore,19,Male,Australia,1/27/2019,Monthly
s34591,Noah Lee,30,Male,UK,11/7/2019,Monthly
s34592,Meera Lee,21,Male,Australia,12/14/2021,Monthly
s34593,Vihaan Miller,21,Male,India,9/10/2020,Yearly
s34594,Aarav Walker,32,Male,Australia,9/29/2020,Free
s34595,Benjamin Lewis,38,Male,Germany,12/14/2021,Monthly
s34596,Karan Sharma,40,Male,India,5/5/2022,Yearly
s34597,Aanya Patel,23,Female,Canada,2/17/2021,Yearly
s34598,Isabella Martin,18,Other,Canada,1/22/2022,Free
s34599,Riya Miller,22,Female,Canada,12/5/2020,Free
s34600,Meera Moore,36,Other,India,1/1/2020,Yearly
s34601,Eva Moore,26,Male,India,3/9/2019,Free
s34602,Zara Lee,27,Female,India,7/4/2021,Free
s34603,Eva Verma,24,Female,India,7/12/2022,Yearly
s34604,Riya Verma,22,Male,Canada,11/29/2019,Free
s34605,Isabella Martin,35,Other,Germany,5/6/2022,Free
s34606,Aarav Moore,27,Male,UK,6/15/2021,Yearly
s34607,Riya Patel,18,Other,India,11/27/2021,Monthly
s34608,Isabella Smith,25,Male,Australia,1/23/2021,Yearly
s34609,Aarav Hall,25,Other,Canada,7/4/2022,Monthly
s34610,Lucas Lee,33,Female,India,4/20/2020,Monthly
s34611,Arjun Taylor,31,Female,UK,1/20/2021,Yearly
s34612,Mia Patel,37,Female,India,8/31/2022,Free
s34613,Riya Moore,21,Male,India,8/16/2019,Yearly
s34614,Vihaan Lee,20,Other,Germany,1/21/2019,Yearly
s34615,Sophia Clark,21,Female,UK,6/15/2020,Yearly
s34616,Zara Lee,65,Male,UK,12/24/2020,Yearly
s34617,Ethan Clark,18,Female,Germany,5/6/2020,Free
s34618,Mia Moore,33,Male,India,4/16/2019,Free
s34619,Emma Singh,19,Other,UK,4/18/2022,Yearly
s34620,Vihaan Walker,29,Other,India,11/21/2022,Monthly
s34621,Isabella Thomas,18,Male,UK,6/24/2021,Monthly
s34622,Benjamin Lewis,46,Male,Canada,10/8/2019,Monthly
s34623,Aarav Hall,20,Other,India,7/29/2022,Monthly
s34624,Lucas Lewis,18,Other,Germany,5/28/2020,Free
s34625,Eva Lee,22,Female,Australia,11/26/2021,Yearly
s34626,Vihaan Patel,24,Male,Germany,6/2/2020,Yearly
s34627,Liam Sharma,27,Male,Canada,6/19/2022,Monthly
s34628,Sophia Wilson,21,Female,Canada,5/22/2021,Yearly
s34629,Benjamin Clark,22,Male,UK,5/8/2020,Yearly
s34630,Riya Moore,39,Other,USA,4/19/2021,Free
s34631,Zara Smith,18,Female,Germany,9/18/2020,Monthly
s34632,Aarav Lewis,20,Female,India,1/4/2021,Free
s34633,Isabella Thomas,29,Male,USA,1/27/2020,Yearly
s34634,Mia Walker,23,Male,USA,12/28/2019,Monthly
s34635,Ethan Wilson,31,Other,India,8/11/2021,Free
s34636,Benjamin Johnson,67,Other,Germany,9/16/2022,Monthly
s34637,Lucas Miller,40,Other,Canada,10/22/2019,Yearly
s34638,Aanya Thomas,18,Other,India,9/21/2022,Monthly
s34639,Benjamin Anderson,27,Male,Germany,10/22/2020,Yearly
s34640,Benjamin Patel,21,Other,Germany,4/19/2020,Monthly
s34641,Zara Verma,19,Other,USA,9/18/2019,Monthly
s34642,Benjamin Wilson,27,Female,UK,2/1/2022,Free
s34643,Lucas Patel,32,Male,USA,4/27/2020,Yearly
s34644,Lucas Smith,27,Male,UK,10/4/2020,Yearly
s34645,Isabella Thomas,44,Other,Canada,2/19/2021,Monthly
s34646,Ethan Martin,40,Female,Canada,10/24/2019,Monthly
s34647,Meera Hall,19,Female,Australia,9/24/2019,Free
s34648,Sophia Moore,19,Male,Australia,4/2/2021,Free
s34649,Aanya Walker,60,Male,UK,3/21/2021,Monthly
s34650,Meera Thomas,23,Other,Germany,7/1/2019,Monthly
s34651,Sophia Miller,18,Female,Canada,7/6/2022,Free
s34652,Noah Smith,34,Male,Australia,7/27/2022,Free
s34653,Zara Smith,19,Female,Canada,7/10/2020,Free
s34654,Liam Brown,18,Other,India,11/14/2019,Yearly
s34655,Liam Walker,18,Other,UK,9/1/2020,Monthly
s34656,Amelia Clark,18,Female,Germany,4/29/2019,Free
s34657,Vihaan Singh,21,Other,India,9/11/2020,Free
s34658,Benjamin Smith,46,Other,UK,8/27/2019,Yearly
s34659,Zara Taylor,41,Other,India,5/21/2019,Yearly
s34660,Aanya Sharma,23,Female,Australia,3/25/2021,Monthly
s34661,Emma Hall,20,Female,UK,3/14/2021,Monthly
s34662,Olivia Taylor,23,Female,Canada,7/16/2021,Free
s34663,Sophia Brown,22,Female,USA,5/7/2021,Monthly
s34664,Vihaan Clark,22,Male,Germany,7/8/2020,Free
s34665,Aarav Singh,18,Other,Germany,12/18/2021,Yearly
s34666,Zara Wilson,36,Female,USA,1/27/2019,Free
s34667,Ethan Lee,22,Other,Australia,8/10/2021,Free
s34668,Liam Hall,38,Female,USA,9/27/2020,Free
s34669,Eva Clark,46,Other,Germany,4/17/2021,Free
s34670,Amelia Johnson,51,Female,UK,7/2/2022,Monthly
s34671,Vihaan Walker,20,Female,UK,12/22/2019,Yearly
s34672,Arjun Anderson,28,Male,USA,9/15/2021,Free
s34673,Riya Smith,19,Other,Germany,12/6/2019,Free
s34674,Ethan Walker,67,Male,USA,9/19/2020,Monthly
s34675,Ethan Miller,22,Female,Australia,11/21/2019,Free
s34676,Sophia Smith,23,Other,India,12/2/2021,Yearly
s34677,Noah Taylor,27,Other,Canada,2/12/2020,Free
s34678,Amelia Hall,33,Male,Australia,6/2/2020,Free
s34679,Vihaan Patel,21,Female,Australia,1/30/2022,Monthly
s34680,Riya Moore,25,Other,UK,10/19/2021,Monthly
s34681,Liam Hall,18,Female,India,9/8/2020,Yearly
s34682,Mia Johnson,26,Female,UK,9/7/2021,Yearly
s34683,Aarav Davis,22,Male,Germany,7/30/2021,Free
s34684,Aarav Singh,26,Female,UK,3/7/2019,Yearly
s34685,Liam Johnson,41,Other,India,12/2/2021,Yearly
s34686,Ethan Martin,37,Male,Germany,1/29/2022,Free
s34687,Riya Taylor,41,Other,USA,1/10/2022,Monthly
s34688,Meera Hall,23,Female,UK,11/14/2021,Free
s34689,Noah Martin,37,Male,Canada,8/14/2019,Yearly
s34690,Meera Davis,21,Male,UK,9/22/2022,Yearly
s34691,Lucas Thomas,25,Other,Germany,12/16/2020,Yearly
s34692,Aanya Moore,19,Male,USA,1/26/2019,Free
s34693,Benjamin Singh,27,Other,Germany,11/11/2020,Yearly
s34694,Meera Brown,26,Female,Canada,3/3/2019,Yearly
s34695,Mia Smith,37,Male,UK,10/14/2020,Monthly
s34696,Emma Walker,26,Male,UK,6/4/2022,Free
s34697,Aarav Thomas,49,Female,UK,2/19/2019,Free
s34698,Ethan Johnson,26,Female,Germany,9/12/2020,Yearly
s34699,Vihaan Johnson,43,Female,Australia,4/20/2020,Yearly
s34700,Eva Moore,20,Female,Germany,6/12/2019,Monthly
s34701,Karan Anderson,21,Other,UK,11/23/2019,Yearly
s34702,Lucas Thomas,29,Male,Australia,8/29/2020,Monthly
s34703,Arjun Sharma,38,Other,USA,3/16/2020,Free
s34704,Emma Lee,40,Other,Canada,12/21/2021,Monthly
s34705,Olivia Patel,26,Male,Australia,11/12/2019,Yearly
s34706,Vihaan Miller,41,Male,Canada,4/30/2019,Monthly
s34707,Eva Smith,24,Female,Germany,1/25/2022,Monthly
s34708,Karan Wilson,21,Male,Canada,9/8/2019,Monthly
s34709,Arjun Martin,42,Other,Germany,6/2/2019,Free
s34710,Meera Taylor,23,Male,Australia,9/23/2019,Yearly
s34711,Liam Clark,25,Male,UK,6/9/2022,Free
s34712,Olivia Davis,28,Other,USA,5/9/2022,Free
s34713,Aanya Verma,46,Female,Germany,6/25/2021,Monthly
s34714,Isabella Martin,29,Other,India,11/18/2020,Monthly
s34715,Amelia Davis,21,Other,USA,6/24/2019,Free
s34716,Meera Johnson,23,Other,Germany,6/1/2019,Yearly
s34717,Aarav Martin,47,Other,UK,9/4/2022,Monthly
s34718,Noah Clark,24,Male,UK,10/20/2020,Yearly
s34719,Zara Hall,39,Other,UK,12/9/2022,Monthly
s34720,Liam Anderson,36,Female,Canada,12/23/2021,Yearly
s34721,Arjun Thomas,18,Male,Germany,6/16/2020,Free
s34722,Zara Lewis,42,Female,India,9/18/2021,Yearly
s34723,Aarav Walker,18,Male,Canada,4/9/2020,Yearly
s34724,Mia Singh,41,Male,Australia,7/28/2022,Free
s34725,Aarav Singh,45,Other,USA,1/21/2021,Free
s34726,Vihaan Clark,47,Other,India,3/4/2022,Monthly
s34727,Liam Smith,23,Female,Germany,7/18/2019,Monthly
s34728,Zara Davis,26,Female,Canada,1/7/2019,Monthly
s34729,Liam Taylor,21,Other,UK,7/25/2021,Monthly
s34730,Vihaan Martin,20,Male,Australia,11/3/2020,Monthly
s34731,Isabella Singh,19,Female,India,6/7/2021,Yearly
s34732,Meera Thomas,25,Female,UK,8/13/2019,Monthly
s34733,Zara Miller,25,Other,India,5/4/2020,Monthly
s34734,Eva Anderson,28,Other,India,10/4/2021,Yearly
s34735,Aarav Taylor,32,Female,UK,8/29/2022,Yearly
s34736,Karan Lewis,38,Female,Canada,11/27/2020,Monthly
s34737,Noah Wilson,37,Other,Australia,4/24/2019,Yearly
s34738,Emma Clark,21,Female,USA,9/5/2019,Monthly
s34739,Noah Clark,55,Other,Germany,9/21/2020,Yearly
s34740,Emma Patel,21,Female,India,10/24/2021,Free
s34741,Ethan Lee,25,Female,India,11/9/2020,Free
s34742,Aanya Brown,27,Male,UK,11/22/2021,Free
s34743,Mia Walker,47,Male,Canada,3/6/2022,Yearly
s34744,Vihaan Taylor,21,Other,USA,9/26/2020,Monthly
s34745,Vihaan Smith,25,Female,Canada,4/25/2020,Free
s34746,Mia Verma,39,Male,Canada,10/19/2021,Yearly
s34747,Vihaan Moore,23,Female,India,4/29/2019,Monthly
s34748,Aanya Brown,35,Male,Canada,5/1/2022,Free
s34749,Vihaan Singh,29,Male,UK,12/23/2021,Monthly
s34750,Sophia Clark,19,Other,Canada,8/22/2021,Monthly
s34751,Aanya Patel,21,Other,USA,9/3/2020,Free
s34752,Benjamin Patel,19,Male,USA,4/29/2019,Monthly
s34753,Emma Johnson,67,Female,USA,10/6/2019,Monthly
s34754,Isabella Brown,51,Female,Australia,2/6/2020,Monthly
s34755,Karan Walker,24,Other,Australia,3/6/2019,Monthly
s34756,Lucas Martin,23,Female,India,8/19/2021,Yearly
s34757,Amelia Davis,64,Male,Canada,7/22/2022,Free
s34758,Amelia Miller,25,Other,USA,1/11/2022,Monthly
s34759,Olivia Moore,31,Female,Germany,5/31/2019,Monthly
s34760,Zara Lewis,24,Other,Australia,2/6/2019,Yearly
s34761,Amelia Walker,23,Male,USA,1/21/2022,Free
s34762,Ethan Taylor,22,Male,Canada,8/1/2022,Free
s34763,Mia Martin,21,Other,USA,6/20/2019,Monthly
s34764,Ethan Lee,41,Other,UK,6/30/2019,Free
s34765,Isabella Anderson,36,Male,Germany,2/15/2021,Free
s34766,Olivia Thomas,45,Female,Canada,3/4/2019,Monthly
s34767,Isabella Miller,26,Male,Australia,8/31/2021,Free
s34768,Olivia Davis,41,Male,India,3/29/2021,Monthly
s34769,Zara Clark,32,Male,UK,8/10/2021,Free
s34770,Vihaan Sharma,18,Male,Germany,7/29/2022,Yearly
s34771,Riya Sharma,24,Male,UK,6/13/2020,Monthly
s34772,Eva Walker,46,Other,UK,2/7/2022,Yearly
s34773,Benjamin Taylor,24,Male,Canada,4/8/2021,Yearly
s34774,Liam Sharma,21,Other,USA,1/10/2022,Monthly
s34775,Noah Taylor,38,Female,Australia,9/14/2020,Yearly
s34776,Isabella Moore,46,Other,Australia,5/2/2020,Free
s34777,Meera Johnson,29,Male,India,2/2/2021,Free
s34778,Olivia Brown,21,Male,UK,3/16/2021,Free
s34779,Aanya Singh,18,Male,Canada,12/10/2019,Monthly
s34780,Karan Hall,21,Other,India,10/17/2022,Yearly
s34781,Noah Singh,19,Female,UK,3/7/2019,Free
s34782,Mia Johnson,19,Female,USA,2/26/2020,Monthly
s34783,Benjamin Anderson,27,Female,India,3/26/2020,Yearly
s34784,Amelia Patel,22,Other,USA,5/20/2021,Yearly
s34785,Emma Hall,26,Other,UK,5/6/2022,Yearly
s34786,Mia Martin,20,Female,Germany,3/2/2021,Free
s34787,Aanya Walker,52,Male,Germany,2/22/2021,Free
s34788,Riya Sharma,23,Other,Australia,11/11/2020,Yearly
s34789,Aanya Singh,34,Female,Australia,3/2/2021,Yearly
s34790,Riya Singh,31,Female,Germany,6/1/2020,Yearly
s34791,Karan Brown,24,Male,Canada,3/8/2021,Monthly
s34792,Zara Anderson,22,Other,Australia,2/20/2022,Monthly
s34793,Zara Anderson,18,Other,USA,12/1/2019,Free
s34794,Sophia Singh,26,Female,India,7/21/2021,Monthly
s34795,Emma Patel,27,Male,Germany,11/24/2019,Yearly
s34796,Emma Brown,53,Other,UK,6/11/2020,Free
s34797,Zara Johnson,41,Female,Canada,1/22/2022,Free
s34798,Emma Sharma,23,Female,UK,1/10/2019,Yearly
s34799,Aarav Wilson,66,Male,India,7/1/2019,Monthly
s34800,Amelia Martin,57,Male,UK,8/6/2022,Yearly
s34801,Eva Smith,19,Male,Australia,2/9/2021,Monthly
s34802,Aarav Hall,66,Female,Germany,6/7/2020,Free
s34803,Noah Hall,26,Male,Germany,2/10/2022,Monthly
s34804,Zara Anderson,28,Female,UK,7/18/2020,Yearly
s34805,Amelia Thomas,20,Male,USA,11/12/2022,Monthly
s34806,Aarav Smith,47,Other,UK,10/23/2019,Free
s34807,Emma Lewis,24,Other,UK,11/8/2019,Free
s34808,Amelia Martin,31,Male,Australia,3/19/2019,Free
s34809,Noah Davis,21,Female,India,12/16/2019,Monthly
s34810,Isabella Johnson,19,Other,India,2/23/2019,Yearly
s34811,Arjun Anderson,40,Other,USA,5/23/2019,Monthly
s34812,Aanya Wilson,27,Male,India,10/16/2022,Free
s34813,Ethan Brown,23,Male,India,8/22/2022,Yearly
s34814,Noah Brown,18,Other,UK,1/18/2021,Free
s34815,Arjun Johnson,56,Other,India,7/11/2019,Free
s34816,Arjun Verma,30,Female,India,9/16/2019,Yearly
s34817,Sophia Johnson,46,Male,Australia,7/15/2022,Free
s34818,Olivia Clark,19,Other,Australia,12/21/2020,Free
s34819,Vihaan Wilson,32,Male,UK,8/12/2019,Free
s34820,Mia Verma,33,Female,Canada,4/12/2020,Yearly
s34821,Arjun Smith,19,Female,UK,1/23/2022,Monthly
s34822,Aarav Patel,19,Female,USA,8/24/2022,Free
s34823,Karan Hall,23,Male,Germany,10/13/2020,Free
s34824,Ethan Patel,23,Female,Canada,3/5/2021,Free
s34825,Emma Martin,58,Female,UK,12/2/2021,Free
s34826,Amelia Miller,45,Female,Canada,11/23/2020,Yearly
s34827,Emma Johnson,36,Other,India,6/29/2019,Yearly
s34828,Noah Verma,23,Other,Australia,7/16/2020,Yearly
s34829,Ethan Hall,27,Other,India,6/4/2019,Monthly
s34830,Aanya Lewis,19,Female,Canada,11/29/2021,Monthly
s34831,Karan Moore,21,Other,UK,10/5/2022,Yearly
s34832,Amelia Walker,21,Male,UK,11/3/2021,Free
s34833,Emma Verma,24,Other,Germany,5/18/2021,Free
s34834,Emma Patel,65,Other,USA,3/19/2020,Free
s34835,Eva Walker,22,Other,Australia,8/4/2022,Free
s34836,Aarav Verma,47,Male,Australia,2/27/2022,Monthly
s34837,Sophia Davis,49,Other,Canada,3/7/2019,Yearly
s34838,Vihaan Verma,19,Male,Germany,7/12/2020,Yearly
s34839,Olivia Hall,43,Other,India,7/23/2022,Free
s34840,Aarav Lee,33,Female,UK,8/17/2019,Monthly
s34841,Zara Hall,22,Other,India,10/5/2022,Free
s34842,Riya Sharma,25,Other,India,6/20/2021,Free
s34843,Mia Thomas,25,Other,USA,6/15/2021,Yearly
s34844,Mia Thomas,21,Male,USA,2/23/2021,Yearly
s34845,Meera Anderson,24,Male,India,5/2/2019,Free
s34846,Karan Lee,20,Other,USA,3/29/2019,Free
s34847,Riya Davis,18,Male,India,2/26/2022,Monthly
s34848,Noah Johnson,56,Female,India,7/13/2021,Yearly
s34849,Mia Thomas,23,Other,Germany,2/12/2020,Monthly
s34850,Meera Hall,27,Male,Germany,1/17/2022,Monthly
s34851,Olivia Clark,57,Other,UK,12/4/2020,Free
s34852,Zara Thomas,18,Male,Australia,2/13/2021,Free
s34853,Ethan Smith,63,Other,UK,1/3/2022,Monthly
s34854,Olivia Brown,25,Male,Australia,11/4/2019,Monthly
s34855,Olivia Sharma,27,Female,Australia,5/21/2020,Monthly
s34856,Aarav Wilson,31,Male,UK,8/10/2021,Monthly
s34857,Sophia Miller,27,Other,Canada,2/10/2020,Yearly
s34858,Riya Taylor,35,Male,UK,11/18/2021,Yearly
s34859,Olivia Martin,60,Female,Canada,8/10/2019,Yearly
s34860,Lucas Thomas,23,Male,Australia,9/22/2021,Monthly
s34861,Liam Davis,40,Female,India,12/2/2019,Yearly
s34862,Lucas Anderson,23,Female,Germany,9/21/2020,Monthly
s34863,Eva Anderson,63,Other,UK,7/6/2020,Monthly
s34864,Amelia Johnson,20,Male,Australia,2/12/2020,Monthly
s34865,Zara Walker,26,Male,USA,12/9/2021,Monthly
s34866,Emma Wilson,18,Male,Australia,12/3/2020,Free
s34867,Sophia Wilson,41,Male,USA,10/24/2020,Yearly
s34868,Mia Lewis,18,Other,Australia,8/16/2020,Monthly
s34869,Olivia Anderson,26,Male,India,9/2/2019,Free
s34870,Benjamin Lewis,27,Female,Australia,9/26/2019,Monthly
s34871,Zara Verma,53,Female,Canada,4/2/2021,Yearly
s34872,Liam Anderson,20,Male,Canada,6/23/2019,Free
s34873,Meera Verma,27,Other,Canada,12/25/2022,Yearly
s34874,Mia Wilson,47,Male,Canada,12/28/2021,Monthly
s34875,Meera Brown,25,Male,Germany,6/29/2021,Yearly
s34876,Vihaan Taylor,18,Female,UK,9/5/2022,Monthly
s34877,Benjamin Clark,27,Other,Germany,5/29/2019,Yearly
s34878,Benjamin Johnson,19,Female,USA,12/25/2020,Free
s34879,Karan Sharma,39,Female,UK,12/23/2021,Monthly
s34880,Lucas Miller,56,Male,Australia,1/14/2019,Free
s34881,Sophia Brown,44,Female,Canada,11/6/2021,Free
s34882,Sophia Johnson,46,Female,Germany,4/29/2019,Free
s34883,Mia Patel,45,Other,Canada,4/18/2022,Free
s34884,Eva Lewis,20,Male,USA,6/26/2022,Yearly
s34885,Amelia Patel,27,Male,India,5/5/2020,Yearly
s34886,Noah Brown,40,Female,Australia,11/16/2021,Yearly
s34887,Riya Wilson,46,Other,Canada,8/24/2021,Yearly
s34888,Aarav Sharma,22,Male,Canada,10/22/2019,Yearly
s34889,Ethan Wilson,26,Other,USA,5/14/2019,Yearly
s34890,Olivia Walker,19,Male,Germany,10/12/2019,Free
s34891,Isabella Patel,24,Male,USA,11/24/2021,Free
s34892,Karan Taylor,22,Male,India,5/25/2020,Free
s34893,Lucas Lewis,47,Other,Canada,1/5/2021,Free
s34894,Olivia Wilson,19,Male,India,10/22/2020,Free
s34895,Benjamin Brown,18,Male,USA,11/25/2022,Free
s34896,Eva Miller,36,Other,India,3/26/2021,Yearly
s34897,Meera Lee,36,Female,Australia,1/14/2021,Yearly
s34898,Isabella Davis,20,Male,India,4/25/2020,Free
s34899,Liam Miller,27,Female,India,10/7/2020,Yearly
s34900,Ethan Thomas,21,Other,Germany,3/8/2019,Monthly
s34901,Aanya Miller,23,Female,USA,1/21/2022,Monthly
s34902,Olivia Martin,46,Male,Canada,12/16/2019,Monthly
s34903,Riya Verma,18,Male,India,2/3/2019,Free
s34904,Aanya Moore,19,Male,USA,7/7/2022,Monthly
s34905,Amelia Moore,24,Other,Germany,11/19/2020,Yearly
s34906,Arjun Walker,23,Female,USA,9/14/2019,Yearly
s34907,Karan Miller,39,Female,UK,11/11/2022,Yearly
s34908,Isabella Miller,20,Male,Canada,11/11/2019,Free
s34909,Meera Miller,62,Male,India,9/1/2019,Free
s34910,Amelia Singh,22,Female,Australia,2/14/2019,Free
s34911,Meera Lee,26,Male,Germany,2/19/2020,Free
s34912,Lucas Brown,51,Other,USA,6/14/2020,Monthly
s34913,Olivia Smith,20,Female,India,3/13/2021,Free
s34914,Amelia Wilson,22,Male,Canada,4/15/2022,Free
s34915,Benjamin Martin,40,Male,UK,12/19/2020,Yearly
s34916,Emma Sharma,35,Male,USA,12/30/2022,Monthly
s34917,Emma Brown,33,Female,India,9/27/2020,Monthly
s34918,Arjun Smith,21,Female,Australia,12/27/2021,Yearly
s34919,Meera Lee,26,Female,Canada,6/11/2019,Yearly
s34920,Emma Lewis,27,Female,USA,9/9/2021,Monthly
s34921,Vihaan Smith,38,Other,India,7/19/2020,Yearly
s34922,Isabella Singh,45,Male,USA,4/2/2020,Yearly
s34923,Isabella Johnson,26,Male,Canada,8/3/2021,Monthly
s34924,Riya Wilson,23,Female,Canada,12/14/2019,Yearly
s34925,Liam Thomas,57,Male,UK,12/29/2022,Monthly
s34926,Lucas Taylor,22,Other,Germany,7/9/2019,Free
s34927,Eva Sharma,38,Other,USA,2/19/2019,Yearly
s34928,Amelia Smith,36,Male,USA,11/25/2019,Yearly
s34929,Riya Martin,64,Male,Australia,3/15/2022,Free
s34930,Eva Johnson,18,Other,USA,10/1/2019,Monthly
s34931,Vihaan Sharma,21,Female,USA,1/11/2022,Monthly
s34932,Lucas Smith,27,Other,UK,7/28/2020,Yearly
s34933,Noah Miller,19,Male,USA,1/25/2022,Monthly
s34934,Mia Hall,37,Other,India,2/22/2019,Monthly
s34935,Amelia Thomas,36,Female,Canada,10/18/2022,Yearly
s34936,Isabella Hall,19,Other,Australia,3/26/2019,Yearly
s34937,Amelia Moore,20,Female,Australia,4/22/2021,Yearly
s34938,Amelia Moore,41,Other,Canada,6/20/2021,Monthly
s34939,Arjun Singh,20,Male,USA,3/11/2019,Yearly
s34940,Emma Patel,23,Male,USA,4/17/2020,Free
s34941,Zara Taylor,42,Male,Germany,8/13/2019,Free
s34942,Noah Verma,60,Other,UK,8/2/2019,Free
s34943,Emma Miller,25,Male,Germany,3/24/2019,Free
s34944,Emma Sharma,27,Female,USA,2/16/2020,Yearly
s34945,Meera Martin,23,Other,Australia,6/20/2019,Monthly
s34946,Vihaan Wilson,24,Other,UK,11/16/2020,Monthly
s34947,Amelia Clark,62,Female,UK,5/16/2020,Monthly
s34948,Lucas Thomas,46,Other,Germany,12/3/2021,Yearly
s34949,Liam Lee,34,Female,Australia,9/16/2022,Monthly
s34950,Zara Sharma,43,Female,Germany,3/19/2020,Free
s34951,Aarav Thomas,23,Male,Canada,11/3/2019,Monthly
s34952,Eva Hall,37,Other,India,2/9/2020,Yearly
s34953,Mia Lee,31,Other,Australia,9/6/2021,Free
s34954,Olivia Singh,35,Female,UK,5/3/2022,Yearly
s34955,Emma Thomas,33,Other,Australia,7/14/2021,Free
s34956,Riya Anderson,41,Other,USA,11/10/2020,Monthly
s34957,Lucas Patel,33,Female,USA,11/6/2021,Yearly
s34958,Vihaan Moore,25,Female,Germany,6/18/2019,Free
s34959,Sophia Brown,32,Male,Germany,11/1/2022,Monthly
s34960,Olivia Brown,44,Male,USA,8/16/2022,Monthly
s34961,Amelia Hall,34,Other,Germany,3/7/2021,Monthly
s34962,Arjun Patel,19,Female,India,11/23/2022,Yearly
s34963,Noah Sharma,55,Other,UK,5/19/2021,Free
s34964,Isabella Davis,19,Other,UK,8/12/2021,Monthly
s34965,Lucas Thomas,33,Male,Australia,3/6/2020,Free
s34966,Isabella Smith,61,Female,Germany,5/5/2022,Free
s34967,Arjun Sharma,39,Male,USA,6/11/2020,Yearly
s34968,Meera Lee,45,Other,India,12/30/2019,Free
s34969,Olivia Patel,18,Male,India,2/13/2020,Monthly
s34970,Meera Johnson,21,Female,Germany,9/29/2020,Free
s34971,Amelia Patel,25,Male,Australia,5/1/2019,Free
s34972,Arjun Miller,41,Female,UK,9/7/2019,Yearly
s34973,Benjamin Lee,37,Other,Germany,6/9/2020,Free
s34974,Emma Patel,18,Female,USA,1/12/2019,Yearly
s34975,Mia Brown,18,Other,USA,10/25/2021,Free
s34976,Aarav Davis,18,Female,USA,4/13/2022,Yearly
s34977,Noah Moore,52,Female,USA,12/14/2022,Monthly
s34978,Mia Martin,20,Other,Australia,10/11/2019,Yearly
s34979,Isabella Johnson,24,Other,UK,7/6/2021,Yearly
s34980,Arjun Johnson,41,Female,Germany,11/15/2022,Yearly
s34981,Aarav Sharma,22,Male,India,10/25/2020,Yearly
s34982,Ethan Hall,39,Female,Canada,11/25/2021,Monthly
s34983,Mia Lewis,22,Female,India,4/4/2022,Monthly
s34984,Olivia Hall,34,Male,USA,12/12/2019,Monthly
s34985,Vihaan Lewis,20,Female,UK,8/16/2020,Free
s34986,Benjamin Martin,37,Female,UK,1/4/2022,Yearly
s34987,Amelia Smith,48,Female,Australia,6/9/2019,Free
s34988,Liam Patel,20,Female,USA,3/31/2022,Yearly
s34989,Mia Hall,27,Male,UK,1/25/2022,Monthly
s34990,Meera Martin,59,Female,UK,7/23/2022,Monthly
s34991,Aanya Smith,27,Other,India,2/20/2019,Free
s34992,Aanya Patel,56,Other,Germany,1/8/2021,Monthly
s34993,Mia Moore,33,Male,Australia,7/3/2019,Yearly
s34994,Vihaan Miller,26,Other,USA,4/12/2019,Yearly
s34995,Olivia Johnson,45,Other,UK,11/7/2021,Yearly
s34996,Amelia Walker,18,Male,India,7/20/2021,Monthly
s34997,Riya Singh,24,Female,Canada,6/5/2020,Monthly
s34998,Mia Lee,21,Other,Germany,2/16/2021,Free
s34999,Liam Lewis,24,Female,USA,12/17/2022,Yearly
s35000,Lucas Lewis,22,Other,USA,7/23/2021,Free
s35001,Sophia Martin,35,Other,UK,11/23/2019,Yearly
s35002,Emma Brown,24,Other,Australia,11/13/2022,Yearly
s35003,Emma Johnson,19,Female,India,8/10/2021,Monthly
s35004,Meera Lee,19,Female,Canada,4/21/2020,Monthly
s35005,Karan Miller,24,Other,Australia,3/12/2021,Monthly
s35006,Eva Walker,19,Female,Australia,3/12/2022,Free
s35007,Olivia Anderson,45,Other,UK,4/5/2021,Monthly
s35008,Olivia Verma,23,Other,USA,10/26/2022,Monthly
s35009,Mia Martin,19,Other,Australia,7/1/2019,Yearly
s35010,Benjamin Clark,27,Male,Canada,4/4/2022,Monthly
s35011,Noah Wilson,31,Other,UK,10/20/2021,Monthly
s35012,Emma Singh,61,Male,Canada,4/7/2021,Yearly
s35013,Aarav Singh,24,Male,USA,6/17/2019,Monthly
s35014,Riya Smith,40,Other,India,4/14/2020,Free
s35015,Arjun Hall,39,Male,Australia,7/14/2019,Yearly
s35016,Lucas Walker,43,Other,India,4/30/2022,Yearly
s35017,Karan Thomas,23,Female,India,4/26/2019,Yearly
s35018,Emma Miller,18,Male,Canada,1/1/2020,Monthly
s35019,Arjun Verma,21,Other,UK,3/15/2020,Free
s35020,Olivia Wilson,44,Other,Australia,1/14/2022,Yearly
s35021,Noah Patel,26,Male,Germany,4/27/2021,Monthly
s35022,Sophia Verma,19,Male,Canada,8/25/2020,Monthly
s35023,Mia Johnson,18,Male,USA,6/10/2019,Monthly
s35024,Zara Taylor,23,Other,UK,3/28/2021,Yearly
s35025,Arjun Hall,23,Other,Germany,6/21/2022,Free
s35026,Lucas Thomas,22,Female,USA,12/11/2021,Yearly
s35027,Isabella Thomas,28,Male,Australia,1/20/2019,Free
s35028,Lucas Clark,31,Other,USA,10/25/2022,Free
s35029,Sophia Sharma,24,Female,Australia,4/6/2021,Yearly
s35030,Isabella Davis,55,Other,India,2/23/2020,Monthly
s35031,Lucas Moore,26,Female,Germany,9/17/2021,Yearly
s35032,Riya Anderson,22,Female,USA,7/13/2019,Monthly
s35033,Meera Anderson,20,Female,USA,4/18/2020,Monthly
s35034,Liam Davis,65,Female,Canada,7/21/2021,Monthly
s35035,Aarav Wilson,23,Male,Australia,7/16/2019,Monthly
s35036,Meera Miller,45,Female,Canada,1/30/2022,Yearly
s35037,Meera Moore,20,Male,USA,5/30/2019,Free
s35038,Vihaan Verma,39,Other,Canada,11/29/2020,Yearly
s35039,Zara Walker,28,Other,Germany,2/9/2019,Free
s35040,Sophia Moore,19,Male,India,3/6/2021,Yearly
s35041,Emma Clark,24,Male,Germany,2/20/2019,Yearly
s35042,Riya Miller,34,Female,Australia,10/15/2021,Yearly
s35043,Zara Verma,24,Other,USA,7/29/2019,Yearly
s35044,Lucas Clark,21,Male,Germany,11/6/2021,Yearly
s35045,Ethan Moore,22,Other,UK,4/26/2019,Monthly
s35046,Benjamin Johnson,22,Other,Australia,4/18/2020,Yearly
s35047,Meera Singh,20,Male,India,3/31/2022,Monthly
s35048,Sophia Sharma,25,Other,UK,4/10/2022,Yearly
s35049,Arjun Davis,18,Female,India,2/13/2021,Yearly
s35050,Meera Clark,47,Female,India,4/24/2019,Monthly
s35051,Riya Taylor,47,Female,Australia,12/11/2019,Monthly
s35052,Lucas Singh,37,Male,India,7/8/2022,Monthly
s35053,Ethan Patel,25,Other,Germany,10/14/2019,Yearly
s35054,Amelia Taylor,24,Male,Canada,5/18/2021,Monthly
s35055,Benjamin Miller,27,Male,India,8/18/2021,Free
s35056,Ethan Patel,18,Female,Australia,11/27/2022,Monthly
s35057,Olivia Singh,32,Other,Germany,11/17/2019,Yearly
s35058,Ethan Lewis,61,Female,India,4/3/2019,Yearly
s35059,Arjun Davis,45,Other,UK,10/14/2020,Free
s35060,Lucas Moore,32,Female,USA,9/27/2020,Yearly
s35061,Emma Taylor,64,Male,Australia,12/24/2021,Yearly
s35062,Lucas Davis,52,Other,Australia,8/27/2022,Monthly
s35063,Noah Thomas,21,Male,Germany,1/14/2020,Monthly
s35064,Sophia Smith,32,Male,Australia,8/4/2022,Yearly
s35065,Amelia Sharma,27,Female,India,1/20/2021,Free
s35066,Liam Walker,21,Male,India,1/19/2022,Yearly
s35067,Liam Brown,23,Other,USA,3/3/2021,Free
s35068,Aanya Verma,40,Male,Germany,9/30/2020,Yearly
s35069,Riya Patel,24,Female,Australia,12/1/2020,Yearly
s35070,Eva Taylor,21,Male,USA,1/29/2020,Free
s35071,Lucas Clark,39,Male,India,11/19/2020,Free
s35072,Aarav Verma,24,Other,USA,3/9/2021,Yearly
s35073,Liam Moore,18,Male,UK,5/3/2020,Yearly
s35074,Amelia Johnson,33,Female,Canada,6/27/2019,Monthly
s35075,Eva Wilson,18,Female,Canada,2/23/2021,Monthly
s35076,Aarav Lewis,22,Male,Canada,8/28/2021,Monthly
s35077,Aarav Anderson,28,Other,UK,5/27/2022,Monthly
s35078,Meera Anderson,42,Female,Germany,8/16/2020,Yearly
s35079,Liam Davis,22,Male,USA,12/4/2019,Monthly
s35080,Ethan Martin,36,Male,Germany,3/2/2020,Yearly
s35081,Meera Walker,24,Male,Canada,2/11/2021,Monthly
s35082,Eva Taylor,60,Male,USA,6/21/2019,Free
s35083,Mia Moore,27,Other,USA,3/19/2020,Free
s35084,Riya Wilson,26,Male,Canada,8/30/2022,Monthly
s35085,Zara Clark,22,Male,India,12/21/2022,Yearly
s35086,Liam Walker,19,Other,UK,7/2/2022,Free
s35087,Meera Walker,47,Female,Canada,6/20/2019,Yearly
s35088,Riya Martin,23,Other,UK,4/11/2019,Yearly
s35089,Lucas Martin,19,Female,USA,3/7/2021,Free
s35090,Olivia Walker,21,Female,India,2/11/2021,Yearly
s35091,Olivia Wilson,47,Female,USA,1/16/2019,Yearly
s35092,Aanya Martin,25,Male,Canada,11/3/2019,Monthly
s35093,Benjamin Lewis,50,Other,India,2/14/2022,Free
s35094,Benjamin Walker,22,Other,India,3/19/2022,Free
s35095,Aanya Davis,25,Male,Australia,1/28/2019,Free
s35096,Ethan Patel,57,Male,India,12/17/2022,Free
s35097,Liam Smith,20,Female,India,4/28/2019,Free
s35098,Ethan Brown,24,Other,Canada,6/15/2022,Monthly
s35099,Riya Smith,38,Other,USA,3/6/2020,Free
s35100,Liam Thomas,27,Other,UK,8/2/2019,Monthly
s35101,Vihaan Thomas,23,Male,India,4/27/2019,Free
s35102,Aarav Anderson,18,Other,Germany,5/4/2022,Yearly
s35103,Riya Johnson,18,Male,USA,10/24/2020,Free
s35104,Olivia Lee,51,Other,India,7/15/2021,Monthly
s35105,Liam Martin,45,Female,Canada,9/3/2022,Monthly
s35106,Ethan Brown,20,Female,Canada,7/16/2022,Yearly
s35107,Noah Patel,20,Male,Germany,9/2/2022,Free
s35108,Amelia Walker,27,Male,Germany,10/16/2020,Yearly
s35109,Ethan Johnson,24,Male,Germany,7/15/2022,Free
s35110,Benjamin Walker,24,Male,USA,9/3/2020,Monthly
s35111,Noah Smith,25,Female,UK,11/17/2019,Free
s35112,Zara Wilson,49,Other,India,6/16/2022,Monthly
s35113,Amelia Verma,44,Male,India,6/1/2022,Monthly
s35114,Karan Lewis,64,Female,Australia,12/22/2020,Yearly
s35115,Riya Anderson,26,Female,USA,7/9/2021,Monthly
s35116,Benjamin Wilson,21,Female,Canada,12/18/2022,Yearly
s35117,Sophia Lewis,41,Male,Australia,3/17/2019,Yearly
s35118,Emma Taylor,19,Female,Germany,2/15/2019,Yearly
s35119,Noah Taylor,23,Female,UK,6/13/2022,Monthly
s35120,Ethan Lee,35,Other,Canada,2/3/2021,Yearly
s35121,Olivia Sharma,24,Other,Canada,4/6/2021,Monthly
s35122,Vihaan Martin,20,Male,Canada,4/5/2022,Free
s35123,Benjamin Thomas,24,Other,Canada,5/19/2020,Free
s35124,Ethan Davis,39,Other,India,6/10/2022,Yearly
s35125,Aanya Miller,27,Female,UK,3/6/2020,Monthly
s35126,Lucas Patel,20,Male,Canada,11/12/2022,Free
s35127,Lucas Singh,19,Other,Australia,11/16/2020,Monthly
s35128,Vihaan Wilson,18,Other,India,5/14/2020,Free
s35129,Mia Taylor,22,Other,Australia,9/15/2019,Yearly
s35130,Riya Patel,23,Other,Australia,10/10/2019,Yearly
s35131,Ethan Miller,21,Other,India,11/5/2019,Free
s35132,Meera Verma,58,Male,Canada,6/29/2022,Yearly
s35133,Meera Taylor,27,Male,India,5/30/2022,Free
s35134,Zara Johnson,43,Other,Canada,6/4/2020,Yearly
s35135,Eva Lee,24,Female,Germany,1/1/2020,Free
s35136,Benjamin Martin,28,Other,USA,12/20/2019,Free
s35137,Aanya Brown,44,Male,India,7/28/2020,Monthly
s35138,Karan Moore,18,Other,UK,8/23/2021,Monthly
s35139,Eva Smith,27,Male,UK,1/11/2019,Free
s35140,Olivia Johnson,18,Female,UK,3/12/2021,Free
s35141,Olivia Thomas,20,Female,Canada,4/6/2022,Yearly
s35142,Ethan Smith,44,Other,UK,5/26/2021,Monthly
s35143,Karan Patel,25,Other,India,3/26/2021,Monthly
s35144,Emma Patel,36,Male,India,9/10/2020,Free
s35145,Zara Smith,22,Other,UK,4/14/2021,Monthly
s35146,Eva Verma,28,Other,USA,11/4/2020,Free
s35147,Karan Sharma,19,Female,Canada,5/8/2019,Free
s35148,Lucas Martin,24,Male,UK,4/5/2021,Monthly
s35149,Aarav Patel,19,Other,India,8/1/2021,Free
s35150,Aanya Brown,25,Male,USA,11/14/2019,Free
s35151,Meera Wilson,44,Male,USA,1/6/2021,Monthly
s35152,Olivia Hall,19,Male,UK,6/5/2021,Yearly
s35153,Emma Lee,18,Male,Australia,7/15/2022,Monthly
s35154,Arjun Sharma,45,Female,Germany,5/5/2022,Yearly
s35155,Karan Clark,31,Other,India,1/11/2019,Monthly
s35156,Karan Sharma,24,Male,Australia,11/29/2020,Yearly
s35157,Arjun Wilson,21,Male,Germany,9/7/2021,Free
s35158,Isabella Patel,25,Other,Australia,5/31/2020,Monthly
s35159,Olivia Clark,25,Female,India,6/18/2022,Free
s35160,Karan Anderson,63,Other,Australia,5/20/2020,Free
s35161,Aarav Verma,23,Male,Germany,12/5/2021,Monthly
s35162,Karan Brown,21,Male,Germany,3/17/2019,Yearly
s35163,Sophia Miller,27,Other,India,10/27/2022,Monthly
s35164,Ethan Miller,34,Female,Germany,10/20/2021,Yearly
s35165,Mia Sharma,23,Male,Canada,5/8/2021,Free
s35166,Benjamin Sharma,20,Male,USA,9/7/2022,Monthly
s35167,Amelia Taylor,64,Male,UK,10/2/2021,Free
s35168,Isabella Wilson,20,Male,India,5/25/2020,Yearly
s35169,Liam Singh,31,Male,Germany,12/1/2021,Monthly
s35170,Lucas Moore,21,Other,Canada,4/16/2019,Yearly
s35171,Karan Brown,25,Male,India,5/17/2021,Monthly
s35172,Arjun Johnson,20,Female,Germany,3/14/2019,Yearly
s35173,Noah Miller,26,Male,India,9/21/2020,Monthly
s35174,Aanya Singh,22,Male,Canada,12/20/2022,Yearly
s35175,Liam Singh,67,Female,USA,4/25/2021,Free
s35176,Aanya Walker,30,Male,USA,5/8/2021,Free
s35177,Zara Thomas,26,Other,Canada,2/14/2019,Yearly
s35178,Ethan Clark,25,Female,India,9/8/2020,Monthly
s35179,Liam Moore,22,Male,UK,7/30/2021,Free
s35180,Arjun Anderson,46,Female,Australia,5/4/2021,Yearly
s35181,Aarav Lewis,43,Female,UK,6/30/2021,Monthly
s35182,Arjun Thomas,22,Other,Germany,12/23/2020,Monthly
s35183,Aarav Singh,24,Other,Australia,1/18/2022,Free
s35184,Vihaan Thomas,25,Female,Canada,11/8/2022,Monthly
s35185,Amelia Hall,44,Female,USA,11/29/2020,Yearly
s35186,Lucas Moore,55,Male,USA,5/31/2020,Yearly
s35187,Liam Walker,33,Male,USA,6/30/2022,Yearly
s35188,Noah Davis,30,Female,Canada,3/30/2020,Yearly
s35189,Vihaan Verma,32,Other,India,5/19/2022,Monthly
s35190,Arjun Anderson,39,Female,Canada,12/15/2019,Free
s35191,Karan Anderson,30,Male,USA,9/23/2019,Free
s35192,Mia Lewis,30,Other,Australia,1/2/2022,Free
s35193,Eva Thomas,32,Other,UK,1/4/2020,Yearly
s35194,Olivia Hall,23,Female,Germany,10/7/2019,Free
s35195,Eva Johnson,19,Female,USA,6/20/2022,Yearly
s35196,Meera Walker,24,Female,USA,5/13/2021,Monthly
s35197,Aanya Hall,27,Female,USA,10/14/2022,Monthly
s35198,Zara Davis,18,Male,USA,7/5/2021,Monthly
s35199,Isabella Moore,19,Female,UK,11/5/2019,Free
s35200,Ethan Johnson,26,Male,Australia,9/5/2022,Monthly
s35201,Lucas Taylor,19,Other,USA,11/2/2022,Free
s35202,Aarav Hall,27,Other,India,6/4/2021,Monthly
s35203,Noah Thomas,19,Female,Canada,5/10/2022,Yearly
s35204,Vihaan Davis,21,Female,Australia,12/31/2021,Yearly
s35205,Emma Lee,46,Female,Germany,11/22/2021,Yearly
s35206,Sophia Walker,49,Other,Germany,7/3/2019,Yearly
s35207,Isabella Verma,65,Female,Canada,8/27/2022,Monthly
s35208,Aanya Singh,30,Other,India,10/17/2021,Free
s35209,Emma Moore,39,Other,Canada,6/9/2022,Monthly
s35210,Aarav Johnson,37,Male,India,5/4/2020,Monthly
s35211,Arjun Martin,23,Female,Australia,8/18/2019,Free
s35212,Benjamin Singh,28,Other,India,9/22/2020,Free
s35213,Zara Hall,18,Male,Germany,3/27/2022,Monthly
s35214,Sophia Wilson,19,Male,Australia,9/10/2019,Monthly
s35215,Sophia Smith,22,Female,UK,8/31/2022,Monthly
s35216,Liam Johnson,22,Other,Australia,11/27/2022,Free
s35217,Meera Anderson,20,Male,Canada,11/25/2020,Monthly
s35218,Amelia Hall,19,Female,Australia,10/11/2020,Monthly
s35219,Amelia Sharma,24,Other,Canada,8/25/2021,Free
s35220,Aarav Clark,22,Other,Germany,1/4/2020,Monthly
s35221,Liam Taylor,43,Female,Australia,11/13/2021,Yearly
s35222,Aarav Wilson,27,Male,India,8/24/2022,Monthly
s35223,Arjun Thomas,27,Female,USA,7/31/2020,Free
s35224,Benjamin Singh,31,Male,India,4/25/2021,Free
s35225,Amelia Brown,39,Male,UK,8/19/2022,Free
s35226,Zara Moore,26,Male,Canada,3/29/2022,Free
s35227,Eva Anderson,35,Other,Australia,2/14/2020,Monthly
s35228,Karan Martin,23,Male,UK,6/27/2019,Monthly
s35229,Arjun Johnson,27,Other,Canada,6/22/2022,Yearly
s35230,Isabella Clark,24,Other,India,10/13/2022,Monthly
s35231,Isabella Lewis,50,Other,Canada,1/7/2022,Monthly
s35232,Eva Hall,22,Other,Canada,12/11/2020,Yearly
s35233,Emma Johnson,19,Female,Germany,8/14/2019,Yearly
s35234,Vihaan Martin,22,Female,Canada,7/22/2022,Monthly
s35235,Zara Clark,44,Female,Canada,8/18/2019,Free
s35236,Eva Thomas,22,Female,USA,5/14/2021,Monthly
s35237,Noah Brown,26,Other,Canada,3/31/2022,Free
s35238,Benjamin Brown,26,Other,Australia,10/26/2022,Yearly
s35239,Sophia Clark,27,Other,Canada,5/9/2021,Yearly
s35240,Aarav Miller,24,Other,India,5/14/2019,Free
s35241,Vihaan Moore,61,Female,USA,6/8/2020,Yearly
s35242,Lucas Smith,21,Female,Germany,4/26/2019,Free
s35243,Lucas Patel,27,Female,India,4/24/2019,Free
s35244,Riya Singh,42,Other,Germany,7/1/2021,Yearly
s35245,Olivia Clark,19,Male,Canada,4/21/2020,Free
s35246,Mia Verma,22,Other,USA,7/15/2019,Monthly
s35247,Zara Miller,30,Female,Canada,10/12/2020,Free
s35248,Olivia Hall,27,Other,India,8/17/2019,Yearly
s35249,Benjamin Lewis,21,Female,USA,3/4/2021,Free
s35250,Sophia Verma,65,Male,UK,7/14/2021,Yearly
s35251,Amelia Sharma,26,Male,Australia,8/6/2020,Yearly
s35252,Aanya Brown,18,Other,Germany,11/4/2021,Monthly
s35253,Sophia Anderson,47,Other,USA,11/11/2019,Monthly
s35254,Liam Singh,35,Male,India,5/25/2020,Monthly
s35255,Sophia Smith,47,Male,Germany,4/5/2020,Monthly
s35256,Eva Hall,26,Male,India,10/6/2019,Monthly
s35257,Amelia Moore,57,Other,Australia,2/11/2021,Free
s35258,Ethan Verma,26,Female,USA,9/22/2021,Monthly
s35259,Vihaan Clark,20,Female,India,6/20/2020,Monthly
s35260,Benjamin Thomas,41,Other,Germany,3/23/2021,Free
s35261,Benjamin Taylor,47,Other,USA,12/19/2019,Monthly
s35262,Riya Davis,19,Other,Australia,6/19/2019,Yearly
s35263,Isabella Walker,21,Other,USA,12/31/2020,Yearly
s35264,Karan Lee,18,Other,USA,3/3/2022,Yearly
s35265,Meera Martin,33,Female,Canada,4/19/2019,Monthly
s35266,Sophia Johnson,22,Female,Germany,3/19/2019,Monthly
s35267,Isabella Anderson,20,Female,USA,8/4/2020,Monthly
s35268,Ethan Thomas,27,Female,Germany,1/26/2021,Monthly
s35269,Amelia Miller,23,Female,Australia,2/7/2020,Monthly
s35270,Vihaan Clark,34,Female,Canada,4/20/2019,Monthly
s35271,Olivia Singh,21,Female,Canada,6/10/2022,Free
s35272,Liam Verma,21,Male,USA,1/3/2020,Free
s35273,Arjun Anderson,21,Male,USA,2/7/2021,Yearly
s35274,Isabella Martin,44,Female,USA,8/3/2021,Free
s35275,Isabella Sharma,23,Male,Canada,4/3/2022,Monthly
s35276,Liam Wilson,51,Male,UK,10/18/2019,Free
s35277,Meera Hall,27,Other,UK,9/2/2021,Yearly
s35278,Emma Sharma,36,Male,Germany,4/18/2019,Free
s35279,Eva Sharma,21,Female,Canada,8/20/2020,Free
s35280,Sophia Brown,22,Male,Germany,1/22/2019,Free
s35281,Meera Lee,22,Other,India,8/23/2020,Monthly
s35282,Aarav Martin,23,Female,USA,4/3/2022,Monthly
s35283,Mia Clark,19,Male,India,12/29/2021,Yearly
s35284,Isabella Patel,39,Male,UK,9/22/2021,Yearly
s35285,Aarav Johnson,41,Female,USA,8/2/2021,Yearly
s35286,Emma Lewis,25,Other,Germany,6/5/2019,Free
s35287,Isabella Smith,20,Male,Australia,9/7/2020,Free
s35288,Emma Singh,57,Female,Canada,11/26/2022,Monthly
s35289,Amelia Taylor,22,Other,UK,5/21/2020,Monthly
s35290,Aarav Taylor,37,Male,Germany,10/1/2020,Monthly
s35291,Lucas Thomas,25,Male,Australia,4/14/2022,Yearly
s35292,Aarav Moore,34,Other,UK,5/25/2021,Yearly
s35293,Mia Miller,20,Female,Germany,6/8/2021,Monthly
s35294,Aanya Miller,35,Other,India,1/13/2019,Monthly
s35295,Emma Moore,19,Female,UK,1/6/2019,Free
s35296,Ethan Thomas,22,Male,Germany,6/8/2019,Yearly
s35297,Olivia Wilson,32,Female,USA,7/31/2020,Yearly
s35298,Karan Patel,19,Other,UK,9/18/2021,Monthly
s35299,Liam Taylor,18,Other,Germany,8/28/2022,Monthly
s35300,Mia Verma,25,Male,USA,5/18/2022,Yearly
s35301,Riya Hall,39,Female,USA,4/5/2019,Free
s35302,Arjun Thomas,19,Male,India,6/20/2022,Monthly
s35303,Vihaan Davis,23,Female,Germany,8/18/2019,Monthly
s35304,Eva Verma,29,Female,Germany,3/21/2019,Free
s35305,Zara Wilson,21,Female,Australia,4/7/2022,Yearly
s35306,Ethan Thomas,21,Female,Australia,10/7/2019,Yearly
s35307,Arjun Johnson,18,Female,USA,7/24/2021,Free
s35308,Amelia Thomas,25,Male,Australia,1/26/2022,Monthly
s35309,Meera Moore,43,Female,Germany,2/10/2021,Monthly
s35310,Arjun Lewis,25,Female,USA,9/18/2020,Free
s35311,Olivia Martin,23,Other,UK,6/13/2021,Yearly
s35312,Emma Brown,34,Other,India,11/28/2020,Yearly
s35313,Amelia Thomas,44,Other,Germany,1/18/2020,Yearly
s35314,Noah Hall,26,Female,Germany,10/27/2019,Yearly
s35315,Isabella Sharma,42,Female,Canada,6/5/2021,Yearly
s35316,Isabella Johnson,26,Female,USA,6/7/2019,Free
s35317,Liam Miller,36,Other,Germany,4/3/2022,Free
s35318,Noah Patel,65,Male,Australia,5/24/2021,Monthly
s35319,Karan Patel,53,Female,Germany,12/6/2021,Yearly
s35320,Zara Moore,25,Other,Germany,7/14/2020,Free
s35321,Eva Lee,25,Male,Germany,11/13/2019,Yearly
s35322,Meera Walker,23,Male,UK,1/11/2019,Yearly
s35323,Ethan Sharma,26,Other,USA,8/20/2022,Monthly
s35324,Karan Davis,18,Other,Germany,4/23/2019,Free
s35325,Zara Smith,43,Male,Australia,4/6/2022,Yearly
s35326,Olivia Moore,22,Male,UK,9/25/2021,Free
s35327,Amelia Davis,47,Male,India,2/6/2019,Free
s35328,Sophia Verma,23,Female,UK,2/24/2019,Monthly
s35329,Liam Walker,51,Female,Germany,2/1/2020,Monthly
s35330,Karan Walker,44,Male,India,10/6/2021,Free
s35331,Aanya Sharma,33,Other,USA,7/25/2021,Yearly
s35332,Benjamin Anderson,26,Male,Australia,6/17/2020,Yearly
s35333,Amelia Wilson,33,Other,UK,12/13/2019,Yearly
s35334,Karan Walker,41,Female,Australia,9/13/2019,Free
s35335,Mia Johnson,25,Other,Germany,5/14/2019,Yearly
s35336,Eva Sharma,24,Male,India,11/13/2019,Monthly
s35337,Arjun Thomas,20,Male,USA,9/30/2022,Monthly
s35338,Riya Singh,19,Male,Canada,1/4/2022,Free
s35339,Zara Moore,19,Other,Canada,7/8/2022,Yearly
s35340,Aarav Singh,32,Other,India,11/30/2021,Free
s35341,Aarav Wilson,26,Male,Germany,11/23/2020,Free
s35342,Benjamin Lee,19,Male,Germany,2/14/2019,Yearly
s35343,Noah Patel,54,Other,Canada,12/4/2022,Yearly
s35344,Karan Hall,20,Male,India,10/9/2020,Monthly
s35345,Olivia Lewis,30,Female,Canada,9/17/2021,Monthly
s35346,Karan Patel,61,Male,Germany,8/4/2019,Free
s35347,Vihaan Davis,20,Male,India,5/2/2022,Yearly
s35348,Mia Anderson,38,Female,Germany,1/20/2020,Yearly
s35349,Meera Lee,25,Female,Germany,9/19/2019,Yearly
s35350,Meera Thomas,32,Male,Germany,1/17/2022,Monthly
s35351,Amelia Wilson,45,Male,Canada,2/4/2022,Yearly
s35352,Meera Thomas,27,Male,USA,8/1/2021,Free
s35353,Aanya Davis,21,Female,Germany,6/18/2022,Yearly
s35354,Eva Moore,67,Female,USA,4/5/2019,Yearly
s35355,Ethan Wilson,20,Male,UK,4/27/2020,Free
s35356,Emma Brown,44,Female,Germany,4/23/2021,Monthly
s35357,Liam Miller,48,Female,Canada,7/1/2019,Yearly
s35358,Arjun Moore,21,Other,India,8/19/2020,Free
s35359,Isabella Johnson,23,Other,UK,5/7/2019,Monthly
s35360,Zara Anderson,35,Other,Germany,1/11/2019,Monthly
s35361,Ethan Hall,42,Male,Australia,1/24/2019,Monthly
s35362,Emma Wilson,32,Male,USA,5/17/2021,Monthly
s35363,Karan Thomas,41,Other,USA,2/1/2022,Yearly
s35364,Meera Walker,30,Female,USA,8/9/2019,Monthly
s35365,Aanya Hall,18,Female,Canada,3/26/2022,Free
s35366,Lucas Singh,24,Other,USA,4/19/2022,Yearly
s35367,Aanya Clark,34,Other,India,8/17/2022,Free
s35368,Olivia Sharma,19,Male,India,8/30/2021,Yearly
s35369,Olivia Anderson,47,Male,India,6/11/2020,Monthly
s35370,Meera Johnson,20,Male,Canada,10/6/2020,Free
s35371,Emma Martin,46,Male,India,5/13/2020,Free
s35372,Noah Johnson,26,Male,USA,12/1/2021,Monthly
s35373,Mia Sharma,26,Male,Australia,3/9/2021,Yearly
s35374,Isabella Sharma,26,Other,USA,2/28/2020,Free
s35375,Isabella Davis,18,Female,Australia,5/14/2019,Free
s35376,Eva Sharma,23,Male,Canada,4/20/2021,Monthly
s35377,Aarav Patel,67,Female,UK,7/8/2021,Free
s35378,Emma Hall,21,Male,USA,7/9/2020,Yearly
s35379,Mia Thomas,27,Female,India,2/7/2019,Monthly
s35380,Ethan Lee,24,Other,UK,5/29/2021,Monthly
s35381,Lucas Patel,22,Male,Canada,10/27/2022,Free
s35382,Vihaan Wilson,31,Male,Canada,10/26/2022,Free
s35383,Vihaan Wilson,59,Female,Germany,5/13/2019,Yearly
s35384,Ethan Martin,34,Other,USA,2/9/2021,Yearly
s35385,Benjamin Moore,19,Other,UK,8/17/2020,Monthly
s35386,Noah Walker,26,Male,India,12/24/2020,Monthly
s35387,Amelia Verma,20,Other,Australia,2/21/2022,Free
s35388,Lucas Singh,20,Female,Canada,6/1/2019,Free
s35389,Emma Anderson,19,Other,UK,7/9/2019,Yearly
s35390,Benjamin Sharma,28,Female,Australia,3/18/2022,Yearly
s35391,Aarav Smith,22,Female,Australia,1/28/2020,Yearly
s35392,Zara Singh,19,Female,Australia,9/27/2019,Monthly
s35393,Sophia Taylor,42,Male,Australia,5/3/2020,Monthly
s35394,Ethan Smith,59,Female,Canada,11/16/2021,Free
s35395,Eva Taylor,21,Other,India,3/17/2019,Free
s35396,Isabella Brown,22,Male,India,10/6/2022,Monthly
s35397,Mia Taylor,31,Other,India,2/12/2021,Yearly
s35398,Olivia Martin,21,Male,UK,11/23/2022,Free
s35399,Sophia Singh,38,Male,Australia,11/21/2021,Free
s35400,Lucas Lee,38,Female,USA,5/28/2022,Free
s35401,Aarav Sharma,21,Other,Germany,10/26/2021,Yearly
s35402,Aarav Singh,19,Male,UK,1/21/2020,Monthly
s35403,Emma Johnson,38,Male,Canada,2/21/2021,Free
s35404,Isabella Hall,21,Other,UK,9/20/2021,Free
s35405,Benjamin Lewis,18,Female,Australia,12/29/2020,Free
s35406,Benjamin Smith,21,Female,Australia,12/24/2020,Yearly
s35407,Olivia Patel,25,Male,UK,3/22/2019,Free
s35408,Sophia Patel,26,Other,UK,12/8/2021,Monthly
s35409,Mia Wilson,25,Male,Germany,1/31/2021,Yearly
s35410,Zara Lee,24,Female,India,11/10/2020,Free
s35411,Liam Johnson,20,Male,Germany,3/4/2020,Free
s35412,Eva Johnson,39,Male,Australia,12/11/2020,Monthly
s35413,Isabella Clark,62,Other,UK,2/21/2019,Yearly
s35414,Karan Singh,25,Male,Canada,7/13/2020,Yearly
s35415,Meera Lee,30,Male,Canada,3/31/2019,Free
s35416,Aanya Anderson,32,Male,India,8/5/2021,Monthly
s35417,Sophia Thomas,26,Other,UK,5/29/2021,Free
s35418,Isabella Moore,24,Female,Germany,3/7/2019,Free
s35419,Vihaan Smith,28,Female,Germany,12/1/2021,Yearly
s35420,Ethan Anderson,67,Other,UK,12/14/2022,Free
s35421,Eva Wilson,33,Female,Australia,2/24/2019,Free
s35422,Arjun Johnson,24,Female,Australia,3/6/2021,Monthly
s35423,Liam Davis,19,Male,India,6/6/2022,Yearly
s35424,Aarav Patel,23,Female,Australia,4/27/2020,Yearly
s35425,Ethan Taylor,40,Male,Canada,4/7/2022,Yearly
s35426,Zara Patel,24,Other,Canada,10/16/2020,Yearly
s35427,Mia Verma,24,Other,UK,6/26/2019,Free
s35428,Karan Verma,26,Female,USA,8/21/2019,Free
s35429,Mia Thomas,18,Other,Canada,11/7/2022,Monthly
s35430,Eva Martin,22,Male,Canada,10/23/2020,Monthly
s35431,Meera Smith,18,Female,Australia,8/21/2020,Free
s35432,Aanya Davis,23,Female,India,7/14/2022,Free
s35433,Amelia Walker,20,Other,Germany,9/29/2020,Free
s35434,Benjamin Lee,20,Male,India,9/14/2019,Yearly
s35435,Eva Davis,20,Male,Germany,6/25/2020,Free
s35436,Amelia Patel,27,Male,USA,6/19/2022,Yearly
s35437,Liam Taylor,22,Female,India,12/11/2022,Free
s35438,Amelia Singh,27,Female,Germany,7/25/2020,Yearly
s35439,Riya Brown,43,Male,India,8/11/2022,Monthly
s35440,Arjun Davis,32,Male,Germany,11/3/2019,Monthly
s35441,Ethan Hall,21,Female,USA,11/4/2020,Free
s35442,Benjamin Thomas,21,Male,USA,11/21/2019,Monthly
s35443,Zara Sharma,39,Male,UK,6/13/2021,Yearly
s35444,Isabella Smith,24,Female,Australia,2/2/2020,Free
s35445,Olivia Moore,39,Female,Germany,3/30/2020,Monthly
s35446,Olivia Smith,37,Female,India,3/6/2019,Monthly
s35447,Emma Brown,22,Female,USA,10/14/2021,Yearly
s35448,Meera Wilson,41,Other,USA,11/25/2020,Monthly
s35449,Ethan Miller,21,Male,Australia,3/25/2020,Monthly
s35450,Isabella Sharma,62,Female,Canada,2/22/2020,Free
s35451,Ethan Lee,25,Female,Australia,9/26/2022,Yearly
s35452,Vihaan Sharma,18,Other,UK,5/17/2022,Monthly
s35453,Olivia Verma,21,Other,Australia,7/18/2022,Free
s35454,Benjamin Verma,34,Other,Germany,10/19/2021,Yearly
s35455,Zara Lee,20,Female,UK,10/5/2022,Monthly
s35456,Amelia Taylor,18,Other,India,12/28/2020,Yearly
s35457,Ethan Clark,42,Other,USA,3/29/2022,Monthly
s35458,Riya Brown,39,Male,Germany,11/22/2019,Yearly
s35459,Amelia Verma,44,Male,Canada,10/31/2020,Yearly
s35460,Mia Patel,22,Other,Canada,6/12/2019,Yearly
s35461,Riya Patel,49,Male,UK,10/8/2019,Free
s35462,Isabella Singh,55,Male,Australia,7/26/2020,Monthly
s35463,Riya Taylor,60,Female,Canada,8/6/2019,Monthly
s35464,Eva Patel,27,Female,Canada,2/25/2020,Free
s35465,Noah Davis,38,Female,India,10/4/2022,Monthly
s35466,Zara Hall,29,Female,Australia,9/26/2021,Yearly
s35467,Riya Lewis,21,Other,UK,4/5/2019,Monthly
s35468,Karan Verma,18,Male,India,4/7/2020,Yearly
s35469,Mia Anderson,22,Other,Canada,1/27/2019,Free
s35470,Isabella Clark,21,Male,Germany,8/5/2021,Yearly
s35471,Isabella Thomas,42,Female,India,8/28/2019,Monthly
s35472,Karan Wilson,19,Other,Australia,8/27/2019,Free
s35473,Zara Lee,19,Other,India,12/20/2022,Monthly
s35474,Aanya Davis,25,Other,Germany,1/27/2021,Monthly
s35475,Sophia Davis,36,Female,USA,3/26/2022,Monthly
s35476,Lucas Wilson,47,Male,UK,4/5/2021,Free
s35477,Mia Wilson,36,Male,USA,1/28/2019,Monthly
s35478,Sophia Lee,66,Female,UK,10/3/2022,Free
s35479,Liam Thomas,43,Female,India,11/24/2022,Monthly
s35480,Mia Walker,25,Female,India,6/18/2019,Yearly
s35481,Noah Walker,24,Other,Australia,9/28/2020,Free
s35482,Sophia Davis,42,Female,USA,7/24/2020,Free
s35483,Eva Clark,18,Other,Canada,3/15/2019,Free
s35484,Zara Clark,37,Other,Germany,2/25/2021,Free
s35485,Noah Lewis,66,Other,Australia,5/15/2020,Yearly
s35486,Olivia Wilson,44,Female,USA,4/27/2022,Monthly
s35487,Aanya Johnson,19,Male,UK,2/19/2022,Yearly
s35488,Zara Taylor,22,Male,Canada,5/23/2021,Monthly
s35489,Zara Moore,65,Female,USA,11/3/2022,Yearly
s35490,Riya Anderson,46,Male,Australia,10/14/2021,Monthly
s35491,Emma Thomas,42,Female,UK,10/15/2021,Monthly
s35492,Isabella Sharma,43,Female,USA,3/8/2022,Yearly
s35493,Sophia Thomas,29,Male,Germany,5/13/2020,Yearly
s35494,Eva Verma,27,Other,UK,3/8/2020,Monthly
s35495,Aarav Miller,19,Male,USA,8/20/2021,Yearly
s35496,Olivia Walker,18,Male,Germany,7/17/2021,Yearly
s35497,Emma Taylor,27,Other,USA,1/21/2020,Yearly
s35498,Meera Johnson,23,Other,Canada,5/18/2021,Yearly
s35499,Lucas Brown,22,Male,UK,7/6/2021,Yearly
s35500,Isabella Martin,27,Female,USA,11/22/2020,Yearly
s35501,Riya Lewis,43,Male,India,2/27/2022,Monthly
s35502,Noah Clark,26,Other,Australia,2/14/2022,Yearly
s35503,Amelia Wilson,19,Other,UK,4/28/2019,Monthly
s35504,Sophia Hall,62,Other,Australia,10/18/2022,Monthly
s35505,Benjamin Martin,21,Male,Germany,7/11/2020,Monthly
s35506,Vihaan Martin,18,Female,Canada,5/17/2021,Yearly
s35507,Meera Thomas,24,Male,Canada,11/18/2020,Yearly
s35508,Aanya Smith,22,Male,UK,5/31/2019,Monthly
s35509,Isabella Patel,20,Male,India,7/16/2022,Free
s35510,Lucas Moore,21,Other,India,1/19/2022,Free
s35511,Noah Sharma,22,Female,Germany,10/13/2022,Free
s35512,Eva Patel,30,Male,USA,10/29/2022,Yearly
s35513,Liam Moore,20,Female,Canada,10/31/2021,Yearly
s35514,Noah Patel,25,Other,UK,10/22/2022,Free
s35515,Eva Walker,21,Female,Germany,1/17/2020,Monthly
s35516,Olivia Brown,25,Male,India,7/22/2021,Yearly
s35517,Karan Sharma,47,Male,Germany,7/8/2021,Yearly
s35518,Sophia Clark,26,Female,USA,4/19/2020,Monthly
s35519,Vihaan Verma,24,Other,Germany,2/16/2021,Yearly
s35520,Liam Moore,29,Male,USA,12/13/2022,Free
s35521,Liam Singh,23,Other,UK,6/30/2022,Monthly
s35522,Eva Smith,34,Male,Australia,11/17/2019,Monthly
s35523,Noah Patel,26,Male,Germany,12/18/2019,Monthly
s35524,Zara Sharma,44,Male,UK,5/18/2021,Monthly
s35525,Liam Wilson,24,Female,UK,12/7/2022,Monthly
s35526,Liam Davis,32,Male,India,1/6/2019,Free
s35527,Noah Brown,18,Male,USA,1/26/2022,Monthly
s35528,Amelia Clark,63,Male,Germany,6/12/2022,Yearly
s35529,Zara Anderson,43,Male,UK,12/26/2020,Free
s35530,Mia Martin,24,Other,Australia,1/25/2021,Free
s35531,Noah Miller,18,Female,USA,11/6/2021,Free
s35532,Sophia Walker,24,Male,Canada,3/14/2019,Monthly
s35533,Zara Moore,33,Female,USA,7/11/2020,Yearly
s35534,Sophia Moore,20,Other,Germany,2/12/2019,Yearly
s35535,Benjamin Lewis,65,Female,USA,9/19/2020,Yearly
s35536,Eva Lewis,21,Female,Australia,7/21/2021,Free
s35537,Isabella Walker,22,Other,Canada,3/20/2022,Free
s35538,Olivia Patel,27,Other,Australia,3/10/2021,Free
s35539,Meera Hall,25,Female,India,7/22/2021,Yearly
s35540,Ethan Walker,34,Other,India,4/30/2022,Free
s35541,Benjamin Miller,21,Female,Canada,1/11/2022,Free
s35542,Aanya Miller,22,Other,Canada,1/25/2022,Yearly
s35543,Zara Moore,39,Male,Canada,6/14/2022,Monthly
s35544,Mia Lewis,22,Other,Canada,5/30/2019,Monthly
s35545,Arjun Sharma,19,Male,India,4/8/2020,Monthly
s35546,Olivia Davis,19,Male,UK,8/20/2022,Monthly
s35547,Karan Lewis,63,Other,India,5/19/2021,Yearly
s35548,Ethan Wilson,30,Other,USA,4/8/2022,Free
s35549,Lucas Thomas,29,Male,Germany,1/2/2019,Free
s35550,Benjamin Moore,56,Female,USA,10/6/2019,Monthly
s35551,Meera Davis,35,Other,Canada,9/5/2021,Free
s35552,Olivia Miller,57,Female,USA,7/25/2020,Yearly
s35553,Noah Johnson,27,Male,USA,1/14/2019,Monthly
s35554,Riya Smith,21,Male,USA,2/28/2019,Free
s35555,Olivia Anderson,20,Other,Canada,8/2/2021,Monthly
s35556,Arjun Anderson,62,Male,Germany,1/4/2021,Yearly
s35557,Ethan Hall,19,Other,Canada,7/21/2020,Monthly
s35558,Benjamin Walker,64,Other,Australia,12/7/2019,Monthly
s35559,Emma Clark,59,Other,India,8/7/2021,Free
s35560,Mia Clark,58,Other,India,5/27/2019,Yearly
s35561,Amelia Thomas,46,Female,Australia,12/23/2020,Yearly
s35562,Riya Davis,35,Female,USA,8/25/2020,Monthly
s35563,Karan Wilson,21,Male,UK,1/24/2021,Monthly
s35564,Emma Walker,38,Female,Canada,5/18/2019,Free
s35565,Olivia Singh,26,Other,Australia,2/13/2020,Monthly
s35566,Noah Verma,21,Other,Germany,7/30/2019,Free
s35567,Noah Johnson,23,Male,USA,3/30/2020,Monthly
s35568,Isabella Walker,23,Other,USA,2/1/2020,Free
s35569,Olivia Hall,22,Female,Canada,2/13/2020,Yearly
s35570,Meera Lewis,21,Male,USA,8/17/2022,Monthly
s35571,Ethan Sharma,43,Other,Germany,12/7/2022,Free
s35572,Isabella Martin,63,Other,Germany,1/21/2019,Free
s35573,Sophia Anderson,26,Male,Canada,4/12/2021,Yearly
s35574,Aanya Miller,36,Male,India,6/17/2022,Yearly
s35575,Ethan Singh,25,Female,UK,7/19/2022,Free
s35576,Meera Sharma,44,Female,UK,2/28/2022,Monthly
s35577,Olivia Davis,26,Female,Canada,2/4/2021,Monthly
s35578,Olivia Singh,53,Other,Canada,8/28/2019,Free
s35579,Karan Smith,34,Male,Australia,1/5/2022,Yearly
s35580,Liam Wilson,26,Male,Australia,1/20/2021,Monthly
s35581,Ethan Thomas,25,Female,UK,6/2/2020,Yearly
s35582,Zara Thomas,26,Female,India,4/2/2020,Monthly
s35583,Mia Lewis,24,Male,India,1/20/2019,Free
s35584,Mia Taylor,18,Female,UK,5/16/2021,Monthly
s35585,Riya Thomas,34,Other,Germany,4/21/2022,Monthly
s35586,Emma Martin,19,Male,Germany,10/13/2021,Yearly
s35587,Eva Walker,47,Male,Canada,6/23/2022,Free
s35588,Eva Brown,26,Male,Australia,6/10/2022,Free
s35589,Zara Lee,22,Other,Australia,12/3/2021,Free
s35590,Eva Brown,27,Female,UK,5/31/2019,Monthly
s35591,Zara Sharma,26,Female,Germany,2/1/2022,Free
s35592,Eva Johnson,21,Male,USA,4/6/2019,Yearly
s35593,Noah Martin,44,Other,UK,4/1/2020,Yearly
s35594,Aarav Patel,20,Female,USA,10/9/2019,Monthly
s35595,Sophia Clark,27,Female,Germany,8/25/2020,Free
s35596,Aanya Sharma,37,Other,UK,10/29/2022,Free
s35597,Benjamin Thomas,30,Other,Australia,6/3/2019,Free
s35598,Aanya Brown,24,Female,UK,12/30/2022,Free
s35599,Emma Martin,27,Male,Canada,3/31/2022,Monthly
s35600,Mia Anderson,21,Other,Australia,5/11/2021,Monthly
s35601,Lucas Clark,30,Female,USA,6/6/2021,Yearly
s35602,Olivia Martin,21,Other,UK,12/6/2020,Free
s35603,Sophia Singh,37,Other,USA,10/26/2020,Monthly
s35604,Emma Martin,19,Male,Germany,4/6/2022,Free
s35605,Zara Johnson,23,Female,USA,7/12/2020,Yearly
s35606,Zara Walker,21,Male,India,12/9/2021,Yearly
s35607,Liam Thomas,23,Male,USA,6/5/2022,Free
s35608,Emma Miller,43,Female,Australia,5/16/2019,Yearly
s35609,Meera Moore,32,Other,Australia,7/20/2021,Yearly
s35610,Meera Patel,54,Other,Canada,9/12/2021,Monthly
s35611,Eva Patel,23,Female,Canada,8/8/2021,Free
s35612,Emma Moore,27,Male,India,8/15/2020,Yearly
s35613,Isabella Moore,33,Female,UK,4/3/2022,Yearly
s35614,Riya Walker,23,Female,UK,5/18/2019,Free
s35615,Benjamin Brown,32,Other,Canada,10/10/2019,Free
s35616,Noah Lee,22,Female,India,9/19/2021,Free
s35617,Lucas Hall,28,Other,UK,4/30/2021,Monthly
s35618,Karan Verma,29,Other,Canada,3/5/2021,Monthly
s35619,Ethan Smith,19,Female,India,3/19/2019,Free
s35620,Liam Johnson,20,Other,Germany,2/13/2021,Yearly
s35621,Isabella Taylor,22,Male,USA,1/11/2021,Free
s35622,Liam Lewis,20,Other,Canada,3/25/2021,Free
s35623,Meera Johnson,19,Other,Canada,6/24/2022,Yearly
s35624,Meera Moore,24,Female,India,3/24/2022,Yearly
s35625,Amelia Sharma,25,Female,USA,12/26/2019,Monthly
s35626,Olivia Lee,26,Male,USA,10/28/2021,Monthly
s35627,Eva Wilson,33,Other,USA,1/28/2021,Free
s35628,Benjamin Anderson,24,Female,UK,10/24/2022,Free
s35629,Vihaan Martin,42,Other,Canada,2/17/2022,Monthly
s35630,Meera Verma,43,Other,Australia,2/28/2022,Yearly
s35631,Zara Anderson,20,Other,USA,11/22/2020,Monthly
s35632,Riya Moore,38,Other,USA,5/16/2019,Free
s35633,Arjun Johnson,19,Female,UK,5/22/2021,Free
s35634,Ethan Verma,20,Male,UK,9/26/2021,Monthly
s35635,Ethan Miller,59,Female,UK,5/15/2020,Monthly
s35636,Emma Walker,27,Male,Germany,3/27/2022,Monthly
s35637,Aarav Anderson,27,Female,USA,6/12/2020,Yearly
s35638,Eva Miller,45,Other,UK,8/12/2021,Free
s35639,Benjamin Davis,36,Female,UK,7/2/2022,Monthly
s35640,Isabella Sharma,36,Other,USA,8/14/2022,Monthly
s35641,Lucas Lewis,27,Female,India,8/22/2020,Free
s35642,Benjamin Patel,37,Male,UK,9/2/2021,Free
s35643,Aanya Walker,26,Male,Australia,5/4/2020,Yearly
s35644,Liam Johnson,59,Male,USA,12/25/2021,Free
s35645,Lucas Davis,18,Male,Canada,7/7/2022,Yearly
s35646,Ethan Thomas,18,Other,Germany,1/12/2020,Yearly
s35647,Isabella Johnson,37,Other,Germany,10/29/2019,Free
s35648,Aanya Taylor,62,Male,Canada,12/19/2020,Yearly
s35649,Liam Patel,43,Male,India,3/8/2022,Yearly
s35650,Aarav Martin,20,Male,Australia,5/25/2019,Yearly
s35651,Emma Johnson,47,Other,Canada,10/28/2021,Free
s35652,Eva Thomas,25,Other,India,3/9/2021,Monthly
s35653,Mia Smith,26,Other,UK,11/9/2020,Yearly
s35654,Amelia Martin,29,Male,UK,4/13/2020,Yearly
s35655,Karan Singh,42,Male,UK,1/22/2020,Monthly
s35656,Arjun Anderson,21,Male,Australia,11/22/2019,Free
s35657,Zara Lewis,35,Female,USA,8/5/2021,Monthly
s35658,Noah Lee,22,Female,India,9/28/2021,Yearly
s35659,Amelia Davis,27,Other,Canada,9/30/2021,Free
s35660,Meera Thomas,22,Other,Australia,11/17/2021,Free
s35661,Aarav Hall,25,Other,Canada,6/3/2019,Monthly
s35662,Liam Walker,18,Other,Canada,6/25/2019,Yearly
s35663,Aarav Martin,58,Male,India,9/26/2019,Yearly
s35664,Vihaan Clark,22,Other,Australia,4/4/2021,Free
s35665,Arjun Thomas,19,Other,UK,2/10/2020,Yearly
s35666,Liam Patel,25,Other,India,9/15/2022,Yearly
s35667,Sophia Anderson,50,Other,USA,9/30/2022,Yearly
s35668,Arjun Anderson,18,Female,USA,3/4/2019,Monthly
s35669,Mia Clark,25,Male,India,9/26/2020,Yearly
s35670,Isabella Lee,21,Female,Australia,7/17/2021,Monthly
s35671,Lucas Brown,58,Male,USA,7/8/2021,Monthly
s35672,Sophia Patel,45,Male,Australia,9/19/2019,Monthly
s35673,Zara Walker,23,Female,Australia,5/15/2019,Yearly
s35674,Vihaan Walker,26,Female,Germany,4/24/2022,Free
s35675,Arjun Martin,63,Other,USA,7/18/2019,Free
s35676,Emma Wilson,27,Female,Germany,4/8/2022,Free
s35677,Meera Hall,39,Male,Canada,6/4/2020,Yearly
s35678,Ethan Clark,20,Other,USA,6/27/2020,Free
s35679,Emma Moore,29,Female,Australia,8/4/2022,Yearly
s35680,Aanya Smith,25,Female,USA,3/9/2019,Yearly
s35681,Mia Davis,19,Male,Germany,2/20/2019,Free
s35682,Isabella Thomas,24,Male,India,11/18/2021,Free
s35683,Noah Smith,37,Female,Germany,1/8/2019,Monthly
s35684,Sophia Taylor,34,Male,USA,7/11/2022,Yearly
s35685,Arjun Wilson,23,Other,India,11/23/2020,Free
s35686,Aanya Taylor,21,Male,Canada,3/2/2019,Yearly
s35687,Meera Patel,31,Other,Germany,12/2/2022,Monthly
s35688,Zara Davis,18,Male,USA,9/17/2020,Monthly
s35689,Mia Walker,22,Male,USA,11/19/2022,Free
s35690,Noah Martin,22,Male,India,2/23/2022,Yearly
s35691,Emma Brown,19,Other,Germany,1/3/2021,Yearly
s35692,Arjun Walker,63,Other,Germany,7/9/2020,Yearly
s35693,Meera Sharma,30,Male,Canada,6/13/2019,Yearly
s35694,Emma Moore,18,Female,UK,1/23/2022,Yearly
s35695,Benjamin Singh,35,Other,Germany,5/15/2019,Free
s35696,Aanya Moore,49,Male,Australia,3/1/2022,Free
s35697,Eva Moore,26,Other,Canada,9/7/2022,Monthly
s35698,Riya Anderson,25,Female,Australia,10/5/2020,Monthly
s35699,Eva Verma,22,Other,Australia,3/2/2020,Free
s35700,Eva Singh,43,Female,Canada,11/4/2020,Yearly
s35701,Emma Johnson,27,Female,USA,3/18/2022,Monthly
s35702,Arjun Verma,21,Other,Australia,11/17/2019,Free
s35703,Isabella Johnson,20,Male,India,6/6/2022,Monthly
s35704,Noah Martin,22,Female,India,3/26/2021,Yearly
s35705,Mia Lewis,19,Other,Germany,12/14/2021,Free
s35706,Meera Davis,25,Male,Canada,6/23/2020,Monthly
s35707,Eva Verma,19,Male,Australia,4/16/2022,Yearly
s35708,Sophia Patel,57,Other,USA,11/5/2019,Yearly
s35709,Sophia Patel,26,Female,UK,11/20/2022,Yearly
s35710,Isabella Walker,24,Male,UK,11/23/2019,Monthly
s35711,Ethan Thomas,33,Male,UK,1/9/2021,Yearly
s35712,Karan Thomas,45,Other,India,6/11/2019,Free
s35713,Noah Miller,43,Other,Canada,7/31/2019,Free
s35714,Meera Moore,23,Other,Canada,3/20/2021,Monthly
s35715,Liam Singh,22,Other,Australia,3/24/2019,Yearly
s35716,Meera Patel,37,Other,USA,1/30/2019,Monthly
s35717,Karan Thomas,23,Male,Germany,10/26/2020,Yearly
s35718,Eva Davis,21,Other,Australia,1/25/2022,Free
s35719,Benjamin Singh,56,Female,Germany,11/17/2020,Free
s35720,Emma Brown,21,Other,Australia,4/15/2020,Yearly
s35721,Benjamin Lee,19,Female,India,12/20/2022,Yearly
s35722,Liam Taylor,22,Female,India,7/25/2021,Yearly
s35723,Meera Miller,31,Other,Germany,1/22/2021,Yearly
s35724,Aanya Taylor,58,Other,India,10/16/2022,Free
s35725,Olivia Clark,61,Male,Germany,4/16/2020,Yearly
s35726,Liam Taylor,32,Other,USA,10/4/2020,Monthly
s35727,Mia Sharma,22,Male,Australia,1/10/2019,Yearly
s35728,Benjamin Anderson,24,Male,Germany,6/1/2019,Yearly
s35729,Meera Hall,53,Other,India,2/26/2020,Free
s35730,Noah Lewis,21,Male,Australia,8/17/2022,Yearly
s35731,Karan Hall,36,Other,Germany,8/1/2020,Free
s35732,Amelia Brown,18,Female,India,3/28/2021,Monthly
s35733,Noah Walker,21,Female,USA,8/17/2022,Yearly
s35734,Aanya Patel,26,Female,Germany,2/2/2020,Free
s35735,Mia Singh,20,Male,India,8/23/2022,Yearly
s35736,Emma Brown,59,Other,USA,4/19/2021,Free
s35737,Aarav Taylor,45,Male,Germany,7/1/2022,Monthly
s35738,Noah Singh,59,Male,Australia,12/20/2022,Monthly
s35739,Olivia Patel,21,Other,Canada,3/16/2021,Monthly
s35740,Amelia Sharma,19,Male,Australia,2/17/2021,Free
s35741,Sophia Smith,38,Other,Canada,1/29/2020,Free
s35742,Zara Patel,26,Female,India,2/7/2020,Free
s35743,Zara Hall,39,Female,USA,1/31/2020,Free
s35744,Arjun Johnson,30,Female,Germany,11/21/2021,Monthly
s35745,Arjun Moore,37,Male,India,7/25/2021,Free
s35746,Vihaan Moore,19,Female,UK,7/6/2020,Monthly
s35747,Emma Martin,27,Other,USA,4/23/2021,Free
s35748,Karan Martin,25,Male,India,5/5/2019,Yearly
s35749,Ethan Taylor,28,Other,India,12/30/2020,Yearly
s35750,Lucas Singh,43,Other,Australia,1/14/2019,Yearly
s35751,Zara Moore,62,Other,UK,11/4/2022,Free
s35752,Aarav Clark,19,Male,India,6/7/2021,Yearly
s35753,Aanya Anderson,55,Other,Australia,4/9/2021,Free
s35754,Arjun Wilson,64,Other,Germany,6/15/2021,Free
s35755,Liam Brown,22,Female,Germany,4/15/2020,Yearly
s35756,Zara Walker,27,Female,Germany,9/3/2020,Monthly
s35757,Arjun Anderson,36,Other,USA,2/25/2021,Monthly
s35758,Aanya Singh,25,Other,Germany,1/21/2020,Yearly
s35759,Karan Smith,27,Male,Canada,6/12/2021,Yearly
s35760,Lucas Lewis,41,Other,Canada,9/16/2022,Free
s35761,Benjamin Brown,21,Other,USA,1/17/2021,Yearly
s35762,Aanya Patel,31,Female,Canada,12/20/2020,Yearly
s35763,Noah Clark,24,Female,USA,8/1/2022,Yearly
s35764,Zara Smith,33,Other,USA,5/10/2019,Yearly
s35765,Zara Martin,21,Male,UK,4/5/2020,Free
s35766,Ethan Thomas,27,Other,USA,6/15/2019,Free
s35767,Lucas Thomas,26,Other,India,8/15/2021,Free
s35768,Mia Smith,37,Male,USA,6/16/2019,Monthly
s35769,Ethan Wilson,59,Female,UK,8/1/2022,Free
s35770,Aanya Lee,24,Male,Canada,5/26/2021,Monthly
s35771,Aarav Johnson,46,Female,UK,5/2/2021,Monthly
s35772,Sophia Smith,21,Other,USA,1/14/2022,Free
s35773,Emma Thomas,44,Male,Canada,3/14/2020,Monthly
s35774,Lucas Thomas,34,Female,Canada,2/9/2022,Yearly
s35775,Liam Sharma,28,Male,Australia,6/16/2022,Monthly
s35776,Eva Lee,32,Other,Germany,1/14/2020,Monthly
s35777,Sophia Patel,22,Female,Australia,6/15/2022,Free
s35778,Zara Singh,19,Other,Australia,10/3/2021,Monthly
s35779,Aarav Patel,26,Female,Canada,4/6/2019,Yearly
s35780,Vihaan Singh,24,Female,USA,5/23/2019,Yearly
s35781,Liam Singh,22,Female,India,10/8/2021,Free
s35782,Liam Moore,19,Male,UK,6/12/2022,Monthly
s35783,Mia Sharma,43,Other,India,12/17/2022,Yearly
s35784,Meera Martin,26,Female,Canada,8/14/2021,Monthly
s35785,Amelia Singh,40,Male,USA,1/2/2020,Yearly
s35786,Amelia Davis,20,Male,Germany,10/5/2020,Monthly
s35787,Noah Hall,26,Female,Canada,5/18/2020,Monthly
s35788,Sophia Lewis,24,Male,USA,1/9/2020,Free
s35789,Arjun Sharma,47,Other,Australia,7/19/2020,Yearly
s35790,Emma Smith,29,Other,USA,9/5/2020,Free
s35791,Isabella Johnson,18,Male,Germany,5/15/2022,Free
s35792,Amelia Martin,35,Male,Germany,12/15/2019,Monthly
s35793,Eva Taylor,22,Male,UK,6/17/2020,Monthly
s35794,Eva Singh,23,Other,India,10/15/2019,Yearly
s35795,Eva Clark,66,Female,Canada,12/21/2022,Free
s35796,Vihaan Johnson,57,Male,UK,5/20/2022,Monthly
s35797,Karan Lee,25,Female,UK,6/11/2019,Free
s35798,Benjamin Smith,23,Other,USA,8/15/2021,Free
s35799,Amelia Walker,47,Male,USA,3/4/2021,Free
s35800,Emma Verma,18,Other,UK,7/11/2019,Monthly
s35801,Benjamin Miller,21,Female,Canada,1/20/2021,Monthly
s35802,Noah Thomas,49,Female,USA,4/4/2022,Monthly
s35803,Isabella Clark,18,Male,India,7/18/2021,Yearly
s35804,Meera Hall,25,Male,Canada,6/16/2021,Free
s35805,Arjun Singh,57,Male,Australia,7/25/2020,Yearly
s35806,Riya Hall,18,Other,India,10/15/2020,Monthly
s35807,Riya Patel,21,Other,Canada,12/18/2022,Monthly
s35808,Meera Singh,31,Male,Australia,6/22/2019,Monthly
s35809,Emma Johnson,62,Male,India,7/26/2020,Free
s35810,Aarav Wilson,42,Female,Australia,11/8/2020,Free
s35811,Amelia Anderson,18,Male,Germany,5/16/2022,Monthly
s35812,Eva Verma,38,Female,USA,9/2/2019,Free
s35813,Emma Taylor,21,Female,India,4/1/2022,Monthly
s35814,Emma Clark,39,Male,Canada,12/4/2022,Yearly
s35815,Eva Verma,36,Male,India,8/25/2020,Free
s35816,Amelia Thomas,32,Male,India,3/22/2022,Yearly
s35817,Ethan Anderson,21,Other,India,9/23/2019,Monthly
s35818,Liam Johnson,36,Other,Germany,2/12/2021,Monthly
s35819,Vihaan Smith,28,Female,Germany,12/14/2021,Monthly
s35820,Riya Johnson,19,Other,India,11/17/2020,Free
s35821,Olivia Walker,25,Female,Australia,4/5/2020,Free
s35822,Mia Miller,26,Female,UK,4/29/2019,Monthly
s35823,Amelia Miller,35,Female,Canada,7/14/2021,Free
s35824,Karan Walker,42,Female,Germany,6/2/2022,Monthly
s35825,Mia Johnson,37,Female,India,5/18/2021,Yearly
s35826,Zara Smith,48,Female,USA,1/23/2020,Free
s35827,Lucas Sharma,25,Male,India,3/27/2022,Yearly
s35828,Meera Davis,21,Other,Australia,1/23/2021,Monthly
s35829,Riya Martin,19,Male,Canada,5/5/2022,Free
s35830,Meera Smith,42,Male,Germany,6/28/2021,Monthly
s35831,Noah Miller,47,Other,Germany,5/30/2020,Monthly
s35832,Arjun Hall,24,Other,USA,1/14/2020,Free
s35833,Meera Brown,20,Female,India,10/22/2019,Free
s35834,Isabella Lee,20,Other,Australia,11/20/2020,Yearly
s35835,Noah Taylor,24,Female,India,8/5/2021,Free
s35836,Mia Clark,28,Other,India,10/1/2021,Yearly
s35837,Lucas Wilson,28,Female,Australia,1/2/2019,Free
s35838,Meera Wilson,26,Other,Germany,5/18/2019,Monthly
s35839,Amelia Johnson,26,Male,Germany,9/22/2019,Yearly
s35840,Isabella Miller,22,Other,Germany,2/28/2020,Yearly
s35841,Lucas Sharma,23,Other,India,11/23/2019,Monthly
s35842,Benjamin Martin,27,Female,India,7/6/2019,Yearly
s35843,Aarav Smith,20,Male,USA,5/20/2021,Yearly
s35844,Meera Brown,21,Other,India,6/2/2022,Free
s35845,Ethan Brown,20,Female,Australia,10/21/2020,Yearly
s35846,Sophia Johnson,40,Male,Australia,8/22/2021,Monthly
s35847,Zara Wilson,22,Male,USA,2/24/2020,Free
s35848,Riya Taylor,27,Female,UK,1/7/2019,Monthly
s35849,Arjun Smith,21,Other,Canada,3/10/2020,Monthly
s35850,Amelia Moore,27,Other,India,5/6/2021,Monthly
s35851,Eva Lewis,66,Female,India,5/8/2019,Monthly
s35852,Emma Walker,18,Male,Australia,1/7/2022,Monthly
s35853,Emma Brown,62,Female,Canada,8/1/2022,Monthly
s35854,Riya Singh,21,Female,Australia,11/22/2020,Free
s35855,Noah Davis,26,Male,Australia,12/31/2019,Monthly
s35856,Emma Taylor,24,Other,India,12/7/2022,Monthly
s35857,Sophia Miller,23,Male,Germany,2/16/2022,Free
s35858,Zara Wilson,20,Male,Germany,11/24/2022,Free
s35859,Karan Sharma,65,Male,India,12/18/2020,Yearly
s35860,Vihaan Davis,20,Female,Germany,6/5/2020,Free
s35861,Vihaan Sharma,24,Male,USA,8/25/2019,Monthly
s35862,Meera Moore,35,Other,India,10/4/2020,Yearly
s35863,Zara Miller,34,Male,UK,3/1/2021,Free
s35864,Lucas Brown,19,Male,UK,5/31/2020,Monthly
s35865,Mia Smith,23,Other,Germany,9/2/2019,Yearly
s35866,Arjun Hall,36,Female,India,11/15/2019,Yearly
s35867,Liam Clark,52,Other,UK,9/7/2019,Yearly
s35868,Vihaan Patel,30,Male,Australia,7/11/2021,Free
s35869,Lucas Brown,62,Other,USA,7/27/2020,Yearly
s35870,Zara Anderson,37,Male,UK,2/22/2021,Monthly
s35871,Lucas Verma,22,Female,Canada,11/21/2022,Yearly
s35872,Aanya Davis,44,Other,Australia,4/7/2021,Monthly
s35873,Noah Smith,40,Male,Canada,1/17/2020,Yearly
s35874,Sophia Lee,20,Other,India,7/30/2022,Monthly
s35875,Noah Miller,22,Male,USA,7/22/2021,Monthly
s35876,Benjamin Hall,20,Male,India,11/7/2022,Yearly
s35877,Benjamin Patel,22,Female,USA,4/28/2021,Yearly
s35878,Karan Taylor,18,Male,USA,1/30/2020,Monthly
s35879,Zara Thomas,27,Female,USA,2/19/2020,Monthly
s35880,Liam Miller,20,Female,Canada,7/7/2020,Monthly
s35881,Aarav Patel,27,Female,Germany,7/22/2020,Yearly
s35882,Aanya Wilson,23,Male,UK,3/11/2022,Monthly
s35883,Aarav Hall,32,Male,Canada,10/3/2022,Yearly
s35884,Isabella Taylor,20,Other,Germany,1/26/2021,Free
s35885,Eva Sharma,26,Male,USA,7/5/2022,Monthly
s35886,Aarav Clark,23,Other,Australia,12/19/2021,Monthly
s35887,Riya Singh,18,Female,India,6/17/2022,Free
s35888,Olivia Verma,24,Other,USA,3/22/2021,Free
s35889,Ethan Davis,61,Other,Australia,3/9/2021,Yearly
s35890,Meera Wilson,19,Female,UK,3/20/2020,Yearly
s35891,Noah Sharma,22,Other,UK,9/17/2021,Yearly
s35892,Mia Clark,43,Female,Germany,9/17/2019,Free
s35893,Karan Verma,23,Female,Australia,5/26/2021,Free
s35894,Ethan Taylor,21,Other,USA,6/13/2020,Yearly
s35895,Aanya Smith,41,Female,Australia,2/5/2022,Free
s35896,Aanya Anderson,37,Female,Canada,9/26/2022,Monthly
s35897,Eva Moore,42,Other,Australia,5/27/2020,Free
s35898,Meera Wilson,22,Female,UK,1/6/2021,Yearly
s35899,Vihaan Martin,34,Other,India,9/16/2020,Yearly
s35900,Noah Walker,23,Male,Australia,9/6/2022,Yearly
s35901,Ethan Walker,22,Male,Canada,9/5/2020,Free
s35902,Sophia Clark,24,Male,USA,1/9/2020,Monthly
s35903,Riya Taylor,27,Other,Canada,12/27/2019,Yearly
s35904,Lucas Martin,19,Other,India,2/15/2020,Yearly
s35905,Olivia Clark,25,Female,Australia,6/29/2019,Monthly
s35906,Isabella Verma,25,Female,India,2/13/2019,Monthly
s35907,Aanya Walker,18,Male,UK,6/26/2020,Free
s35908,Aarav Hall,24,Female,UK,2/25/2019,Free
s35909,Mia Miller,27,Other,India,4/30/2022,Free
s35910,Olivia Anderson,31,Female,India,2/7/2019,Monthly
s35911,Meera Miller,40,Male,Canada,4/12/2020,Free
s35912,Riya Brown,26,Male,UK,10/12/2019,Yearly
s35913,Arjun Sharma,21,Other,Germany,12/21/2020,Free
s35914,Noah Patel,18,Other,UK,5/21/2019,Free
s35915,Eva Moore,37,Male,India,9/16/2020,Free
s35916,Isabella Davis,20,Male,India,6/25/2022,Free
s35917,Noah Smith,19,Other,USA,4/14/2020,Yearly
s35918,Mia Brown,29,Other,UK,12/16/2021,Free
s35919,Arjun Brown,31,Other,UK,10/28/2019,Monthly
s35920,Amelia Walker,30,Other,USA,4/18/2020,Monthly
s35921,Lucas Sharma,58,Male,UK,2/4/2022,Free
s35922,Aanya Walker,67,Other,India,8/15/2019,Monthly
s35923,Lucas Lee,25,Other,Germany,7/4/2020,Yearly
s35924,Mia Johnson,19,Male,India,3/15/2020,Yearly
s35925,Mia Singh,43,Other,UK,11/28/2019,Yearly
s35926,Lucas Anderson,30,Male,Canada,1/24/2020,Yearly
s35927,Vihaan Hall,47,Female,UK,6/12/2021,Monthly
s35928,Vihaan Wilson,24,Female,India,3/24/2021,Monthly
s35929,Aarav Miller,24,Female,Canada,9/25/2020,Monthly
s35930,Aanya Hall,23,Other,Australia,10/14/2019,Monthly
s35931,Benjamin Johnson,30,Female,USA,5/28/2021,Monthly
s35932,Mia Smith,46,Other,India,12/22/2022,Free
s35933,Meera Sharma,37,Female,USA,2/23/2021,Free
s35934,Karan Lee,20,Female,UK,8/9/2019,Yearly
s35935,Noah Moore,25,Male,Germany,3/23/2021,Yearly
s35936,Liam Verma,19,Female,Canada,11/5/2019,Monthly
s35937,Benjamin Sharma,26,Other,UK,8/28/2019,Yearly
s35938,Zara Martin,36,Other,Germany,8/29/2021,Free
s35939,Zara Verma,55,Male,Australia,10/14/2021,Monthly
s35940,Ethan Martin,21,Female,India,12/18/2022,Free
s35941,Aanya Thomas,26,Male,UK,8/17/2020,Yearly
s35942,Lucas Wilson,27,Male,Australia,1/16/2020,Yearly
s35943,Ethan Miller,32,Male,UK,10/1/2019,Yearly
s35944,Noah Singh,29,Female,India,1/28/2021,Monthly
s35945,Sophia Thomas,22,Other,USA,4/5/2019,Free
s35946,Emma Verma,24,Other,Germany,8/5/2022,Monthly
s35947,Sophia Lee,18,Male,India,4/6/2019,Yearly
s35948,Emma Hall,19,Female,Germany,2/18/2022,Free
s35949,Isabella Martin,19,Female,Australia,6/12/2022,Monthly
s35950,Sophia Clark,24,Female,Australia,4/9/2020,Monthly
s35951,Vihaan Clark,22,Male,Australia,7/23/2021,Free
s35952,Arjun Anderson,27,Female,India,6/12/2021,Monthly
s35953,Lucas Brown,28,Male,Canada,3/11/2021,Yearly
s35954,Amelia Walker,23,Female,India,10/25/2020,Free
s35955,Liam Johnson,19,Other,Canada,5/11/2019,Yearly
s35956,Lucas Moore,19,Female,Germany,6/23/2020,Monthly
s35957,Lucas Taylor,29,Male,Australia,9/25/2022,Free
s35958,Karan Patel,31,Female,Australia,9/21/2020,Yearly
s35959,Meera Smith,22,Female,India,6/2/2019,Free
s35960,Emma Hall,27,Female,UK,10/15/2020,Monthly
s35961,Emma Thomas,25,Male,Germany,10/3/2022,Monthly
s35962,Benjamin Moore,46,Male,Germany,4/10/2019,Yearly
s35963,Vihaan Patel,18,Male,Canada,12/11/2020,Yearly
s35964,Aarav Brown,27,Other,USA,7/8/2020,Free
s35965,Riya Thomas,25,Female,USA,9/14/2022,Yearly
s35966,Olivia Martin,19,Female,USA,12/7/2019,Free
s35967,Lucas Thomas,40,Other,India,8/23/2021,Free
s35968,Ethan Taylor,27,Female,Canada,8/12/2021,Yearly
s35969,Emma Anderson,19,Male,USA,12/11/2022,Monthly
s35970,Vihaan Singh,55,Other,India,3/7/2019,Monthly
s35971,Meera Singh,22,Other,Canada,7/21/2021,Monthly
s35972,Liam Smith,24,Male,USA,7/24/2020,Yearly
s35973,Amelia Thomas,47,Other,Germany,3/17/2022,Monthly
s35974,Ethan Wilson,37,Male,India,1/22/2020,Monthly
s35975,Meera Lee,18,Female,India,9/6/2022,Monthly
s35976,Karan Patel,25,Other,Germany,10/16/2021,Monthly
s35977,Sophia Davis,22,Male,Australia,9/22/2021,Free
s35978,Arjun Lee,25,Female,Australia,8/21/2022,Yearly
s35979,Lucas Anderson,47,Male,Australia,9/18/2021,Monthly
s35980,Zara Walker,27,Other,Canada,11/2/2021,Yearly
s35981,Noah Lewis,60,Female,USA,11/3/2019,Free
s35982,Benjamin Anderson,44,Male,Canada,3/25/2021,Monthly
s35983,Meera Thomas,22,Other,Australia,3/7/2021,Yearly
s35984,Zara Walker,22,Female,Canada,9/5/2019,Yearly
s35985,Aarav Moore,43,Male,Germany,5/13/2020,Free
s35986,Liam Lewis,31,Female,Canada,5/10/2021,Free
s35987,Aanya Verma,32,Female,Australia,1/21/2022,Free
s35988,Zara Martin,25,Male,Germany,11/26/2021,Monthly
s35989,Karan Sharma,25,Other,Australia,9/15/2022,Monthly
s35990,Meera Singh,27,Male,USA,3/25/2021,Free
s35991,Sophia Clark,18,Female,Canada,11/1/2022,Yearly
s35992,Meera Lewis,18,Male,Australia,7/8/2020,Yearly
s35993,Zara Verma,67,Male,UK,6/13/2020,Free
s35994,Arjun Walker,18,Female,UK,1/31/2019,Monthly
s35995,Riya Hall,45,Female,UK,11/19/2021,Monthly
s35996,Sophia Verma,29,Other,Canada,2/27/2019,Free
s35997,Ethan Miller,18,Female,India,6/13/2020,Yearly
s35998,Olivia Davis,32,Male,USA,8/13/2020,Free
s35999,Isabella Patel,26,Female,India,8/28/2019,Yearly
s36000,Olivia Lewis,22,Female,India,4/17/2022,Free
s36001,Noah Johnson,25,Other,USA,7/5/2019,Monthly
s36002,Sophia Miller,22,Female,India,1/3/2022,Yearly
s36003,Riya Lewis,25,Female,USA,3/10/2019,Yearly
s36004,Isabella Thomas,42,Other,USA,3/16/2022,Monthly
s36005,Ethan Walker,21,Male,India,4/22/2019,Yearly
s36006,Noah Moore,27,Other,Germany,12/26/2022,Monthly
s36007,Liam Anderson,18,Other,Canada,7/13/2020,Free
s36008,Benjamin Taylor,23,Female,India,5/11/2021,Monthly
s36009,Riya Sharma,19,Other,Canada,1/14/2019,Yearly
s36010,Vihaan Hall,23,Other,Canada,10/15/2020,Monthly
s36011,Benjamin Hall,27,Male,USA,7/16/2020,Yearly
s36012,Mia Martin,24,Male,Australia,1/23/2022,Monthly
s36013,Vihaan Johnson,29,Other,USA,5/24/2021,Yearly
s36014,Emma Walker,23,Male,Canada,10/27/2020,Yearly
s36015,Arjun Verma,25,Male,Canada,1/10/2019,Free
s36016,Noah Lewis,19,Male,Australia,10/11/2019,Monthly
s36017,Amelia Moore,19,Male,Germany,6/7/2020,Yearly
s36018,Benjamin Martin,66,Female,India,6/15/2022,Yearly
s36019,Liam Taylor,27,Other,India,9/27/2021,Free
s36020,Karan Wilson,26,Other,Australia,4/16/2020,Monthly
s36021,Arjun Smith,27,Male,Germany,9/24/2019,Monthly
s36022,Benjamin Miller,43,Other,Australia,3/9/2021,Monthly
s36023,Meera Smith,40,Female,Germany,5/13/2021,Free
s36024,Noah Martin,26,Other,India,7/9/2021,Monthly
s36025,Lucas Hall,21,Male,Canada,7/31/2021,Yearly
s36026,Emma Clark,54,Male,USA,5/28/2020,Monthly
s36027,Noah Martin,26,Female,India,8/11/2020,Free
s36028,Benjamin Wilson,22,Female,USA,12/10/2021,Free
s36029,Olivia Singh,57,Male,Canada,8/30/2022,Free
s36030,Amelia Walker,25,Female,UK,5/10/2021,Monthly
s36031,Eva Moore,22,Female,India,5/29/2019,Monthly
s36032,Ethan Lewis,59,Male,India,12/1/2019,Monthly
s36033,Meera Johnson,63,Male,USA,10/16/2019,Monthly
s36034,Sophia Smith,45,Other,India,1/31/2020,Yearly
s36035,Aarav Moore,27,Female,India,11/8/2019,Yearly
s36036,Ethan Miller,36,Female,Canada,4/1/2021,Free
s36037,Riya Patel,21,Female,India,8/7/2020,Free
s36038,Zara Moore,59,Other,Canada,9/28/2021,Monthly
s36039,Amelia Miller,31,Male,USA,4/1/2020,Monthly
s36040,Zara Singh,61,Male,Australia,2/1/2019,Yearly
s36041,Karan Wilson,57,Male,India,11/7/2019,Yearly
s36042,Arjun Thomas,29,Male,Australia,11/15/2019,Free
s36043,Sophia Lewis,18,Male,Germany,12/22/2019,Yearly
s36044,Mia Taylor,22,Male,UK,1/10/2021,Free
s36045,Benjamin Hall,24,Male,India,10/27/2021,Monthly
s36046,Emma Taylor,29,Female,India,7/10/2019,Free
s36047,Aanya Walker,26,Female,India,6/28/2020,Free
s36048,Riya Smith,43,Other,UK,5/2/2020,Yearly
s36049,Mia Thomas,26,Other,UK,5/16/2022,Yearly
s36050,Ethan Verma,21,Other,Australia,6/8/2019,Monthly
s36051,Amelia Lewis,32,Other,Australia,1/1/2019,Monthly
s36052,Eva Lee,30,Female,UK,6/23/2022,Monthly
s36053,Lucas Martin,41,Male,Germany,5/31/2019,Monthly
s36054,Emma Taylor,18,Female,UK,10/12/2020,Yearly
s36055,Meera Moore,27,Other,UK,5/7/2021,Yearly
s36056,Olivia Anderson,18,Male,Canada,5/3/2020,Monthly
s36057,Liam Smith,41,Female,India,2/5/2021,Monthly
s36058,Isabella Davis,26,Male,USA,9/26/2020,Yearly
s36059,Aarav Hall,31,Other,Germany,1/10/2022,Free
s36060,Liam Wilson,25,Female,USA,3/12/2020,Yearly
s36061,Karan Singh,27,Female,Australia,11/24/2021,Yearly
s36062,Arjun Hall,21,Female,UK,10/23/2021,Yearly
s36063,Benjamin Martin,24,Male,Australia,2/19/2021,Monthly
s36064,Aarav Miller,19,Female,UK,10/9/2020,Free
s36065,Riya Hall,28,Male,Germany,8/11/2019,Yearly
s36066,Liam Sharma,49,Male,USA,2/11/2019,Free
s36067,Benjamin Anderson,28,Female,Australia,11/30/2022,Monthly
s36068,Lucas Taylor,19,Male,UK,1/9/2020,Free
s36069,Benjamin Brown,20,Female,USA,3/8/2022,Free
s36070,Emma Verma,26,Male,Canada,11/14/2021,Yearly
s36071,Olivia Verma,22,Male,India,1/2/2019,Monthly
s36072,Ethan Singh,25,Other,Australia,6/19/2020,Monthly
s36073,Riya Smith,55,Male,Australia,2/11/2021,Monthly
s36074,Olivia Singh,21,Male,India,8/3/2021,Free
s36075,Vihaan Verma,60,Other,Germany,4/8/2022,Yearly
s36076,Amelia Verma,20,Female,Germany,4/10/2019,Yearly
s36077,Arjun Davis,44,Male,USA,7/6/2020,Monthly
s36078,Karan Thomas,34,Other,Germany,5/1/2019,Monthly
s36079,Karan Verma,31,Other,Canada,8/1/2021,Monthly
s36080,Riya Lee,27,Other,Australia,8/21/2019,Yearly
s36081,Arjun Lewis,51,Female,USA,2/19/2019,Monthly
s36082,Meera Sharma,32,Male,Germany,10/26/2021,Yearly
s36083,Eva Sharma,44,Other,UK,8/12/2022,Yearly
s36084,Benjamin Sharma,26,Male,UK,4/7/2021,Monthly
s36085,Isabella Davis,21,Female,Canada,7/20/2019,Monthly
s36086,Liam Miller,38,Other,USA,7/12/2019,Free
s36087,Sophia Thomas,22,Male,Germany,3/28/2022,Free
s36088,Zara Miller,26,Other,Australia,6/13/2020,Free
s36089,Lucas Taylor,27,Other,India,6/4/2019,Monthly
s36090,Vihaan Hall,66,Other,India,1/30/2019,Monthly
s36091,Aanya Miller,19,Other,India,10/8/2021,Yearly
s36092,Noah Patel,27,Female,Canada,12/30/2019,Free
s36093,Zara Martin,42,Female,Canada,5/16/2019,Free
s36094,Karan Smith,40,Other,UK,7/4/2021,Monthly
s36095,Aarav Miller,39,Other,Australia,7/9/2020,Yearly
s36096,Vihaan Brown,19,Female,India,10/15/2021,Monthly
s36097,Riya Verma,22,Other,India,4/12/2019,Yearly
s36098,Emma Singh,21,Male,India,6/24/2021,Monthly
s36099,Sophia Johnson,23,Male,India,1/17/2020,Yearly
s36100,Noah Hall,22,Other,Canada,8/5/2022,Monthly
s36101,Meera Lee,19,Female,USA,12/22/2021,Yearly
s36102,Isabella Lewis,22,Other,Canada,1/12/2020,Yearly
s36103,Isabella Johnson,25,Other,USA,7/4/2019,Monthly
s36104,Eva Brown,31,Female,Canada,3/30/2020,Monthly
s36105,Noah Brown,50,Other,India,3/26/2022,Free
s36106,Riya Taylor,24,Other,Australia,12/6/2022,Monthly
s36107,Eva Moore,39,Other,Germany,3/22/2021,Free
s36108,Olivia Davis,42,Other,India,4/23/2020,Yearly
s36109,Aarav Lee,36,Male,UK,2/2/2020,Free
s36110,Olivia Sharma,23,Other,Australia,10/22/2020,Free
s36111,Noah Miller,21,Male,Australia,6/13/2020,Yearly
s36112,Sophia Sharma,19,Other,UK,7/8/2019,Monthly
s36113,Vihaan Martin,24,Male,UK,11/15/2022,Free
s36114,Zara Lewis,35,Other,USA,4/20/2021,Monthly
s36115,Aarav Hall,39,Male,Germany,11/12/2021,Free
s36116,Noah Sharma,19,Male,Australia,5/6/2022,Free
s36117,Benjamin Miller,22,Male,Canada,6/15/2022,Yearly
s36118,Karan Wilson,27,Other,India,1/27/2021,Yearly
s36119,Lucas Davis,20,Male,India,6/30/2020,Monthly
s36120,Noah Verma,26,Male,Germany,4/3/2019,Yearly
s36121,Arjun Brown,18,Other,Canada,9/6/2019,Free
s36122,Liam Wilson,39,Male,USA,5/13/2019,Yearly
s36123,Isabella Clark,65,Female,India,6/29/2020,Yearly
s36124,Eva Verma,28,Male,India,12/27/2020,Yearly
s36125,Isabella Verma,25,Female,USA,7/28/2021,Yearly
s36126,Zara Taylor,39,Other,India,1/23/2019,Free
s36127,Liam Taylor,24,Male,Australia,7/4/2019,Monthly
s36128,Zara Martin,26,Female,India,3/6/2020,Free
s36129,Amelia Moore,32,Male,Canada,4/9/2019,Monthly
s36130,Aanya Martin,52,Female,Germany,2/2/2020,Free
s36131,Benjamin Verma,22,Other,Germany,1/18/2022,Yearly
s36132,Noah Verma,27,Female,USA,8/10/2021,Monthly
s36133,Olivia Davis,44,Male,India,9/24/2021,Monthly
s36134,Zara Patel,59,Male,Canada,12/1/2020,Free
s36135,Sophia Singh,20,Male,USA,3/9/2019,Free
s36136,Mia Miller,23,Female,India,11/11/2020,Free
s36137,Vihaan Wilson,26,Other,USA,8/31/2021,Monthly
s36138,Aanya Patel,51,Female,USA,7/24/2019,Monthly
s36139,Ethan Clark,32,Female,India,10/10/2019,Monthly
s36140,Noah Taylor,18,Male,USA,1/2/2022,Monthly
s36141,Emma Patel,44,Female,India,1/20/2019,Free
s36142,Olivia Walker,20,Male,India,9/5/2020,Free
s36143,Aarav Walker,30,Female,India,12/29/2019,Monthly
s36144,Arjun Anderson,26,Other,Canada,10/27/2019,Yearly
s36145,Aanya Thomas,31,Other,USA,12/25/2022,Free
s36146,Mia Davis,20,Other,Germany,1/22/2021,Free
s36147,Benjamin Brown,27,Male,Australia,3/21/2020,Yearly
s36148,Sophia Verma,20,Other,Germany,3/15/2022,Free
s36149,Sophia Miller,41,Female,India,10/17/2020,Yearly
s36150,Amelia Patel,21,Female,Canada,7/31/2020,Yearly
s36151,Vihaan Miller,23,Male,USA,8/30/2020,Monthly
s36152,Arjun Sharma,42,Male,Canada,4/27/2022,Yearly
s36153,Karan Taylor,47,Female,Canada,8/4/2021,Monthly
s36154,Zara Singh,22,Female,Canada,9/9/2022,Yearly
s36155,Arjun Sharma,27,Other,UK,8/25/2022,Monthly
s36156,Isabella Davis,63,Female,Germany,4/14/2021,Yearly
s36157,Vihaan Lewis,22,Female,India,1/8/2019,Monthly
s36158,Mia Walker,23,Other,UK,9/4/2019,Monthly
s36159,Meera Miller,60,Other,India,5/9/2019,Yearly
s36160,Amelia Lee,18,Other,Germany,12/27/2021,Monthly
s36161,Arjun Brown,30,Male,UK,3/12/2019,Free
s36162,Sophia Anderson,31,Other,USA,11/14/2021,Monthly
s36163,Isabella Hall,27,Female,UK,7/6/2022,Monthly
s36164,Lucas Davis,18,Other,India,7/22/2022,Yearly
s36165,Ethan Lewis,42,Male,Canada,1/2/2020,Free
s36166,Noah Davis,29,Other,USA,6/18/2022,Free
s36167,Benjamin Miller,26,Female,UK,1/22/2021,Monthly
s36168,Aarav Lewis,37,Other,Australia,12/11/2020,Free
s36169,Liam Walker,54,Female,India,12/2/2022,Yearly
s36170,Olivia Thomas,18,Female,Canada,6/17/2020,Yearly
s36171,Amelia Thomas,23,Other,India,2/16/2022,Free
s36172,Riya Sharma,47,Male,India,11/17/2021,Yearly
s36173,Noah Wilson,20,Other,India,8/25/2021,Monthly
s36174,Arjun Johnson,24,Female,Australia,12/20/2021,Monthly
s36175,Eva Clark,22,Male,Germany,9/26/2020,Free
s36176,Ethan Verma,26,Other,Germany,10/17/2019,Free
s36177,Eva Singh,18,Female,Australia,5/30/2020,Free
s36178,Aanya Johnson,45,Male,India,4/25/2022,Yearly
s36179,Arjun Brown,19,Female,Germany,10/23/2022,Monthly
s36180,Karan Moore,22,Female,Germany,12/21/2019,Monthly
s36181,Meera Brown,20,Female,UK,12/2/2021,Free
s36182,Aanya Smith,36,Female,UK,8/22/2021,Monthly
s36183,Riya Johnson,25,Female,Canada,3/26/2021,Free
s36184,Riya Wilson,22,Female,Canada,3/19/2021,Free
s36185,Emma Hall,38,Other,Australia,2/26/2020,Yearly
s36186,Emma Clark,24,Female,UK,6/7/2019,Monthly
s36187,Amelia Moore,18,Female,UK,5/31/2022,Monthly
s36188,Benjamin Martin,18,Male,India,9/3/2019,Yearly
s36189,Riya Martin,25,Male,UK,12/9/2021,Monthly
s36190,Ethan Hall,58,Male,Germany,1/9/2022,Monthly
s36191,Emma Brown,23,Female,USA,8/23/2022,Yearly
s36192,Zara Lee,44,Other,Canada,12/27/2021,Free
s36193,Mia Hall,24,Other,India,6/8/2019,Yearly
s36194,Olivia Thomas,44,Other,UK,10/26/2021,Free
s36195,Arjun Davis,20,Female,Australia,6/7/2019,Yearly
s36196,Zara Verma,31,Female,USA,11/17/2019,Monthly
s36197,Amelia Davis,22,Other,Germany,11/24/2022,Monthly
s36198,Eva Brown,19,Male,UK,5/1/2022,Free
s36199,Vihaan Walker,35,Female,India,12/26/2022,Monthly
s36200,Aanya Sharma,28,Male,Germany,2/14/2021,Monthly
s36201,Benjamin Moore,23,Male,Canada,8/21/2019,Yearly
s36202,Sophia Moore,54,Male,Germany,2/8/2021,Yearly
s36203,Emma Wilson,24,Male,UK,11/27/2021,Free
s36204,Amelia Martin,44,Female,USA,8/16/2022,Yearly
s36205,Riya Anderson,23,Female,UK,5/26/2019,Free
s36206,Lucas Lee,21,Other,Australia,9/24/2021,Free
s36207,Sophia Wilson,24,Female,USA,7/17/2020,Monthly
s36208,Isabella Hall,45,Other,Germany,12/29/2022,Free
s36209,Noah Smith,58,Female,USA,11/30/2019,Free
s36210,Eva Clark,57,Other,Canada,4/7/2020,Free
s36211,Liam Lee,26,Male,Canada,3/8/2022,Free
s36212,Emma Johnson,25,Male,USA,11/6/2019,Yearly
s36213,Noah Wilson,24,Female,Australia,9/25/2022,Monthly
s36214,Vihaan Brown,36,Male,India,8/26/2019,Monthly
s36215,Noah Thomas,67,Male,Canada,6/21/2019,Monthly
s36216,Emma Clark,47,Male,USA,10/27/2021,Monthly
s36217,Liam Taylor,23,Female,USA,6/18/2019,Monthly
s36218,Karan Patel,18,Other,UK,9/14/2019,Monthly
s36219,Meera Patel,51,Female,Australia,1/24/2020,Free
s36220,Isabella Walker,24,Male,Germany,5/5/2022,Yearly
s36221,Riya Davis,31,Female,Australia,3/25/2019,Free
s36222,Liam Singh,18,Other,USA,5/6/2020,Monthly
s36223,Noah Clark,18,Male,Australia,5/7/2022,Free
s36224,Ethan Taylor,27,Male,Australia,11/22/2020,Free
s36225,Riya Taylor,27,Female,Canada,2/16/2021,Yearly
s36226,Eva Clark,45,Other,USA,3/15/2019,Free
s36227,Emma Patel,19,Female,Australia,10/14/2020,Free
s36228,Sophia Singh,48,Male,Australia,12/9/2022,Free
s36229,Zara Anderson,26,Female,Australia,12/23/2022,Monthly
s36230,Liam Taylor,23,Other,Germany,3/7/2022,Monthly
s36231,Karan Brown,54,Male,Australia,5/22/2019,Monthly
s36232,Noah Sharma,40,Male,Canada,8/28/2022,Monthly
s36233,Olivia Lewis,43,Male,Australia,7/2/2021,Monthly
s36234,Liam Thomas,26,Other,Germany,5/19/2021,Monthly
s36235,Sophia Sharma,30,Other,Germany,1/16/2019,Yearly
s36236,Zara Clark,21,Other,India,4/12/2019,Free
s36237,Vihaan Walker,27,Female,Germany,6/22/2020,Yearly
s36238,Amelia Thomas,25,Male,Canada,5/28/2019,Yearly
s36239,Zara Brown,19,Male,India,12/9/2019,Free
s36240,Sophia Wilson,25,Female,Australia,12/18/2021,Monthly
s36241,Riya Brown,33,Other,India,1/31/2021,Free
s36242,Karan Smith,29,Female,Canada,8/20/2022,Yearly
s36243,Aanya Lewis,19,Male,Canada,2/21/2022,Monthly
s36244,Isabella Verma,18,Male,UK,10/20/2020,Free
s36245,Benjamin Patel,37,Male,India,11/20/2019,Yearly
s36246,Eva Lewis,21,Other,USA,2/27/2020,Monthly
s36247,Riya Wilson,27,Male,Australia,9/12/2022,Monthly
s36248,Benjamin Taylor,40,Male,Germany,3/21/2021,Free
s36249,Eva Thomas,34,Other,Australia,12/29/2022,Yearly
s36250,Eva Lee,18,Male,Germany,11/18/2020,Monthly
s36251,Noah Johnson,51,Other,USA,2/2/2022,Free
s36252,Liam Miller,20,Other,India,4/23/2019,Monthly
s36253,Vihaan Wilson,33,Other,Australia,7/9/2022,Free
s36254,Sophia Walker,24,Other,UK,2/2/2019,Yearly
s36255,Isabella Anderson,26,Male,India,9/20/2020,Monthly
s36256,Zara Walker,25,Female,India,9/7/2019,Free
s36257,Emma Martin,47,Other,India,6/18/2022,Free
s36258,Isabella Smith,18,Male,Canada,6/19/2020,Monthly
s36259,Lucas Davis,47,Other,UK,5/6/2021,Monthly
s36260,Benjamin Hall,26,Other,Canada,11/27/2019,Monthly
s36261,Aarav Thomas,46,Female,Canada,2/28/2020,Free
s36262,Arjun Johnson,36,Female,UK,2/5/2019,Monthly
s36263,Ethan Johnson,46,Male,USA,7/11/2020,Yearly
s36264,Sophia Lee,19,Female,Australia,3/13/2021,Free
s36265,Benjamin Taylor,19,Male,Germany,6/14/2020,Free
s36266,Noah Brown,30,Other,India,5/31/2019,Free
s36267,Amelia Martin,24,Female,India,8/3/2020,Monthly
s36268,Meera Thomas,19,Male,India,4/3/2020,Yearly
s36269,Noah Wilson,20,Other,UK,12/9/2022,Yearly
s36270,Karan Taylor,23,Other,India,9/29/2019,Yearly
s36271,Olivia Thomas,47,Other,Germany,2/5/2019,Free
s36272,Sophia Johnson,43,Other,Australia,10/1/2022,Free
s36273,Mia Walker,27,Other,UK,11/20/2020,Yearly
s36274,Karan Verma,27,Other,UK,9/12/2022,Yearly
s36275,Vihaan Hall,28,Other,Canada,11/7/2020,Free
s36276,Zara Smith,56,Other,Germany,12/30/2020,Free
s36277,Amelia Verma,21,Female,Germany,3/28/2020,Yearly
s36278,Noah Brown,20,Male,Canada,1/31/2022,Yearly
s36279,Benjamin Miller,67,Female,Germany,2/29/2020,Yearly
s36280,Isabella Davis,18,Female,Australia,10/31/2022,Monthly
s36281,Liam Verma,26,Other,Canada,2/19/2021,Monthly
s36282,Noah Thomas,25,Female,Germany,11/2/2020,Monthly
s36283,Mia Singh,27,Female,Canada,3/9/2021,Monthly
s36284,Meera Lewis,23,Other,Germany,7/20/2022,Free
s36285,Ethan Taylor,22,Female,Australia,12/16/2019,Free
s36286,Mia Smith,20,Other,USA,3/26/2022,Yearly
s36287,Lucas Davis,18,Other,Australia,11/8/2021,Yearly
s36288,Mia Hall,27,Female,UK,2/17/2022,Monthly
s36289,Meera Sharma,22,Male,USA,7/19/2020,Yearly
s36290,Aanya Wilson,19,Female,India,4/27/2021,Free
s36291,Meera Anderson,18,Female,UK,3/18/2022,Monthly
s36292,Eva Clark,18,Female,USA,2/14/2021,Monthly
s36293,Aarav Clark,65,Male,India,6/4/2021,Monthly
s36294,Aarav Verma,20,Male,Australia,8/30/2020,Monthly
s36295,Mia Taylor,39,Other,UK,9/25/2021,Free
s36296,Aarav Smith,25,Other,Germany,5/17/2019,Monthly
s36297,Vihaan Lewis,22,Male,USA,1/7/2022,Free
s36298,Zara Lee,21,Male,Australia,1/1/2021,Yearly
s36299,Aanya Martin,63,Female,Germany,1/6/2020,Monthly
s36300,Ethan Brown,22,Female,UK,7/8/2022,Free
s36301,Eva Clark,23,Male,India,9/23/2021,Yearly
s36302,Zara Patel,19,Female,Germany,2/25/2022,Free
s36303,Arjun Wilson,52,Female,USA,10/22/2022,Yearly
s36304,Isabella Johnson,46,Female,Australia,5/9/2021,Monthly
s36305,Emma Smith,18,Male,Germany,6/2/2020,Free
s36306,Amelia Anderson,65,Other,India,5/1/2019,Monthly
s36307,Ethan Miller,27,Male,Germany,12/27/2019,Monthly
s36308,Amelia Wilson,21,Male,Germany,12/31/2020,Free
s36309,Meera Wilson,18,Male,Australia,3/28/2019,Monthly
s36310,Olivia Clark,23,Female,Canada,7/24/2021,Yearly
s36311,Riya Hall,37,Female,India,3/8/2019,Yearly
s36312,Meera Taylor,46,Female,Canada,1/3/2021,Yearly
s36313,Isabella Miller,27,Other,UK,12/26/2021,Yearly
s36314,Riya Martin,31,Female,USA,1/6/2019,Monthly
s36315,Riya Moore,19,Male,India,12/11/2022,Free
s36316,Ethan Lee,24,Other,USA,11/26/2021,Free
s36317,Lucas Martin,59,Other,UK,5/10/2019,Yearly
s36318,Arjun Verma,22,Female,USA,9/15/2021,Yearly
s36319,Sophia Lewis,37,Other,Germany,7/29/2022,Free
s36320,Zara Martin,20,Male,India,8/26/2021,Yearly
s36321,Olivia Davis,25,Female,Canada,4/27/2020,Monthly
s36322,Riya Moore,36,Female,Australia,1/5/2019,Monthly
s36323,Liam Singh,27,Other,USA,5/1/2022,Yearly
s36324,Olivia Brown,20,Other,USA,6/5/2021,Free
s36325,Liam Verma,26,Female,USA,1/20/2019,Monthly
s36326,Arjun Smith,24,Other,USA,10/12/2019,Yearly
s36327,Aarav Patel,20,Male,India,6/19/2019,Yearly
s36328,Amelia Walker,32,Male,UK,7/1/2019,Yearly
s36329,Amelia Patel,31,Female,USA,5/31/2022,Monthly
s36330,Ethan Sharma,27,Other,Australia,11/15/2020,Monthly
s36331,Sophia Taylor,19,Other,Canada,4/6/2019,Yearly
s36332,Emma Hall,47,Female,Germany,9/23/2022,Monthly
s36333,Ethan Singh,61,Female,Canada,1/19/2022,Monthly
s36334,Benjamin Smith,19,Other,Canada,5/9/2020,Yearly
s36335,Ethan Clark,33,Female,India,3/6/2020,Free
s36336,Olivia Smith,33,Female,Canada,11/3/2021,Free
s36337,Liam Anderson,18,Female,Canada,4/10/2019,Monthly
s36338,Eva Walker,18,Female,USA,9/5/2022,Yearly
s36339,Mia Verma,33,Other,USA,7/13/2022,Yearly
s36340,Mia Hall,23,Other,Australia,2/9/2020,Monthly
s36341,Aanya Brown,18,Male,India,8/11/2019,Yearly
s36342,Emma Walker,41,Male,India,11/12/2019,Free
s36343,Zara Taylor,24,Female,Canada,4/6/2020,Free
s36344,Vihaan Lewis,19,Other,Germany,12/1/2019,Free
s36345,Liam Sharma,27,Female,USA,10/23/2019,Monthly
s36346,Noah Taylor,26,Female,Canada,10/8/2022,Monthly
s36347,Aanya Lewis,22,Other,Germany,12/28/2019,Monthly
s36348,Noah Hall,52,Female,India,2/28/2022,Yearly
s36349,Vihaan Thomas,23,Other,Australia,9/28/2021,Yearly
s36350,Emma Singh,54,Female,Australia,2/22/2020,Monthly
s36351,Karan Lewis,25,Other,USA,8/21/2019,Yearly
s36352,Liam Smith,25,Female,Germany,2/3/2019,Yearly
s36353,Aarav Martin,39,Male,Germany,5/10/2021,Free
s36354,Olivia Brown,24,Other,USA,1/23/2019,Monthly
s36355,Vihaan Wilson,27,Other,Germany,11/11/2022,Free
s36356,Riya Johnson,25,Female,USA,12/13/2019,Yearly
s36357,Zara Martin,62,Other,UK,2/15/2021,Monthly
s36358,Mia Brown,21,Female,Australia,9/4/2020,Free
s36359,Olivia Sharma,32,Male,Canada,12/1/2020,Monthly
s36360,Ethan Hall,61,Female,Germany,8/13/2019,Monthly
s36361,Amelia Hall,25,Other,Australia,7/17/2019,Free
s36362,Zara Johnson,31,Other,UK,11/15/2022,Monthly
s36363,Noah Patel,41,Female,Canada,2/5/2020,Yearly
s36364,Mia Walker,25,Male,UK,6/19/2021,Yearly
s36365,Eva Davis,51,Male,Australia,8/24/2020,Monthly
s36366,Aanya Smith,39,Other,UK,9/22/2021,Monthly
s36367,Aanya Martin,21,Other,Germany,1/13/2020,Monthly
s36368,Aanya Miller,41,Male,USA,5/16/2019,Free
s36369,Amelia Walker,30,Female,India,12/2/2019,Monthly
s36370,Mia Lewis,29,Male,Australia,8/8/2021,Yearly
s36371,Emma Moore,35,Other,India,6/20/2022,Free
s36372,Isabella Clark,41,Female,Australia,5/9/2021,Free
s36373,Amelia Walker,36,Male,UK,8/19/2019,Free
s36374,Riya Walker,21,Male,UK,4/3/2019,Free
s36375,Mia Sharma,18,Other,Canada,4/11/2020,Monthly
s36376,Ethan Miller,55,Male,India,10/20/2021,Yearly
s36377,Aarav Moore,50,Other,Germany,6/9/2019,Yearly
s36378,Aarav Taylor,50,Female,UK,6/26/2022,Monthly
s36379,Mia Lee,25,Female,India,4/9/2021,Monthly
s36380,Riya Smith,25,Female,Canada,3/17/2021,Yearly
s36381,Aanya Martin,20,Male,UK,1/29/2022,Yearly
s36382,Lucas Verma,38,Other,Australia,1/26/2021,Free
s36383,Emma Moore,20,Female,Canada,11/30/2019,Yearly
s36384,Ethan Wilson,24,Male,Canada,3/17/2022,Yearly
s36385,Meera Thomas,42,Female,Australia,4/16/2019,Free
s36386,Olivia Singh,37,Female,India,5/27/2019,Yearly
s36387,Vihaan Patel,34,Other,India,1/31/2022,Yearly
s36388,Emma Singh,21,Other,UK,5/23/2019,Monthly
s36389,Meera Wilson,20,Other,India,10/10/2020,Yearly
s36390,Mia Davis,19,Other,USA,2/14/2019,Monthly
s36391,Riya Smith,59,Female,Australia,12/20/2019,Monthly
s36392,Sophia Verma,22,Other,UK,12/11/2021,Yearly
s36393,Isabella Sharma,22,Female,Canada,2/5/2021,Monthly
s36394,Emma Clark,19,Other,Australia,2/1/2022,Free
s36395,Meera Taylor,38,Male,USA,5/24/2021,Yearly
s36396,Aarav Brown,21,Male,Canada,10/5/2019,Monthly
s36397,Olivia Verma,19,Other,Australia,4/26/2020,Yearly
s36398,Vihaan Singh,43,Female,Canada,6/14/2021,Monthly
s36399,Sophia Smith,23,Male,India,1/12/2021,Monthly
s36400,Aanya Brown,18,Male,Canada,1/31/2022,Monthly
s36401,Noah Johnson,26,Female,UK,7/31/2022,Free
s36402,Zara Verma,18,Female,UK,12/30/2021,Monthly
s36403,Arjun Walker,39,Other,Germany,2/15/2021,Free
s36404,Aarav Thomas,20,Male,USA,10/29/2020,Free
s36405,Riya Moore,25,Other,India,9/4/2020,Monthly
s36406,Zara Wilson,19,Male,USA,11/9/2021,Yearly
s36407,Zara Walker,19,Female,UK,8/1/2019,Yearly
s36408,Aanya Patel,20,Male,Germany,6/20/2022,Monthly
s36409,Amelia Taylor,26,Other,UK,10/21/2022,Free
s36410,Isabella Wilson,35,Other,Canada,12/7/2020,Yearly
s36411,Benjamin Verma,45,Female,UK,6/26/2020,Yearly
s36412,Eva Taylor,37,Male,USA,4/23/2019,Yearly
s36413,Aarav Wilson,31,Female,Canada,4/16/2022,Free
s36414,Mia Martin,34,Male,USA,5/18/2022,Yearly
s36415,Lucas Moore,27,Other,USA,3/6/2020,Monthly
s36416,Meera Davis,41,Male,Canada,10/12/2022,Yearly
s36417,Emma Brown,20,Female,UK,7/11/2020,Yearly
s36418,Mia Smith,66,Male,India,8/4/2021,Monthly
s36419,Olivia Lee,38,Male,USA,2/25/2022,Free
s36420,Amelia Verma,25,Other,USA,4/25/2022,Free
s36421,Emma Walker,22,Other,India,12/28/2020,Yearly
s36422,Meera Patel,40,Female,Australia,3/4/2021,Monthly
s36423,Vihaan Singh,43,Female,Canada,11/13/2020,Monthly
s36424,Vihaan Moore,65,Male,USA,5/29/2021,Monthly
s36425,Arjun Thomas,19,Other,Germany,9/1/2019,Yearly
s36426,Isabella Sharma,22,Female,Canada,6/1/2020,Monthly
s36427,Eva Patel,40,Male,Germany,4/24/2021,Yearly
s36428,Vihaan Taylor,38,Male,Germany,10/1/2021,Free
s36429,Noah Clark,18,Other,Canada,7/3/2020,Yearly
s36430,Emma Patel,18,Male,Germany,12/19/2022,Monthly
s36431,Riya Wilson,27,Other,USA,11/6/2020,Free
s36432,Meera Verma,19,Other,Germany,8/4/2019,Yearly
s36433,Riya Verma,20,Female,USA,8/6/2021,Monthly
s36434,Benjamin Wilson,26,Female,UK,6/22/2019,Yearly
s36435,Sophia Davis,25,Other,UK,2/1/2022,Free
s36436,Amelia Wilson,22,Female,India,10/31/2022,Monthly
s36437,Ethan Moore,19,Male,Australia,9/28/2019,Monthly
s36438,Amelia Hall,22,Female,Canada,3/5/2021,Free
s36439,Olivia Patel,20,Female,Australia,6/26/2019,Yearly
s36440,Vihaan Taylor,24,Male,Canada,8/31/2020,Free
s36441,Noah Davis,27,Female,Australia,8/21/2021,Monthly
s36442,Noah Patel,33,Female,Canada,3/27/2022,Monthly
s36443,Eva Clark,19,Female,India,6/18/2021,Free
s36444,Sophia Miller,46,Female,Australia,11/5/2021,Yearly
s36445,Karan Patel,27,Male,Australia,12/11/2019,Free
s36446,Amelia Davis,40,Male,Australia,9/5/2020,Yearly
s36447,Isabella Verma,45,Male,Australia,10/27/2020,Monthly
s36448,Isabella Lewis,32,Other,Canada,3/9/2019,Free
s36449,Eva Brown,24,Female,USA,10/6/2019,Monthly
s36450,Aanya Moore,23,Female,India,2/24/2022,Free
s36451,Emma Smith,18,Female,Canada,9/6/2022,Free
s36452,Olivia Miller,46,Female,Germany,1/1/2020,Free
s36453,Isabella Moore,36,Other,USA,4/21/2019,Monthly
s36454,Aanya Wilson,36,Other,UK,12/24/2021,Yearly
s36455,Benjamin Davis,44,Male,India,8/25/2019,Monthly
s36456,Mia Brown,18,Male,Canada,1/8/2022,Monthly
s36457,Isabella Johnson,45,Male,UK,5/11/2020,Yearly
s36458,Vihaan Johnson,40,Male,Australia,7/6/2022,Monthly
s36459,Benjamin Lee,31,Male,UK,5/8/2021,Yearly
s36460,Benjamin Miller,21,Other,UK,12/18/2021,Yearly
s36461,Olivia Clark,20,Male,UK,2/7/2019,Monthly
s36462,Mia Hall,23,Other,UK,1/19/2022,Yearly
s36463,Riya Moore,45,Male,UK,7/25/2019,Monthly
s36464,Sophia Lewis,34,Female,Australia,1/7/2019,Monthly
s36465,Olivia Davis,36,Female,USA,1/13/2020,Free
s36466,Riya Moore,24,Male,India,7/8/2020,Monthly
s36467,Vihaan Thomas,21,Other,UK,10/10/2020,Free
s36468,Eva Hall,35,Female,Germany,3/23/2019,Free
s36469,Meera Miller,45,Other,USA,12/10/2020,Monthly
s36470,Emma Lewis,55,Other,USA,5/7/2019,Yearly
s36471,Noah Clark,19,Male,UK,9/22/2022,Monthly
s36472,Benjamin Lewis,28,Other,India,5/23/2022,Free
s36473,Vihaan Martin,29,Female,Germany,5/12/2019,Free
s36474,Emma Walker,20,Female,Canada,4/15/2021,Yearly
s36475,Vihaan Sharma,18,Other,Canada,4/11/2019,Yearly
s36476,Arjun Anderson,34,Other,Germany,10/22/2022,Monthly
s36477,Benjamin Walker,54,Male,India,1/12/2020,Monthly
s36478,Benjamin Martin,42,Female,Australia,4/11/2019,Free
s36479,Isabella Taylor,22,Female,Canada,7/22/2019,Yearly
s36480,Riya Davis,20,Other,India,8/10/2020,Free
s36481,Lucas Davis,32,Other,Australia,9/12/2019,Monthly
s36482,Vihaan Davis,23,Male,USA,6/24/2019,Yearly
s36483,Lucas Taylor,20,Male,Canada,2/6/2021,Monthly
s36484,Liam Miller,18,Female,India,6/29/2021,Yearly
s36485,Riya Singh,44,Female,Canada,11/12/2019,Free
s36486,Aanya Anderson,57,Female,USA,1/3/2022,Yearly
s36487,Liam Martin,35,Other,Australia,10/12/2021,Yearly
s36488,Isabella Walker,21,Female,USA,12/1/2020,Yearly
s36489,Emma Verma,28,Female,UK,6/13/2022,Monthly
s36490,Noah Verma,54,Female,UK,8/22/2022,Monthly
s36491,Lucas Thomas,24,Other,Australia,3/5/2022,Free
s36492,Liam Clark,65,Male,USA,6/7/2019,Yearly
s36493,Riya Singh,37,Female,Australia,10/5/2022,Monthly
s36494,Vihaan Johnson,41,Other,UK,11/26/2019,Monthly
s36495,Karan Anderson,20,Female,Germany,3/26/2020,Free
s36496,Amelia Clark,27,Male,India,11/8/2022,Monthly
s36497,Liam Brown,27,Other,USA,8/4/2020,Monthly
s36498,Eva Brown,22,Other,Germany,7/3/2019,Free
s36499,Eva Johnson,22,Male,India,9/25/2021,Yearly
s36500,Vihaan Miller,29,Other,USA,5/5/2019,Free
s36501,Aanya Johnson,20,Male,UK,6/5/2019,Free
s36502,Sophia Lee,26,Female,Canada,11/8/2019,Free
s36503,Benjamin Martin,35,Male,UK,8/5/2019,Yearly
s36504,Meera Thomas,25,Other,UK,7/21/2020,Free
s36505,Isabella Singh,23,Male,Australia,9/10/2020,Free
s36506,Zara Moore,25,Male,Germany,12/24/2020,Free
s36507,Isabella Smith,20,Other,Australia,11/19/2021,Free
s36508,Karan Hall,35,Other,Germany,2/22/2019,Monthly
s36509,Meera Thomas,28,Female,USA,1/9/2019,Free
s36510,Amelia Miller,18,Other,Canada,2/3/2019,Monthly
s36511,Benjamin Lewis,34,Other,Germany,12/18/2021,Free
s36512,Mia Moore,19,Male,UK,5/26/2022,Free
s36513,Benjamin Davis,19,Other,Australia,4/21/2019,Yearly
s36514,Riya Wilson,28,Female,Canada,11/23/2022,Yearly
s36515,Benjamin Sharma,46,Female,Australia,11/4/2021,Free
s36516,Aanya Singh,38,Male,India,10/23/2022,Free
s36517,Noah Clark,45,Other,Australia,10/26/2019,Yearly
s36518,Mia Patel,38,Female,Germany,5/19/2020,Free
s36519,Arjun Thomas,21,Male,Canada,1/8/2021,Free
s36520,Karan Moore,29,Male,India,5/18/2021,Yearly
s36521,Zara Smith,30,Male,Canada,10/14/2020,Free
s36522,Sophia Taylor,21,Other,Australia,10/9/2019,Yearly
s36523,Meera Patel,25,Female,Germany,4/22/2019,Yearly
s36524,Meera Hall,18,Male,Germany,11/21/2019,Yearly
s36525,Amelia Walker,18,Male,Australia,8/4/2020,Free
s36526,Aanya Patel,21,Female,USA,7/8/2019,Monthly
s36527,Isabella Moore,19,Other,India,1/14/2020,Yearly
s36528,Olivia Davis,19,Other,Germany,5/20/2022,Monthly
s36529,Olivia Lee,40,Male,Australia,7/1/2021,Monthly
s36530,Lucas Taylor,21,Female,UK,7/17/2020,Yearly
s36531,Noah Sharma,27,Male,Australia,6/27/2020,Monthly
s36532,Zara Taylor,62,Other,Canada,1/3/2020,Free
s36533,Zara Johnson,26,Female,Canada,3/19/2020,Yearly
s36534,Riya Thomas,23,Other,Australia,3/31/2019,Yearly
s36535,Arjun Martin,18,Female,USA,4/28/2020,Free
s36536,Zara Anderson,52,Male,Germany,11/27/2021,Free
s36537,Arjun Singh,41,Other,Canada,3/17/2019,Monthly
s36538,Meera Lee,39,Other,Australia,10/23/2019,Yearly
s36539,Aanya Smith,32,Female,India,6/5/2022,Monthly
s36540,Mia Thomas,40,Male,India,8/19/2019,Free
s36541,Zara Anderson,18,Male,Canada,7/8/2020,Monthly
s36542,Vihaan Davis,22,Female,USA,5/7/2022,Yearly
s36543,Ethan Thomas,24,Other,Germany,10/26/2019,Monthly
s36544,Vihaan Martin,23,Male,USA,8/19/2019,Yearly
s36545,Aarav Miller,46,Male,Canada,3/8/2022,Free
s36546,Benjamin Clark,18,Other,USA,9/6/2022,Yearly
s36547,Aarav Miller,19,Male,India,1/23/2019,Free
s36548,Aanya Singh,34,Female,India,6/3/2020,Yearly
s36549,Mia Singh,35,Other,USA,7/11/2020,Yearly
s36550,Liam Verma,18,Male,Canada,7/15/2021,Monthly
s36551,Benjamin Walker,26,Female,Germany,9/7/2022,Free
s36552,Amelia Clark,26,Male,Canada,4/5/2021,Free
s36553,Vihaan Smith,20,Male,Canada,5/27/2022,Yearly
s36554,Riya Clark,26,Male,India,7/23/2021,Free
s36555,Aanya Moore,23,Male,Germany,9/10/2022,Monthly
s36556,Vihaan Singh,19,Male,Canada,3/15/2021,Yearly
s36557,Sophia Thomas,22,Other,Australia,1/14/2020,Free
s36558,Amelia Patel,64,Female,USA,5/14/2019,Monthly
s36559,Noah Taylor,21,Male,USA,7/5/2022,Monthly
s36560,Zara Johnson,26,Male,UK,3/26/2020,Monthly
s36561,Sophia Singh,45,Male,USA,10/24/2019,Yearly
s36562,Amelia Patel,18,Other,Australia,6/3/2019,Free
s36563,Arjun Davis,28,Male,USA,4/5/2019,Monthly
s36564,Noah Walker,23,Female,Canada,3/17/2022,Yearly
s36565,Emma Davis,25,Male,India,12/6/2020,Free
s36566,Sophia Singh,45,Other,USA,11/11/2022,Free
s36567,Noah Verma,20,Other,Australia,6/3/2019,Yearly
s36568,Aanya Wilson,52,Male,USA,8/8/2021,Free
s36569,Emma Hall,27,Female,USA,2/8/2020,Free
s36570,Eva Miller,20,Female,Canada,6/15/2020,Monthly
s36571,Isabella Lee,30,Female,USA,7/29/2019,Free
s36572,Amelia Smith,25,Male,UK,5/2/2022,Monthly
s36573,Emma Brown,41,Other,Canada,2/4/2021,Monthly
s36574,Sophia Lewis,30,Female,Germany,2/23/2019,Free
s36575,Meera Wilson,23,Other,USA,4/23/2022,Yearly
s36576,Meera Davis,26,Female,Canada,1/24/2020,Yearly
s36577,Noah Singh,32,Other,Australia,10/7/2020,Yearly
s36578,Aanya Wilson,44,Male,India,4/30/2020,Free
s36579,Meera Miller,27,Female,UK,8/26/2019,Free
s36580,Eva Martin,31,Female,UK,4/26/2019,Yearly
s36581,Aarav Smith,18,Male,USA,4/21/2020,Yearly
s36582,Riya Clark,20,Other,Australia,7/11/2019,Free
s36583,Benjamin Sharma,31,Other,Canada,10/31/2021,Monthly
s36584,Vihaan Martin,20,Female,USA,4/17/2022,Free
s36585,Isabella Taylor,18,Female,UK,3/17/2022,Yearly
s36586,Karan Moore,60,Female,Germany,1/28/2022,Monthly
s36587,Zara Singh,51,Other,Australia,12/19/2021,Monthly
s36588,Vihaan Taylor,24,Male,Canada,6/13/2019,Free
s36589,Meera Miller,27,Female,Australia,10/12/2021,Yearly
s36590,Olivia Clark,46,Male,Australia,12/31/2021,Yearly
s36591,Ethan Thomas,38,Female,Australia,8/10/2020,Yearly
s36592,Meera Sharma,19,Male,USA,8/21/2021,Yearly
s36593,Meera Lewis,63,Other,India,8/13/2021,Free
s36594,Karan Taylor,23,Other,India,12/25/2020,Yearly
s36595,Aarav Taylor,24,Male,UK,12/7/2022,Free
s36596,Isabella Verma,24,Female,UK,11/27/2020,Monthly
s36597,Ethan Martin,21,Other,USA,6/26/2022,Monthly
s36598,Meera Thomas,26,Male,Germany,6/30/2021,Monthly
s36599,Liam Brown,20,Male,India,2/22/2021,Monthly
s36600,Riya Martin,23,Female,UK,4/27/2022,Yearly
s36601,Ethan Singh,30,Other,USA,12/9/2021,Yearly
s36602,Vihaan Martin,26,Male,India,1/8/2019,Yearly
s36603,Meera Thomas,24,Other,Canada,5/30/2022,Yearly
s36604,Karan Thomas,44,Female,UK,2/6/2019,Free
s36605,Arjun Verma,38,Other,India,2/3/2021,Monthly
s36606,Aanya Smith,20,Female,Australia,6/26/2021,Monthly
s36607,Benjamin Hall,25,Female,Germany,10/21/2020,Free
s36608,Isabella Moore,55,Male,Canada,10/17/2020,Yearly
s36609,Isabella Brown,22,Male,Canada,4/18/2021,Monthly
s36610,Amelia Anderson,64,Male,India,6/13/2019,Free
s36611,Aarav Verma,30,Female,Canada,11/1/2021,Free
s36612,Eva Hall,24,Other,Germany,12/14/2021,Yearly
s36613,Aarav Lee,30,Male,India,5/8/2021,Free
s36614,Aarav Thomas,34,Female,Germany,12/6/2019,Yearly
s36615,Mia Patel,54,Other,India,5/31/2019,Monthly
s36616,Vihaan Martin,26,Female,India,8/23/2019,Yearly
s36617,Riya Wilson,34,Male,India,8/25/2020,Free
s36618,Liam Lee,51,Other,India,5/27/2019,Yearly
s36619,Vihaan Martin,21,Other,Australia,4/10/2019,Free
s36620,Benjamin Martin,33,Other,USA,2/19/2021,Free
s36621,Aanya Sharma,63,Female,Canada,9/13/2022,Yearly
s36622,Arjun Verma,47,Male,UK,8/18/2021,Yearly
s36623,Aanya Hall,18,Other,UK,10/31/2022,Yearly
s36624,Liam Verma,22,Female,India,5/16/2021,Yearly
s36625,Lucas Lewis,29,Male,Australia,3/16/2020,Free
s36626,Benjamin Clark,63,Female,USA,5/24/2022,Monthly
s36627,Riya Brown,27,Male,USA,4/4/2020,Free
s36628,Mia Walker,41,Male,UK,10/19/2021,Yearly
s36629,Karan Hall,19,Other,USA,7/20/2020,Free
s36630,Sophia Martin,19,Female,USA,5/30/2020,Monthly
s36631,Liam Clark,51,Male,UK,12/4/2019,Monthly
s36632,Arjun Walker,23,Female,Canada,2/25/2022,Monthly
s36633,Riya Davis,43,Other,Australia,3/28/2022,Free
s36634,Emma Anderson,24,Other,India,3/15/2022,Free
s36635,Arjun Lee,22,Male,Australia,1/14/2021,Monthly
s36636,Noah Anderson,42,Male,Canada,4/3/2021,Yearly
s36637,Eva Anderson,56,Male,Canada,6/7/2022,Yearly
s36638,Mia Verma,27,Male,UK,6/22/2022,Yearly
s36639,Benjamin Johnson,18,Other,India,12/25/2022,Free
s36640,Eva Miller,45,Other,Australia,8/28/2022,Free
s36641,Isabella Hall,20,Female,Canada,10/4/2020,Monthly
s36642,Vihaan Wilson,27,Other,UK,3/4/2021,Yearly
s36643,Meera Thomas,19,Female,India,3/7/2022,Free
s36644,Aanya Verma,23,Other,Australia,8/10/2022,Yearly
s36645,Emma Clark,20,Other,Canada,3/30/2019,Yearly
s36646,Amelia Brown,52,Male,Germany,8/1/2022,Free
s36647,Eva Hall,23,Other,India,7/21/2021,Free
s36648,Karan Patel,37,Female,Canada,12/28/2021,Yearly
s36649,Meera Patel,24,Female,USA,5/13/2020,Free
s36650,Mia Taylor,22,Other,Canada,4/27/2022,Yearly
s36651,Aarav Taylor,52,Other,Germany,1/3/2020,Monthly
s36652,Eva Singh,19,Male,Canada,5/19/2022,Monthly
s36653,Emma Moore,28,Other,USA,7/23/2022,Free
s36654,Mia Clark,20,Female,UK,4/11/2022,Monthly
s36655,Olivia Johnson,18,Male,Germany,12/20/2019,Yearly
s36656,Meera Moore,18,Other,India,6/20/2022,Monthly
s36657,Emma Martin,18,Female,India,5/30/2022,Yearly
s36658,Noah Singh,23,Female,Canada,6/4/2022,Yearly
s36659,Lucas Davis,33,Other,Australia,12/22/2022,Yearly
s36660,Aarav Miller,60,Other,India,9/2/2019,Free
s36661,Vihaan Verma,38,Other,Canada,9/29/2019,Yearly
s36662,Sophia Walker,25,Other,Germany,7/18/2020,Yearly
s36663,Riya Johnson,21,Male,Australia,10/19/2021,Monthly
s36664,Ethan Lee,34,Other,Canada,10/31/2021,Yearly
s36665,Arjun Moore,24,Male,Germany,2/4/2022,Yearly
s36666,Eva Taylor,18,Female,India,11/6/2022,Yearly
s36667,Ethan Thomas,19,Female,USA,9/15/2022,Monthly
s36668,Amelia Clark,23,Male,Australia,5/9/2021,Free
s36669,Ethan Thomas,45,Female,Germany,9/24/2022,Monthly
s36670,Benjamin Miller,23,Other,USA,1/28/2020,Free
s36671,Vihaan Miller,19,Male,USA,8/10/2020,Free
s36672,Benjamin Verma,36,Male,Germany,6/19/2021,Monthly
s36673,Vihaan Brown,23,Male,UK,11/14/2021,Yearly
s36674,Lucas Brown,34,Male,Germany,9/30/2021,Monthly
s36675,Noah Miller,19,Female,Germany,12/23/2021,Free
s36676,Benjamin Brown,52,Female,Germany,4/18/2021,Yearly
s36677,Arjun Clark,25,Other,UK,5/23/2019,Yearly
s36678,Meera Johnson,21,Other,Canada,2/23/2022,Free
s36679,Amelia Johnson,22,Other,Canada,5/27/2019,Yearly
s36680,Lucas Smith,29,Female,Australia,2/18/2022,Yearly
s36681,Noah Patel,24,Male,USA,12/1/2020,Free
s36682,Lucas Clark,26,Male,Germany,6/18/2021,Monthly
s36683,Meera Martin,47,Other,India,6/9/2019,Monthly
s36684,Sophia Smith,67,Male,UK,8/29/2022,Monthly
s36685,Riya Lewis,40,Male,USA,6/2/2019,Free
s36686,Aarav Walker,27,Female,USA,9/23/2019,Free
s36687,Mia Taylor,24,Male,Canada,12/18/2022,Yearly
s36688,Lucas Clark,20,Other,UK,7/18/2022,Monthly
s36689,Isabella Davis,18,Other,UK,11/10/2019,Monthly
s36690,Zara Lee,67,Other,USA,10/2/2020,Free
s36691,Amelia Johnson,32,Female,Australia,1/17/2020,Monthly
s36692,Meera Anderson,32,Other,Canada,7/30/2020,Free
s36693,Zara Hall,38,Other,India,2/28/2022,Yearly
s36694,Karan Sharma,52,Male,USA,10/2/2020,Monthly
s36695,Meera Walker,33,Other,UK,10/18/2022,Yearly
s36696,Vihaan Clark,24,Female,UK,1/1/2019,Yearly
s36697,Zara Clark,65,Female,India,9/1/2022,Yearly
s36698,Mia Anderson,19,Other,UK,11/28/2021,Free
s36699,Mia Taylor,27,Female,India,6/4/2022,Free
s36700,Arjun Walker,23,Male,India,3/3/2021,Free
s36701,Zara Patel,29,Male,India,1/8/2019,Yearly
s36702,Noah Smith,27,Male,Canada,7/12/2022,Free
s36703,Meera Patel,21,Other,Canada,6/28/2019,Yearly
s36704,Noah Miller,35,Female,Canada,5/3/2022,Monthly
s36705,Amelia Patel,19,Other,Germany,6/22/2022,Monthly
s36706,Meera Brown,40,Male,USA,5/21/2021,Free
s36707,Arjun Patel,27,Male,Canada,10/12/2019,Free
s36708,Aanya Martin,22,Male,USA,4/8/2020,Yearly
s36709,Benjamin Patel,23,Male,India,5/10/2019,Monthly
s36710,Aarav Sharma,31,Other,UK,1/13/2022,Monthly
s36711,Benjamin Davis,39,Female,Australia,3/14/2020,Monthly
s36712,Emma Smith,25,Male,India,8/1/2022,Free
s36713,Noah Patel,18,Male,Germany,5/13/2019,Free
s36714,Aarav Johnson,19,Female,UK,10/21/2021,Yearly
s36715,Ethan Wilson,54,Male,UK,2/21/2022,Free
s36716,Aanya Lee,24,Other,UK,1/1/2021,Monthly
s36717,Isabella Hall,40,Male,Canada,8/19/2021,Free
s36718,Eva Verma,24,Female,UK,4/17/2019,Yearly
s36719,Aanya Moore,57,Female,Canada,12/16/2020,Yearly
s36720,Arjun Anderson,18,Male,USA,7/29/2021,Monthly
s36721,Eva Johnson,67,Female,India,9/5/2019,Free
s36722,Mia Singh,36,Other,India,9/1/2022,Yearly
s36723,Lucas Smith,24,Female,Canada,5/16/2019,Yearly
s36724,Mia Hall,19,Male,India,5/9/2022,Yearly
s36725,Ethan Hall,49,Other,Canada,9/9/2019,Yearly
s36726,Sophia Lewis,62,Male,Canada,4/19/2021,Free
s36727,Eva Moore,21,Male,UK,10/12/2022,Yearly
s36728,Vihaan Miller,24,Female,USA,4/13/2022,Free
s36729,Ethan Singh,24,Male,Canada,1/4/2021,Monthly
s36730,Mia Miller,27,Female,Canada,4/25/2019,Free
s36731,Liam Patel,26,Other,Australia,10/9/2021,Free
s36732,Isabella Clark,43,Other,India,9/22/2019,Yearly
s36733,Liam Taylor,20,Female,India,1/14/2020,Free
s36734,Mia Davis,22,Other,India,2/17/2020,Free
s36735,Zara Davis,66,Male,USA,3/28/2020,Yearly
s36736,Lucas Anderson,25,Other,India,1/26/2021,Monthly
s36737,Lucas Smith,26,Male,Germany,9/25/2021,Monthly
s36738,Aanya Brown,43,Other,Canada,9/11/2019,Yearly
s36739,Mia Sharma,45,Other,Germany,12/16/2021,Monthly
s36740,Isabella Moore,21,Other,Germany,3/15/2020,Free
s36741,Sophia Patel,20,Other,India,4/14/2020,Free
s36742,Sophia Anderson,21,Female,Canada,3/11/2022,Monthly
s36743,Sophia Clark,29,Male,India,5/18/2020,Monthly
s36744,Liam Thomas,24,Female,USA,8/10/2020,Yearly
s36745,Eva Taylor,26,Female,India,4/29/2021,Free
s36746,Isabella Martin,53,Other,Australia,10/21/2020,Yearly
s36747,Eva Moore,18,Male,USA,11/14/2021,Monthly
s36748,Eva Moore,36,Female,India,5/23/2022,Monthly
s36749,Riya Lewis,23,Female,Australia,5/12/2022,Monthly
s36750,Sophia Martin,42,Female,Germany,2/4/2019,Monthly
s36751,Olivia Hall,20,Other,Germany,11/23/2022,Monthly
s36752,Ethan Wilson,20,Other,India,10/25/2022,Monthly
s36753,Amelia Wilson,25,Male,UK,8/10/2019,Free
s36754,Aarav Thomas,19,Female,UK,3/15/2020,Free
s36755,Benjamin Verma,26,Female,UK,11/7/2022,Monthly
s36756,Eva Davis,28,Other,USA,7/25/2020,Free
s36757,Mia Martin,21,Male,India,12/8/2021,Yearly
s36758,Ethan Thomas,63,Female,India,11/24/2022,Free
s36759,Benjamin Singh,25,Other,USA,12/13/2021,Free
s36760,Isabella Johnson,43,Male,Australia,8/1/2020,Monthly
s36761,Mia Sharma,46,Other,India,10/17/2019,Free
s36762,Eva Wilson,23,Female,USA,10/13/2020,Monthly
s36763,Riya Brown,42,Male,USA,2/7/2019,Free
s36764,Karan Wilson,26,Male,Canada,1/11/2020,Free
s36765,Isabella Taylor,66,Female,UK,6/22/2019,Monthly
s36766,Emma Davis,25,Other,India,12/2/2020,Free
s36767,Aarav Lee,23,Other,Germany,2/27/2021,Yearly
s36768,Aanya Davis,39,Male,Australia,8/23/2020,Monthly
s36769,Benjamin Miller,40,Male,India,5/22/2022,Yearly
s36770,Isabella Hall,42,Female,Australia,10/23/2022,Free
s36771,Zara Lewis,25,Other,Australia,3/25/2021,Free
s36772,Lucas Moore,19,Female,Germany,5/7/2021,Monthly
s36773,Amelia Moore,45,Male,Germany,9/29/2021,Monthly
s36774,Olivia Johnson,24,Male,Canada,12/4/2021,Yearly
s36775,Vihaan Hall,31,Other,India,11/15/2022,Monthly
s36776,Amelia Walker,21,Other,Australia,5/26/2022,Monthly
s36777,Eva Anderson,60,Other,UK,7/2/2022,Free
s36778,Emma Lee,21,Other,Australia,12/24/2020,Free
s36779,Zara Clark,27,Male,Australia,1/31/2020,Free
s36780,Vihaan Anderson,26,Male,Germany,11/18/2020,Free
s36781,Zara Lee,66,Female,USA,6/26/2019,Free
s36782,Emma Taylor,23,Female,USA,3/9/2022,Yearly
s36783,Meera Singh,25,Female,Canada,7/18/2022,Yearly
s36784,Emma Verma,23,Other,Australia,6/5/2019,Yearly
s36785,Aanya Singh,39,Male,USA,12/6/2022,Yearly
s36786,Meera Moore,21,Other,USA,7/24/2021,Monthly
s36787,Meera Lee,24,Male,UK,2/10/2021,Monthly
s36788,Karan Singh,32,Other,USA,8/9/2020,Free
s36789,Liam Sharma,19,Male,India,4/23/2020,Free
s36790,Aanya Miller,39,Female,Canada,6/8/2020,Yearly
s36791,Vihaan Clark,18,Male,Germany,4/14/2020,Free
s36792,Karan Clark,21,Male,Australia,5/30/2022,Free
s36793,Mia Hall,50,Male,Canada,4/2/2020,Yearly
s36794,Aarav Brown,44,Other,UK,12/28/2021,Yearly
s36795,Olivia Johnson,26,Other,Canada,12/20/2019,Yearly
s36796,Noah Johnson,24,Other,Australia,10/1/2022,Free
s36797,Isabella Miller,39,Male,India,11/23/2019,Monthly
s36798,Sophia Singh,28,Other,Australia,10/9/2021,Free
s36799,Riya Lewis,26,Other,Australia,2/19/2022,Free
s36800,Noah Anderson,21,Female,Australia,11/22/2022,Yearly
s36801,Vihaan Verma,24,Other,Germany,12/2/2021,Free
s36802,Zara Lewis,56,Male,Germany,11/3/2019,Free
s36803,Amelia Clark,25,Male,UK,12/4/2020,Yearly
s36804,Liam Wilson,18,Other,Australia,7/25/2021,Yearly
s36805,Aanya Davis,20,Female,Germany,11/10/2019,Yearly
s36806,Zara Anderson,26,Male,India,11/10/2019,Monthly
s36807,Lucas Anderson,19,Other,India,4/10/2019,Monthly
s36808,Emma Sharma,25,Other,India,11/13/2020,Free
s36809,Arjun Johnson,25,Other,India,9/10/2021,Monthly
s36810,Emma Singh,33,Other,India,7/24/2022,Yearly
s36811,Riya Lewis,24,Male,Australia,6/17/2021,Free
s36812,Aarav Brown,24,Other,UK,5/7/2019,Monthly
s36813,Amelia Clark,29,Other,USA,3/20/2020,Yearly
s36814,Sophia Moore,22,Other,Canada,10/7/2021,Yearly
s36815,Noah Johnson,23,Male,Australia,6/8/2021,Yearly
s36816,Arjun Patel,47,Female,India,8/4/2019,Monthly
s36817,Liam Wilson,21,Male,UK,7/5/2021,Monthly
s36818,Olivia Clark,43,Other,India,8/28/2022,Free
s36819,Olivia Sharma,22,Female,Canada,11/12/2022,Free
s36820,Ethan Miller,22,Male,Germany,1/28/2022,Monthly
s36821,Ethan Martin,37,Male,Australia,3/25/2019,Free
s36822,Aanya Lewis,22,Male,India,11/12/2021,Yearly
s36823,Karan Walker,21,Other,Australia,12/12/2020,Yearly
s36824,Aanya Lewis,25,Other,India,5/1/2021,Monthly
s36825,Benjamin Singh,22,Male,UK,1/8/2020,Monthly
s36826,Aanya Verma,20,Female,India,2/28/2021,Free
s36827,Noah Miller,25,Other,Australia,12/17/2022,Free
s36828,Benjamin Smith,24,Other,India,5/16/2019,Yearly
s36829,Meera Walker,21,Male,Canada,1/30/2021,Free
s36830,Sophia Anderson,46,Other,UK,7/2/2019,Monthly
s36831,Benjamin Wilson,21,Other,India,11/21/2022,Monthly
s36832,Eva Sharma,24,Female,Germany,6/24/2020,Free
s36833,Aarav Wilson,63,Female,Canada,5/5/2021,Yearly
s36834,Riya Taylor,48,Female,Canada,4/13/2019,Yearly
s36835,Eva Walker,25,Male,UK,4/11/2022,Monthly
s36836,Mia Davis,65,Other,Canada,11/16/2022,Free
s36837,Mia Martin,27,Female,USA,4/2/2020,Monthly
s36838,Isabella Verma,44,Male,India,7/9/2020,Yearly
s36839,Lucas Hall,26,Male,India,4/30/2019,Yearly
s36840,Karan Hall,21,Other,UK,9/15/2019,Yearly
s36841,Eva Miller,24,Other,Germany,12/28/2022,Monthly
s36842,Amelia Clark,20,Female,UK,6/1/2022,Free
s36843,Arjun Verma,34,Male,India,3/3/2020,Monthly
s36844,Emma Patel,19,Male,Australia,3/1/2021,Monthly
s36845,Aarav Moore,56,Female,Canada,11/5/2021,Yearly
s36846,Zara Thomas,22,Male,India,4/15/2022,Free
s36847,Emma Taylor,27,Female,USA,12/8/2022,Yearly
s36848,Liam Taylor,21,Male,Germany,3/7/2021,Monthly
s36849,Liam Lewis,19,Male,USA,11/21/2019,Monthly
s36850,Lucas Patel,23,Other,USA,12/19/2020,Monthly
s36851,Aanya Clark,31,Male,India,3/25/2021,Monthly
s36852,Olivia Taylor,26,Other,Canada,11/25/2019,Free
s36853,Aarav Smith,27,Other,Germany,11/29/2022,Monthly
s36854,Eva Brown,27,Male,Canada,1/29/2019,Yearly
s36855,Lucas Lee,44,Other,India,3/2/2022,Yearly
s36856,Zara Lee,27,Other,USA,6/24/2021,Monthly
s36857,Karan Davis,44,Other,India,9/27/2021,Free
s36858,Aarav Martin,61,Other,Australia,12/12/2020,Yearly
s36859,Olivia Patel,18,Male,USA,1/10/2021,Free
s36860,Ethan Lee,56,Male,Germany,9/17/2022,Monthly
s36861,Aanya Lewis,20,Other,UK,10/16/2020,Free
s36862,Arjun Wilson,22,Male,USA,7/1/2020,Monthly
s36863,Mia Moore,25,Female,USA,10/24/2019,Monthly
s36864,Eva Miller,37,Female,Australia,8/8/2022,Yearly
s36865,Sophia Hall,44,Female,India,1/22/2020,Yearly
s36866,Eva Davis,32,Male,UK,12/10/2022,Yearly
s36867,Mia Martin,24,Other,UK,7/19/2020,Free
s36868,Aanya Taylor,25,Male,Australia,2/21/2020,Monthly
s36869,Isabella Johnson,28,Male,Canada,6/27/2021,Free
s36870,Meera Patel,30,Male,Germany,10/16/2020,Monthly
s36871,Meera Lewis,36,Other,India,4/6/2019,Yearly
s36872,Eva Clark,19,Male,Canada,11/25/2020,Monthly
s36873,Karan Wilson,45,Male,India,11/17/2020,Yearly
s36874,Karan Taylor,63,Male,Canada,7/31/2022,Monthly
s36875,Riya Walker,26,Female,Australia,11/22/2021,Monthly
s36876,Zara Lee,24,Male,Canada,9/25/2019,Monthly
s36877,Isabella Anderson,32,Male,Australia,7/2/2021,Monthly
s36878,Zara Johnson,22,Other,Canada,2/18/2022,Yearly
s36879,Meera Walker,24,Other,Canada,10/10/2020,Free
s36880,Amelia Singh,20,Other,UK,12/10/2022,Free
s36881,Meera Verma,25,Other,Germany,6/8/2020,Yearly
s36882,Zara Hall,41,Male,UK,5/25/2022,Monthly
s36883,Lucas Lewis,26,Male,India,5/26/2020,Monthly
s36884,Riya Patel,45,Other,Germany,12/18/2022,Free
s36885,Vihaan Lewis,61,Male,Australia,5/9/2021,Free
s36886,Emma Walker,32,Other,USA,11/8/2021,Yearly
s36887,Sophia Martin,32,Male,India,2/17/2021,Yearly
s36888,Meera Taylor,18,Other,Australia,4/11/2022,Monthly
s36889,Vihaan Singh,19,Male,Canada,9/19/2020,Monthly
s36890,Noah Singh,23,Other,UK,7/3/2021,Monthly
s36891,Vihaan Thomas,25,Female,Germany,10/19/2020,Yearly
s36892,Olivia Singh,27,Other,Germany,7/1/2021,Yearly
s36893,Lucas Johnson,26,Male,Canada,9/23/2019,Yearly
s36894,Mia Davis,25,Other,USA,8/30/2022,Free
s36895,Sophia Sharma,26,Female,UK,11/11/2020,Yearly
s36896,Mia Miller,21,Male,UK,8/11/2020,Monthly
s36897,Liam Sharma,19,Female,USA,7/8/2019,Free
s36898,Arjun Verma,22,Other,Canada,7/12/2022,Yearly
s36899,Meera Miller,18,Other,Canada,9/28/2022,Monthly
s36900,Noah Anderson,24,Male,India,10/9/2022,Monthly
s36901,Amelia Martin,25,Other,UK,11/4/2022,Monthly
s36902,Riya Verma,57,Other,Germany,11/27/2020,Yearly
s36903,Olivia Thomas,26,Female,India,3/6/2021,Free
s36904,Olivia Clark,42,Other,Canada,9/7/2019,Yearly
s36905,Mia Lewis,39,Male,Canada,5/13/2021,Yearly
s36906,Amelia Davis,38,Female,USA,2/20/2019,Monthly
s36907,Vihaan Taylor,27,Other,Canada,4/4/2019,Yearly
s36908,Vihaan Miller,19,Female,USA,10/11/2021,Monthly
s36909,Sophia Clark,20,Other,Australia,12/15/2021,Yearly
s36910,Aanya Walker,30,Female,Canada,6/21/2022,Yearly
s36911,Lucas Miller,24,Female,Germany,11/17/2021,Yearly
s36912,Liam Moore,38,Female,Canada,6/1/2019,Free
s36913,Arjun Lewis,25,Female,Germany,6/5/2022,Free
s36914,Meera Thomas,27,Male,USA,10/27/2021,Yearly
s36915,Olivia Brown,27,Male,USA,8/12/2020,Free
s36916,Sophia Davis,27,Other,USA,6/23/2020,Free
s36917,Lucas Verma,23,Female,Australia,2/17/2021,Free
s36918,Benjamin Brown,20,Other,UK,5/26/2022,Free
s36919,Olivia Sharma,20,Male,USA,2/22/2021,Free
s36920,Vihaan Anderson,34,Male,Canada,10/26/2019,Monthly
s36921,Karan Lewis,20,Female,India,5/30/2021,Free
s36922,Liam Clark,50,Other,UK,4/30/2020,Yearly
s36923,Sophia Johnson,28,Male,UK,1/6/2020,Yearly
s36924,Amelia Lee,44,Other,Canada,2/1/2021,Free
s36925,Lucas Anderson,59,Male,USA,8/24/2022,Yearly
s36926,Liam Thomas,28,Male,Germany,10/27/2020,Monthly
s36927,Noah Smith,55,Female,Germany,1/3/2020,Free
s36928,Isabella Davis,24,Male,India,6/19/2019,Free
s36929,Aanya Anderson,37,Other,UK,6/28/2020,Free
s36930,Liam Verma,60,Female,UK,3/6/2021,Yearly
s36931,Noah Hall,26,Female,Germany,12/16/2022,Monthly
s36932,Isabella Johnson,19,Female,USA,10/15/2022,Free
s36933,Liam Lewis,22,Female,Australia,11/24/2022,Free
s36934,Aanya Martin,34,Female,Canada,10/28/2019,Monthly
s36935,Sophia Verma,37,Female,Australia,12/5/2020,Monthly
s36936,Amelia Clark,20,Female,Germany,2/24/2020,Monthly
s36937,Eva Miller,25,Male,India,11/11/2019,Yearly
s36938,Sophia Patel,22,Male,India,12/4/2021,Free
s36939,Riya Johnson,41,Male,USA,8/23/2019,Free
s36940,Vihaan Lee,25,Male,India,4/14/2022,Free
s36941,Lucas Clark,18,Female,Germany,3/22/2021,Free
s36942,Liam Davis,23,Male,UK,12/13/2022,Monthly
s36943,Amelia Miller,27,Other,Canada,11/17/2019,Monthly
s36944,Noah Smith,26,Female,Germany,6/7/2020,Monthly
s36945,Amelia Lewis,19,Male,Canada,12/19/2022,Free
s36946,Mia Lee,32,Other,Canada,5/2/2022,Yearly
s36947,Lucas Singh,18,Other,USA,12/9/2019,Free
s36948,Riya Wilson,33,Female,Germany,12/17/2022,Yearly
s36949,Noah Anderson,29,Female,Germany,7/1/2021,Monthly
s36950,Liam Singh,50,Male,Canada,6/2/2022,Monthly
s36951,Amelia Thomas,49,Other,Germany,3/20/2021,Free
s36952,Arjun Davis,22,Female,USA,9/17/2019,Monthly
s36953,Sophia Lewis,25,Female,UK,6/2/2019,Monthly
s36954,Noah Miller,21,Male,Germany,1/25/2019,Monthly
s36955,Karan Sharma,25,Other,Australia,9/26/2021,Yearly
s36956,Sophia Verma,22,Male,Canada,4/5/2022,Monthly
s36957,Sophia Davis,18,Male,USA,4/18/2019,Yearly
s36958,Amelia Lee,50,Female,Canada,5/3/2020,Monthly
s36959,Lucas Patel,34,Male,Germany,10/19/2021,Yearly
s36960,Riya Thomas,18,Male,Canada,7/6/2020,Monthly
s36961,Ethan Thomas,20,Other,India,8/18/2021,Yearly
s36962,Meera Lewis,20,Other,India,4/20/2021,Free
s36963,Noah Wilson,34,Other,India,5/28/2019,Monthly
s36964,Zara Patel,39,Male,Canada,10/10/2020,Yearly
s36965,Karan Anderson,21,Male,UK,10/14/2020,Free
s36966,Riya Wilson,27,Other,Australia,4/7/2020,Yearly
s36967,Eva Smith,23,Female,Australia,5/10/2021,Monthly
s36968,Liam Smith,22,Female,UK,6/5/2019,Free
s36969,Karan Smith,24,Male,Australia,2/21/2021,Monthly
s36970,Mia Verma,30,Other,India,9/17/2020,Free
s36971,Benjamin Singh,32,Other,India,11/18/2020,Free
s36972,Riya Patel,35,Other,Australia,6/12/2021,Monthly
s36973,Sophia Wilson,27,Male,Canada,2/2/2020,Yearly
s36974,Noah Anderson,58,Other,Canada,8/24/2020,Free
s36975,Karan Davis,33,Male,UK,1/19/2022,Free
s36976,Arjun Anderson,20,Other,UK,12/19/2022,Free
s36977,Ethan Moore,23,Male,Germany,11/27/2021,Monthly
s36978,Karan Singh,33,Male,USA,8/19/2021,Free
s36979,Aarav Johnson,20,Other,Germany,12/16/2021,Monthly
s36980,Meera Brown,18,Male,UK,2/8/2021,Yearly
s36981,Meera Clark,18,Male,USA,8/19/2022,Yearly
s36982,Eva Brown,23,Other,USA,10/20/2019,Free
s36983,Mia Johnson,26,Male,UK,4/13/2022,Monthly
s36984,Liam Davis,42,Male,India,2/15/2020,Monthly
s36985,Aarav Smith,26,Male,Australia,5/23/2022,Free
s36986,Karan Johnson,43,Male,Canada,12/29/2019,Monthly
s36987,Liam Smith,38,Other,Germany,8/12/2022,Free
s36988,Isabella Wilson,20,Male,UK,5/29/2021,Monthly
s36989,Aanya Martin,25,Other,USA,4/21/2021,Free
s36990,Mia Lewis,36,Female,Germany,4/9/2019,Yearly
s36991,Karan Smith,37,Male,India,4/23/2021,Monthly
s36992,Aarav Miller,21,Other,India,8/1/2020,Yearly
s36993,Olivia Verma,21,Other,USA,6/8/2021,Yearly
s36994,Karan Singh,23,Female,Canada,5/9/2022,Monthly
s36995,Vihaan Brown,27,Female,Australia,4/25/2020,Yearly
s36996,Noah Lewis,27,Male,Australia,6/18/2019,Monthly
s36997,Amelia Hall,59,Female,UK,3/16/2021,Yearly
s36998,Riya Brown,25,Female,Canada,9/15/2019,Monthly
s36999,Riya Miller,23,Male,USA,6/5/2020,Yearly
s37000,Sophia Sharma,57,Male,UK,1/4/2021,Yearly
s37001,Olivia Clark,27,Female,Canada,3/4/2020,Monthly
s37002,Aanya Sharma,33,Male,UK,11/19/2022,Free
s37003,Lucas Verma,25,Other,USA,1/7/2020,Free
s37004,Riya Thomas,20,Female,Germany,4/2/2022,Yearly
s37005,Lucas Miller,64,Other,Canada,6/4/2022,Free
s37006,Zara Davis,19,Male,Canada,5/22/2021,Free
s37007,Aarav Anderson,30,Female,India,7/18/2019,Free
s37008,Amelia Davis,21,Male,UK,8/14/2022,Free
s37009,Sophia Verma,18,Other,India,8/29/2021,Monthly
s37010,Sophia Smith,19,Male,USA,1/2/2020,Monthly
s37011,Liam Lee,19,Other,USA,2/18/2020,Monthly
s37012,Riya Miller,29,Male,Australia,2/17/2020,Yearly
s37013,Arjun Taylor,20,Other,USA,11/9/2022,Monthly
s37014,Isabella Clark,26,Male,Australia,4/9/2022,Monthly
s37015,Olivia Thomas,38,Female,USA,6/27/2021,Yearly
s37016,Olivia Miller,26,Female,Germany,8/9/2019,Yearly
s37017,Vihaan Johnson,21,Other,India,6/29/2020,Free
s37018,Olivia Sharma,27,Other,Canada,4/25/2022,Yearly
s37019,Amelia Lewis,37,Male,India,7/13/2021,Monthly
s37020,Isabella Johnson,46,Other,Germany,12/28/2020,Yearly
s37021,Meera Hall,27,Female,USA,3/16/2019,Monthly
s37022,Liam Clark,22,Female,India,8/16/2021,Yearly
s37023,Noah Moore,27,Other,Germany,4/29/2021,Monthly
s37024,Arjun Sharma,42,Female,USA,11/13/2022,Yearly
s37025,Ethan Hall,50,Female,UK,11/7/2022,Yearly
s37026,Olivia Davis,33,Male,UK,3/16/2020,Monthly
s37027,Mia Verma,35,Male,India,12/1/2021,Monthly
s37028,Isabella Lee,23,Male,Australia,6/25/2019,Free
s37029,Zara Miller,20,Female,Australia,3/21/2021,Monthly
s37030,Sophia Clark,27,Female,Australia,1/23/2022,Free
s37031,Aanya Lewis,20,Male,UK,3/19/2019,Free
s37032,Eva Smith,47,Female,Australia,3/17/2020,Monthly
s37033,Benjamin Davis,18,Other,UK,6/12/2019,Free
s37034,Liam Brown,38,Other,USA,5/8/2019,Yearly
s37035,Eva Wilson,43,Other,Canada,5/11/2021,Free
s37036,Aanya Martin,33,Other,Germany,6/10/2022,Free
s37037,Benjamin Singh,22,Male,Germany,9/3/2019,Yearly
s37038,Meera Moore,23,Other,Germany,8/11/2021,Yearly
s37039,Olivia Wilson,21,Other,USA,7/25/2019,Yearly
s37040,Riya Taylor,38,Other,Germany,3/6/2019,Monthly
s37041,Noah Clark,50,Male,USA,9/29/2021,Yearly
s37042,Riya Walker,21,Male,Germany,9/5/2022,Yearly
s37043,Olivia Miller,44,Other,India,4/24/2022,Monthly
s37044,Eva Moore,19,Other,USA,10/28/2019,Monthly
s37045,Noah Singh,24,Male,USA,9/25/2021,Yearly
s37046,Arjun Davis,19,Other,Canada,9/17/2019,Monthly
s37047,Aanya Miller,42,Female,India,11/5/2021,Free
s37048,Arjun Walker,41,Other,Germany,9/27/2021,Monthly
s37049,Noah Patel,26,Female,Canada,4/22/2022,Yearly
s37050,Aanya Walker,21,Female,Canada,7/6/2022,Monthly
s37051,Liam Verma,37,Female,USA,8/26/2020,Monthly
s37052,Sophia Lee,48,Other,Germany,6/20/2022,Free
s37053,Mia Johnson,27,Other,India,3/27/2021,Monthly
s37054,Eva Smith,31,Other,Australia,7/22/2019,Yearly
s37055,Karan Verma,32,Male,Germany,9/30/2020,Free
s37056,Eva Walker,45,Other,UK,1/28/2022,Free
s37057,Liam Johnson,38,Female,India,9/3/2022,Monthly
s37058,Sophia Thomas,28,Female,Canada,2/25/2019,Free
s37059,Meera Thomas,28,Male,Germany,8/20/2022,Free
s37060,Benjamin Anderson,57,Other,India,7/4/2022,Monthly
s37061,Arjun Martin,38,Other,Canada,4/20/2022,Monthly
s37062,Benjamin Taylor,27,Female,Australia,6/6/2021,Yearly
s37063,Mia Lewis,43,Other,UK,7/28/2019,Yearly
s37064,Arjun Miller,21,Other,Australia,3/28/2019,Monthly
s37065,Aarav Verma,19,Other,India,1/19/2020,Free
s37066,Mia Verma,19,Female,Australia,4/7/2019,Monthly
s37067,Emma Walker,23,Male,Germany,11/18/2021,Monthly
s37068,Ethan Taylor,26,Female,USA,7/21/2020,Yearly
s37069,Liam Brown,24,Other,USA,2/25/2022,Free
s37070,Emma Wilson,23,Female,USA,11/7/2020,Free
s37071,Riya Thomas,36,Other,Germany,8/10/2019,Free
s37072,Ethan Clark,33,Female,UK,8/15/2019,Free
s37073,Olivia Taylor,18,Other,USA,1/31/2022,Monthly
s37074,Noah Walker,24,Male,India,4/8/2020,Yearly
s37075,Eva Sharma,19,Other,Australia,6/9/2019,Yearly
s37076,Ethan Davis,21,Female,UK,12/20/2021,Yearly
s37077,Eva Thomas,36,Female,Australia,3/12/2019,Yearly
s37078,Arjun Martin,19,Other,Canada,5/28/2020,Monthly
s37079,Mia Brown,24,Female,Australia,6/11/2020,Monthly
s37080,Lucas Moore,20,Male,UK,2/6/2019,Monthly
s37081,Olivia Verma,26,Male,India,8/22/2022,Free
s37082,Liam Johnson,22,Male,USA,4/20/2020,Free
s37083,Aarav Anderson,22,Other,Canada,11/5/2022,Yearly
s37084,Isabella Anderson,19,Other,Australia,11/17/2022,Monthly
s37085,Mia Clark,18,Female,UK,5/29/2020,Yearly
s37086,Meera Lewis,18,Other,Canada,1/23/2019,Yearly
s37087,Vihaan Lewis,56,Other,Germany,6/29/2022,Monthly
s37088,Isabella Lee,29,Other,Australia,3/13/2021,Free
s37089,Aarav Brown,24,Male,UK,1/2/2021,Yearly
s37090,Mia Thomas,18,Male,Canada,2/2/2022,Monthly
s37091,Sophia Walker,27,Female,Canada,1/4/2019,Free
s37092,Arjun Thomas,27,Other,India,8/31/2019,Free
s37093,Riya Lee,29,Female,Germany,3/24/2019,Monthly
s37094,Riya Sharma,23,Male,USA,10/4/2019,Yearly
s37095,Karan Verma,56,Female,Australia,6/5/2022,Yearly
s37096,Isabella Anderson,53,Other,Germany,5/10/2021,Yearly
s37097,Benjamin Martin,25,Male,Australia,1/30/2020,Yearly
s37098,Vihaan Johnson,19,Female,USA,10/11/2022,Yearly
s37099,Riya Lee,18,Other,Australia,9/10/2020,Monthly
s37100,Amelia Thomas,59,Male,India,6/15/2019,Monthly
s37101,Benjamin Davis,26,Other,Australia,7/14/2020,Yearly
s37102,Amelia Hall,58,Male,Germany,10/29/2020,Free
s37103,Mia Verma,20,Other,USA,7/22/2019,Monthly
s37104,Arjun Miller,20,Other,UK,5/9/2022,Yearly
s37105,Liam Hall,44,Male,UK,2/8/2021,Monthly
s37106,Zara Thomas,26,Male,India,3/27/2021,Monthly
s37107,Sophia Lewis,24,Female,Canada,4/17/2019,Free
s37108,Arjun Clark,20,Other,UK,10/31/2020,Monthly
s37109,Mia Davis,27,Male,Germany,11/30/2022,Yearly
s37110,Lucas Martin,22,Male,Australia,2/6/2021,Free
s37111,Isabella Patel,25,Male,UK,4/30/2019,Free
s37112,Amelia Moore,22,Other,Germany,2/3/2019,Yearly
s37113,Olivia Anderson,20,Female,Germany,3/21/2022,Monthly
s37114,Isabella Sharma,26,Male,UK,11/25/2019,Free
s37115,Emma Taylor,65,Other,UK,11/7/2019,Monthly
s37116,Vihaan Martin,22,Female,Canada,2/24/2021,Monthly
s37117,Vihaan Verma,21,Other,UK,2/1/2021,Free
s37118,Riya Walker,39,Male,UK,4/16/2019,Monthly
s37119,Arjun Davis,22,Female,USA,12/19/2019,Free
s37120,Ethan Davis,23,Female,Australia,7/10/2021,Yearly
s37121,Isabella Smith,43,Female,Canada,11/1/2021,Monthly
s37122,Amelia Johnson,20,Male,India,10/21/2019,Monthly
s37123,Aanya Lee,27,Male,Canada,11/15/2020,Free
s37124,Liam Sharma,44,Female,Canada,9/22/2020,Free
s37125,Riya Johnson,27,Female,USA,4/7/2022,Yearly
s37126,Lucas Clark,45,Other,Australia,1/28/2021,Monthly
s37127,Isabella Verma,22,Other,Germany,3/30/2022,Free
s37128,Meera Hall,23,Other,UK,6/26/2022,Monthly
s37129,Eva Davis,61,Other,Germany,5/9/2022,Yearly
s37130,Emma Davis,18,Male,UK,5/7/2021,Free
s37131,Benjamin Hall,22,Other,Australia,3/13/2021,Free
s37132,Lucas Verma,18,Female,India,1/18/2019,Yearly
s37133,Zara Moore,45,Other,Germany,3/12/2019,Monthly
s37134,Sophia Miller,28,Female,UK,12/28/2021,Yearly
s37135,Emma Taylor,43,Female,USA,1/23/2022,Free
s37136,Vihaan Johnson,63,Female,Germany,6/28/2022,Free
s37137,Ethan Hall,20,Male,UK,8/16/2019,Yearly
s37138,Isabella Lewis,27,Other,UK,2/21/2022,Free
s37139,Amelia Wilson,23,Other,Canada,7/27/2019,Yearly
s37140,Lucas Moore,23,Female,UK,11/1/2021,Monthly
s37141,Eva Thomas,45,Other,UK,6/6/2020,Monthly
s37142,Noah Martin,64,Female,Germany,11/7/2022,Monthly
s37143,Emma Singh,26,Female,USA,12/11/2021,Yearly
s37144,Noah Hall,24,Male,India,1/3/2021,Free
s37145,Riya Anderson,23,Male,Canada,5/31/2022,Free
s37146,Mia Hall,18,Male,Germany,10/8/2020,Free
s37147,Noah Walker,21,Female,India,5/12/2022,Monthly
s37148,Aarav Smith,42,Female,Germany,1/18/2022,Yearly
s37149,Mia Wilson,44,Female,USA,1/30/2019,Yearly
s37150,Ethan Miller,45,Male,Germany,7/8/2022,Yearly
s37151,Vihaan Hall,21,Other,Germany,9/17/2022,Yearly
s37152,Mia Patel,24,Other,UK,5/23/2019,Free
s37153,Riya Singh,33,Other,Australia,5/21/2021,Yearly
s37154,Eva Walker,18,Other,Australia,5/28/2022,Yearly
s37155,Aarav Singh,40,Male,UK,8/30/2022,Monthly
s37156,Aarav Lewis,49,Female,Germany,5/27/2021,Monthly
s37157,Karan Verma,43,Female,Germany,4/6/2019,Yearly
s37158,Noah Walker,25,Female,USA,6/19/2020,Monthly
s37159,Liam Thomas,27,Other,USA,11/11/2021,Free
s37160,Aanya Davis,20,Female,USA,2/28/2019,Free
s37161,Liam Lewis,24,Female,UK,5/3/2020,Free
s37162,Meera Walker,67,Male,USA,2/10/2021,Monthly
s37163,Karan Lewis,25,Female,USA,6/13/2022,Monthly
s37164,Karan Singh,22,Other,UK,9/19/2020,Monthly
s37165,Karan Verma,19,Male,USA,1/18/2019,Yearly
s37166,Noah Smith,25,Male,Australia,1/4/2022,Free
s37167,Vihaan Moore,58,Other,USA,9/29/2019,Monthly
s37168,Vihaan Singh,30,Female,USA,5/4/2020,Yearly
s37169,Ethan Johnson,24,Other,Australia,8/14/2022,Yearly
s37170,Olivia Patel,30,Male,Germany,11/22/2020,Monthly
s37171,Amelia Davis,26,Female,UK,1/9/2020,Yearly
s37172,Vihaan Sharma,57,Male,UK,8/24/2021,Monthly
s37173,Aanya Verma,39,Male,Germany,8/8/2021,Monthly
s37174,Olivia Smith,22,Other,Canada,2/3/2022,Monthly
s37175,Ethan Davis,19,Female,Australia,4/20/2020,Yearly
s37176,Olivia Walker,26,Female,UK,5/10/2022,Free
s37177,Riya Hall,23,Female,USA,6/3/2020,Monthly
s37178,Riya Singh,27,Other,India,5/24/2021,Monthly
s37179,Noah Singh,26,Female,UK,12/17/2019,Monthly
s37180,Mia Lewis,42,Other,India,4/13/2019,Yearly
s37181,Aanya Moore,21,Male,India,3/6/2019,Free
s37182,Vihaan Patel,18,Male,India,10/21/2021,Monthly
s37183,Arjun Verma,36,Other,UK,10/31/2021,Free
s37184,Benjamin Thomas,25,Female,Canada,12/7/2021,Monthly
s37185,Riya Lee,27,Other,India,1/31/2021,Monthly
s37186,Ethan Singh,26,Male,India,8/4/2020,Yearly
s37187,Aarav Johnson,37,Other,Germany,6/27/2020,Monthly
s37188,Amelia Lee,21,Other,UK,4/5/2020,Monthly
s37189,Eva Hall,44,Other,Australia,11/20/2022,Free
s37190,Mia Clark,27,Female,Germany,8/18/2021,Monthly
s37191,Liam Davis,26,Male,Canada,2/28/2020,Yearly
s37192,Meera Thomas,61,Male,Germany,10/24/2019,Yearly
s37193,Olivia Davis,51,Other,India,10/24/2020,Yearly
s37194,Amelia Brown,22,Female,Germany,9/1/2020,Yearly
s37195,Riya Anderson,19,Other,USA,4/6/2022,Monthly
s37196,Liam Wilson,20,Other,Germany,12/29/2020,Yearly
s37197,Ethan Clark,47,Female,Germany,9/15/2020,Yearly
s37198,Noah Martin,23,Other,India,1/11/2020,Yearly
s37199,Aanya Wilson,52,Other,Germany,8/21/2020,Yearly
s37200,Aarav Smith,52,Male,India,12/9/2021,Yearly
s37201,Amelia Verma,41,Male,USA,3/11/2019,Yearly
s37202,Sophia Martin,30,Female,Australia,9/9/2022,Free
s37203,Sophia Moore,60,Other,India,1/5/2022,Monthly
s37204,Emma Sharma,40,Male,India,12/11/2020,Yearly
s37205,Benjamin Lee,25,Male,Canada,10/27/2022,Free
s37206,Olivia Singh,50,Male,India,7/11/2020,Monthly
s37207,Ethan Johnson,23,Other,UK,5/25/2019,Monthly
s37208,Amelia Thomas,37,Other,Australia,5/26/2021,Free
s37209,Sophia Lee,53,Male,UK,2/6/2022,Monthly
s37210,Meera Singh,27,Other,UK,2/4/2021,Yearly
s37211,Aanya Johnson,27,Female,Australia,3/8/2022,Free
s37212,Aarav Sharma,22,Female,Canada,6/1/2019,Monthly
s37213,Aarav Martin,18,Male,UK,5/30/2022,Monthly
s37214,Ethan Verma,41,Female,UK,12/20/2021,Free
s37215,Ethan Singh,20,Female,USA,10/7/2022,Free
s37216,Noah Wilson,19,Other,Canada,11/25/2019,Monthly
s37217,Eva Patel,65,Other,UK,11/10/2020,Monthly
s37218,Vihaan Walker,39,Male,USA,5/14/2019,Yearly
s37219,Benjamin Moore,26,Male,Canada,8/26/2020,Monthly
s37220,Amelia Lee,51,Other,UK,10/8/2019,Yearly
s37221,Arjun Johnson,26,Other,India,8/26/2022,Yearly
s37222,Olivia Clark,23,Other,Canada,11/13/2020,Free
s37223,Ethan Wilson,24,Female,Germany,10/29/2020,Monthly
s37224,Benjamin Davis,24,Female,USA,2/1/2020,Free
s37225,Riya Davis,51,Other,Canada,1/8/2021,Monthly
s37226,Lucas Moore,49,Female,India,9/5/2020,Yearly
s37227,Amelia Martin,26,Male,Germany,4/28/2021,Monthly
s37228,Eva Miller,25,Other,Germany,6/5/2022,Free
s37229,Vihaan Smith,26,Male,Australia,6/5/2020,Yearly
s37230,Isabella Walker,25,Male,Germany,6/30/2020,Free
s37231,Riya Sharma,25,Male,India,4/14/2020,Monthly
s37232,Liam Lewis,24,Other,India,3/7/2020,Free
s37233,Isabella Wilson,27,Female,UK,7/18/2022,Monthly
s37234,Isabella Clark,24,Female,UK,1/3/2020,Free
s37235,Arjun Johnson,21,Other,UK,1/29/2021,Free
s37236,Aanya Verma,33,Female,Australia,8/18/2019,Monthly
s37237,Ethan Sharma,18,Female,Canada,2/3/2020,Free
s37238,Arjun Hall,43,Male,Germany,4/22/2020,Free
s37239,Arjun Davis,48,Other,Canada,6/1/2019,Yearly
s37240,Vihaan Wilson,26,Female,UK,12/6/2019,Monthly
s37241,Eva Smith,23,Female,Germany,8/1/2021,Yearly
s37242,Emma Martin,43,Male,UK,8/14/2020,Free
s37243,Olivia Taylor,18,Female,Canada,9/13/2019,Monthly
s37244,Riya Thomas,18,Male,Australia,8/23/2021,Monthly
s37245,Noah Taylor,23,Other,UK,11/16/2019,Monthly
s37246,Mia Lewis,18,Other,Germany,11/29/2019,Monthly
s37247,Aarav Brown,35,Female,Germany,4/8/2022,Monthly
s37248,Vihaan Johnson,46,Female,Australia,10/4/2022,Monthly
s37249,Lucas Lewis,19,Female,Germany,2/27/2022,Free
s37250,Benjamin Singh,32,Female,UK,7/21/2019,Monthly
s37251,Riya Clark,20,Male,Germany,10/31/2019,Free
s37252,Zara Singh,32,Male,UK,12/27/2019,Free
s37253,Noah Lee,40,Other,India,4/8/2020,Monthly
s37254,Karan Moore,23,Other,Australia,10/21/2021,Yearly
s37255,Karan Moore,64,Female,Germany,1/23/2019,Monthly
s37256,Riya Smith,49,Other,Canada,7/26/2020,Yearly
s37257,Mia Verma,23,Female,USA,3/3/2021,Monthly
s37258,Sophia Clark,29,Other,USA,6/27/2021,Yearly
s37259,Karan Verma,20,Other,UK,9/27/2021,Free
s37260,Olivia Wilson,18,Other,UK,5/6/2021,Yearly
s37261,Vihaan Martin,42,Female,UK,3/17/2022,Free
s37262,Aarav Lewis,43,Female,Canada,4/26/2020,Yearly
s37263,Vihaan Anderson,18,Male,USA,9/7/2020,Free
s37264,Isabella Anderson,26,Female,Australia,1/7/2022,Free
s37265,Noah Wilson,27,Other,Germany,3/20/2022,Monthly
s37266,Aarav Verma,19,Female,Germany,6/28/2020,Free
s37267,Liam Walker,23,Other,Germany,8/1/2021,Free
s37268,Mia Wilson,22,Male,UK,9/7/2021,Yearly
s37269,Emma Wilson,25,Male,India,2/18/2021,Monthly
s37270,Ethan Hall,35,Female,Australia,5/9/2022,Yearly
s37271,Amelia Walker,28,Male,Australia,12/21/2022,Yearly
s37272,Eva Moore,61,Female,UK,1/24/2020,Yearly
s37273,Aarav Moore,43,Male,UK,11/12/2020,Yearly
s37274,Zara Clark,24,Female,Canada,1/14/2020,Monthly
s37275,Lucas Verma,38,Other,India,8/10/2021,Free
s37276,Liam Moore,59,Male,Canada,10/8/2021,Yearly
s37277,Meera Martin,38,Male,Australia,8/7/2019,Free
s37278,Liam Miller,22,Female,USA,12/15/2020,Yearly
s37279,Isabella Smith,36,Male,USA,5/1/2020,Free
s37280,Isabella Johnson,45,Other,Australia,8/2/2022,Monthly
s37281,Olivia Davis,24,Other,UK,11/18/2022,Free
s37282,Benjamin Anderson,22,Male,Australia,9/18/2020,Yearly
s37283,Riya Patel,25,Male,USA,10/21/2022,Free
s37284,Ethan Singh,20,Male,USA,1/17/2022,Monthly
s37285,Meera Clark,27,Other,UK,11/3/2022,Yearly
s37286,Amelia Anderson,47,Female,UK,9/23/2021,Monthly
s37287,Liam Johnson,21,Male,UK,2/24/2020,Yearly
s37288,Mia Sharma,24,Female,Germany,2/11/2021,Monthly
s37289,Benjamin Lewis,20,Male,UK,6/14/2021,Free
s37290,Noah Lewis,43,Female,UK,7/2/2021,Free
s37291,Aarav Wilson,38,Male,Germany,3/7/2021,Monthly
s37292,Noah Johnson,27,Other,UK,7/16/2020,Free
s37293,Liam Walker,31,Other,Australia,6/4/2021,Free
s37294,Amelia Taylor,24,Female,USA,7/27/2022,Free
s37295,Aarav Brown,21,Female,UK,11/4/2021,Free
s37296,Riya Sharma,19,Male,Canada,9/28/2020,Monthly
s37297,Riya Patel,32,Male,USA,3/20/2020,Free
s37298,Noah Anderson,22,Male,Germany,9/29/2022,Monthly
s37299,Zara Johnson,39,Female,Australia,10/2/2020,Yearly
s37300,Karan Anderson,33,Other,UK,4/2/2020,Yearly
s37301,Emma Moore,23,Male,UK,4/13/2021,Free
s37302,Karan Brown,24,Male,Australia,6/27/2020,Free
s37303,Eva Anderson,19,Female,Canada,2/1/2019,Yearly
s37304,Liam Brown,20,Other,USA,1/4/2022,Yearly
s37305,Isabella Davis,42,Other,Germany,8/29/2019,Yearly
s37306,Meera Martin,41,Other,Australia,9/13/2019,Monthly
s37307,Isabella Lee,56,Male,UK,12/4/2021,Monthly
s37308,Olivia Thomas,27,Other,Germany,7/8/2021,Monthly
s37309,Meera Martin,20,Female,Germany,4/6/2020,Monthly
s37310,Amelia Smith,42,Female,Australia,10/12/2020,Monthly
s37311,Isabella Lee,24,Male,Australia,3/29/2021,Free
s37312,Meera Smith,19,Other,Canada,7/11/2022,Free
s37313,Arjun Taylor,25,Male,Germany,10/8/2022,Free
s37314,Eva Davis,24,Other,Germany,7/30/2021,Monthly
s37315,Amelia Lee,18,Male,USA,7/19/2020,Monthly
s37316,Lucas Martin,58,Female,India,6/1/2020,Yearly
s37317,Emma Smith,49,Female,UK,5/17/2021,Yearly
s37318,Olivia Hall,36,Male,Australia,10/1/2022,Free
s37319,Ethan Anderson,27,Male,India,10/24/2022,Yearly
s37320,Zara Sharma,46,Other,UK,4/5/2021,Yearly
s37321,Lucas Hall,30,Male,Australia,10/5/2022,Monthly
s37322,Amelia Smith,20,Male,Germany,8/10/2022,Free
s37323,Arjun Martin,22,Other,Canada,12/29/2022,Monthly
s37324,Aarav Clark,25,Other,Germany,12/3/2020,Yearly
s37325,Meera Johnson,53,Female,USA,4/5/2022,Yearly
s37326,Benjamin Davis,24,Other,India,5/14/2019,Yearly
s37327,Lucas Singh,31,Other,Germany,2/4/2019,Free
s37328,Ethan Walker,23,Male,USA,3/23/2021,Yearly
s37329,Sophia Thomas,43,Other,Germany,6/3/2019,Yearly
s37330,Vihaan Brown,24,Male,Germany,1/10/2019,Free
s37331,Aarav Brown,20,Male,UK,8/10/2021,Free
s37332,Aanya Martin,65,Other,USA,3/11/2020,Yearly
s37333,Isabella Martin,25,Male,Germany,8/29/2019,Free
s37334,Vihaan Clark,25,Female,Australia,7/29/2019,Yearly
s37335,Amelia Taylor,36,Female,Germany,12/22/2020,Yearly
s37336,Aanya Lee,36,Other,India,2/9/2020,Monthly
s37337,Liam Verma,67,Male,India,10/26/2019,Yearly
s37338,Ethan Singh,25,Other,Germany,11/6/2019,Yearly
s37339,Lucas Davis,19,Female,USA,10/12/2022,Monthly
s37340,Emma Hall,18,Male,India,5/24/2019,Free
s37341,Noah Lewis,26,Female,Canada,3/24/2020,Monthly
s37342,Arjun Singh,58,Other,UK,5/21/2022,Yearly
s37343,Aanya Martin,22,Other,USA,6/5/2020,Yearly
s37344,Lucas Smith,42,Female,Canada,2/16/2022,Yearly
s37345,Vihaan Hall,29,Male,India,2/15/2020,Yearly
s37346,Olivia Brown,45,Female,Australia,7/16/2019,Yearly
s37347,Aarav Brown,25,Female,USA,3/13/2019,Free
s37348,Meera Verma,34,Female,Canada,11/5/2020,Free
s37349,Zara Lewis,21,Female,UK,12/28/2021,Free
s37350,Eva Wilson,27,Male,Australia,1/20/2019,Free
s37351,Eva Smith,26,Female,UK,5/18/2022,Yearly
s37352,Karan Miller,18,Female,Canada,10/18/2022,Monthly
s37353,Noah Johnson,30,Female,Australia,8/1/2022,Monthly
s37354,Arjun Taylor,41,Other,India,9/28/2019,Free
s37355,Liam Verma,43,Male,Germany,9/18/2021,Monthly
s37356,Liam Clark,18,Female,USA,12/28/2019,Free
s37357,Aanya Wilson,21,Other,UK,7/28/2021,Monthly
s37358,Noah Brown,26,Male,India,9/20/2020,Free
s37359,Benjamin Hall,20,Female,Germany,9/12/2019,Free
s37360,Vihaan Martin,23,Male,Australia,1/17/2020,Yearly
s37361,Eva Johnson,20,Other,Canada,9/6/2021,Yearly
s37362,Riya Singh,46,Other,Canada,7/7/2022,Yearly
s37363,Amelia Brown,41,Male,India,12/25/2021,Monthly
s37364,Ethan Lee,26,Male,USA,4/18/2019,Yearly
s37365,Arjun Patel,44,Male,Germany,7/23/2019,Free
s37366,Meera Johnson,39,Male,UK,3/22/2020,Free
s37367,Riya Brown,27,Male,Canada,12/27/2021,Free
s37368,Arjun Verma,23,Male,Australia,5/28/2022,Monthly
s37369,Amelia Wilson,27,Other,Canada,6/8/2021,Yearly
s37370,Aanya Taylor,24,Male,Canada,11/12/2021,Monthly
s37371,Amelia Verma,19,Male,Australia,8/24/2021,Monthly
s37372,Vihaan Thomas,25,Other,Canada,7/24/2021,Yearly
s37373,Aanya Thomas,19,Female,USA,10/23/2021,Yearly
s37374,Emma Brown,46,Male,Germany,7/24/2022,Yearly
s37375,Noah Davis,20,Other,Canada,11/10/2021,Monthly
s37376,Isabella Johnson,25,Male,Australia,1/14/2019,Free
s37377,Zara Verma,47,Male,Germany,5/25/2019,Yearly
s37378,Arjun Taylor,41,Male,Germany,1/6/2022,Free
s37379,Mia Clark,25,Female,USA,1/15/2021,Monthly
s37380,Riya Lee,22,Male,India,5/25/2022,Monthly
s37381,Emma Davis,34,Male,USA,10/3/2021,Monthly
s37382,Riya Davis,62,Other,USA,3/6/2022,Yearly
s37383,Amelia Wilson,18,Male,Germany,5/24/2020,Yearly
s37384,Sophia Davis,22,Other,UK,6/8/2020,Free
s37385,Arjun Lee,36,Male,Germany,10/14/2019,Free
s37386,Ethan Lee,25,Other,Germany,2/11/2019,Yearly
s37387,Isabella Brown,19,Other,Germany,1/11/2022,Monthly
s37388,Aarav Taylor,33,Male,Canada,10/28/2021,Free
s37389,Sophia Brown,22,Female,Canada,5/27/2019,Yearly
s37390,Vihaan Singh,45,Female,USA,12/14/2019,Yearly
s37391,Riya Martin,27,Other,Canada,5/25/2020,Free
s37392,Olivia Wilson,18,Female,Germany,9/16/2022,Monthly
s37393,Amelia Brown,26,Male,Germany,11/5/2019,Yearly
s37394,Vihaan Johnson,20,Other,UK,12/27/2021,Monthly
s37395,Riya Walker,27,Male,Australia,8/18/2020,Free
s37396,Zara Lewis,24,Other,UK,5/23/2019,Monthly
s37397,Benjamin Sharma,18,Female,Australia,5/9/2019,Monthly
s37398,Aarav Anderson,21,Female,India,9/17/2019,Yearly
s37399,Amelia Moore,20,Other,Canada,8/24/2019,Monthly
s37400,Emma Taylor,23,Other,USA,8/14/2021,Free
s37401,Riya Johnson,26,Female,UK,6/6/2021,Free
s37402,Karan Taylor,18,Other,Canada,9/3/2021,Monthly
s37403,Isabella Johnson,20,Other,Canada,7/14/2020,Yearly
s37404,Eva Martin,26,Male,Australia,12/27/2020,Monthly
s37405,Arjun Hall,21,Male,Canada,3/23/2022,Yearly
s37406,Emma Wilson,24,Male,Australia,9/4/2020,Monthly
s37407,Arjun Lewis,26,Male,UK,8/23/2019,Free
s37408,Aanya Brown,30,Other,India,10/1/2019,Yearly
s37409,Liam Smith,42,Female,India,7/21/2022,Monthly
s37410,Zara Anderson,47,Male,India,10/14/2019,Monthly
s37411,Amelia Moore,26,Other,USA,3/10/2019,Free
s37412,Arjun Wilson,47,Other,UK,4/5/2019,Yearly
s37413,Lucas Thomas,58,Male,UK,6/13/2020,Free
s37414,Meera Hall,19,Female,Canada,2/18/2021,Yearly
s37415,Meera Wilson,38,Male,UK,1/5/2019,Free
s37416,Liam Martin,27,Male,Germany,6/21/2019,Yearly
s37417,Vihaan Lewis,20,Female,Australia,1/9/2022,Free
s37418,Noah Anderson,42,Male,India,5/4/2020,Monthly
s37419,Emma Moore,19,Male,Germany,12/9/2019,Monthly
s37420,Noah Patel,34,Other,UK,12/16/2019,Yearly
s37421,Riya Miller,21,Other,Australia,4/15/2020,Monthly
s37422,Amelia Brown,32,Female,Germany,2/20/2022,Yearly
s37423,Isabella Walker,26,Male,Germany,4/17/2020,Yearly
s37424,Riya Martin,20,Male,Australia,1/18/2019,Monthly
s37425,Karan Martin,20,Female,USA,3/22/2019,Monthly
s37426,Sophia Miller,50,Other,India,5/16/2020,Monthly
s37427,Zara Hall,26,Female,Australia,3/18/2019,Monthly
s37428,Aanya Clark,49,Female,UK,8/16/2021,Yearly
s37429,Meera Patel,24,Male,Germany,1/19/2021,Free
s37430,Eva Johnson,20,Male,UK,6/3/2022,Monthly
s37431,Meera Wilson,29,Other,Germany,11/17/2019,Free
s37432,Liam Singh,22,Male,Germany,9/7/2022,Free
s37433,Meera Miller,26,Male,India,7/24/2019,Free
s37434,Lucas Martin,27,Female,Australia,6/8/2022,Free
s37435,Lucas Singh,19,Other,Canada,9/1/2019,Yearly
s37436,Benjamin Thomas,26,Female,Germany,12/11/2019,Free
s37437,Benjamin Brown,58,Male,UK,4/6/2020,Yearly
s37438,Emma Walker,24,Male,Australia,5/17/2019,Monthly
s37439,Isabella Martin,19,Male,Germany,10/15/2021,Yearly
s37440,Ethan Brown,39,Male,Germany,11/16/2021,Free
s37441,Lucas Sharma,22,Other,Canada,1/30/2022,Yearly
s37442,Lucas Verma,27,Other,Australia,9/22/2021,Yearly
s37443,Zara Taylor,22,Other,Germany,11/25/2021,Free
s37444,Aanya Miller,63,Male,USA,8/18/2020,Monthly
s37445,Olivia Sharma,37,Male,USA,12/3/2021,Yearly
s37446,Vihaan Thomas,25,Other,UK,9/16/2019,Free
s37447,Riya Clark,26,Female,Canada,3/19/2022,Free
s37448,Sophia Hall,42,Male,India,9/5/2022,Monthly
s37449,Meera Singh,18,Male,Germany,9/11/2021,Yearly
s37450,Benjamin Singh,27,Other,UK,6/19/2021,Monthly
s37451,Riya Patel,22,Male,Australia,10/27/2022,Monthly
s37452,Liam Moore,36,Female,Australia,9/6/2022,Yearly
s37453,Noah Clark,43,Male,USA,3/30/2021,Yearly
s37454,Noah Singh,27,Male,Germany,5/13/2020,Monthly
s37455,Meera Anderson,22,Other,USA,10/23/2021,Free
s37456,Isabella Davis,21,Male,Australia,2/11/2022,Yearly
s37457,Karan Lee,30,Female,India,11/24/2021,Monthly
s37458,Ethan Brown,26,Female,India,11/22/2022,Yearly
s37459,Emma Lewis,41,Other,Australia,8/10/2021,Free
s37460,Riya Thomas,19,Other,Australia,3/28/2022,Yearly
s37461,Isabella Lewis,35,Female,Canada,7/14/2022,Monthly
s37462,Arjun Davis,27,Female,India,9/1/2019,Monthly
s37463,Ethan Wilson,27,Male,USA,10/27/2021,Free
s37464,Amelia Miller,25,Male,USA,5/23/2020,Monthly
s37465,Mia Sharma,19,Female,UK,8/2/2021,Yearly
s37466,Aanya Walker,36,Other,UK,6/21/2019,Yearly
s37467,Arjun Taylor,36,Other,UK,10/20/2021,Yearly
s37468,Ethan Patel,24,Female,USA,4/10/2021,Monthly
s37469,Ethan Thomas,22,Other,Australia,2/28/2021,Free
s37470,Aarav Wilson,31,Male,USA,4/19/2019,Monthly
s37471,Sophia Davis,34,Male,Germany,1/16/2020,Monthly
s37472,Karan Miller,27,Male,Australia,1/30/2022,Monthly
s37473,Karan Taylor,18,Female,UK,3/8/2022,Yearly
s37474,Isabella Lee,40,Female,Australia,10/17/2021,Yearly
s37475,Liam Davis,57,Other,Canada,7/3/2020,Free
s37476,Amelia Anderson,22,Other,UK,8/20/2020,Monthly
s37477,Lucas Verma,37,Other,UK,11/25/2020,Monthly
s37478,Noah Hall,44,Male,USA,1/30/2019,Monthly
s37479,Arjun Martin,37,Other,India,4/27/2022,Free
s37480,Liam Verma,30,Other,Canada,4/18/2021,Yearly
s37481,Noah Taylor,24,Male,Germany,5/8/2020,Yearly
s37482,Benjamin Miller,18,Female,Canada,7/5/2020,Yearly
s37483,Mia Thomas,54,Male,UK,11/10/2020,Yearly
s37484,Noah Verma,63,Other,Germany,4/30/2020,Monthly
s37485,Emma Verma,24,Male,Australia,9/29/2022,Free
s37486,Vihaan Sharma,22,Female,USA,2/24/2020,Yearly
s37487,Lucas Singh,38,Male,India,5/23/2019,Monthly
s37488,Aanya Smith,40,Female,Australia,10/29/2022,Monthly
s37489,Emma Patel,21,Other,Australia,10/3/2020,Yearly
s37490,Isabella Wilson,28,Male,India,1/1/2022,Monthly
s37491,Ethan Anderson,27,Male,India,2/6/2021,Yearly
s37492,Eva Thomas,24,Female,Germany,5/31/2021,Monthly
s37493,Meera Johnson,27,Other,Australia,12/27/2021,Free
s37494,Zara Hall,19,Female,Australia,3/20/2021,Yearly
s37495,Isabella Moore,25,Other,Canada,1/24/2019,Yearly
s37496,Sophia Anderson,37,Male,Australia,5/29/2020,Free
s37497,Mia Moore,19,Male,Germany,6/12/2022,Yearly
s37498,Karan Lee,20,Male,Canada,5/12/2022,Monthly
s37499,Sophia Johnson,63,Other,USA,9/6/2021,Free
s37500,Ethan Lee,59,Female,Germany,4/27/2019,Free
s37501,Noah Walker,23,Male,UK,8/24/2022,Yearly
s37502,Eva Clark,41,Female,USA,5/2/2021,Monthly
s37503,Eva Verma,26,Male,India,1/14/2021,Yearly
s37504,Isabella Sharma,20,Other,Germany,7/4/2020,Monthly
s37505,Meera Patel,30,Female,India,8/8/2019,Free
s37506,Ethan Brown,19,Female,USA,4/7/2021,Yearly
s37507,Eva Johnson,19,Other,Canada,7/24/2020,Yearly
s37508,Noah Wilson,26,Other,USA,12/20/2021,Free
s37509,Ethan Sharma,27,Other,Canada,4/1/2021,Monthly
s37510,Karan Patel,23,Male,USA,4/20/2021,Free
s37511,Olivia Singh,37,Male,Germany,7/16/2022,Free
s37512,Ethan Clark,27,Female,UK,4/19/2019,Monthly
s37513,Olivia Moore,20,Male,USA,10/26/2020,Yearly
s37514,Benjamin Miller,58,Other,Canada,4/6/2019,Monthly
s37515,Isabella Taylor,25,Male,USA,11/28/2021,Free
s37516,Olivia Singh,23,Female,UK,7/26/2022,Monthly
s37517,Noah Taylor,22,Other,Germany,2/7/2022,Monthly
s37518,Noah Wilson,26,Female,UK,9/28/2019,Yearly
s37519,Meera Hall,37,Female,Canada,6/11/2020,Monthly
s37520,Riya Singh,25,Female,Canada,2/24/2021,Monthly
s37521,Aarav Verma,23,Other,Germany,11/3/2021,Monthly
s37522,Ethan Thomas,25,Female,Germany,11/25/2022,Monthly
s37523,Emma Wilson,27,Female,India,11/16/2019,Yearly
s37524,Karan Walker,20,Male,UK,8/11/2020,Yearly
s37525,Emma Martin,19,Other,Canada,2/11/2019,Yearly
s37526,Eva Moore,37,Other,Canada,3/29/2021,Free
s37527,Aarav Singh,18,Female,Australia,10/16/2021,Monthly
s37528,Emma Smith,35,Male,USA,8/17/2021,Free
s37529,Mia Davis,19,Other,UK,3/3/2019,Yearly
s37530,Noah Smith,26,Female,India,11/11/2022,Yearly
s37531,Lucas Singh,23,Female,India,7/31/2021,Yearly
s37532,Lucas Sharma,57,Female,Canada,4/19/2022,Monthly
s37533,Lucas Lewis,25,Other,Germany,6/13/2022,Monthly
s37534,Sophia Lewis,49,Male,India,2/16/2021,Monthly
s37535,Sophia Moore,26,Male,UK,8/13/2020,Free
s37536,Emma Martin,28,Male,India,7/31/2022,Free
s37537,Meera Clark,24,Male,Germany,7/16/2022,Yearly
s37538,Aarav Brown,22,Male,Canada,11/28/2019,Free
s37539,Arjun Verma,25,Male,Australia,8/26/2022,Free
s37540,Liam Johnson,28,Female,India,4/9/2019,Yearly
s37541,Emma Brown,37,Male,India,2/11/2022,Yearly
s37542,Aarav Clark,27,Female,UK,10/20/2019,Yearly
s37543,Benjamin Verma,26,Other,USA,3/26/2022,Monthly
s37544,Vihaan Verma,23,Male,Australia,12/6/2021,Monthly
s37545,Eva Wilson,49,Female,USA,5/26/2019,Monthly
s37546,Vihaan Taylor,64,Other,UK,5/7/2021,Yearly
s37547,Amelia Wilson,33,Male,Australia,9/7/2021,Yearly
s37548,Mia Davis,26,Other,Canada,4/28/2019,Yearly
s37549,Liam Thomas,33,Other,USA,8/13/2022,Free
s37550,Arjun Lewis,65,Female,Germany,3/1/2022,Monthly
s37551,Benjamin Lewis,23,Male,Germany,10/6/2021,Monthly
s37552,Aanya Martin,41,Other,India,10/8/2021,Free
s37553,Sophia Lee,36,Male,Canada,8/7/2022,Monthly
s37554,Emma Davis,52,Female,UK,9/10/2019,Free
s37555,Riya Thomas,20,Female,India,11/23/2019,Free
s37556,Aanya Lewis,31,Male,Germany,4/29/2022,Yearly
s37557,Amelia Singh,19,Other,Germany,3/16/2019,Free
s37558,Zara Singh,18,Other,Canada,1/22/2021,Yearly
s37559,Aarav Lee,26,Male,Australia,8/2/2020,Yearly
s37560,Ethan Anderson,19,Other,Canada,3/19/2020,Monthly
s37561,Lucas Clark,55,Other,Canada,10/25/2021,Free
s37562,Isabella Taylor,23,Female,Germany,8/14/2019,Free
s37563,Emma Brown,35,Other,USA,8/25/2020,Free
s37564,Arjun Lewis,19,Female,UK,3/17/2020,Monthly
s37565,Aanya Clark,21,Female,Australia,3/16/2020,Yearly
s37566,Emma Singh,37,Female,Canada,6/1/2021,Free
s37567,Olivia Johnson,18,Female,Canada,2/4/2022,Yearly
s37568,Liam Patel,43,Female,Canada,3/4/2020,Yearly
s37569,Lucas Smith,24,Other,India,9/11/2020,Free
s37570,Emma Lewis,57,Male,UK,6/29/2019,Monthly
s37571,Eva Moore,24,Other,Germany,7/12/2019,Free
s37572,Liam Brown,19,Other,UK,4/5/2021,Monthly
s37573,Arjun Johnson,27,Female,UK,10/28/2020,Monthly
s37574,Isabella Wilson,34,Female,Germany,2/8/2022,Monthly
s37575,Ethan Martin,19,Other,USA,12/5/2020,Yearly
s37576,Arjun Lee,37,Other,Germany,3/12/2019,Monthly
s37577,Vihaan Anderson,39,Other,UK,10/6/2022,Yearly
s37578,Lucas Wilson,18,Male,Canada,3/5/2021,Free
s37579,Ethan Clark,21,Other,Australia,7/15/2019,Monthly
s37580,Benjamin Clark,21,Other,Germany,12/21/2020,Monthly
s37581,Aarav Anderson,22,Female,Australia,10/20/2022,Yearly
s37582,Lucas Sharma,28,Other,Germany,11/16/2019,Yearly
s37583,Karan Singh,33,Other,UK,7/28/2021,Yearly
s37584,Benjamin Johnson,26,Other,Australia,3/23/2021,Yearly
s37585,Aarav Thomas,46,Male,USA,12/28/2022,Monthly
s37586,Karan Brown,32,Male,Australia,9/20/2022,Monthly
s37587,Noah Lee,34,Female,USA,10/15/2022,Yearly
s37588,Zara Martin,61,Male,India,11/17/2019,Yearly
s37589,Meera Moore,24,Other,UK,4/12/2020,Free
s37590,Meera Wilson,20,Other,India,10/24/2022,Free
s37591,Aarav Anderson,22,Male,Australia,8/8/2021,Yearly
s37592,Meera Martin,20,Female,UK,2/17/2020,Yearly
s37593,Emma Clark,53,Other,UK,4/19/2020,Yearly
s37594,Zara Lewis,23,Female,UK,4/1/2019,Free
s37595,Sophia Smith,26,Other,UK,3/12/2022,Monthly
s37596,Aarav Lewis,23,Male,Germany,5/2/2020,Yearly
s37597,Aarav Smith,26,Female,Australia,1/30/2022,Free
s37598,Mia Hall,35,Male,UK,6/13/2022,Yearly
s37599,Aanya Walker,54,Male,UK,4/4/2021,Free
s37600,Amelia Patel,22,Other,Germany,2/17/2022,Monthly
s37601,Vihaan Taylor,19,Male,India,3/17/2020,Free
s37602,Arjun Miller,46,Female,Canada,7/5/2021,Free
s37603,Emma Johnson,37,Female,USA,7/24/2021,Monthly
s37604,Aarav Thomas,45,Male,Canada,10/24/2019,Monthly
s37605,Meera Smith,37,Other,Australia,7/26/2022,Yearly
s37606,Aarav Brown,40,Male,Germany,7/6/2022,Yearly
s37607,Mia Walker,21,Female,Canada,10/27/2020,Free
s37608,Emma Taylor,47,Other,USA,12/13/2021,Yearly
s37609,Benjamin Hall,22,Male,USA,1/26/2022,Free
s37610,Karan Miller,40,Female,Canada,9/6/2020,Free
s37611,Noah Moore,28,Other,Australia,5/11/2022,Yearly
s37612,Aarav Lewis,23,Male,UK,6/8/2022,Yearly
s37613,Karan Brown,23,Male,Germany,12/23/2019,Free
s37614,Liam Anderson,24,Male,Germany,10/15/2022,Yearly
s37615,Arjun Clark,21,Other,Canada,1/30/2021,Monthly
s37616,Zara Moore,22,Other,USA,11/10/2020,Monthly
s37617,Lucas Brown,34,Male,USA,9/17/2022,Yearly
s37618,Olivia Sharma,26,Other,Canada,2/24/2019,Free
s37619,Eva Walker,18,Other,Australia,4/19/2022,Monthly
s37620,Vihaan Wilson,36,Male,UK,5/6/2022,Monthly
s37621,Noah Patel,45,Female,Germany,7/13/2022,Monthly
s37622,Vihaan Moore,20,Other,Germany,5/12/2021,Yearly
s37623,Meera Sharma,18,Other,Germany,10/8/2020,Free
s37624,Karan Johnson,29,Male,Canada,1/27/2022,Yearly
s37625,Lucas Singh,25,Female,Canada,6/10/2022,Monthly
s37626,Vihaan Lee,34,Male,Germany,12/4/2020,Free
s37627,Emma Walker,34,Male,USA,7/20/2022,Yearly
s37628,Riya Anderson,24,Female,Canada,12/8/2020,Yearly
s37629,Amelia Clark,46,Female,UK,8/18/2021,Monthly
s37630,Vihaan Smith,25,Male,UK,12/5/2019,Monthly
s37631,Noah Taylor,21,Female,Australia,5/8/2019,Yearly
s37632,Liam Martin,24,Female,Germany,4/21/2020,Monthly
s37633,Lucas Anderson,18,Male,USA,1/1/2019,Monthly
s37634,Arjun Moore,20,Male,UK,4/28/2020,Monthly
s37635,Olivia Lee,44,Male,USA,10/1/2021,Yearly
s37636,Sophia Patel,22,Female,Australia,3/21/2020,Yearly
s37637,Riya Lewis,25,Other,Germany,11/16/2020,Yearly
s37638,Amelia Anderson,21,Other,UK,12/6/2020,Free
s37639,Arjun Lewis,19,Male,India,1/24/2020,Monthly
s37640,Aanya Moore,18,Female,India,5/27/2021,Free
s37641,Olivia Davis,22,Male,Canada,6/20/2022,Yearly
s37642,Emma Sharma,25,Male,Australia,8/31/2019,Monthly
s37643,Karan Verma,27,Male,Australia,9/8/2019,Free
s37644,Riya Anderson,26,Female,USA,1/11/2019,Free
s37645,Lucas Lewis,18,Other,Australia,1/11/2022,Free
s37646,Liam Smith,30,Other,Australia,3/21/2021,Yearly
s37647,Mia Moore,33,Female,UK,5/3/2021,Free
s37648,Emma Martin,21,Male,Australia,2/19/2019,Free
s37649,Lucas Sharma,34,Female,Australia,4/16/2019,Yearly
s37650,Vihaan Hall,25,Other,Canada,11/4/2019,Free
s37651,Isabella Walker,43,Female,India,11/21/2019,Free
s37652,Meera Hall,29,Female,Canada,7/8/2019,Yearly
s37653,Mia Davis,21,Other,Canada,9/29/2020,Yearly
s37654,Emma Johnson,46,Other,USA,3/13/2021,Yearly
s37655,Aarav Davis,22,Other,Australia,6/2/2019,Monthly
s37656,Zara Smith,22,Male,Germany,5/13/2022,Monthly
s37657,Mia Lee,63,Female,India,12/30/2020,Monthly
s37658,Liam Davis,25,Other,UK,11/30/2019,Monthly
s37659,Benjamin Anderson,19,Other,Germany,4/26/2021,Free
s37660,Zara Brown,49,Female,UK,7/27/2022,Monthly
s37661,Amelia Brown,28,Male,UK,12/13/2021,Monthly
s37662,Zara Martin,40,Female,USA,8/1/2022,Free
s37663,Aarav Moore,24,Other,Australia,10/16/2020,Monthly
s37664,Emma Davis,24,Female,UK,9/12/2019,Monthly
s37665,Aanya Martin,23,Female,Australia,8/9/2021,Monthly
s37666,Arjun Martin,18,Male,Australia,5/7/2022,Free
s37667,Olivia Lee,19,Female,UK,8/18/2021,Yearly
s37668,Noah Verma,27,Male,UK,5/28/2019,Yearly
s37669,Arjun Wilson,21,Other,UK,6/18/2019,Monthly
s37670,Isabella Lewis,50,Male,Australia,11/14/2021,Free
s37671,Lucas Brown,30,Male,UK,2/7/2021,Free
s37672,Emma Sharma,50,Female,India,9/5/2021,Yearly
s37673,Riya Davis,23,Female,Canada,1/18/2020,Free
s37674,Mia Sharma,24,Other,Germany,1/13/2019,Free
s37675,Lucas Clark,22,Male,UK,5/23/2022,Free
s37676,Zara Miller,20,Other,Australia,8/15/2019,Free
s37677,Benjamin Johnson,20,Other,Germany,4/2/2019,Yearly
s37678,Liam Hall,55,Male,UK,9/5/2022,Monthly
s37679,Olivia Martin,52,Male,UK,9/17/2019,Yearly
s37680,Zara Lewis,26,Male,India,1/31/2021,Free
s37681,Aanya Moore,25,Male,Germany,6/7/2019,Monthly
s37682,Sophia Davis,22,Male,Germany,5/4/2022,Monthly
s37683,Zara Thomas,27,Male,UK,5/4/2019,Yearly
s37684,Amelia Davis,44,Other,UK,11/22/2020,Monthly
s37685,Olivia Wilson,32,Other,UK,2/20/2021,Free
s37686,Vihaan Smith,20,Female,Germany,11/15/2019,Monthly
s37687,Benjamin Patel,31,Female,Canada,7/25/2019,Free
s37688,Aarav Lewis,43,Other,Australia,3/9/2019,Free
s37689,Lucas Moore,18,Female,USA,3/12/2020,Yearly
s37690,Ethan Davis,21,Female,Australia,10/18/2019,Free
s37691,Olivia Lewis,29,Male,Canada,11/27/2019,Yearly
s37692,Arjun Patel,45,Female,Australia,6/3/2021,Monthly
s37693,Olivia Wilson,21,Male,Germany,1/25/2019,Free
s37694,Zara Anderson,60,Female,USA,2/19/2021,Monthly
s37695,Lucas Brown,22,Other,India,7/24/2022,Monthly
s37696,Mia Moore,47,Male,Germany,10/26/2021,Free
s37697,Olivia Lee,44,Male,Australia,4/14/2020,Free
s37698,Zara Anderson,43,Male,USA,8/9/2019,Free
s37699,Lucas Walker,34,Other,Canada,12/28/2019,Free
s37700,Aarav Martin,23,Male,India,7/14/2019,Monthly
s37701,Noah Brown,21,Other,Australia,11/20/2021,Monthly
s37702,Olivia Miller,40,Other,Germany,5/4/2021,Free
s37703,Zara Clark,37,Other,Canada,3/24/2020,Monthly
s37704,Sophia Thomas,58,Other,Australia,12/12/2022,Monthly
s37705,Emma Taylor,18,Other,India,9/3/2020,Monthly
s37706,Isabella Singh,21,Other,Canada,5/19/2019,Monthly
s37707,Meera Wilson,46,Other,USA,10/18/2019,Free
s37708,Emma Patel,26,Female,India,11/13/2021,Free
s37709,Eva Singh,25,Male,Canada,5/3/2020,Monthly
s37710,Lucas Clark,40,Male,Germany,3/28/2021,Free
s37711,Aanya Thomas,65,Other,Australia,11/30/2019,Yearly
s37712,Lucas Brown,43,Other,India,2/28/2019,Monthly
s37713,Benjamin Wilson,22,Female,Germany,8/30/2020,Monthly
s37714,Riya Patel,26,Other,Canada,5/8/2020,Free
s37715,Benjamin Singh,20,Other,Germany,2/10/2020,Yearly
s37716,Noah Taylor,20,Female,UK,7/3/2020,Free
s37717,Karan Wilson,23,Male,Germany,12/22/2022,Monthly
s37718,Olivia Johnson,26,Female,Germany,1/26/2021,Monthly
s37719,Emma Sharma,46,Female,Australia,6/12/2020,Free
s37720,Benjamin Patel,32,Other,Australia,9/23/2019,Free
s37721,Karan Sharma,67,Other,Australia,1/16/2020,Yearly
s37722,Mia Hall,28,Female,Canada,10/23/2021,Yearly
s37723,Eva Verma,24,Male,Australia,1/31/2022,Yearly
s37724,Benjamin Clark,18,Female,Australia,11/25/2021,Monthly
s37725,Isabella Anderson,23,Female,UK,4/6/2022,Free
s37726,Arjun Hall,20,Male,USA,1/30/2021,Monthly
s37727,Benjamin Wilson,63,Male,India,5/15/2019,Free
s37728,Noah Walker,25,Female,Germany,12/23/2019,Free
s37729,Aanya Smith,21,Male,Germany,4/26/2019,Free
s37730,Riya Anderson,38,Female,USA,6/3/2022,Yearly
s37731,Meera Clark,26,Male,India,8/9/2021,Yearly
s37732,Mia Lewis,27,Other,Australia,9/30/2022,Yearly
s37733,Riya Singh,22,Male,Canada,1/2/2021,Yearly
s37734,Lucas Johnson,19,Other,Germany,11/14/2021,Free
s37735,Benjamin Taylor,21,Other,USA,11/17/2021,Free
s37736,Zara Sharma,49,Male,Australia,2/20/2021,Free
s37737,Lucas Hall,26,Other,USA,10/5/2022,Free
s37738,Meera Lee,26,Other,Germany,1/10/2021,Free
s37739,Riya Brown,35,Male,Canada,3/15/2021,Yearly
s37740,Amelia Davis,22,Male,India,4/22/2019,Free
s37741,Isabella Hall,37,Male,UK,6/2/2022,Free
s37742,Aarav Smith,55,Male,Canada,7/13/2021,Monthly
s37743,Vihaan Moore,50,Male,USA,8/8/2020,Monthly
s37744,Riya Smith,21,Female,India,4/14/2019,Yearly
s37745,Mia Brown,26,Other,India,9/22/2021,Monthly
s37746,Meera Martin,23,Female,Germany,9/6/2022,Yearly
s37747,Aarav Miller,18,Other,India,7/16/2020,Free
s37748,Noah Patel,28,Female,India,7/31/2019,Monthly
s37749,Mia Hall,26,Other,Germany,8/9/2022,Monthly
s37750,Liam Taylor,67,Other,UK,6/20/2020,Free
s37751,Amelia Smith,23,Female,India,5/21/2022,Yearly
s37752,Riya Lee,20,Male,Germany,1/3/2019,Monthly
s37753,Aanya Davis,49,Female,USA,2/24/2022,Free
s37754,Sophia Thomas,18,Female,UK,12/22/2019,Free
s37755,Vihaan Lewis,22,Female,UK,5/3/2020,Monthly
s37756,Meera Johnson,38,Other,Germany,3/12/2021,Free
s37757,Lucas Clark,24,Other,Australia,11/25/2021,Yearly
s37758,Aarav Johnson,21,Female,Germany,8/24/2020,Free
s37759,Aanya Thomas,25,Female,Australia,3/10/2020,Yearly
s37760,Mia Brown,24,Female,Germany,3/24/2020,Monthly
s37761,Mia Verma,25,Female,India,4/2/2022,Monthly
s37762,Arjun Hall,66,Other,USA,8/6/2020,Monthly
s37763,Zara Walker,20,Male,India,2/12/2019,Yearly
s37764,Noah Verma,26,Female,Canada,9/12/2020,Monthly
s37765,Riya Singh,19,Other,Germany,1/8/2022,Yearly
s37766,Karan Davis,61,Male,UK,7/22/2020,Yearly
s37767,Aanya Sharma,21,Female,USA,5/27/2019,Monthly
s37768,Sophia Anderson,34,Female,Australia,8/14/2021,Monthly
s37769,Riya Clark,46,Female,Canada,11/23/2020,Yearly
s37770,Olivia Walker,25,Female,India,10/16/2021,Yearly
s37771,Isabella Brown,31,Other,Australia,1/12/2022,Monthly
s37772,Benjamin Taylor,35,Male,India,9/20/2021,Yearly
s37773,Benjamin Miller,25,Male,India,4/14/2022,Free
s37774,Zara Verma,20,Male,USA,12/14/2020,Yearly
s37775,Amelia Thomas,19,Male,India,1/31/2020,Yearly
s37776,Olivia Wilson,20,Male,UK,1/12/2022,Free
s37777,Arjun Thomas,21,Male,Canada,5/28/2020,Free
s37778,Ethan Johnson,21,Male,Australia,5/28/2020,Yearly
s37779,Arjun Verma,40,Male,India,4/4/2019,Yearly
s37780,Zara Taylor,26,Other,USA,12/15/2021,Free
s37781,Amelia Clark,21,Other,Australia,5/22/2020,Free
s37782,Meera Walker,45,Other,Germany,12/29/2019,Yearly
s37783,Karan Miller,61,Male,UK,4/20/2022,Free
s37784,Aanya Lewis,25,Male,Germany,11/7/2022,Free
s37785,Aarav Johnson,20,Other,Australia,11/23/2019,Monthly
s37786,Emma Anderson,19,Male,UK,1/4/2021,Yearly
s37787,Zara Davis,24,Female,USA,7/10/2022,Monthly
s37788,Noah Martin,25,Female,USA,8/15/2019,Yearly
s37789,Riya Brown,18,Female,India,10/29/2022,Free
s37790,Vihaan Walker,25,Male,UK,7/29/2021,Yearly
s37791,Lucas Lewis,48,Female,India,4/21/2021,Free
s37792,Aanya Brown,23,Other,India,4/23/2020,Free
s37793,Isabella Moore,50,Other,Germany,10/16/2019,Free
s37794,Aanya Singh,23,Other,Canada,12/31/2020,Monthly
s37795,Sophia Verma,22,Female,India,10/7/2022,Yearly
s37796,Meera Miller,20,Other,Australia,6/7/2021,Free
s37797,Isabella Lewis,18,Other,Canada,3/19/2021,Monthly
s37798,Ethan Davis,23,Male,USA,2/28/2019,Yearly
s37799,Emma Miller,27,Male,UK,2/14/2022,Monthly
s37800,Emma Hall,62,Female,Australia,2/10/2021,Monthly
s37801,Liam Smith,33,Other,Australia,1/7/2022,Free
s37802,Amelia Miller,18,Other,India,5/2/2022,Free
s37803,Benjamin Martin,27,Male,Germany,5/19/2022,Free
s37804,Karan Hall,30,Female,Canada,6/1/2020,Free
s37805,Vihaan Lee,43,Male,Germany,2/12/2019,Free
s37806,Aanya Sharma,22,Female,Canada,5/21/2022,Free
s37807,Noah Lewis,31,Male,USA,3/4/2019,Yearly
s37808,Benjamin Taylor,26,Male,Australia,8/19/2022,Monthly
s37809,Karan Taylor,18,Female,Canada,1/16/2020,Yearly
s37810,Riya Sharma,25,Male,USA,8/9/2019,Monthly
s37811,Karan Walker,63,Other,India,5/12/2020,Monthly
s37812,Aarav Thomas,19,Male,UK,7/17/2022,Monthly
s37813,Aarav Taylor,33,Female,India,9/7/2020,Monthly
s37814,Riya Walker,43,Male,Germany,12/8/2021,Yearly
s37815,Emma Miller,26,Male,India,5/21/2022,Yearly
s37816,Aanya Moore,27,Male,India,10/25/2021,Yearly
s37817,Meera Wilson,21,Male,Canada,10/7/2021,Free
s37818,Liam Thomas,23,Other,Germany,6/26/2021,Free
s37819,Aarav Taylor,31,Male,Germany,2/14/2020,Free
s37820,Vihaan Verma,45,Female,USA,6/25/2019,Free
s37821,Isabella Anderson,60,Male,Canada,9/3/2019,Free
s37822,Eva Brown,49,Other,Canada,3/20/2021,Yearly
s37823,Eva Clark,31,Female,USA,4/23/2020,Free
s37824,Liam Martin,35,Male,Canada,11/13/2022,Free
s37825,Riya Anderson,27,Male,Canada,11/2/2019,Yearly
s37826,Karan Walker,18,Female,Canada,4/4/2021,Monthly
s37827,Lucas Smith,22,Male,India,10/23/2021,Free
s37828,Meera Lewis,22,Other,India,1/29/2020,Monthly
s37829,Aanya Miller,24,Other,USA,1/31/2020,Yearly
s37830,Amelia Wilson,21,Female,Canada,2/8/2021,Yearly
s37831,Olivia Sharma,20,Other,Canada,7/18/2022,Yearly
s37832,Sophia Thomas,27,Female,India,3/18/2020,Free
s37833,Liam Smith,33,Male,Australia,8/30/2019,Yearly
s37834,Isabella Thomas,38,Male,UK,10/9/2021,Monthly
s37835,Noah Lewis,25,Male,UK,10/31/2021,Yearly
s37836,Mia Lee,28,Male,Australia,2/22/2019,Free
s37837,Sophia Miller,25,Female,Australia,12/15/2021,Monthly
s37838,Sophia Davis,33,Male,India,1/21/2020,Yearly
s37839,Eva Taylor,18,Other,India,12/12/2020,Yearly
s37840,Eva Davis,25,Other,USA,8/19/2019,Yearly
s37841,Isabella Brown,31,Female,USA,1/21/2019,Free
s37842,Isabella Moore,25,Female,Germany,7/4/2021,Free
s37843,Benjamin Brown,22,Other,Canada,12/5/2022,Free
s37844,Ethan Davis,23,Male,Canada,4/9/2022,Yearly
s37845,Ethan Johnson,27,Other,USA,5/12/2021,Monthly
s37846,Ethan Moore,33,Male,UK,1/24/2019,Free
s37847,Vihaan Lewis,36,Other,UK,11/24/2021,Free
s37848,Riya Taylor,19,Male,UK,10/22/2020,Yearly
s37849,Emma Smith,47,Female,USA,4/2/2019,Yearly
s37850,Ethan Smith,57,Other,Canada,4/19/2020,Free
s37851,Lucas Miller,24,Other,UK,10/27/2019,Monthly
s37852,Karan Clark,32,Female,USA,4/4/2019,Yearly
s37853,Amelia Taylor,35,Other,Australia,4/18/2020,Yearly
s37854,Zara Clark,30,Male,USA,10/4/2019,Free
s37855,Lucas Walker,27,Female,USA,5/29/2021,Monthly
s37856,Eva Taylor,45,Male,Germany,8/23/2021,Monthly
s37857,Meera Johnson,25,Female,Germany,12/21/2019,Monthly
s37858,Benjamin Taylor,36,Other,India,4/30/2022,Monthly
s37859,Liam Brown,20,Female,UK,11/6/2019,Free
s37860,Emma Walker,25,Female,Canada,4/19/2022,Yearly
s37861,Karan Martin,44,Male,UK,8/18/2021,Monthly
s37862,Amelia Anderson,34,Male,India,3/31/2019,Monthly
s37863,Benjamin Walker,34,Female,Canada,3/12/2021,Yearly
s37864,Aarav Wilson,21,Other,UK,7/17/2022,Monthly
s37865,Eva Moore,19,Female,India,12/1/2020,Free
s37866,Ethan Verma,26,Male,India,9/14/2021,Monthly
s37867,Vihaan Singh,36,Male,India,5/27/2022,Yearly
s37868,Zara Martin,21,Male,Canada,4/8/2019,Free
s37869,Arjun Miller,52,Other,USA,8/4/2020,Monthly
s37870,Olivia Clark,25,Male,UK,2/12/2022,Monthly
s37871,Aarav Singh,29,Other,Germany,6/12/2021,Free
s37872,Vihaan Verma,32,Other,Australia,3/22/2021,Monthly
s37873,Liam Miller,22,Female,Canada,1/30/2020,Monthly
s37874,Amelia Patel,18,Female,USA,10/4/2019,Monthly
s37875,Mia Singh,36,Other,India,12/21/2021,Monthly
s37876,Meera Davis,25,Female,Germany,4/20/2019,Yearly
s37877,Olivia Moore,20,Female,Australia,2/4/2021,Monthly
s37878,Meera Verma,42,Male,Germany,12/28/2022,Monthly
s37879,Arjun Verma,27,Male,USA,7/27/2019,Yearly
s37880,Amelia Hall,18,Male,India,7/14/2021,Free
s37881,Aanya Moore,20,Female,UK,12/26/2020,Monthly
s37882,Karan Miller,22,Female,Germany,4/10/2019,Yearly
s37883,Ethan Hall,31,Female,Germany,8/1/2019,Free
s37884,Eva Verma,22,Male,Australia,10/6/2022,Free
s37885,Ethan Martin,23,Male,USA,9/16/2019,Yearly
s37886,Isabella Smith,46,Other,Canada,11/1/2021,Free
s37887,Ethan Lee,46,Male,USA,6/5/2022,Yearly
s37888,Arjun Clark,18,Other,Canada,9/23/2022,Free
s37889,Meera Sharma,20,Male,UK,8/2/2022,Yearly
s37890,Benjamin Singh,20,Female,Canada,8/21/2019,Free
s37891,Ethan Davis,26,Other,Canada,4/22/2020,Yearly
s37892,Ethan Lee,24,Male,USA,9/3/2021,Free
s37893,Arjun Moore,38,Female,Canada,10/15/2019,Yearly
s37894,Olivia Thomas,26,Male,India,10/23/2019,Free
s37895,Liam Moore,25,Other,Germany,4/3/2021,Yearly
s37896,Aanya Lee,23,Male,UK,10/4/2019,Monthly
s37897,Noah Clark,20,Male,Australia,8/27/2019,Monthly
s37898,Aarav Smith,44,Female,Canada,4/3/2022,Yearly
s37899,Sophia Martin,52,Female,USA,8/22/2019,Monthly
s37900,Zara Johnson,18,Other,UK,3/25/2019,Monthly
s37901,Liam Brown,22,Male,Germany,5/5/2021,Monthly
s37902,Riya Clark,22,Male,Canada,12/26/2019,Yearly
s37903,Riya Davis,20,Female,UK,2/2/2020,Yearly
s37904,Mia Anderson,42,Female,USA,10/22/2022,Monthly
s37905,Sophia Lewis,23,Female,Canada,2/26/2021,Monthly
s37906,Vihaan Anderson,36,Male,UK,6/1/2020,Monthly
s37907,Emma Wilson,20,Male,Germany,10/2/2019,Monthly
s37908,Aarav Brown,33,Female,Australia,2/4/2020,Monthly
s37909,Liam Taylor,23,Male,India,11/24/2019,Yearly
s37910,Lucas Taylor,42,Female,USA,8/6/2022,Monthly
s37911,Ethan Lewis,40,Male,Canada,5/28/2022,Yearly
s37912,Aarav Singh,19,Male,USA,10/29/2022,Free
s37913,Karan Davis,40,Other,Australia,3/31/2019,Free
s37914,Mia Thomas,20,Other,UK,2/15/2020,Yearly
s37915,Aanya Thomas,25,Female,India,1/30/2021,Free
s37916,Isabella Thomas,23,Other,Germany,2/17/2019,Free
s37917,Noah Taylor,67,Female,Canada,3/27/2021,Monthly
s37918,Aanya Verma,26,Other,India,12/29/2021,Free
s37919,Zara Moore,23,Male,Canada,7/10/2021,Monthly
s37920,Isabella Verma,23,Other,UK,11/19/2022,Monthly
s37921,Noah Miller,24,Female,USA,2/4/2021,Free
s37922,Ethan Miller,36,Other,India,6/30/2022,Monthly
s37923,Benjamin Moore,21,Male,USA,6/12/2020,Free
s37924,Emma Miller,55,Female,Canada,6/20/2020,Yearly
s37925,Ethan Smith,21,Male,Australia,5/1/2021,Yearly
s37926,Vihaan Patel,24,Other,Canada,10/25/2021,Yearly
s37927,Mia Davis,21,Other,UK,5/10/2019,Yearly
s37928,Amelia Sharma,34,Other,Australia,4/12/2020,Free
s37929,Isabella Davis,45,Male,Germany,5/31/2019,Free
s37930,Lucas Taylor,58,Male,UK,7/9/2020,Yearly
s37931,Vihaan Singh,18,Male,USA,1/29/2019,Monthly
s37932,Arjun Smith,24,Female,Australia,8/26/2021,Yearly
s37933,Vihaan Johnson,30,Other,Germany,12/7/2021,Monthly
s37934,Arjun Clark,21,Other,Australia,3/26/2022,Free
s37935,Arjun Anderson,57,Other,USA,2/19/2020,Free
s37936,Sophia Clark,24,Male,UK,11/29/2022,Yearly
s37937,Sophia Patel,32,Male,UK,10/2/2020,Monthly
s37938,Sophia Davis,37,Female,USA,10/6/2019,Yearly
s37939,Isabella Walker,26,Female,Germany,1/20/2021,Monthly
s37940,Eva Hall,19,Male,UK,12/1/2019,Free
s37941,Riya Verma,20,Female,UK,2/5/2022,Yearly
s37942,Lucas Davis,25,Female,Canada,7/30/2021,Free
s37943,Ethan Thomas,41,Male,Australia,10/31/2021,Free
s37944,Karan Smith,31,Female,UK,6/24/2021,Monthly
s37945,Sophia Moore,21,Female,USA,2/13/2021,Yearly
s37946,Ethan Lee,37,Female,USA,9/11/2021,Yearly
s37947,Arjun Miller,34,Other,UK,8/19/2020,Yearly
s37948,Aarav Lewis,21,Other,Australia,1/23/2020,Free
s37949,Isabella Miller,25,Other,Canada,7/31/2019,Monthly
s37950,Isabella Miller,66,Male,Australia,12/17/2020,Yearly
s37951,Amelia Davis,25,Female,India,5/22/2019,Free
s37952,Lucas Davis,21,Male,USA,5/8/2020,Monthly
s37953,Ethan Johnson,37,Other,India,2/3/2022,Yearly
s37954,Liam Sharma,18,Male,Australia,11/12/2022,Free
s37955,Zara Miller,32,Male,India,2/13/2020,Monthly
s37956,Liam Brown,26,Other,Australia,11/11/2021,Yearly
s37957,Arjun Verma,41,Male,Germany,10/8/2020,Monthly
s37958,Zara Clark,25,Other,Australia,3/4/2022,Yearly
s37959,Mia Wilson,63,Other,Germany,1/7/2022,Free
s37960,Emma Davis,51,Female,UK,11/2/2019,Free
s37961,Meera Miller,20,Female,UK,8/28/2022,Monthly
s37962,Vihaan Lewis,19,Female,Canada,9/18/2022,Free
s37963,Benjamin Brown,18,Female,Canada,7/9/2022,Yearly
s37964,Aarav Hall,18,Female,UK,11/1/2022,Yearly
s37965,Arjun Hall,38,Female,Germany,7/31/2020,Monthly
s37966,Karan Johnson,24,Female,India,11/24/2019,Monthly
s37967,Arjun Brown,22,Male,USA,3/4/2021,Yearly
s37968,Zara Clark,19,Female,Canada,10/6/2021,Free
s37969,Mia Taylor,44,Other,Germany,4/14/2021,Free
s37970,Meera Singh,27,Male,Germany,8/12/2019,Yearly
s37971,Sophia Hall,20,Male,India,11/22/2022,Yearly
s37972,Eva Thomas,39,Female,Canada,7/24/2021,Free
s37973,Amelia Thomas,27,Male,Germany,9/23/2020,Free
s37974,Meera Patel,24,Other,Australia,2/10/2019,Yearly
s37975,Riya Lewis,19,Female,Australia,11/27/2019,Yearly
s37976,Amelia Smith,21,Female,Germany,9/21/2019,Yearly
s37977,Mia Wilson,45,Female,UK,1/24/2019,Free
s37978,Mia Walker,28,Female,India,2/15/2022,Free
s37979,Mia Wilson,33,Female,Germany,9/10/2020,Monthly
s37980,Olivia Sharma,44,Male,USA,4/24/2021,Monthly
s37981,Benjamin Moore,43,Female,UK,4/12/2019,Monthly
s37982,Olivia Sharma,31,Female,USA,8/28/2020,Yearly
s37983,Amelia Smith,23,Female,India,4/8/2019,Monthly
s37984,Olivia Walker,30,Female,India,9/23/2022,Free
s37985,Lucas Miller,26,Female,Canada,7/31/2022,Yearly
s37986,Vihaan Miller,19,Male,Germany,7/24/2020,Monthly
s37987,Amelia Thomas,22,Female,India,7/4/2022,Monthly
s37988,Lucas Lee,62,Female,Canada,3/24/2019,Monthly
s37989,Aarav Taylor,30,Male,India,8/30/2019,Yearly
s37990,Karan Singh,24,Female,Canada,5/19/2022,Free
s37991,Emma Martin,27,Other,Australia,9/23/2021,Free
s37992,Riya Lee,21,Male,Australia,10/7/2019,Free
s37993,Amelia Wilson,21,Other,Australia,10/18/2020,Free
s37994,Isabella Thomas,45,Other,Germany,10/2/2020,Free
s37995,Aanya Singh,25,Female,India,5/17/2022,Monthly
s37996,Noah Wilson,61,Male,Germany,6/8/2019,Yearly
s37997,Meera Martin,40,Male,Australia,5/12/2022,Free
s37998,Emma Sharma,19,Male,Canada,5/12/2020,Yearly
s37999,Arjun Walker,26,Male,UK,6/6/2020,Monthly
s38000,Olivia Singh,25,Male,Australia,10/4/2021,Yearly
s38001,Meera Johnson,28,Male,India,1/6/2019,Yearly
s38002,Meera Davis,18,Other,India,3/14/2019,Free
s38003,Aanya Taylor,57,Other,Australia,6/29/2022,Monthly
s38004,Vihaan Walker,21,Other,India,12/10/2022,Yearly
s38005,Riya Miller,22,Female,UK,5/13/2020,Monthly
s38006,Isabella Verma,24,Male,UK,11/19/2020,Yearly
s38007,Noah Brown,18,Female,Australia,5/26/2021,Free
s38008,Liam Johnson,37,Female,UK,4/13/2021,Free
s38009,Noah Thomas,42,Other,UK,3/26/2021,Free
s38010,Vihaan Brown,47,Female,India,2/3/2020,Monthly
s38011,Isabella Miller,23,Female,Australia,1/24/2021,Monthly
s38012,Eva Wilson,26,Other,Australia,4/7/2019,Yearly
s38013,Olivia Verma,63,Female,USA,4/3/2021,Monthly
s38014,Isabella Lee,41,Female,Australia,4/18/2022,Monthly
s38015,Eva Moore,23,Male,Canada,2/24/2020,Free
s38016,Ethan Clark,18,Female,UK,11/26/2021,Yearly
s38017,Mia Thomas,22,Other,India,12/16/2022,Yearly
s38018,Amelia Brown,19,Other,UK,12/29/2021,Free
s38019,Karan Smith,46,Female,Germany,9/10/2020,Free
s38020,Riya Hall,33,Female,UK,2/25/2022,Free
s38021,Karan Patel,21,Female,Germany,11/11/2022,Monthly
s38022,Zara Singh,34,Female,India,12/21/2021,Monthly
s38023,Emma Smith,18,Other,UK,1/15/2021,Free
s38024,Benjamin Clark,25,Other,Australia,8/1/2019,Free
s38025,Emma Martin,26,Female,Australia,8/10/2020,Yearly
s38026,Benjamin Patel,44,Female,Canada,2/21/2020,Free
s38027,Amelia Hall,39,Other,Germany,2/5/2022,Free
s38028,Olivia Walker,24,Male,USA,1/19/2020,Yearly
s38029,Noah Hall,25,Other,USA,8/23/2019,Yearly
s38030,Ethan Sharma,22,Female,UK,11/26/2022,Free
s38031,Isabella Verma,34,Other,Australia,6/2/2020,Monthly
s38032,Aanya Verma,26,Male,UK,12/15/2019,Free
s38033,Zara Lewis,27,Male,Australia,5/14/2022,Monthly
s38034,Liam Verma,58,Male,Canada,1/8/2022,Monthly
s38035,Riya Thomas,18,Female,Australia,6/12/2021,Monthly
s38036,Mia Davis,23,Male,India,12/17/2021,Monthly
s38037,Amelia Lewis,21,Other,Australia,2/5/2022,Monthly
s38038,Olivia Brown,63,Female,Germany,12/13/2020,Yearly
s38039,Ethan Walker,37,Other,Canada,10/10/2019,Free
s38040,Liam Smith,54,Male,USA,10/21/2020,Free
s38041,Ethan Johnson,26,Female,Australia,7/10/2019,Monthly
s38042,Lucas Brown,42,Other,USA,2/10/2020,Free
s38043,Zara Verma,46,Female,Canada,10/6/2019,Yearly
s38044,Aanya Thomas,25,Female,India,7/30/2022,Yearly
s38045,Karan Brown,28,Male,USA,12/24/2019,Free
s38046,Benjamin Anderson,24,Male,Canada,11/18/2019,Monthly
s38047,Amelia Verma,38,Female,UK,12/11/2020,Monthly
s38048,Riya Thomas,26,Male,Canada,10/2/2020,Yearly
s38049,Lucas Miller,25,Other,USA,3/4/2020,Yearly
s38050,Zara Miller,25,Other,Australia,2/11/2022,Monthly
s38051,Aanya Smith,37,Female,Australia,11/22/2022,Free
s38052,Eva Brown,45,Male,UK,6/28/2019,Monthly
s38053,Lucas Taylor,27,Male,Canada,1/1/2022,Monthly
s38054,Arjun Taylor,20,Female,Canada,7/10/2019,Free
s38055,Meera Taylor,21,Male,India,5/31/2019,Yearly
s38056,Lucas Wilson,45,Other,India,3/28/2022,Free
s38057,Meera Singh,24,Other,Australia,12/10/2022,Free
s38058,Emma Brown,23,Male,USA,8/7/2022,Monthly
s38059,Noah Taylor,25,Male,UK,4/16/2022,Monthly
s38060,Emma Sharma,23,Male,India,7/6/2019,Yearly
s38061,Ethan Verma,39,Female,Australia,5/1/2021,Free
s38062,Sophia Lewis,28,Female,Germany,5/24/2019,Free
s38063,Benjamin Hall,25,Female,Germany,9/29/2022,Monthly
s38064,Meera Wilson,22,Other,India,2/24/2021,Yearly
s38065,Emma Taylor,60,Other,India,7/11/2019,Free
s38066,Aarav Johnson,27,Other,India,10/13/2020,Free
s38067,Meera Lee,22,Other,Germany,8/12/2020,Free
s38068,Benjamin Wilson,45,Male,Germany,11/2/2019,Free
s38069,Zara Hall,19,Female,Germany,12/13/2021,Free
s38070,Arjun Taylor,22,Other,Australia,7/7/2019,Yearly
s38071,Meera Davis,18,Other,Canada,12/19/2021,Yearly
s38072,Aanya Hall,27,Female,UK,4/24/2021,Monthly
s38073,Mia Davis,40,Other,UK,8/1/2019,Free
s38074,Ethan Hall,37,Female,India,9/13/2020,Yearly
s38075,Eva Anderson,58,Female,Germany,7/17/2022,Monthly
s38076,Eva Miller,18,Male,Canada,9/22/2021,Yearly
s38077,Amelia Smith,25,Female,Australia,7/14/2019,Yearly
s38078,Lucas Davis,25,Other,Canada,9/21/2019,Free
s38079,Vihaan Taylor,22,Male,UK,6/30/2022,Monthly
s38080,Arjun Walker,22,Male,India,8/3/2020,Free
s38081,Amelia Verma,22,Female,Germany,8/22/2022,Free
s38082,Liam Patel,23,Female,UK,7/5/2019,Monthly
s38083,Karan Martin,43,Other,USA,3/16/2022,Monthly
s38084,Isabella Martin,35,Other,Germany,10/22/2019,Monthly
s38085,Benjamin Anderson,23,Male,Canada,7/10/2020,Yearly
s38086,Lucas Anderson,27,Female,India,9/19/2019,Yearly
s38087,Sophia Singh,23,Female,Germany,9/1/2022,Yearly
s38088,Isabella Lee,26,Male,UK,5/22/2020,Yearly
s38089,Lucas Walker,46,Female,UK,10/12/2020,Yearly
s38090,Amelia Patel,27,Female,Germany,1/3/2022,Monthly
s38091,Arjun Moore,20,Male,Canada,5/27/2019,Free
s38092,Isabella Johnson,23,Female,Canada,3/5/2021,Yearly
s38093,Noah Clark,25,Other,UK,3/10/2019,Monthly
s38094,Sophia Verma,24,Other,USA,8/29/2019,Free
s38095,Olivia Moore,22,Male,UK,8/6/2022,Monthly
s38096,Emma Hall,31,Other,Canada,5/28/2020,Yearly
s38097,Aarav Davis,21,Other,UK,8/15/2021,Yearly
s38098,Aanya Patel,42,Female,Germany,3/20/2022,Yearly
s38099,Isabella Hall,42,Male,USA,7/21/2022,Free
s38100,Sophia Lewis,25,Female,Canada,9/27/2021,Yearly
s38101,Lucas Wilson,32,Female,USA,8/3/2022,Monthly
s38102,Vihaan Miller,31,Female,USA,2/25/2022,Free
s38103,Lucas Lewis,26,Female,Australia,8/12/2020,Free
s38104,Zara Lewis,25,Male,Australia,3/20/2019,Yearly
s38105,Olivia Johnson,23,Female,Germany,8/28/2020,Monthly
s38106,Zara Johnson,19,Other,USA,7/30/2021,Monthly
s38107,Liam Moore,28,Male,India,1/14/2020,Free
s38108,Zara Verma,62,Female,USA,9/22/2022,Free
s38109,Ethan Anderson,43,Other,Australia,1/21/2019,Yearly
s38110,Aarav Hall,19,Female,Germany,6/4/2021,Free
s38111,Aanya Patel,25,Other,Germany,8/1/2019,Free
s38112,Vihaan Patel,22,Other,Germany,5/17/2020,Monthly
s38113,Vihaan Davis,28,Other,India,5/5/2020,Monthly
s38114,Karan Patel,38,Female,Canada,8/12/2022,Monthly
s38115,Mia Brown,22,Male,UK,10/14/2019,Monthly
s38116,Zara Patel,26,Male,Canada,12/18/2020,Monthly
s38117,Olivia Davis,24,Female,USA,6/3/2020,Free
s38118,Noah Moore,22,Other,UK,4/29/2022,Monthly
s38119,Benjamin Smith,62,Other,India,5/14/2019,Free
s38120,Lucas Walker,60,Female,Germany,7/29/2020,Monthly
s38121,Arjun Brown,21,Other,Canada,2/27/2019,Monthly
s38122,Arjun Johnson,36,Male,USA,3/11/2019,Monthly
s38123,Karan Patel,19,Male,Germany,7/13/2020,Monthly
s38124,Sophia Johnson,18,Female,USA,12/26/2022,Monthly
s38125,Zara Taylor,45,Other,USA,11/28/2021,Free
s38126,Ethan Martin,24,Female,Germany,8/18/2022,Yearly
s38127,Zara Thomas,18,Male,India,1/17/2019,Yearly
s38128,Aanya Walker,20,Male,India,7/18/2022,Monthly
s38129,Isabella Miller,22,Other,Australia,3/31/2022,Free
s38130,Eva Taylor,27,Male,USA,12/6/2020,Yearly
s38131,Benjamin Miller,24,Female,UK,3/12/2022,Monthly
s38132,Lucas Taylor,20,Male,Germany,2/23/2022,Free
s38133,Ethan Wilson,26,Male,USA,4/28/2020,Free
s38134,Aanya Verma,39,Male,USA,5/29/2021,Yearly
s38135,Vihaan Wilson,43,Male,USA,10/8/2021,Yearly
s38136,Benjamin Brown,67,Female,Australia,10/4/2019,Monthly
s38137,Meera Thomas,27,Other,India,8/22/2021,Free
s38138,Benjamin Smith,35,Other,India,7/24/2019,Free
s38139,Sophia Martin,39,Male,India,10/23/2019,Monthly
s38140,Riya Taylor,21,Female,Australia,2/24/2022,Monthly
s38141,Isabella Wilson,37,Other,Germany,3/12/2020,Monthly
s38142,Meera Davis,22,Male,UK,11/26/2020,Monthly
s38143,Amelia Anderson,21,Male,Canada,4/5/2019,Free
s38144,Sophia Hall,39,Female,India,5/19/2021,Free
s38145,Amelia Brown,21,Female,Canada,11/5/2022,Yearly
s38146,Karan Walker,23,Male,UK,2/17/2020,Yearly
s38147,Aarav Brown,47,Male,India,12/12/2019,Free
s38148,Sophia Johnson,41,Male,India,2/8/2021,Yearly
s38149,Liam Sharma,54,Male,UK,11/5/2021,Free
s38150,Aanya Smith,42,Female,USA,10/9/2022,Yearly
s38151,Aarav Clark,39,Other,Canada,11/27/2022,Yearly
s38152,Sophia Moore,25,Female,UK,11/24/2021,Yearly
s38153,Arjun Thomas,29,Other,USA,4/10/2019,Free
s38154,Zara Sharma,22,Other,Canada,7/27/2020,Free
s38155,Olivia Hall,35,Male,Australia,3/8/2020,Monthly
s38156,Vihaan Anderson,22,Male,USA,6/25/2021,Free
s38157,Aarav Johnson,23,Male,India,7/15/2020,Monthly
s38158,Aanya Davis,25,Female,Canada,6/25/2022,Yearly
s38159,Riya Anderson,19,Other,India,8/17/2019,Free
s38160,Meera Verma,47,Male,India,6/2/2020,Monthly
s38161,Olivia Martin,19,Other,USA,8/22/2022,Yearly
s38162,Riya Martin,22,Male,Australia,12/29/2022,Yearly
s38163,Karan Moore,25,Other,UK,12/12/2022,Free
s38164,Eva Clark,32,Female,Germany,6/16/2021,Yearly
s38165,Mia Verma,57,Other,Germany,6/28/2022,Monthly
s38166,Olivia Taylor,58,Male,Canada,5/17/2022,Monthly
s38167,Noah Moore,22,Male,Australia,12/29/2020,Monthly
s38168,Olivia Clark,20,Other,Canada,8/13/2019,Yearly
s38169,Aarav Verma,43,Female,Germany,2/2/2021,Free
s38170,Olivia Davis,21,Male,UK,12/13/2019,Yearly
s38171,Amelia Patel,53,Other,India,8/2/2022,Free
s38172,Isabella Johnson,27,Other,Canada,6/28/2021,Monthly
s38173,Aarav Singh,26,Male,USA,7/29/2020,Free
s38174,Karan Singh,26,Other,Germany,11/4/2022,Free
s38175,Noah Lewis,36,Other,UK,9/24/2020,Monthly
s38176,Emma Singh,30,Male,Germany,1/15/2022,Free
s38177,Arjun Singh,28,Male,India,11/11/2021,Monthly
s38178,Liam Lee,19,Male,Australia,3/31/2022,Free
s38179,Liam Martin,19,Female,India,12/28/2022,Free
s38180,Benjamin Anderson,26,Female,UK,3/23/2019,Monthly
s38181,Vihaan Martin,36,Male,USA,11/4/2019,Free
s38182,Karan Singh,36,Male,Australia,11/8/2021,Free
s38183,Amelia Verma,67,Male,Germany,7/25/2022,Monthly
s38184,Aanya Davis,26,Other,Germany,9/10/2021,Monthly
s38185,Noah Anderson,18,Other,India,5/6/2020,Yearly
s38186,Noah Anderson,22,Male,Australia,1/17/2020,Free
s38187,Liam Taylor,26,Other,UK,11/26/2020,Yearly
s38188,Sophia Martin,27,Male,India,3/21/2019,Free
s38189,Ethan Sharma,46,Female,Germany,6/1/2019,Free
s38190,Olivia Smith,23,Female,USA,11/2/2019,Yearly
s38191,Isabella Lewis,22,Other,Canada,3/24/2021,Free
s38192,Emma Hall,29,Other,Germany,2/13/2020,Free
s38193,Meera Moore,32,Male,Australia,1/21/2022,Monthly
s38194,Benjamin Clark,66,Male,USA,6/4/2021,Yearly
s38195,Noah Johnson,45,Female,Canada,3/27/2022,Yearly
s38196,Vihaan Patel,22,Male,UK,7/5/2019,Yearly
s38197,Riya Miller,22,Male,India,6/15/2019,Free
s38198,Aanya Taylor,25,Female,USA,5/28/2019,Yearly
s38199,Isabella Patel,20,Other,Canada,11/3/2021,Monthly
s38200,Riya Miller,26,Female,Canada,1/2/2020,Monthly
s38201,Arjun Davis,40,Female,USA,7/14/2019,Yearly
s38202,Aanya Martin,53,Female,India,2/26/2021,Monthly
s38203,Vihaan Thomas,28,Other,India,5/3/2021,Yearly
s38204,Amelia Brown,66,Other,Germany,7/25/2020,Yearly
s38205,Aanya Wilson,27,Male,Canada,4/1/2020,Monthly
s38206,Liam Lee,26,Other,Canada,8/21/2022,Yearly
s38207,Noah Clark,41,Other,Canada,12/3/2020,Monthly
s38208,Aarav Sharma,23,Other,Germany,6/23/2019,Yearly
s38209,Zara Moore,25,Other,UK,6/6/2021,Monthly
s38210,Lucas Singh,23,Male,India,2/26/2020,Free
s38211,Mia Anderson,37,Other,UK,12/8/2019,Free
s38212,Liam Martin,21,Female,USA,1/18/2021,Monthly
s38213,Emma Lee,22,Other,USA,8/9/2020,Free
s38214,Olivia Anderson,33,Male,Canada,9/13/2021,Yearly
s38215,Amelia Hall,57,Female,Australia,4/15/2019,Monthly
s38216,Mia Lee,22,Female,USA,11/16/2021,Yearly
s38217,Noah Singh,24,Other,UK,12/15/2021,Monthly
s38218,Vihaan Miller,27,Other,India,4/6/2021,Yearly
s38219,Aarav Brown,18,Female,Australia,7/12/2019,Monthly
s38220,Eva Thomas,20,Female,Australia,10/16/2020,Free
s38221,Liam Thomas,26,Other,India,4/25/2020,Yearly
s38222,Isabella Patel,24,Male,India,9/9/2021,Monthly
s38223,Aarav Lewis,34,Other,UK,4/12/2022,Monthly
s38224,Arjun Lee,34,Other,Germany,2/4/2019,Yearly
s38225,Mia Anderson,42,Female,India,10/26/2020,Free
s38226,Aanya Davis,25,Female,Australia,4/20/2019,Yearly
s38227,Zara Thomas,19,Other,India,5/4/2019,Free
s38228,Mia Davis,44,Male,USA,5/12/2021,Free
s38229,Riya Walker,24,Male,USA,6/6/2022,Free
s38230,Ethan Wilson,23,Female,UK,12/19/2022,Monthly
s38231,Olivia Singh,19,Other,Canada,2/27/2019,Monthly
s38232,Karan Davis,44,Male,UK,7/25/2020,Yearly
s38233,Meera Wilson,22,Male,Australia,8/13/2020,Monthly
s38234,Ethan Martin,39,Other,UK,1/16/2021,Monthly
s38235,Karan Singh,21,Male,Australia,12/13/2020,Monthly
s38236,Riya Taylor,25,Male,Germany,9/9/2020,Free
s38237,Mia Martin,26,Male,USA,2/6/2022,Yearly
s38238,Lucas Martin,18,Other,Germany,8/31/2021,Yearly
s38239,Mia Miller,27,Male,USA,9/13/2020,Free
s38240,Isabella Smith,44,Male,Germany,2/3/2021,Monthly
s38241,Meera Verma,19,Other,UK,8/1/2020,Yearly
s38242,Ethan Martin,27,Male,Germany,5/27/2021,Monthly
s38243,Noah Johnson,26,Male,Germany,3/13/2019,Free
s38244,Noah Singh,30,Female,India,12/6/2021,Monthly
s38245,Amelia Martin,25,Other,India,10/25/2019,Free
s38246,Amelia Sharma,27,Male,Canada,8/4/2020,Monthly
s38247,Sophia Anderson,25,Female,UK,12/12/2021,Monthly
s38248,Isabella Verma,67,Male,UK,12/7/2022,Yearly
s38249,Zara Patel,39,Male,USA,9/11/2021,Monthly
s38250,Emma Anderson,37,Male,UK,12/22/2022,Yearly
s38251,Noah Anderson,27,Other,UK,4/14/2019,Free
s38252,Vihaan Clark,23,Female,Canada,1/21/2019,Monthly
s38253,Zara Singh,40,Female,Germany,6/9/2022,Free
s38254,Zara Clark,47,Female,Germany,8/13/2021,Yearly
s38255,Aarav Lewis,39,Female,Australia,10/1/2021,Free
s38256,Amelia Moore,18,Male,USA,3/30/2022,Yearly
s38257,Emma Singh,29,Male,Canada,7/26/2019,Free
s38258,Aarav Taylor,31,Female,India,11/4/2022,Free
s38259,Benjamin Moore,43,Other,Germany,8/19/2021,Yearly
s38260,Karan Singh,40,Other,India,3/20/2019,Monthly
s38261,Ethan Davis,52,Other,Australia,9/21/2019,Monthly
s38262,Ethan Davis,20,Female,UK,10/1/2022,Monthly
s38263,Lucas Wilson,37,Other,UK,10/5/2019,Monthly
s38264,Zara Moore,24,Male,India,9/3/2021,Yearly
s38265,Mia Moore,24,Female,India,3/27/2019,Free
s38266,Emma Lewis,24,Other,USA,1/10/2020,Monthly
s38267,Liam Taylor,61,Male,USA,10/19/2022,Yearly
s38268,Riya Taylor,23,Other,USA,9/17/2022,Yearly
s38269,Amelia Miller,31,Female,UK,11/12/2021,Yearly
s38270,Isabella Lee,46,Other,UK,2/8/2022,Yearly
s38271,Aarav Sharma,38,Other,Australia,3/21/2019,Monthly
s38272,Ethan Davis,38,Male,Germany,10/27/2020,Monthly
s38273,Aarav Thomas,26,Other,Canada,5/12/2022,Monthly
s38274,Liam Thomas,18,Female,Canada,5/29/2021,Yearly
s38275,Isabella Clark,18,Other,Australia,3/18/2021,Free
s38276,Benjamin Hall,28,Other,USA,2/28/2020,Free
s38277,Isabella Miller,26,Male,Australia,11/25/2021,Free
s38278,Vihaan Wilson,31,Male,UK,9/16/2019,Yearly
s38279,Lucas Walker,43,Male,Canada,1/5/2021,Yearly
s38280,Lucas Anderson,29,Other,UK,3/14/2020,Free
s38281,Amelia Wilson,45,Male,India,11/22/2022,Yearly
s38282,Riya Johnson,43,Male,UK,7/7/2020,Free
s38283,Liam Lewis,37,Female,Canada,12/9/2020,Yearly
s38284,Aarav Taylor,33,Female,Germany,8/10/2020,Yearly
s38285,Noah Walker,18,Female,USA,10/10/2019,Free
s38286,Isabella Patel,19,Other,UK,10/22/2021,Free
s38287,Arjun Moore,18,Male,UK,4/19/2022,Monthly
s38288,Aanya Hall,27,Male,UK,6/21/2020,Free
s38289,Eva Sharma,38,Female,Canada,11/24/2020,Yearly
s38290,Zara Anderson,24,Other,Germany,6/12/2021,Monthly
s38291,Eva Taylor,41,Male,Germany,7/12/2022,Monthly
s38292,Sophia Singh,66,Male,USA,12/6/2020,Free
s38293,Riya Anderson,19,Other,Germany,11/19/2021,Monthly
s38294,Aanya Taylor,20,Male,UK,4/23/2022,Yearly
s38295,Olivia Davis,20,Male,Australia,10/5/2020,Yearly
s38296,Riya Singh,23,Female,Australia,8/27/2020,Yearly
s38297,Benjamin Miller,25,Other,India,6/23/2019,Yearly
s38298,Karan Lee,25,Female,USA,1/20/2019,Free
s38299,Aarav Lee,39,Male,Australia,4/27/2019,Free
s38300,Amelia Moore,20,Female,India,3/19/2019,Monthly
s38301,Emma Brown,21,Male,Australia,6/12/2022,Free
s38302,Ethan Smith,44,Male,Australia,12/27/2020,Free
s38303,Emma Singh,47,Female,India,11/3/2021,Yearly
s38304,Aanya Taylor,18,Female,Australia,10/25/2022,Yearly
s38305,Emma Verma,40,Male,Australia,3/8/2022,Yearly
s38306,Aarav Johnson,25,Other,Germany,8/30/2021,Monthly
s38307,Karan Thomas,60,Other,India,9/26/2020,Monthly
s38308,Aanya Smith,21,Female,India,9/17/2022,Monthly
s38309,Amelia Clark,24,Other,Germany,7/19/2020,Free
s38310,Aanya Walker,46,Other,India,3/25/2019,Free
s38311,Sophia Clark,45,Female,Germany,1/8/2019,Yearly
s38312,Sophia Smith,39,Female,Germany,8/19/2020,Monthly
s38313,Riya Patel,63,Other,Canada,5/31/2021,Yearly
s38314,Noah Lee,30,Female,UK,11/25/2020,Yearly
s38315,Mia Clark,57,Other,India,2/4/2020,Free
s38316,Liam Anderson,59,Male,Australia,3/11/2022,Free
s38317,Emma Johnson,29,Other,Germany,5/11/2022,Yearly
s38318,Zara Clark,22,Male,India,4/1/2022,Monthly
s38319,Noah Singh,22,Other,Canada,2/4/2022,Monthly
s38320,Eva Davis,54,Female,Canada,2/23/2020,Monthly
s38321,Vihaan Johnson,34,Male,Australia,4/8/2022,Yearly
s38322,Arjun Patel,47,Female,Canada,2/16/2020,Monthly
s38323,Olivia Anderson,46,Female,India,5/14/2020,Yearly
s38324,Aarav Wilson,25,Male,USA,4/8/2022,Yearly
s38325,Eva Sharma,64,Other,India,12/27/2020,Monthly
s38326,Karan Sharma,29,Other,Germany,6/16/2019,Monthly
s38327,Riya Anderson,54,Other,India,11/30/2021,Yearly
s38328,Sophia Smith,41,Other,UK,8/22/2022,Free
s38329,Amelia Davis,19,Other,Canada,7/3/2019,Free
s38330,Mia Lee,22,Female,USA,11/13/2022,Monthly
s38331,Isabella Miller,46,Female,USA,9/11/2019,Monthly
s38332,Benjamin Davis,37,Female,Australia,3/12/2020,Free
s38333,Olivia Verma,55,Female,UK,11/3/2020,Free
s38334,Arjun Martin,40,Other,India,6/24/2020,Free
s38335,Zara Anderson,27,Male,UK,12/21/2020,Yearly
s38336,Benjamin Hall,48,Male,Germany,12/19/2022,Free
s38337,Aanya Hall,25,Female,Australia,11/26/2022,Free
s38338,Liam Singh,24,Female,Australia,6/10/2019,Monthly
s38339,Noah Martin,42,Other,Germany,4/17/2019,Free
s38340,Aarav Brown,41,Female,USA,9/15/2021,Yearly
s38341,Riya Smith,23,Male,Canada,7/20/2020,Yearly
s38342,Aarav Thomas,31,Female,Germany,1/1/2022,Yearly
s38343,Karan Lewis,20,Male,Australia,6/4/2021,Yearly
s38344,Benjamin Wilson,25,Female,Germany,7/10/2019,Free
s38345,Karan Patel,34,Female,Australia,6/4/2020,Free
s38346,Eva Smith,23,Other,UK,2/19/2021,Monthly
s38347,Meera Taylor,18,Other,UK,9/26/2022,Free
s38348,Mia Hall,19,Other,UK,1/29/2019,Free
s38349,Karan Singh,28,Female,India,11/25/2019,Yearly
s38350,Zara Verma,26,Female,USA,12/5/2020,Yearly
s38351,Sophia Taylor,21,Other,UK,2/26/2021,Yearly
s38352,Noah Taylor,18,Other,USA,7/21/2020,Free
s38353,Aanya Johnson,34,Other,Australia,11/13/2022,Free
s38354,Aanya Verma,38,Male,Germany,12/14/2021,Monthly
s38355,Amelia Lewis,52,Female,India,4/9/2022,Free
s38356,Isabella Martin,41,Female,Germany,12/6/2021,Monthly
s38357,Isabella Johnson,24,Female,Canada,4/24/2021,Monthly
s38358,Olivia Hall,23,Male,UK,11/28/2019,Yearly
s38359,Emma Clark,20,Male,Canada,8/2/2020,Monthly
s38360,Eva Lee,23,Male,Germany,8/18/2019,Yearly
s38361,Liam Wilson,26,Female,Canada,5/23/2021,Yearly
s38362,Aarav Verma,25,Female,USA,12/25/2019,Free
s38363,Meera Davis,18,Male,Australia,3/30/2022,Yearly
s38364,Aanya Davis,30,Male,India,6/22/2019,Yearly
s38365,Arjun Taylor,22,Male,Germany,6/19/2021,Monthly
s38366,Eva Lewis,31,Other,UK,4/29/2020,Monthly
s38367,Karan Davis,23,Other,Canada,1/18/2021,Monthly
s38368,Lucas Martin,21,Female,Australia,7/29/2021,Yearly
s38369,Aanya Lewis,22,Male,USA,7/3/2022,Free
s38370,Amelia Singh,31,Female,Australia,1/3/2019,Monthly
s38371,Isabella Martin,40,Other,India,2/23/2019,Free
s38372,Meera Miller,30,Other,Australia,11/1/2021,Monthly
s38373,Vihaan Smith,23,Female,India,10/23/2019,Yearly
s38374,Meera Brown,52,Female,UK,8/22/2022,Yearly
s38375,Karan Lee,22,Male,Canada,2/8/2021,Monthly
s38376,Riya Thomas,18,Other,Canada,3/19/2021,Monthly
s38377,Liam Thomas,43,Female,Germany,4/23/2022,Free
s38378,Aanya Johnson,25,Male,UK,5/14/2021,Yearly
s38379,Mia Verma,25,Male,UK,10/9/2022,Yearly
s38380,Lucas Moore,18,Male,Germany,2/19/2019,Free
s38381,Arjun Lewis,29,Male,UK,6/9/2019,Free
s38382,Aanya Johnson,19,Female,UK,5/9/2020,Free
s38383,Zara Miller,19,Male,India,3/19/2019,Monthly
s38384,Riya Thomas,39,Male,UK,8/23/2020,Free
s38385,Aarav Moore,53,Male,USA,11/16/2019,Free
s38386,Ethan Walker,25,Male,Germany,3/4/2019,Free
s38387,Olivia Singh,67,Female,Canada,11/29/2021,Free
s38388,Noah Taylor,22,Female,India,6/3/2021,Yearly
s38389,Emma Verma,28,Female,UK,10/25/2022,Monthly
s38390,Vihaan Smith,39,Other,UK,1/16/2021,Yearly
s38391,Riya Smith,24,Female,USA,4/26/2019,Free
s38392,Sophia Verma,58,Male,Germany,6/27/2022,Free
s38393,Mia Hall,19,Female,USA,10/15/2020,Free
s38394,Riya Lewis,21,Female,USA,9/23/2022,Free
s38395,Arjun Brown,57,Male,UK,8/11/2022,Free
s38396,Emma Smith,47,Other,Canada,2/12/2020,Yearly
s38397,Lucas Walker,46,Female,USA,9/18/2021,Free
s38398,Ethan Johnson,21,Other,USA,7/21/2019,Yearly
s38399,Meera Smith,24,Other,India,6/9/2021,Free
s38400,Aarav Hall,25,Female,Germany,3/28/2022,Yearly
s38401,Noah Moore,54,Male,USA,9/8/2020,Free
s38402,Riya Taylor,25,Female,Australia,3/10/2022,Monthly
s38403,Noah Taylor,22,Male,Canada,6/27/2022,Free
s38404,Aarav Walker,22,Female,Germany,2/28/2022,Free
s38405,Olivia Johnson,22,Female,Germany,7/1/2019,Free
s38406,Mia Wilson,20,Female,Germany,8/13/2021,Free
s38407,Sophia Taylor,26,Male,India,12/5/2022,Free
s38408,Mia Clark,20,Other,Germany,2/17/2020,Free
s38409,Karan Taylor,27,Other,Australia,11/7/2020,Monthly
s38410,Benjamin Singh,26,Other,Australia,8/25/2022,Yearly
s38411,Isabella Wilson,27,Male,Australia,12/29/2021,Yearly
s38412,Zara Sharma,25,Male,USA,3/8/2021,Yearly
s38413,Zara Clark,23,Other,Germany,2/11/2020,Free
s38414,Amelia Martin,24,Male,Australia,10/20/2019,Free
s38415,Amelia Brown,21,Other,UK,7/27/2019,Free
s38416,Noah Lee,30,Other,Canada,7/28/2022,Free
s38417,Lucas Singh,40,Male,India,11/11/2019,Yearly
s38418,Mia Martin,67,Male,Australia,2/4/2022,Yearly
s38419,Ethan Anderson,23,Female,Australia,11/20/2021,Monthly
s38420,Vihaan Miller,18,Other,Germany,6/11/2022,Free
s38421,Benjamin Miller,24,Male,UK,5/19/2022,Free
s38422,Noah Verma,26,Female,India,3/19/2022,Monthly
s38423,Eva Lee,24,Female,UK,10/15/2020,Monthly
s38424,Arjun Anderson,28,Other,USA,12/30/2019,Monthly
s38425,Liam Brown,45,Other,Australia,10/30/2022,Yearly
s38426,Benjamin Martin,18,Female,Germany,4/15/2019,Free
s38427,Mia Anderson,25,Other,Germany,1/29/2020,Monthly
s38428,Mia Johnson,26,Male,USA,5/17/2021,Free
s38429,Olivia Taylor,20,Female,Germany,4/26/2022,Free
s38430,Eva Johnson,27,Other,India,4/12/2020,Monthly
s38431,Eva Singh,27,Other,Germany,4/5/2022,Yearly
s38432,Mia Singh,47,Other,Australia,3/4/2020,Free
s38433,Meera Miller,18,Male,UK,2/4/2022,Monthly
s38434,Liam Moore,51,Male,USA,8/15/2020,Yearly
s38435,Eva Moore,26,Female,USA,2/27/2019,Yearly
s38436,Lucas Miller,39,Male,India,4/5/2019,Monthly
s38437,Ethan Sharma,27,Other,India,12/29/2021,Free
s38438,Vihaan Miller,21,Male,USA,5/31/2020,Free
s38439,Noah Smith,62,Male,UK,6/10/2019,Yearly
s38440,Aarav Lewis,22,Other,Australia,11/18/2020,Yearly
s38441,Vihaan Verma,58,Other,USA,11/27/2022,Free
s38442,Eva Clark,27,Male,Canada,12/12/2020,Free
s38443,Zara Patel,24,Female,India,7/22/2019,Monthly
s38444,Noah Brown,26,Male,Canada,12/26/2021,Monthly
s38445,Benjamin Singh,43,Male,Germany,11/27/2021,Yearly
s38446,Emma Moore,43,Male,India,3/30/2022,Free
s38447,Liam Thomas,23,Female,Canada,1/28/2019,Yearly
s38448,Sophia Patel,44,Other,UK,3/25/2019,Free
s38449,Vihaan Lewis,52,Other,Germany,1/27/2021,Monthly
s38450,Aanya Miller,19,Other,USA,9/24/2022,Free
s38451,Mia Davis,19,Other,Germany,9/5/2021,Free
s38452,Emma Thomas,32,Male,USA,11/20/2020,Yearly
s38453,Emma Thomas,40,Other,USA,2/2/2022,Free
s38454,Emma Clark,40,Other,Canada,4/7/2019,Free
s38455,Eva Anderson,24,Other,UK,3/13/2022,Free
s38456,Arjun Clark,18,Female,UK,2/17/2022,Free
s38457,Benjamin Thomas,44,Male,Germany,5/21/2020,Free
s38458,Ethan Sharma,23,Female,UK,4/12/2020,Monthly
s38459,Arjun Patel,46,Female,Germany,1/5/2019,Monthly
s38460,Benjamin Taylor,22,Female,India,5/16/2021,Free
s38461,Emma Brown,49,Male,India,5/29/2022,Monthly
s38462,Liam Miller,27,Other,India,10/28/2020,Monthly
s38463,Emma Smith,34,Female,Canada,3/19/2022,Free
s38464,Riya Wilson,24,Female,UK,11/24/2020,Free
s38465,Meera Patel,30,Male,India,11/9/2020,Yearly
s38466,Riya Moore,24,Female,USA,10/31/2020,Free
s38467,Sophia Taylor,20,Female,UK,1/21/2020,Free
s38468,Arjun Anderson,21,Male,Germany,12/5/2019,Monthly
s38469,Isabella Patel,26,Male,Germany,8/14/2021,Monthly
s38470,Riya Wilson,45,Male,Australia,7/22/2019,Monthly
s38471,Noah Singh,22,Female,Australia,2/14/2022,Yearly
s38472,Karan Walker,55,Other,USA,4/4/2022,Yearly
s38473,Benjamin Martin,26,Male,Australia,7/22/2021,Monthly
s38474,Eva Walker,24,Female,UK,11/7/2020,Yearly
s38475,Sophia Sharma,55,Other,Germany,4/28/2020,Yearly
s38476,Ethan Sharma,26,Male,Australia,8/12/2020,Free
s38477,Aanya Brown,27,Other,Australia,10/30/2019,Monthly
s38478,Isabella Hall,20,Other,UK,3/12/2021,Monthly
s38479,Sophia Patel,19,Female,Germany,8/30/2019,Free
s38480,Amelia Clark,23,Male,UK,7/31/2022,Yearly
s38481,Noah Sharma,23,Other,Germany,11/3/2022,Monthly
s38482,Olivia Anderson,45,Other,USA,5/16/2021,Monthly
s38483,Amelia Walker,19,Female,Germany,3/25/2021,Yearly
s38484,Olivia Lewis,20,Female,Germany,12/18/2022,Monthly
s38485,Aarav Lewis,47,Other,Australia,3/2/2021,Yearly
s38486,Aanya Lewis,26,Male,UK,2/9/2019,Free
s38487,Karan Walker,27,Female,UK,10/3/2021,Monthly
s38488,Vihaan Brown,31,Male,Canada,12/12/2019,Free
s38489,Vihaan Johnson,21,Female,Germany,2/17/2019,Free
s38490,Amelia Singh,20,Male,UK,12/14/2022,Monthly
s38491,Lucas Hall,20,Male,Canada,3/31/2020,Monthly
s38492,Eva Singh,20,Female,Germany,2/9/2022,Free
s38493,Vihaan Patel,41,Other,UK,8/20/2022,Monthly
s38494,Lucas Moore,28,Other,USA,1/27/2022,Yearly
s38495,Vihaan Clark,22,Male,Canada,3/8/2019,Monthly
s38496,Aanya Sharma,62,Female,USA,6/12/2022,Yearly
s38497,Aarav Davis,25,Other,India,10/28/2021,Monthly
s38498,Vihaan Miller,22,Female,USA,8/6/2021,Free
s38499,Aarav Moore,24,Other,Australia,10/3/2019,Monthly
s38500,Sophia Clark,37,Other,UK,11/29/2021,Yearly
s38501,Lucas Moore,19,Male,Germany,10/30/2021,Monthly
s38502,Zara Verma,19,Other,Germany,11/10/2021,Yearly
s38503,Zara Walker,22,Other,USA,11/20/2021,Monthly
s38504,Olivia Lewis,21,Female,Australia,10/29/2020,Monthly
s38505,Vihaan Taylor,26,Female,Canada,9/12/2022,Free
s38506,Arjun Brown,53,Female,Australia,9/24/2019,Yearly
s38507,Lucas Johnson,39,Female,Canada,8/3/2020,Free
s38508,Ethan Martin,19,Other,UK,1/9/2019,Monthly
s38509,Riya Smith,26,Male,Germany,12/30/2022,Free
s38510,Liam Davis,27,Male,UK,3/20/2022,Free
s38511,Eva Lewis,20,Male,India,8/3/2022,Yearly
s38512,Arjun Clark,31,Other,Canada,11/9/2022,Free
s38513,Meera Smith,34,Other,USA,6/22/2019,Free
s38514,Isabella Davis,21,Other,Australia,3/18/2020,Monthly
s38515,Sophia Anderson,21,Female,India,9/2/2022,Free
s38516,Ethan Johnson,26,Female,UK,7/10/2019,Free
s38517,Zara Anderson,35,Other,Canada,2/14/2022,Free
s38518,Sophia Davis,49,Female,Canada,2/5/2021,Free
s38519,Aanya Patel,18,Male,USA,4/25/2021,Monthly
s38520,Isabella Verma,24,Female,UK,3/11/2022,Yearly
s38521,Arjun Sharma,20,Female,UK,9/13/2019,Free
s38522,Mia Davis,38,Female,Australia,2/27/2021,Yearly
s38523,Ethan Martin,20,Other,USA,1/18/2022,Free
s38524,Vihaan Smith,18,Female,Australia,12/26/2021,Free
s38525,Arjun Sharma,50,Female,Australia,2/19/2021,Monthly
s38526,Amelia Brown,22,Female,USA,3/12/2021,Monthly
s38527,Arjun Verma,22,Female,Canada,2/11/2020,Free
s38528,Aanya Taylor,21,Male,Germany,7/1/2020,Free
s38529,Arjun Johnson,18,Male,Australia,1/29/2022,Monthly
s38530,Isabella Verma,27,Other,UK,5/30/2021,Yearly
s38531,Mia Taylor,35,Female,USA,12/24/2020,Monthly
s38532,Karan Patel,25,Male,UK,8/31/2020,Monthly
s38533,Emma Walker,20,Other,Germany,3/11/2021,Yearly
s38534,Ethan Johnson,64,Other,UK,12/1/2022,Monthly
s38535,Olivia Walker,37,Other,Australia,4/1/2019,Yearly
s38536,Vihaan Sharma,27,Male,Australia,5/26/2020,Free
s38537,Amelia Walker,21,Female,Australia,11/2/2021,Monthly
s38538,Lucas Lewis,19,Female,USA,7/21/2019,Free
s38539,Karan Verma,19,Male,UK,6/5/2020,Monthly
s38540,Mia Anderson,21,Male,USA,12/29/2019,Free
s38541,Vihaan Miller,19,Other,Germany,12/17/2019,Monthly
s38542,Karan Miller,22,Female,Germany,8/14/2019,Monthly
s38543,Lucas Martin,24,Male,India,2/1/2021,Free
s38544,Olivia Smith,47,Male,UK,9/3/2021,Free
s38545,Riya Martin,23,Male,Germany,3/11/2022,Monthly
s38546,Aarav Lee,34,Male,India,3/28/2021,Yearly
s38547,Noah Clark,27,Other,Australia,1/3/2022,Free
s38548,Zara Lee,21,Male,USA,6/12/2022,Yearly
s38549,Lucas Anderson,22,Female,Germany,5/7/2021,Free
s38550,Arjun Brown,42,Female,UK,7/31/2020,Monthly
s38551,Aarav Johnson,26,Female,Germany,4/15/2022,Monthly
s38552,Vihaan Lewis,23,Other,Germany,11/24/2021,Yearly
s38553,Mia Taylor,25,Other,Germany,7/1/2019,Yearly
s38554,Mia Verma,18,Female,USA,11/5/2021,Yearly
s38555,Isabella Taylor,19,Female,India,5/8/2021,Free
s38556,Benjamin Brown,48,Other,India,8/20/2021,Monthly
s38557,Emma Walker,23,Male,Canada,12/18/2022,Yearly
s38558,Lucas Wilson,31,Other,India,7/13/2021,Free
s38559,Isabella Patel,54,Male,USA,3/4/2019,Yearly
s38560,Karan Hall,34,Other,USA,10/9/2020,Monthly
s38561,Riya Johnson,23,Other,Canada,9/4/2022,Monthly
s38562,Zara Johnson,25,Other,UK,1/5/2021,Monthly
s38563,Mia Lee,20,Other,UK,7/21/2020,Yearly
s38564,Benjamin Hall,29,Other,Australia,8/22/2022,Free
s38565,Lucas Lewis,19,Other,Germany,9/30/2022,Yearly
s38566,Karan Hall,18,Female,Australia,4/17/2019,Yearly
s38567,Olivia Singh,20,Female,UK,2/27/2020,Free
s38568,Aarav Clark,19,Male,Australia,5/10/2020,Monthly
s38569,Lucas Patel,24,Male,UK,8/23/2021,Yearly
s38570,Vihaan Lee,22,Male,Australia,10/24/2019,Monthly
s38571,Arjun Anderson,24,Male,Germany,10/28/2022,Yearly
s38572,Arjun Johnson,65,Male,Australia,6/30/2019,Monthly
s38573,Mia Wilson,25,Female,UK,4/30/2020,Free
s38574,Zara Smith,42,Male,UK,11/5/2021,Monthly
s38575,Riya Smith,24,Female,Canada,5/12/2019,Monthly
s38576,Ethan Verma,27,Female,UK,3/8/2022,Free
s38577,Aanya Lee,24,Female,India,11/28/2022,Free
s38578,Amelia Singh,24,Other,India,1/10/2020,Yearly
s38579,Sophia Singh,22,Female,UK,7/3/2022,Yearly
s38580,Ethan Hall,26,Female,Australia,5/16/2021,Monthly
s38581,Amelia Lewis,37,Other,UK,9/15/2021,Free
s38582,Emma Walker,47,Other,India,11/27/2019,Yearly
s38583,Emma Brown,18,Male,Canada,12/6/2021,Yearly
s38584,Riya Clark,58,Male,USA,10/25/2020,Monthly
s38585,Isabella Smith,22,Female,Germany,4/19/2021,Yearly
s38586,Arjun Walker,23,Female,India,4/22/2022,Yearly
s38587,Riya Martin,21,Female,USA,7/15/2020,Yearly
s38588,Benjamin Anderson,31,Other,Germany,8/8/2019,Yearly
s38589,Noah Martin,37,Male,Australia,8/27/2022,Free
s38590,Zara Thomas,44,Male,USA,2/2/2020,Free
s38591,Aarav Taylor,45,Female,Germany,3/11/2020,Monthly
s38592,Aanya Lewis,22,Female,USA,6/6/2021,Yearly
s38593,Zara Verma,24,Female,Germany,2/11/2020,Monthly
s38594,Lucas Clark,19,Male,Australia,5/9/2020,Free
s38595,Karan Brown,34,Other,Germany,12/4/2019,Free
s38596,Benjamin Moore,34,Male,Australia,1/17/2021,Yearly
s38597,Emma Singh,26,Male,Germany,11/25/2022,Yearly
s38598,Noah Miller,20,Other,USA,1/26/2022,Yearly
s38599,Ethan Wilson,29,Other,Canada,2/22/2019,Free
s38600,Emma Thomas,25,Female,USA,12/10/2020,Yearly
s38601,Olivia Hall,27,Female,Germany,1/21/2019,Free
s38602,Zara Miller,30,Male,Canada,10/19/2019,Free
s38603,Sophia Walker,41,Female,India,6/4/2019,Free
s38604,Mia Thomas,51,Female,Germany,12/23/2019,Monthly
s38605,Karan Thomas,27,Female,Australia,12/2/2020,Yearly
s38606,Emma Martin,18,Other,Australia,3/6/2022,Monthly
s38607,Mia Walker,25,Male,Australia,11/20/2022,Monthly
s38608,Sophia Verma,46,Other,UK,2/17/2019,Free
s38609,Zara Clark,47,Male,USA,6/5/2021,Monthly
s38610,Eva Wilson,25,Other,Australia,8/28/2020,Monthly
s38611,Isabella Anderson,26,Other,UK,1/20/2021,Yearly
s38612,Zara Brown,26,Male,India,2/2/2019,Monthly
s38613,Riya Hall,65,Male,UK,5/20/2021,Yearly
s38614,Aarav Walker,46,Male,Australia,1/13/2022,Free
s38615,Vihaan Hall,59,Female,Canada,2/12/2021,Monthly
s38616,Vihaan Smith,46,Female,Germany,10/17/2021,Free
s38617,Meera Smith,24,Other,India,10/23/2022,Free
s38618,Benjamin Martin,34,Male,UK,11/24/2020,Yearly
s38619,Meera Johnson,20,Male,USA,4/5/2022,Yearly
s38620,Liam Clark,25,Female,India,9/21/2019,Yearly
s38621,Meera Lee,20,Other,UK,1/19/2020,Monthly
s38622,Arjun Clark,47,Male,Australia,7/6/2019,Yearly
s38623,Karan Thomas,66,Male,UK,9/9/2019,Free
s38624,Ethan Lee,26,Male,India,7/23/2021,Yearly
s38625,Benjamin Davis,19,Other,UK,3/27/2019,Monthly
s38626,Sophia Johnson,18,Female,Canada,8/24/2020,Free
s38627,Aanya Walker,59,Other,USA,3/25/2021,Free
s38628,Aanya Smith,18,Other,USA,5/29/2020,Yearly
s38629,Liam Moore,21,Female,Australia,1/7/2019,Free
s38630,Mia Walker,24,Male,USA,3/30/2019,Monthly
s38631,Emma Martin,20,Female,USA,11/13/2020,Yearly
s38632,Mia Verma,21,Other,India,3/24/2020,Free
s38633,Emma Smith,40,Female,Australia,10/1/2019,Free
s38634,Meera Anderson,42,Male,India,10/13/2021,Yearly
s38635,Arjun Lewis,19,Male,India,1/20/2021,Yearly
s38636,Sophia Martin,30,Female,USA,1/29/2022,Yearly
s38637,Arjun Sharma,24,Other,India,11/9/2021,Yearly
s38638,Mia Brown,46,Other,USA,11/16/2021,Free
s38639,Eva Anderson,18,Other,Germany,1/9/2019,Free
s38640,Eva Wilson,22,Other,Germany,10/13/2019,Monthly
s38641,Mia Moore,27,Other,Canada,6/3/2019,Yearly
s38642,Aarav Patel,20,Other,UK,6/29/2022,Free
s38643,Aanya Lee,21,Male,USA,5/9/2022,Free
s38644,Amelia Martin,67,Male,USA,9/20/2021,Free
s38645,Vihaan Clark,20,Female,Australia,3/31/2020,Yearly
s38646,Riya Verma,18,Female,Germany,2/9/2022,Free
s38647,Sophia Thomas,25,Other,India,6/28/2019,Free
s38648,Eva Moore,20,Female,India,6/19/2020,Free
s38649,Emma Smith,66,Male,UK,11/3/2020,Free
s38650,Riya Sharma,36,Female,UK,7/6/2022,Free
s38651,Mia Miller,24,Female,Australia,1/13/2021,Yearly
s38652,Aanya Lee,24,Other,Australia,9/23/2019,Monthly
s38653,Arjun Singh,22,Female,Germany,4/10/2022,Monthly
s38654,Liam Walker,25,Other,Australia,2/18/2019,Monthly
s38655,Olivia Walker,20,Female,UK,1/21/2021,Yearly
s38656,Sophia Miller,26,Other,Canada,10/9/2020,Monthly
s38657,Zara Anderson,30,Male,UK,7/14/2020,Yearly
s38658,Emma Thomas,25,Other,Canada,8/16/2019,Yearly
s38659,Isabella Lee,25,Other,USA,11/19/2019,Yearly
s38660,Zara Davis,38,Female,Australia,3/25/2021,Yearly
s38661,Riya Wilson,44,Male,UK,7/31/2022,Free
s38662,Vihaan Lee,33,Male,Australia,11/22/2021,Monthly
s38663,Benjamin Miller,18,Other,Canada,11/21/2020,Free
s38664,Ethan Moore,26,Female,UK,5/4/2020,Yearly
s38665,Zara Thomas,26,Male,USA,12/4/2022,Yearly
s38666,Arjun Miller,62,Female,Canada,7/26/2020,Yearly
s38667,Ethan Smith,24,Male,Germany,9/26/2022,Monthly
s38668,Zara Johnson,31,Female,Canada,6/9/2021,Yearly
s38669,Isabella Taylor,27,Other,Canada,10/20/2021,Free
s38670,Meera Brown,25,Male,USA,2/26/2021,Yearly
s38671,Karan Lewis,25,Other,Germany,8/25/2020,Yearly
s38672,Mia Taylor,55,Male,India,2/28/2020,Free
s38673,Aanya Thomas,22,Male,Canada,3/18/2022,Free
s38674,Lucas Brown,45,Male,Canada,9/17/2019,Yearly
s38675,Zara Lee,64,Male,Canada,1/7/2020,Free
s38676,Isabella Davis,22,Other,Canada,3/26/2019,Free
s38677,Riya Miller,27,Male,Germany,4/25/2022,Yearly
s38678,Arjun Singh,27,Female,UK,5/21/2020,Monthly
s38679,Vihaan Miller,27,Male,Australia,10/16/2020,Yearly
s38680,Benjamin Hall,27,Female,Canada,4/23/2020,Yearly
s38681,Riya Walker,18,Other,Canada,3/14/2019,Yearly
s38682,Arjun Lewis,23,Female,Germany,7/31/2021,Yearly
s38683,Isabella Sharma,25,Male,India,12/8/2019,Free
s38684,Olivia Johnson,20,Male,UK,8/17/2022,Free
s38685,Eva Thomas,44,Female,India,5/19/2019,Free
s38686,Isabella Lee,37,Other,USA,9/20/2020,Monthly
s38687,Lucas Wilson,44,Male,Australia,2/18/2019,Free
s38688,Sophia Moore,44,Female,USA,8/23/2021,Yearly
s38689,Lucas Brown,30,Other,Germany,9/20/2019,Monthly
s38690,Vihaan Singh,31,Other,USA,5/31/2020,Free
s38691,Emma Singh,27,Female,UK,10/28/2021,Yearly
s38692,Aanya Lewis,22,Female,UK,7/3/2020,Monthly
s38693,Liam Hall,22,Other,Germany,4/25/2020,Free
s38694,Isabella Clark,18,Other,Australia,11/27/2020,Yearly
s38695,Karan Taylor,44,Other,UK,9/7/2021,Yearly
s38696,Amelia Walker,29,Female,UK,6/29/2022,Monthly
s38697,Eva Martin,26,Male,Germany,8/2/2019,Yearly
s38698,Aanya Anderson,21,Female,USA,5/19/2021,Monthly
s38699,Lucas Verma,24,Male,UK,10/19/2019,Yearly
s38700,Sophia Singh,26,Other,India,6/28/2021,Monthly
s38701,Isabella Singh,23,Female,Germany,1/17/2022,Free
s38702,Meera Thomas,20,Male,UK,2/15/2019,Yearly
s38703,Aarav Smith,23,Male,UK,4/18/2020,Yearly
s38704,Meera Thomas,25,Female,Australia,9/3/2019,Free
s38705,Vihaan Taylor,29,Other,Germany,11/14/2019,Free
s38706,Arjun Johnson,25,Female,Germany,8/24/2019,Free
s38707,Sophia Anderson,27,Male,Australia,11/13/2020,Monthly
s38708,Aarav Smith,22,Male,UK,7/3/2022,Monthly
s38709,Aanya Johnson,26,Female,Germany,11/6/2021,Yearly
s38710,Benjamin Patel,25,Female,USA,3/11/2021,Monthly
s38711,Amelia Smith,25,Other,Canada,9/13/2021,Free
s38712,Noah Verma,42,Other,Australia,5/17/2021,Free
s38713,Eva Hall,46,Female,Germany,7/23/2022,Yearly
s38714,Arjun Johnson,23,Male,Australia,6/1/2020,Monthly
s38715,Karan Miller,61,Female,UK,5/6/2022,Monthly
s38716,Noah Lewis,40,Female,Australia,4/5/2021,Free
s38717,Sophia Taylor,38,Female,USA,9/24/2019,Yearly
s38718,Vihaan Lewis,46,Male,USA,5/25/2019,Free
s38719,Ethan Smith,18,Male,USA,4/6/2022,Yearly
s38720,Meera Johnson,19,Male,Australia,5/28/2019,Yearly
s38721,Meera Johnson,31,Male,UK,6/18/2019,Free
s38722,Arjun Lewis,26,Female,India,11/12/2021,Monthly
s38723,Ethan Anderson,30,Other,USA,7/17/2021,Free
s38724,Isabella Sharma,27,Other,USA,4/18/2020,Yearly
s38725,Mia Patel,39,Male,USA,3/10/2022,Yearly
s38726,Vihaan Walker,20,Female,UK,7/2/2021,Monthly
s38727,Riya Moore,25,Other,Australia,9/26/2020,Yearly
s38728,Noah Thomas,20,Male,India,4/15/2021,Monthly
s38729,Liam Patel,26,Male,Germany,11/7/2020,Yearly
s38730,Amelia Verma,21,Female,USA,4/9/2020,Monthly
s38731,Lucas Anderson,18,Other,UK,9/3/2021,Monthly
s38732,Meera Martin,60,Female,Germany,10/16/2020,Monthly
s38733,Emma Johnson,23,Other,India,11/22/2022,Yearly
s38734,Emma Davis,19,Male,Australia,6/14/2020,Yearly
s38735,Amelia Singh,45,Female,Germany,2/17/2021,Monthly
s38736,Meera Hall,19,Male,India,10/29/2019,Free
s38737,Arjun Sharma,29,Male,India,11/24/2020,Free
s38738,Eva Clark,26,Other,India,3/13/2022,Yearly
s38739,Mia Singh,23,Female,USA,5/25/2019,Yearly
s38740,Meera Lewis,32,Other,Australia,8/21/2019,Free
s38741,Olivia Hall,19,Male,Germany,1/20/2020,Monthly
s38742,Isabella Thomas,25,Male,India,2/20/2020,Monthly
s38743,Liam Patel,19,Male,Germany,4/5/2021,Monthly
s38744,Emma Martin,19,Male,Germany,5/21/2019,Free
s38745,Lucas Walker,31,Female,India,9/1/2020,Monthly
s38746,Emma Hall,40,Male,USA,8/5/2021,Yearly
s38747,Emma Davis,38,Other,UK,10/29/2019,Free
s38748,Sophia Johnson,34,Male,USA,6/22/2019,Yearly
s38749,Noah Smith,27,Male,USA,8/17/2021,Free
s38750,Mia Martin,61,Other,UK,6/17/2021,Free
s38751,Liam Singh,19,Other,India,10/15/2019,Monthly
s38752,Mia Taylor,27,Other,UK,2/10/2022,Monthly
s38753,Amelia Davis,19,Female,Germany,9/12/2019,Free
s38754,Liam Lewis,35,Other,India,7/7/2021,Yearly
s38755,Lucas Walker,26,Male,Canada,9/26/2021,Monthly
s38756,Aanya Taylor,18,Male,Australia,10/28/2019,Free
s38757,Vihaan Miller,26,Female,UK,12/27/2019,Yearly
s38758,Arjun Walker,21,Male,Germany,12/8/2019,Free
s38759,Meera Singh,21,Male,Canada,6/26/2022,Yearly
s38760,Amelia Walker,23,Other,Canada,2/24/2019,Free
s38761,Olivia Walker,21,Female,India,11/20/2019,Free
s38762,Riya Smith,25,Male,India,10/30/2020,Free
s38763,Arjun Singh,24,Female,USA,7/18/2021,Free
s38764,Riya Brown,26,Other,USA,1/11/2022,Yearly
s38765,Emma Hall,37,Male,Australia,8/22/2019,Free
s38766,Zara Moore,38,Male,USA,3/11/2020,Monthly
s38767,Meera Martin,46,Female,USA,2/25/2022,Monthly
s38768,Aanya Johnson,31,Other,USA,2/12/2022,Monthly
s38769,Zara Moore,38,Female,India,1/19/2020,Free
s38770,Olivia Lewis,32,Female,Germany,12/11/2022,Yearly
s38771,Liam Hall,45,Other,Australia,6/8/2020,Monthly
s38772,Eva Taylor,26,Female,USA,3/21/2021,Monthly
s38773,Isabella Singh,55,Other,UK,6/14/2020,Monthly
s38774,Isabella Hall,24,Other,Canada,11/17/2019,Monthly
s38775,Aarav Clark,20,Male,Australia,12/24/2021,Yearly
s38776,Amelia Clark,25,Other,Germany,6/27/2020,Free
s38777,Lucas Taylor,60,Male,UK,3/6/2020,Yearly
s38778,Isabella Davis,37,Male,UK,9/16/2021,Free
s38779,Riya Smith,27,Other,Canada,3/11/2021,Monthly
s38780,Riya Miller,24,Female,USA,8/29/2021,Monthly
s38781,Zara Thomas,41,Other,UK,2/18/2021,Yearly
s38782,Eva Sharma,27,Male,Germany,11/10/2019,Yearly
s38783,Ethan Brown,31,Female,Canada,5/24/2021,Free
s38784,Amelia Thomas,18,Male,Australia,8/7/2019,Yearly
s38785,Zara Patel,23,Male,USA,6/19/2021,Monthly
s38786,Eva Sharma,18,Other,Germany,7/20/2020,Free
s38787,Liam Lee,25,Other,Canada,1/10/2020,Free
s38788,Olivia Anderson,27,Male,UK,4/2/2022,Yearly
s38789,Liam Thomas,47,Other,India,1/7/2020,Free
s38790,Benjamin Walker,36,Other,India,7/3/2019,Yearly
s38791,Lucas Moore,27,Male,India,2/12/2019,Yearly
s38792,Lucas Lee,18,Male,UK,12/11/2020,Free
s38793,Emma Taylor,19,Male,Germany,1/26/2020,Monthly
s38794,Karan Martin,42,Other,UK,11/28/2020,Monthly
s38795,Sophia Walker,47,Female,India,1/12/2019,Yearly
s38796,Noah Clark,27,Male,India,6/29/2021,Yearly
s38797,Sophia Patel,19,Other,Germany,12/6/2022,Free
s38798,Lucas Thomas,27,Female,Canada,9/9/2020,Free
s38799,Amelia Brown,18,Female,Germany,7/30/2021,Monthly
s38800,Isabella Singh,21,Other,Canada,5/5/2022,Yearly
s38801,Aarav Taylor,46,Other,Australia,7/28/2019,Free
s38802,Amelia Taylor,21,Female,USA,6/6/2020,Monthly
s38803,Olivia Lewis,25,Female,Canada,12/16/2021,Monthly
s38804,Ethan Patel,19,Male,Germany,3/8/2020,Yearly
s38805,Eva Davis,22,Male,Germany,5/12/2021,Free
s38806,Ethan Johnson,66,Female,Germany,9/5/2021,Free
s38807,Benjamin Brown,47,Other,UK,8/14/2019,Monthly
s38808,Emma Taylor,22,Male,Canada,6/13/2021,Monthly
s38809,Sophia Clark,20,Other,USA,6/3/2020,Free
s38810,Aarav Taylor,19,Other,UK,6/29/2022,Yearly
s38811,Karan Davis,19,Female,India,7/2/2020,Free
s38812,Emma Davis,18,Other,Germany,4/10/2022,Monthly
s38813,Olivia Anderson,52,Other,Germany,11/21/2019,Yearly
s38814,Aarav Brown,41,Female,UK,8/2/2019,Monthly
s38815,Mia Martin,23,Female,USA,8/25/2022,Monthly
s38816,Zara Singh,20,Male,USA,8/24/2020,Monthly
s38817,Lucas Clark,21,Female,Australia,4/24/2022,Yearly
s38818,Aarav Moore,22,Male,Germany,3/10/2019,Monthly
s38819,Benjamin Taylor,50,Female,Canada,5/30/2022,Yearly
s38820,Ethan Thomas,28,Female,USA,5/16/2021,Free
s38821,Zara Johnson,23,Male,Australia,6/13/2021,Yearly
s38822,Riya Clark,20,Other,USA,7/30/2021,Yearly
s38823,Meera Verma,52,Other,Australia,4/27/2019,Monthly
s38824,Arjun Brown,30,Male,UK,8/5/2022,Yearly
s38825,Amelia Clark,22,Male,Australia,4/4/2022,Monthly
s38826,Sophia Lee,24,Male,USA,6/2/2021,Monthly
s38827,Meera Johnson,24,Female,India,11/30/2019,Yearly
s38828,Aarav Verma,23,Male,Canada,2/19/2019,Free
s38829,Liam Moore,27,Female,UK,9/18/2021,Free
s38830,Meera Patel,18,Other,Germany,4/1/2019,Yearly
s38831,Isabella Patel,30,Male,UK,11/1/2021,Yearly
s38832,Mia Smith,65,Other,Germany,3/8/2021,Free
s38833,Karan Verma,18,Other,India,11/28/2019,Monthly
s38834,Vihaan Sharma,25,Other,Germany,8/22/2019,Free
s38835,Noah Clark,25,Male,USA,3/16/2021,Yearly
s38836,Sophia Patel,24,Female,USA,3/26/2022,Monthly
s38837,Noah Martin,23,Male,Germany,2/14/2021,Free
s38838,Noah Johnson,61,Other,Germany,9/24/2020,Yearly
s38839,Noah Anderson,44,Male,India,3/15/2019,Yearly
s38840,Liam Singh,19,Male,USA,1/27/2022,Monthly
s38841,Eva Walker,21,Male,Australia,5/5/2021,Monthly
s38842,Olivia Hall,24,Female,Australia,5/2/2019,Yearly
s38843,Emma Brown,19,Female,Germany,11/4/2022,Free
s38844,Arjun Walker,19,Female,Australia,6/12/2020,Yearly
s38845,Zara Verma,26,Male,India,12/4/2020,Monthly
s38846,Vihaan Sharma,25,Male,USA,9/2/2022,Free
s38847,Zara Singh,27,Other,Germany,9/26/2021,Yearly
s38848,Aanya Moore,27,Female,India,5/26/2021,Free
s38849,Olivia Smith,23,Other,Germany,6/4/2021,Yearly
s38850,Zara Anderson,18,Other,India,7/11/2021,Yearly
s38851,Noah Miller,44,Other,UK,7/20/2021,Free
s38852,Karan Singh,23,Other,Germany,5/13/2022,Yearly
s38853,Meera Singh,32,Male,USA,1/17/2020,Monthly
s38854,Liam Patel,36,Male,Canada,6/1/2021,Monthly
s38855,Eva Smith,41,Male,Australia,10/2/2019,Yearly
s38856,Aanya Clark,30,Female,USA,3/9/2021,Monthly
s38857,Ethan Davis,25,Other,Germany,6/13/2022,Free
s38858,Lucas Miller,25,Other,Australia,9/16/2019,Yearly
s38859,Noah Martin,56,Other,UK,6/26/2021,Free
s38860,Benjamin Davis,19,Male,USA,2/26/2020,Monthly
s38861,Liam Moore,45,Other,Australia,3/12/2019,Monthly
s38862,Aarav Taylor,27,Other,USA,4/8/2022,Yearly
s38863,Liam Hall,21,Male,India,3/29/2021,Free
s38864,Mia Lee,34,Male,USA,8/3/2022,Yearly
s38865,Ethan Smith,36,Female,Canada,1/1/2021,Yearly
s38866,Aarav Lewis,18,Female,Germany,10/14/2019,Yearly
s38867,Emma Lewis,41,Female,UK,4/7/2019,Yearly
s38868,Emma Anderson,24,Male,Germany,5/1/2021,Yearly
s38869,Mia Moore,27,Female,USA,5/21/2021,Yearly
s38870,Aanya Lee,23,Male,USA,1/10/2019,Free
s38871,Aanya Hall,43,Male,Australia,10/4/2021,Yearly
s38872,Aarav Sharma,18,Male,Australia,9/30/2022,Yearly
s38873,Sophia Miller,35,Female,UK,12/15/2022,Yearly
s38874,Lucas Lewis,27,Male,India,11/19/2021,Monthly
s38875,Isabella Taylor,36,Other,Canada,7/10/2022,Monthly
s38876,Olivia Thomas,25,Male,Canada,1/1/2022,Monthly
s38877,Sophia Singh,25,Other,USA,9/24/2020,Free
s38878,Riya Smith,61,Other,Germany,2/13/2022,Yearly
s38879,Noah Verma,27,Male,UK,5/20/2021,Monthly
s38880,Zara Johnson,37,Male,India,6/10/2020,Free
s38881,Aarav Singh,21,Male,USA,11/20/2022,Monthly
s38882,Emma Sharma,23,Male,Canada,9/15/2022,Free
s38883,Olivia Clark,18,Other,USA,8/18/2019,Monthly
s38884,Olivia Walker,31,Other,India,10/25/2020,Monthly
s38885,Ethan Thomas,22,Male,USA,7/16/2019,Free
s38886,Lucas Thomas,49,Other,Canada,5/31/2022,Yearly
s38887,Isabella Johnson,24,Female,Canada,12/29/2022,Free
s38888,Sophia Davis,22,Other,Germany,5/26/2019,Monthly
s38889,Arjun Thomas,22,Female,India,8/30/2019,Yearly
s38890,Vihaan Davis,33,Other,UK,7/24/2021,Yearly
s38891,Karan Thomas,33,Male,Australia,11/15/2019,Monthly
s38892,Mia Lee,49,Female,Canada,1/8/2020,Yearly
s38893,Zara Davis,24,Female,Australia,3/12/2020,Monthly
s38894,Riya Thomas,24,Other,USA,3/5/2022,Monthly
s38895,Aarav Moore,26,Other,Germany,6/18/2022,Yearly
s38896,Noah Taylor,61,Other,UK,5/11/2021,Yearly
s38897,Amelia Smith,42,Female,UK,2/23/2020,Yearly
s38898,Karan Wilson,24,Female,Germany,10/29/2021,Yearly
s38899,Isabella Martin,19,Female,India,7/15/2020,Yearly
s38900,Benjamin Davis,19,Female,USA,3/1/2022,Monthly
s38901,Arjun Clark,20,Male,Germany,4/25/2020,Monthly
s38902,Sophia Davis,19,Male,UK,3/5/2019,Free
s38903,Vihaan Sharma,44,Male,Germany,2/1/2020,Yearly
s38904,Olivia Anderson,19,Male,UK,11/17/2022,Free
s38905,Amelia Patel,25,Female,Australia,9/8/2019,Yearly
s38906,Lucas Miller,52,Other,Australia,4/1/2020,Monthly
s38907,Aanya Sharma,25,Other,Australia,5/2/2019,Monthly
s38908,Vihaan Verma,25,Other,UK,3/4/2021,Monthly
s38909,Mia Moore,57,Female,India,10/3/2021,Yearly
s38910,Vihaan Lee,26,Female,India,8/28/2021,Monthly
s38911,Arjun Johnson,21,Other,India,1/17/2021,Monthly
s38912,Riya Anderson,24,Other,USA,4/24/2022,Monthly
s38913,Riya Moore,28,Male,Canada,8/6/2021,Yearly
s38914,Vihaan Lee,19,Female,UK,10/11/2021,Monthly
s38915,Arjun Wilson,21,Female,Australia,8/23/2022,Yearly
s38916,Noah Lee,20,Female,UK,2/3/2022,Yearly
s38917,Emma Wilson,24,Other,Canada,4/26/2020,Yearly
s38918,Arjun Walker,21,Female,UK,12/8/2020,Yearly
s38919,Riya Lee,21,Other,Australia,6/30/2019,Yearly
s38920,Aarav Miller,23,Other,India,6/23/2022,Yearly
s38921,Emma Verma,39,Other,Canada,8/12/2022,Monthly
s38922,Aanya Moore,27,Male,India,5/28/2019,Free
s38923,Aarav Verma,39,Other,Australia,3/2/2019,Monthly
s38924,Arjun Singh,19,Other,USA,6/4/2021,Yearly
s38925,Noah Johnson,18,Female,USA,5/5/2022,Free
s38926,Lucas Moore,39,Other,Canada,1/30/2021,Yearly
s38927,Benjamin Wilson,38,Female,Australia,4/6/2019,Monthly
s38928,Vihaan Anderson,20,Male,USA,1/10/2022,Monthly
s38929,Liam Johnson,65,Other,Canada,3/3/2020,Free
s38930,Mia Lewis,21,Female,USA,1/25/2019,Free
s38931,Ethan Davis,27,Female,India,9/12/2021,Monthly
s38932,Zara Moore,28,Other,India,11/29/2021,Monthly
s38933,Amelia Anderson,41,Female,Germany,1/1/2019,Free
s38934,Ethan Thomas,20,Male,Canada,6/27/2021,Monthly
s38935,Noah Davis,23,Male,Australia,11/4/2019,Yearly
s38936,Riya Wilson,18,Male,Germany,3/9/2019,Monthly
s38937,Aarav Brown,30,Male,Canada,8/28/2022,Monthly
s38938,Mia Johnson,40,Female,India,6/28/2021,Monthly
s38939,Sophia Wilson,38,Other,India,9/26/2021,Monthly
s38940,Mia Wilson,18,Other,UK,6/24/2022,Free
s38941,Mia Patel,41,Male,UK,8/5/2019,Yearly
s38942,Karan Lewis,23,Male,UK,11/26/2021,Monthly
s38943,Arjun Anderson,42,Male,Germany,11/27/2020,Free
s38944,Liam Johnson,21,Female,Canada,1/25/2022,Yearly
s38945,Liam Lee,47,Female,UK,7/5/2021,Yearly
s38946,Amelia Lee,51,Male,Canada,9/11/2022,Free
s38947,Mia Patel,51,Female,Australia,2/17/2022,Yearly
s38948,Zara Sharma,43,Male,Germany,9/4/2022,Free
s38949,Meera Miller,50,Other,India,4/7/2022,Yearly
s38950,Zara Verma,25,Female,USA,12/24/2021,Free
s38951,Lucas Johnson,44,Other,Germany,8/1/2020,Yearly
s38952,Ethan Patel,32,Female,USA,3/15/2019,Yearly
s38953,Olivia Thomas,18,Female,India,11/6/2022,Free
s38954,Lucas Hall,20,Female,UK,1/23/2019,Yearly
s38955,Arjun Hall,20,Male,Canada,9/23/2022,Yearly
s38956,Eva Anderson,44,Female,Germany,9/26/2019,Free
s38957,Lucas Lee,20,Female,Canada,12/25/2019,Free
s38958,Isabella Anderson,38,Female,Canada,9/30/2019,Yearly
s38959,Riya Anderson,19,Female,Canada,3/6/2019,Monthly
s38960,Lucas Martin,37,Other,Australia,9/22/2020,Free
s38961,Liam Moore,24,Other,Canada,11/20/2020,Free
s38962,Olivia Walker,54,Female,Germany,2/3/2020,Yearly
s38963,Sophia Lee,25,Female,Australia,2/28/2020,Yearly
s38964,Karan Clark,59,Other,Germany,7/16/2020,Free
s38965,Benjamin Clark,25,Female,Canada,1/1/2020,Free
s38966,Arjun Taylor,64,Other,UK,9/2/2022,Monthly
s38967,Noah Hall,23,Other,Australia,12/20/2021,Yearly
s38968,Riya Davis,24,Female,Australia,6/6/2022,Monthly
s38969,Olivia Thomas,44,Other,UK,1/14/2021,Yearly
s38970,Lucas Hall,19,Other,Australia,12/3/2022,Yearly
s38971,Emma Brown,26,Female,USA,6/7/2021,Monthly
s38972,Aarav Johnson,37,Female,India,11/12/2021,Free
s38973,Noah Martin,26,Male,UK,12/31/2021,Free
s38974,Arjun Clark,53,Male,Germany,4/30/2022,Monthly
s38975,Eva Miller,20,Female,India,2/14/2020,Free
s38976,Aanya Moore,19,Other,India,5/7/2021,Monthly
s38977,Mia Singh,58,Female,USA,12/29/2022,Yearly
s38978,Zara Taylor,57,Male,India,12/4/2019,Monthly
s38979,Eva Davis,51,Other,Australia,5/28/2020,Yearly
s38980,Emma Martin,31,Male,India,10/18/2022,Yearly
s38981,Emma Taylor,39,Male,Germany,11/30/2022,Yearly
s38982,Olivia Smith,20,Other,Germany,9/12/2021,Yearly
s38983,Zara Lewis,23,Female,Germany,8/4/2019,Monthly
s38984,Emma Hall,37,Male,UK,9/5/2020,Yearly
s38985,Noah Thomas,32,Female,UK,7/19/2020,Yearly
s38986,Aanya Lewis,37,Female,India,2/12/2019,Yearly
s38987,Ethan Wilson,22,Female,USA,1/20/2020,Yearly
s38988,Aarav Taylor,38,Other,UK,11/10/2022,Monthly
s38989,Emma Hall,41,Female,Germany,1/1/2019,Yearly
s38990,Noah Brown,25,Male,UK,2/3/2021,Free
s38991,Meera Walker,36,Other,Australia,10/9/2020,Yearly
s38992,Ethan Smith,22,Other,Germany,8/3/2019,Monthly
s38993,Noah Johnson,20,Male,India,6/23/2021,Yearly
s38994,Isabella Sharma,22,Male,UK,10/9/2021,Free
s38995,Liam Martin,24,Other,Canada,6/13/2022,Yearly
s38996,Arjun Lee,20,Male,UK,12/22/2022,Yearly
s38997,Meera Brown,20,Other,UK,3/28/2021,Free
s38998,Emma Brown,40,Female,Australia,5/3/2020,Free
s38999,Noah Smith,30,Male,Canada,2/15/2020,Free
s39000,Zara Sharma,25,Other,Australia,8/22/2019,Yearly
s39001,Lucas Martin,21,Other,USA,6/9/2019,Free
s39002,Zara Miller,24,Other,Australia,3/24/2019,Yearly
s39003,Lucas Patel,20,Other,India,7/26/2022,Monthly
s39004,Emma Sharma,26,Other,Australia,10/19/2019,Yearly
s39005,Mia Taylor,35,Other,Australia,4/14/2022,Free
s39006,Isabella Davis,21,Female,Germany,5/5/2021,Free
s39007,Ethan Brown,18,Other,UK,10/18/2021,Free
s39008,Eva Lee,20,Male,Australia,10/22/2019,Free
s39009,Liam Hall,49,Female,Germany,3/20/2021,Free
s39010,Aarav Wilson,67,Female,Australia,1/20/2021,Free
s39011,Riya Lee,59,Other,USA,11/17/2021,Yearly
s39012,Aarav Verma,60,Other,Canada,11/6/2020,Yearly
s39013,Riya Walker,43,Other,Germany,7/17/2020,Free
s39014,Meera Martin,42,Female,UK,1/29/2020,Monthly
s39015,Mia Lewis,26,Female,Canada,11/26/2019,Monthly
s39016,Emma Patel,43,Female,UK,12/15/2022,Free
s39017,Aarav Thomas,25,Male,India,4/24/2021,Monthly
s39018,Eva Anderson,38,Female,USA,9/18/2022,Free
s39019,Aanya Walker,32,Male,Canada,7/7/2021,Monthly
s39020,Karan Walker,48,Female,Canada,6/23/2020,Free
s39021,Isabella Wilson,26,Male,UK,6/6/2020,Free
s39022,Liam Wilson,42,Other,Canada,12/5/2020,Yearly
s39023,Eva Miller,20,Female,USA,3/3/2019,Monthly
s39024,Sophia Walker,59,Male,India,3/5/2019,Yearly
s39025,Olivia Brown,42,Other,Australia,7/21/2020,Monthly
s39026,Vihaan Anderson,34,Other,UK,3/25/2020,Yearly
s39027,Olivia Singh,20,Male,India,11/13/2020,Yearly
s39028,Isabella Taylor,26,Female,UK,4/12/2020,Free
s39029,Isabella Johnson,20,Male,Australia,11/2/2021,Yearly
s39030,Noah Thomas,20,Other,India,5/16/2021,Free
s39031,Vihaan Walker,19,Male,Canada,7/31/2020,Monthly
s39032,Riya Davis,21,Male,Germany,12/11/2020,Yearly
s39033,Noah Verma,28,Other,USA,12/20/2021,Yearly
s39034,Olivia Walker,33,Female,USA,6/6/2020,Free
s39035,Mia Verma,41,Other,Canada,11/28/2019,Monthly
s39036,Vihaan Sharma,28,Other,Australia,6/10/2022,Free
s39037,Ethan Anderson,24,Male,UK,9/21/2021,Monthly
s39038,Zara Taylor,27,Male,UK,5/17/2019,Yearly
s39039,Aanya Brown,27,Male,Canada,10/26/2021,Yearly
s39040,Mia Martin,24,Other,Australia,7/3/2020,Free
s39041,Riya Sharma,44,Female,UK,8/18/2019,Free
s39042,Arjun Taylor,24,Male,India,8/17/2021,Free
s39043,Liam Patel,43,Male,Canada,10/20/2020,Yearly
s39044,Karan Martin,18,Male,USA,5/8/2020,Free
s39045,Emma Davis,45,Other,India,2/14/2021,Monthly
s39046,Ethan Clark,22,Other,Australia,3/31/2022,Monthly
s39047,Liam Walker,18,Female,UK,10/18/2022,Monthly
s39048,Liam Verma,27,Other,UK,1/19/2022,Yearly
s39049,Zara Lee,20,Female,UK,11/6/2021,Monthly
s39050,Eva Smith,27,Male,UK,9/7/2020,Free
s39051,Meera Clark,30,Other,Canada,7/24/2019,Monthly
s39052,Lucas Johnson,54,Male,Germany,9/29/2022,Free
s39053,Karan Lewis,39,Male,Canada,3/23/2021,Free
s39054,Arjun Brown,25,Male,UK,12/13/2022,Monthly
s39055,Aarav Patel,27,Other,India,5/2/2020,Monthly
s39056,Sophia Lewis,18,Male,UK,6/11/2022,Monthly
s39057,Mia Clark,42,Male,Canada,7/10/2019,Monthly
s39058,Lucas Lewis,25,Male,UK,11/11/2019,Yearly
s39059,Olivia Clark,19,Male,USA,4/21/2020,Free
s39060,Lucas Davis,19,Other,India,2/4/2021,Free
s39061,Arjun Taylor,20,Female,Germany,11/30/2020,Yearly
s39062,Benjamin Johnson,52,Female,Germany,3/22/2021,Yearly
s39063,Liam Thomas,18,Male,Australia,8/18/2021,Yearly
s39064,Liam Davis,42,Male,Germany,5/11/2022,Monthly
s39065,Mia Walker,21,Female,USA,2/13/2020,Yearly
s39066,Ethan Miller,31,Male,Australia,1/31/2019,Free
s39067,Noah Moore,53,Female,Canada,2/6/2022,Yearly
s39068,Arjun Brown,39,Female,UK,3/15/2021,Monthly
s39069,Aarav Johnson,43,Female,India,10/18/2022,Yearly
s39070,Aanya Thomas,43,Female,Canada,12/16/2019,Free
s39071,Karan Taylor,18,Female,Germany,12/11/2021,Free
s39072,Vihaan Moore,61,Male,USA,6/17/2020,Monthly
s39073,Vihaan Hall,39,Female,Australia,12/4/2021,Monthly
s39074,Arjun Martin,19,Male,India,5/23/2022,Monthly
s39075,Amelia Taylor,19,Other,Canada,2/13/2019,Monthly
s39076,Meera Johnson,33,Male,Germany,2/18/2020,Free
s39077,Arjun Lee,29,Other,UK,2/14/2021,Monthly
s39078,Mia Smith,44,Male,USA,8/22/2019,Free
s39079,Isabella Patel,45,Other,UK,10/12/2022,Free
s39080,Aarav Miller,66,Female,Germany,6/12/2020,Monthly
s39081,Amelia Walker,19,Female,Canada,12/6/2020,Yearly
s39082,Karan Taylor,25,Other,Germany,1/8/2021,Yearly
s39083,Meera Johnson,21,Male,India,5/25/2021,Yearly
s39084,Karan Lewis,20,Male,Australia,11/20/2019,Free
s39085,Sophia Sharma,50,Other,UK,2/3/2019,Yearly
s39086,Mia Moore,18,Other,Canada,11/15/2021,Free
s39087,Ethan Singh,27,Other,Australia,1/3/2022,Monthly
s39088,Sophia Sharma,27,Female,Australia,8/2/2022,Free
s39089,Ethan Moore,22,Other,UK,9/8/2022,Monthly
s39090,Sophia Sharma,32,Male,USA,4/14/2022,Yearly
s39091,Mia Verma,19,Female,USA,5/20/2021,Monthly
s39092,Meera Sharma,43,Male,USA,5/12/2020,Monthly
s39093,Aarav Lee,44,Female,India,1/7/2019,Free
s39094,Noah Johnson,57,Male,UK,8/2/2019,Free
s39095,Aanya Anderson,27,Female,Germany,5/23/2021,Monthly
s39096,Emma Smith,34,Male,India,1/14/2020,Monthly
s39097,Riya Clark,52,Female,Canada,10/20/2022,Yearly
s39098,Aanya Davis,27,Other,Australia,5/16/2019,Yearly
s39099,Vihaan Lee,31,Male,India,5/22/2022,Yearly
s39100,Amelia Verma,41,Male,Canada,4/8/2020,Yearly
s39101,Ethan Davis,37,Female,USA,3/25/2019,Yearly
s39102,Sophia Walker,32,Female,USA,9/30/2022,Monthly
s39103,Eva Johnson,23,Male,India,1/23/2019,Monthly
s39104,Karan Lewis,56,Male,Canada,12/11/2020,Monthly
s39105,Zara Lewis,28,Other,Australia,10/5/2021,Free
s39106,Ethan Hall,26,Other,Canada,3/8/2019,Yearly
s39107,Lucas Johnson,33,Other,USA,2/4/2019,Free
s39108,Aanya Taylor,23,Other,Australia,1/9/2021,Free
s39109,Mia Thomas,24,Female,Germany,4/9/2019,Yearly
s39110,Arjun Lee,42,Female,Germany,10/18/2020,Monthly
s39111,Riya Anderson,32,Female,India,7/28/2020,Free
s39112,Vihaan Verma,49,Male,India,2/10/2021,Monthly
s39113,Mia Wilson,24,Male,Canada,3/26/2022,Yearly
s39114,Noah Smith,22,Other,USA,5/16/2022,Monthly
s39115,Eva Taylor,21,Female,Germany,5/26/2022,Free
s39116,Zara Brown,19,Male,Germany,12/24/2019,Monthly
s39117,Riya Smith,42,Other,Canada,6/2/2021,Yearly
s39118,Isabella Smith,67,Male,UK,5/4/2021,Free
s39119,Karan Brown,31,Male,Germany,3/19/2022,Monthly
s39120,Aanya Verma,24,Female,Australia,2/11/2020,Free
s39121,Eva Davis,19,Other,USA,5/23/2020,Free
s39122,Lucas Brown,21,Female,India,7/1/2022,Monthly
s39123,Meera Clark,53,Female,India,7/27/2021,Free
s39124,Amelia Sharma,47,Male,Canada,3/28/2021,Yearly
s39125,Zara Smith,27,Female,Canada,7/29/2020,Monthly
s39126,Aanya Anderson,20,Female,USA,11/8/2020,Monthly
s39127,Aarav Sharma,50,Female,USA,12/30/2019,Monthly
s39128,Emma Singh,20,Male,Canada,8/28/2019,Free
s39129,Aanya Miller,21,Female,UK,5/27/2022,Free
s39130,Benjamin Brown,18,Male,India,1/1/2020,Free
s39131,Aarav Walker,25,Other,India,9/23/2020,Free
s39132,Emma Brown,23,Other,Germany,11/14/2022,Yearly
s39133,Lucas Martin,24,Other,Germany,4/10/2021,Monthly
s39134,Riya Davis,21,Male,UK,3/27/2021,Yearly
s39135,Olivia Davis,26,Other,Australia,9/26/2022,Monthly
s39136,Zara Davis,26,Female,Australia,12/11/2022,Monthly
s39137,Aanya Brown,21,Female,Australia,1/30/2022,Monthly
s39138,Vihaan Smith,40,Female,India,3/6/2022,Monthly
s39139,Vihaan Hall,38,Male,USA,6/19/2020,Free
s39140,Amelia Walker,24,Female,Canada,12/11/2022,Yearly
s39141,Liam Davis,59,Female,USA,8/12/2019,Free
s39142,Emma Patel,23,Female,UK,3/16/2022,Monthly
s39143,Benjamin Anderson,47,Female,UK,12/30/2022,Free
s39144,Amelia Taylor,61,Other,Australia,2/18/2019,Yearly
s39145,Sophia Hall,37,Other,USA,2/27/2021,Yearly
s39146,Isabella Clark,25,Other,Germany,11/24/2020,Monthly
s39147,Aanya Sharma,45,Male,Australia,11/14/2019,Yearly
s39148,Ethan Hall,32,Other,Canada,8/22/2019,Free
s39149,Aarav Sharma,27,Female,Germany,3/19/2021,Yearly
s39150,Benjamin Verma,31,Female,UK,9/20/2019,Monthly
s39151,Liam Patel,44,Other,UK,5/8/2019,Yearly
s39152,Isabella Verma,25,Male,India,9/6/2019,Monthly
s39153,Ethan Taylor,46,Other,USA,1/23/2020,Free
s39154,Benjamin Smith,49,Female,Germany,7/14/2019,Yearly
s39155,Riya Brown,30,Male,UK,10/5/2021,Yearly
s39156,Emma Lewis,32,Other,Australia,8/20/2020,Yearly
s39157,Benjamin Verma,19,Female,Germany,11/18/2021,Monthly
s39158,Eva Clark,27,Other,USA,8/21/2021,Monthly
s39159,Mia Hall,26,Male,India,11/19/2022,Free
s39160,Karan Verma,34,Female,UK,2/8/2022,Yearly
s39161,Lucas Sharma,22,Other,USA,12/14/2022,Free
s39162,Ethan Thomas,55,Male,Germany,5/31/2019,Monthly
s39163,Liam Wilson,19,Female,USA,1/16/2019,Free
s39164,Ethan Brown,28,Male,India,2/20/2022,Monthly
s39165,Sophia Lee,19,Other,UK,6/20/2020,Free
s39166,Isabella Wilson,27,Male,India,11/5/2020,Yearly
s39167,Zara Patel,26,Female,Germany,2/6/2022,Monthly
s39168,Liam Hall,61,Female,India,8/3/2019,Monthly
s39169,Mia Moore,21,Female,UK,2/21/2021,Monthly
s39170,Liam Johnson,25,Male,UK,7/16/2021,Monthly
s39171,Emma Singh,19,Female,Germany,3/24/2022,Yearly
s39172,Aarav Sharma,45,Female,USA,4/3/2020,Yearly
s39173,Ethan Taylor,35,Female,UK,6/4/2022,Monthly
s39174,Amelia Hall,22,Other,UK,5/26/2019,Monthly
s39175,Noah Miller,36,Female,USA,5/30/2021,Yearly
s39176,Sophia Hall,24,Female,Australia,10/2/2022,Yearly
s39177,Noah Singh,25,Other,UK,12/7/2022,Monthly
s39178,Arjun Miller,28,Male,Canada,8/18/2022,Free
s39179,Sophia Brown,36,Male,India,11/23/2021,Monthly
s39180,Vihaan Wilson,48,Female,India,12/10/2022,Free
s39181,Arjun Smith,20,Other,Germany,7/18/2020,Yearly
s39182,Aanya Verma,21,Female,USA,9/25/2022,Free
s39183,Riya Lewis,18,Other,USA,6/27/2020,Yearly
s39184,Arjun Lewis,19,Other,UK,3/27/2019,Monthly
s39185,Emma Anderson,20,Female,Germany,2/6/2021,Monthly
s39186,Noah Brown,39,Female,Germany,11/27/2022,Monthly
s39187,Benjamin Davis,20,Female,Germany,10/8/2021,Yearly
s39188,Benjamin Brown,47,Female,Germany,1/24/2019,Monthly
s39189,Aanya Anderson,18,Female,UK,2/25/2022,Monthly
s39190,Olivia Wilson,27,Female,Canada,5/4/2021,Yearly
s39191,Benjamin Wilson,42,Female,Canada,6/4/2019,Monthly
s39192,Arjun Hall,19,Female,Australia,4/4/2019,Free
s39193,Vihaan Singh,58,Male,USA,2/1/2021,Free
s39194,Aarav Lewis,67,Male,Australia,10/7/2021,Free
s39195,Benjamin Hall,25,Female,USA,8/17/2021,Free
s39196,Arjun Davis,40,Male,Germany,11/8/2019,Monthly
s39197,Sophia Anderson,25,Female,Australia,6/12/2022,Free
s39198,Olivia Clark,20,Female,India,9/19/2020,Free
s39199,Olivia Singh,20,Other,Canada,1/17/2019,Free
s39200,Riya Clark,20,Male,Canada,11/26/2019,Yearly
s39201,Vihaan Smith,51,Other,Canada,12/20/2022,Yearly
s39202,Liam Brown,18,Female,Germany,7/11/2021,Monthly
s39203,Isabella Martin,52,Other,Australia,2/18/2019,Monthly
s39204,Arjun Smith,23,Other,India,12/28/2019,Monthly
s39205,Arjun Taylor,35,Male,India,6/21/2020,Yearly
s39206,Mia Thomas,24,Male,Germany,11/28/2019,Free
s39207,Mia Walker,66,Female,Australia,9/2/2019,Free
s39208,Riya Wilson,37,Male,Germany,10/23/2021,Free
s39209,Arjun Lee,18,Other,USA,1/10/2022,Free
s39210,Aarav Lee,34,Female,India,3/24/2020,Free
s39211,Riya Thomas,22,Other,India,11/25/2022,Free
s39212,Vihaan Brown,33,Male,UK,6/21/2019,Yearly
s39213,Olivia Lewis,35,Other,Australia,3/30/2019,Monthly
s39214,Meera Hall,37,Female,Australia,6/1/2020,Free
s39215,Aanya Miller,26,Female,Canada,5/28/2021,Yearly
s39216,Liam Hall,19,Female,UK,3/25/2019,Monthly
s39217,Benjamin Taylor,19,Female,Canada,8/2/2019,Free
s39218,Eva Brown,26,Female,Canada,9/13/2019,Yearly
s39219,Aarav Smith,45,Female,Canada,3/1/2021,Yearly
s39220,Benjamin Wilson,43,Female,India,9/18/2021,Free
s39221,Ethan Lewis,22,Other,Canada,11/12/2022,Yearly
s39222,Eva Hall,60,Male,India,11/21/2021,Yearly
s39223,Vihaan Patel,26,Other,Australia,12/30/2022,Free
s39224,Lucas Smith,25,Female,Canada,5/8/2022,Monthly
s39225,Meera Singh,20,Other,Australia,3/7/2021,Yearly
s39226,Eva Patel,52,Female,UK,3/5/2019,Monthly
s39227,Olivia Verma,23,Female,Canada,11/17/2019,Yearly
s39228,Olivia Wilson,20,Male,Canada,9/27/2020,Monthly
s39229,Noah Lewis,19,Other,Australia,7/18/2022,Monthly
s39230,Isabella Moore,28,Other,Germany,12/23/2020,Yearly
s39231,Meera Moore,43,Male,Germany,6/26/2019,Monthly
s39232,Aanya Davis,25,Female,Germany,11/12/2019,Yearly
s39233,Liam Hall,40,Male,UK,9/1/2022,Yearly
s39234,Emma Sharma,43,Female,Germany,8/18/2021,Yearly
s39235,Meera Patel,34,Female,India,6/7/2021,Monthly
s39236,Sophia Brown,41,Other,Australia,4/22/2019,Free
s39237,Benjamin Clark,27,Other,UK,6/26/2022,Yearly
s39238,Benjamin Johnson,27,Female,Germany,12/17/2020,Monthly
s39239,Isabella Singh,26,Other,Australia,3/5/2019,Monthly
s39240,Emma Sharma,26,Male,Germany,4/20/2022,Monthly
s39241,Arjun Singh,18,Male,India,7/14/2022,Monthly
s39242,Aanya Patel,20,Other,USA,7/12/2021,Monthly
s39243,Vihaan Miller,25,Male,USA,10/30/2019,Yearly
s39244,Eva Wilson,18,Female,Australia,3/2/2022,Free
s39245,Olivia Hall,23,Female,UK,7/10/2021,Monthly
s39246,Noah Lee,19,Male,Germany,1/17/2021,Yearly
s39247,Aarav Clark,21,Other,India,12/22/2020,Yearly
s39248,Noah Thomas,54,Other,Canada,1/24/2019,Free
s39249,Sophia Patel,33,Other,India,8/18/2020,Free
s39250,Mia Verma,28,Other,Australia,2/22/2020,Monthly
s39251,Isabella Davis,31,Male,India,8/14/2022,Free
s39252,Vihaan Singh,21,Other,Germany,4/6/2022,Free
s39253,Olivia Johnson,22,Female,USA,3/12/2022,Free
s39254,Mia Brown,23,Female,UK,2/10/2019,Free
s39255,Aanya Smith,22,Other,UK,12/25/2021,Yearly
s39256,Eva Davis,19,Other,Australia,5/8/2019,Yearly
s39257,Karan Johnson,42,Other,Canada,7/14/2021,Free
s39258,Liam Hall,33,Male,UK,8/16/2020,Free
s39259,Noah Lewis,23,Male,UK,4/30/2019,Free
s39260,Vihaan Brown,23,Male,Germany,6/6/2022,Yearly
s39261,Ethan Moore,25,Other,India,6/8/2019,Monthly
s39262,Eva Brown,25,Other,Germany,9/1/2019,Monthly
s39263,Amelia Johnson,42,Other,Germany,8/30/2021,Free
s39264,Riya Singh,50,Female,UK,12/26/2020,Monthly
s39265,Liam Smith,21,Male,USA,2/4/2020,Yearly
s39266,Isabella Brown,37,Other,Germany,2/10/2021,Monthly
s39267,Zara Thomas,20,Female,Australia,5/14/2019,Monthly
s39268,Aarav Davis,24,Male,Germany,4/14/2020,Monthly
s39269,Sophia Lee,22,Male,USA,9/26/2022,Yearly
s39270,Arjun Lee,64,Female,Canada,1/2/2022,Monthly
s39271,Mia Lee,65,Other,Canada,7/26/2020,Free
s39272,Vihaan Patel,52,Other,UK,6/13/2019,Free
s39273,Ethan Miller,27,Female,Germany,5/3/2020,Monthly
s39274,Meera Lee,39,Other,USA,8/10/2021,Yearly
s39275,Benjamin Clark,24,Other,Germany,7/11/2021,Free
s39276,Liam Miller,45,Female,Canada,4/4/2022,Free
s39277,Aanya Sharma,21,Male,Germany,9/26/2022,Free
s39278,Noah Taylor,24,Other,India,2/25/2022,Monthly
s39279,Benjamin Verma,27,Male,Australia,11/20/2022,Free
s39280,Liam Miller,59,Female,Canada,9/10/2020,Yearly
s39281,Karan Hall,20,Other,Canada,2/2/2021,Free
s39282,Emma Clark,59,Female,USA,3/13/2019,Free
s39283,Riya Taylor,24,Female,Canada,9/30/2019,Monthly
s39284,Karan Verma,23,Other,Germany,12/15/2020,Free
s39285,Noah Smith,43,Female,India,6/30/2021,Yearly
s39286,Aanya Wilson,47,Male,Australia,2/24/2022,Free
s39287,Lucas Martin,39,Other,India,8/27/2022,Free
s39288,Sophia Anderson,25,Male,Australia,8/8/2020,Monthly
s39289,Benjamin Anderson,18,Other,Germany,7/17/2019,Monthly
s39290,Zara Johnson,43,Male,India,7/26/2021,Free
s39291,Aarav Patel,33,Male,USA,9/17/2022,Monthly
s39292,Riya Lee,20,Female,Canada,4/4/2019,Monthly
s39293,Eva Sharma,22,Female,UK,5/6/2022,Yearly
s39294,Meera Sharma,19,Male,USA,3/8/2019,Monthly
s39295,Karan Lee,56,Male,Australia,1/2/2020,Free
s39296,Mia Thomas,25,Female,Canada,2/15/2022,Yearly
s39297,Isabella Patel,19,Other,Germany,6/5/2020,Free
s39298,Eva Anderson,21,Male,India,4/18/2019,Monthly
s39299,Zara Lee,31,Male,UK,9/2/2021,Yearly
s39300,Lucas Smith,25,Other,Australia,3/7/2019,Monthly
s39301,Sophia Hall,22,Male,UK,4/13/2020,Yearly
s39302,Aanya Anderson,39,Other,Canada,5/8/2020,Monthly
s39303,Aarav Brown,39,Other,Germany,11/3/2020,Yearly
s39304,Sophia Clark,24,Male,Canada,4/11/2019,Yearly
s39305,Zara Brown,41,Other,Germany,7/29/2019,Monthly
s39306,Benjamin Verma,21,Other,USA,10/18/2021,Yearly
s39307,Vihaan Taylor,20,Other,Canada,9/24/2020,Free
s39308,Arjun Singh,41,Other,Canada,11/25/2022,Monthly
s39309,Zara Thomas,26,Female,Canada,7/26/2021,Free
s39310,Isabella Singh,37,Female,Canada,1/27/2019,Yearly
s39311,Noah Hall,20,Male,Australia,11/5/2022,Free
s39312,Noah Johnson,27,Female,Canada,12/2/2020,Free
s39313,Aarav Hall,21,Female,Australia,5/9/2019,Monthly
s39314,Olivia Brown,60,Other,Canada,6/15/2020,Free
s39315,Aanya Miller,20,Female,USA,5/28/2021,Free
s39316,Mia Lee,33,Female,Canada,3/16/2022,Monthly
s39317,Meera Sharma,33,Other,Germany,10/28/2020,Yearly
s39318,Aarav Davis,21,Other,Australia,3/11/2020,Yearly
s39319,Eva Taylor,21,Male,USA,11/13/2020,Yearly
s39320,Arjun Davis,45,Female,USA,2/2/2021,Yearly
s39321,Noah Martin,27,Male,India,10/29/2022,Monthly
s39322,Arjun Moore,23,Other,Canada,2/26/2019,Free
s39323,Aanya Smith,19,Other,Australia,1/12/2021,Monthly
s39324,Meera Wilson,43,Other,India,11/5/2022,Yearly
s39325,Lucas Johnson,18,Other,Australia,9/4/2022,Monthly
s39326,Benjamin Moore,37,Male,UK,6/10/2021,Yearly
s39327,Lucas Anderson,21,Female,India,1/23/2019,Free
s39328,Mia Smith,40,Male,Australia,12/29/2022,Monthly
s39329,Lucas Patel,27,Female,Australia,8/15/2021,Yearly
s39330,Olivia Singh,23,Other,India,1/26/2020,Free
s39331,Noah Lewis,19,Female,Australia,9/7/2019,Monthly
s39332,Isabella Moore,25,Other,UK,7/7/2021,Yearly
s39333,Sophia Moore,40,Male,Canada,12/18/2022,Monthly
s39334,Arjun Clark,21,Male,Canada,7/10/2019,Free
s39335,Sophia Davis,20,Female,USA,10/16/2022,Free
s39336,Zara Moore,26,Female,UK,7/28/2021,Yearly
s39337,Mia Walker,28,Male,UK,1/30/2022,Free
s39338,Arjun Walker,34,Female,Canada,1/14/2021,Yearly
s39339,Olivia Clark,42,Female,Australia,10/6/2021,Monthly
s39340,Amelia Brown,31,Female,Canada,1/8/2022,Free
s39341,Aarav Brown,23,Female,UK,6/13/2022,Yearly
s39342,Liam Singh,21,Male,Germany,9/22/2021,Yearly
s39343,Aanya Wilson,39,Other,Germany,8/26/2019,Free
s39344,Liam Lewis,39,Male,USA,5/31/2019,Monthly
s39345,Lucas Johnson,39,Female,Germany,10/20/2019,Monthly
s39346,Eva Singh,52,Male,UK,8/6/2021,Monthly
s39347,Liam Patel,42,Male,Germany,8/18/2021,Free
s39348,Emma Patel,48,Female,USA,2/11/2022,Free
s39349,Amelia Lee,24,Female,UK,9/4/2021,Monthly
s39350,Vihaan Davis,38,Female,India,8/11/2019,Monthly
s39351,Eva Miller,60,Female,Australia,11/20/2020,Free
s39352,Noah Clark,37,Female,India,10/19/2020,Monthly
s39353,Zara Wilson,34,Male,India,2/1/2019,Monthly
s39354,Aanya Singh,33,Female,India,1/23/2021,Free
s39355,Karan Verma,24,Male,Germany,1/4/2019,Yearly
s39356,Lucas Martin,37,Female,Germany,6/15/2021,Yearly
s39357,Vihaan Lewis,18,Female,India,4/8/2019,Yearly
s39358,Meera Clark,21,Male,USA,8/1/2022,Yearly
s39359,Sophia Brown,35,Other,Canada,5/19/2022,Yearly
s39360,Riya Taylor,23,Male,India,5/24/2019,Monthly
s39361,Aanya Smith,56,Female,USA,3/26/2021,Monthly
s39362,Karan Martin,44,Female,Germany,4/21/2021,Monthly
s39363,Vihaan Singh,23,Male,UK,8/18/2020,Free
s39364,Emma Miller,20,Female,Australia,6/10/2019,Yearly
s39365,Riya Verma,47,Other,India,5/14/2022,Monthly
s39366,Eva Walker,44,Female,Australia,4/6/2022,Monthly
s39367,Lucas Singh,23,Female,Germany,6/26/2019,Free
s39368,Ethan Davis,21,Other,Canada,10/6/2021,Yearly
s39369,Aarav Sharma,25,Male,India,10/10/2020,Yearly
s39370,Arjun Thomas,28,Male,UK,2/5/2019,Yearly
s39371,Noah Anderson,18,Female,Germany,3/6/2022,Yearly
s39372,Emma Brown,24,Male,USA,5/6/2022,Free
s39373,Ethan Lee,22,Female,Canada,11/2/2020,Free
s39374,Riya Martin,26,Other,Germany,5/17/2019,Free
s39375,Eva Verma,27,Male,Germany,8/6/2022,Yearly
s39376,Isabella Miller,60,Female,India,10/3/2019,Monthly
s39377,Liam Patel,20,Other,Australia,4/21/2020,Yearly
s39378,Emma Thomas,45,Male,India,1/3/2022,Yearly
s39379,Eva Lewis,26,Male,Germany,11/15/2020,Yearly
s39380,Eva Verma,44,Female,India,1/14/2019,Free
s39381,Isabella Lewis,18,Male,USA,6/14/2021,Monthly
s39382,Zara Brown,27,Male,Australia,11/9/2020,Yearly
s39383,Karan Miller,31,Other,India,4/2/2021,Yearly
s39384,Benjamin Singh,29,Female,Canada,4/12/2022,Free
s39385,Ethan Davis,20,Male,Germany,1/11/2019,Free
s39386,Amelia Hall,24,Other,Canada,11/19/2020,Free
s39387,Meera Lee,22,Other,Australia,4/24/2022,Yearly
s39388,Lucas Hall,23,Other,India,5/30/2019,Yearly
s39389,Aarav Moore,25,Other,Australia,10/4/2022,Monthly
s39390,Isabella Thomas,25,Male,Australia,11/22/2021,Monthly
s39391,Riya Martin,27,Other,Canada,12/4/2020,Yearly
s39392,Noah Singh,24,Other,UK,10/5/2019,Free
s39393,Isabella Johnson,23,Male,India,9/10/2022,Monthly
s39394,Aarav Thomas,40,Male,USA,2/18/2019,Free
s39395,Ethan Lee,40,Male,India,7/15/2020,Monthly
s39396,Olivia Singh,25,Female,UK,6/5/2019,Free
s39397,Noah Brown,22,Other,Canada,9/8/2022,Yearly
s39398,Amelia Taylor,26,Male,Australia,11/22/2021,Monthly
s39399,Riya Sharma,24,Male,Germany,12/8/2020,Free
s39400,Lucas Patel,25,Male,India,6/29/2019,Yearly
s39401,Lucas Singh,18,Other,Canada,6/14/2020,Free
s39402,Eva Martin,19,Female,Australia,5/13/2022,Yearly
s39403,Aarav Clark,21,Other,UK,3/24/2021,Free
s39404,Aarav Miller,19,Male,Australia,3/12/2019,Free
s39405,Eva Anderson,24,Other,India,9/14/2020,Free
s39406,Vihaan Miller,33,Other,USA,5/23/2019,Free
s39407,Amelia Martin,32,Female,Canada,7/23/2022,Free
s39408,Ethan Patel,44,Male,Canada,12/14/2019,Yearly
s39409,Olivia Thomas,24,Other,Canada,4/22/2021,Monthly
s39410,Arjun Verma,24,Male,Australia,5/17/2020,Free
s39411,Ethan Brown,25,Female,Canada,1/19/2022,Monthly
s39412,Riya Thomas,23,Male,Canada,3/28/2019,Yearly
s39413,Ethan Lewis,47,Other,Germany,11/3/2022,Free
s39414,Arjun Smith,45,Female,Germany,3/21/2020,Free
s39415,Mia Miller,32,Other,USA,3/3/2019,Free
s39416,Liam Hall,21,Female,Australia,4/30/2019,Monthly
s39417,Noah Patel,65,Other,Germany,2/7/2019,Monthly
s39418,Isabella Hall,28,Other,USA,12/1/2019,Free
s39419,Meera Thomas,39,Female,Australia,7/20/2020,Free
s39420,Sophia Lewis,24,Male,USA,2/28/2022,Monthly
s39421,Emma Clark,28,Other,India,2/21/2019,Yearly
s39422,Isabella Lee,18,Male,Canada,12/28/2020,Free
s39423,Olivia Verma,43,Male,India,6/9/2020,Free
s39424,Noah Lee,20,Male,Germany,3/19/2021,Free
s39425,Karan Thomas,34,Other,Canada,4/13/2019,Yearly
s39426,Ethan Thomas,25,Male,UK,11/24/2022,Yearly
s39427,Olivia Sharma,43,Female,Canada,9/25/2019,Free
s39428,Olivia Martin,27,Male,Germany,11/3/2022,Free
s39429,Arjun Smith,25,Female,UK,10/26/2021,Free
s39430,Zara Lee,19,Male,USA,2/2/2022,Monthly
s39431,Isabella Thomas,25,Female,Germany,8/4/2019,Free
s39432,Sophia Moore,20,Other,Germany,8/24/2022,Free
s39433,Isabella Lewis,56,Other,India,6/6/2021,Monthly
s39434,Isabella Johnson,65,Other,USA,6/2/2022,Monthly
s39435,Lucas Smith,21,Male,UK,5/30/2019,Monthly
s39436,Aanya Moore,19,Male,UK,2/22/2020,Free
s39437,Sophia Lee,44,Female,Canada,1/24/2022,Monthly
s39438,Emma Smith,23,Female,Australia,10/16/2020,Monthly
s39439,Liam Anderson,65,Male,Australia,8/29/2020,Free
s39440,Aarav Verma,62,Other,India,10/2/2021,Yearly
s39441,Emma Singh,38,Male,Canada,4/2/2022,Monthly
s39442,Sophia Davis,60,Other,USA,12/8/2019,Monthly
s39443,Zara Thomas,23,Male,USA,7/7/2019,Yearly
s39444,Isabella Hall,36,Female,Germany,5/27/2020,Monthly
s39445,Emma Johnson,41,Female,UK,5/19/2020,Yearly
s39446,Benjamin Davis,26,Other,Germany,3/24/2020,Monthly
s39447,Eva Taylor,26,Male,Germany,8/17/2020,Monthly
s39448,Ethan Moore,32,Male,USA,12/13/2022,Yearly
s39449,Zara Taylor,24,Other,Canada,7/30/2021,Free
s39450,Isabella Hall,42,Other,Canada,12/14/2022,Monthly
s39451,Amelia Lewis,26,Female,India,6/22/2022,Monthly
s39452,Mia Walker,65,Other,USA,6/13/2020,Free
s39453,Amelia Taylor,32,Female,Australia,11/28/2022,Yearly
s39454,Zara Davis,43,Male,Australia,9/7/2022,Free
s39455,Arjun Lewis,20,Male,UK,10/17/2021,Free
s39456,Ethan Smith,33,Other,Canada,6/26/2022,Monthly
s39457,Mia Lewis,41,Female,Canada,2/2/2022,Monthly
s39458,Sophia Walker,41,Other,India,10/22/2022,Free
s39459,Aanya Singh,23,Female,Germany,12/3/2022,Free
s39460,Liam Moore,21,Male,Canada,3/16/2021,Monthly
s39461,Aarav Hall,34,Other,India,3/19/2019,Monthly
s39462,Mia Clark,32,Male,Australia,8/17/2020,Free
s39463,Riya Taylor,61,Male,India,10/11/2021,Yearly
s39464,Benjamin Wilson,50,Male,USA,8/6/2019,Yearly
s39465,Noah Martin,27,Female,UK,3/11/2019,Monthly
s39466,Isabella Anderson,50,Female,Australia,9/18/2022,Free
s39467,Aarav Hall,19,Male,Canada,1/2/2020,Yearly
s39468,Zara Lee,23,Other,Australia,4/12/2022,Free
s39469,Vihaan Lewis,19,Female,UK,7/16/2019,Free
s39470,Olivia Verma,19,Other,India,10/16/2020,Free
s39471,Aanya Smith,38,Male,Canada,4/22/2022,Yearly
s39472,Vihaan Walker,28,Other,Canada,3/22/2019,Free
s39473,Eva Miller,22,Female,USA,1/21/2019,Yearly
s39474,Aarav Moore,44,Male,UK,8/8/2019,Yearly
s39475,Zara Thomas,43,Female,Australia,9/6/2022,Free
s39476,Olivia Smith,19,Other,Canada,10/17/2020,Monthly
s39477,Ethan Martin,18,Other,UK,3/10/2020,Monthly
s39478,Emma Davis,37,Female,Canada,3/17/2020,Free
s39479,Benjamin Hall,25,Other,India,2/18/2019,Yearly
s39480,Arjun Anderson,20,Other,India,5/27/2019,Monthly
s39481,Vihaan Smith,18,Male,Australia,8/28/2022,Yearly
s39482,Aanya Anderson,31,Other,Canada,5/31/2021,Monthly
s39483,Karan Martin,27,Female,USA,9/26/2019,Free
s39484,Ethan Sharma,46,Female,Canada,2/22/2021,Yearly
s39485,Benjamin Wilson,26,Female,Australia,1/30/2019,Yearly
s39486,Benjamin Thomas,22,Other,Canada,4/10/2021,Free
s39487,Mia Walker,35,Male,Canada,10/31/2022,Monthly
s39488,Eva Miller,26,Male,Australia,1/7/2022,Yearly
s39489,Olivia Clark,37,Male,Australia,9/3/2021,Yearly
s39490,Eva Singh,34,Other,USA,3/3/2022,Yearly
s39491,Karan Lee,63,Female,UK,5/2/2019,Monthly
s39492,Amelia Hall,27,Other,USA,2/15/2019,Yearly
s39493,Aarav Brown,21,Other,Germany,10/26/2019,Free
s39494,Olivia Davis,32,Male,Australia,12/31/2020,Yearly
s39495,Arjun Smith,25,Male,USA,3/18/2021,Monthly
s39496,Ethan Moore,45,Other,USA,11/19/2022,Free
s39497,Sophia Smith,20,Female,Canada,8/30/2020,Free
s39498,Eva Davis,63,Other,UK,9/5/2021,Monthly
s39499,Eva Clark,26,Other,UK,8/19/2022,Monthly
s39500,Aarav Sharma,19,Other,UK,6/4/2019,Free
s39501,Aanya Lewis,24,Female,USA,3/24/2022,Monthly
s39502,Noah Johnson,60,Male,India,3/5/2021,Free
s39503,Ethan Smith,45,Other,India,9/16/2019,Free
s39504,Olivia Johnson,18,Male,India,3/13/2022,Yearly
s39505,Sophia Hall,48,Male,Canada,8/16/2022,Monthly
s39506,Meera Smith,22,Other,Australia,8/15/2020,Monthly
s39507,Ethan Walker,18,Male,UK,3/9/2020,Free
s39508,Arjun Patel,67,Female,UK,7/16/2022,Monthly
s39509,Meera Davis,38,Male,Germany,10/26/2022,Monthly
s39510,Olivia Miller,24,Female,India,12/26/2020,Yearly
s39511,Isabella Lee,40,Female,UK,9/25/2021,Free
s39512,Ethan Clark,30,Female,Canada,5/8/2022,Yearly
s39513,Riya Brown,20,Male,Germany,3/25/2019,Monthly
s39514,Benjamin Walker,37,Other,Australia,3/7/2022,Free
s39515,Aarav Singh,40,Other,Germany,9/12/2020,Yearly
s39516,Riya Davis,45,Male,Australia,9/20/2020,Yearly
s39517,Meera Miller,19,Female,Canada,7/14/2022,Free
s39518,Ethan Walker,23,Male,UK,11/7/2020,Free
s39519,Eva Lee,25,Male,India,3/25/2022,Monthly
s39520,Aanya Taylor,18,Male,USA,5/29/2020,Monthly
s39521,Arjun Lee,43,Male,USA,7/4/2022,Monthly
s39522,Sophia Brown,21,Other,Germany,7/30/2021,Free
s39523,Benjamin Walker,21,Other,Germany,9/25/2020,Monthly
s39524,Isabella Anderson,22,Male,India,7/24/2019,Monthly
s39525,Meera Brown,21,Other,India,5/26/2022,Yearly
s39526,Arjun Martin,31,Male,Canada,12/17/2020,Yearly
s39527,Mia Lewis,23,Other,Australia,10/27/2022,Free
s39528,Emma Johnson,38,Female,USA,5/27/2020,Monthly
s39529,Meera Sharma,36,Female,India,3/9/2019,Monthly
s39530,Riya Sharma,27,Female,India,4/2/2019,Free
s39531,Riya Miller,22,Male,India,8/13/2022,Free
s39532,Zara Wilson,27,Other,India,11/7/2019,Yearly
s39533,Aarav Walker,27,Female,India,3/22/2019,Free
s39534,Karan Miller,65,Female,Canada,2/16/2021,Yearly
s39535,Sophia Singh,32,Male,Germany,2/14/2022,Yearly
s39536,Riya Martin,66,Female,Canada,2/26/2020,Free
s39537,Liam Clark,22,Other,USA,12/18/2019,Yearly
s39538,Vihaan Moore,21,Other,Canada,1/6/2019,Monthly
s39539,Karan Patel,44,Female,Australia,12/27/2020,Free
s39540,Isabella Lee,24,Female,UK,6/26/2019,Free
s39541,Sophia Sharma,27,Female,India,11/7/2021,Yearly
s39542,Zara Martin,23,Female,UK,5/28/2019,Yearly
s39543,Benjamin Lewis,19,Other,USA,9/24/2019,Yearly
s39544,Liam Taylor,31,Other,Germany,4/29/2022,Monthly
s39545,Noah Clark,27,Other,India,3/22/2021,Yearly
s39546,Zara Walker,23,Other,Germany,1/14/2022,Yearly
s39547,Noah Anderson,47,Male,USA,7/16/2021,Monthly
s39548,Vihaan Taylor,30,Other,USA,5/30/2021,Yearly
s39549,Lucas Walker,25,Other,UK,5/4/2022,Monthly
s39550,Olivia Johnson,49,Female,UK,4/2/2022,Free
s39551,Olivia Martin,19,Female,USA,11/13/2019,Yearly
s39552,Karan Taylor,37,Female,Germany,11/30/2021,Monthly
s39553,Sophia Smith,22,Other,Germany,11/23/2019,Free
s39554,Arjun Verma,56,Other,USA,3/9/2019,Free
s39555,Vihaan Wilson,40,Male,India,1/23/2020,Yearly
s39556,Aarav Patel,33,Male,USA,11/6/2020,Free
s39557,Meera Walker,24,Male,USA,5/6/2021,Monthly
s39558,Eva Lee,40,Other,Australia,5/11/2019,Yearly
s39559,Olivia Lewis,18,Other,Germany,9/4/2019,Yearly
s39560,Emma Anderson,33,Other,India,10/12/2020,Yearly
s39561,Arjun Verma,24,Other,UK,11/22/2019,Monthly
s39562,Vihaan Walker,42,Other,USA,7/28/2022,Free
s39563,Liam Smith,24,Female,UK,9/4/2021,Yearly
s39564,Olivia Thomas,32,Other,Australia,7/2/2019,Free
s39565,Lucas Davis,22,Female,Canada,7/23/2021,Yearly
s39566,Vihaan Lewis,19,Other,UK,1/15/2021,Yearly
s39567,Lucas Davis,26,Male,USA,1/10/2020,Monthly
s39568,Amelia Taylor,22,Female,India,5/9/2020,Free
s39569,Benjamin Hall,23,Other,Germany,4/18/2022,Yearly
s39570,Mia Davis,19,Other,UK,9/18/2020,Free
s39571,Isabella Brown,20,Other,Australia,6/7/2022,Monthly
s39572,Zara Davis,34,Other,UK,11/12/2020,Free
s39573,Karan Clark,20,Male,USA,7/1/2022,Monthly
s39574,Mia Lee,22,Other,Germany,5/10/2022,Monthly
s39575,Zara Thomas,60,Male,UK,3/30/2019,Yearly
s39576,Emma Verma,53,Female,USA,11/28/2021,Free
s39577,Noah Martin,26,Female,Australia,8/10/2020,Monthly
s39578,Mia Miller,21,Female,Canada,8/2/2022,Monthly
s39579,Riya Martin,31,Female,Germany,9/4/2020,Yearly
s39580,Noah Walker,22,Female,Australia,9/19/2022,Yearly
s39581,Liam Taylor,28,Female,Germany,2/29/2020,Yearly
s39582,Benjamin Thomas,25,Female,Canada,5/24/2020,Monthly
s39583,Aarav Wilson,26,Other,Australia,12/30/2019,Monthly
s39584,Meera Patel,57,Other,Germany,8/14/2019,Yearly
s39585,Sophia Singh,27,Female,Germany,11/20/2021,Free
s39586,Zara Walker,23,Female,UK,7/11/2021,Free
s39587,Lucas Martin,64,Other,Canada,3/4/2019,Monthly
s39588,Sophia Taylor,23,Other,USA,1/5/2020,Monthly
s39589,Arjun Lee,41,Male,UK,3/6/2020,Monthly
s39590,Lucas Smith,31,Other,UK,5/25/2021,Yearly
s39591,Meera Lewis,32,Male,Germany,4/24/2019,Free
s39592,Aanya Martin,22,Male,USA,11/22/2019,Monthly
s39593,Amelia Hall,36,Female,UK,12/7/2020,Yearly
s39594,Liam Sharma,49,Other,USA,9/23/2020,Free
s39595,Aanya Lewis,65,Female,USA,5/18/2019,Monthly
s39596,Aarav Johnson,42,Other,Germany,12/8/2022,Monthly
s39597,Vihaan Martin,20,Male,India,7/11/2021,Free
s39598,Zara Verma,61,Other,India,2/22/2021,Free
s39599,Karan Wilson,18,Male,UK,5/30/2020,Free
s39600,Benjamin Singh,26,Other,Canada,5/9/2022,Yearly
s39601,Emma Wilson,44,Female,UK,9/9/2019,Free
s39602,Aarav Miller,22,Other,USA,7/2/2021,Yearly
s39603,Meera Smith,57,Other,USA,4/3/2019,Yearly
s39604,Sophia Singh,24,Male,USA,6/16/2022,Yearly
s39605,Zara Wilson,27,Male,UK,12/17/2022,Free
s39606,Amelia Moore,54,Female,Australia,5/17/2021,Yearly
s39607,Karan Martin,20,Other,Germany,9/28/2020,Yearly
s39608,Arjun Anderson,19,Female,Australia,10/10/2019,Free
s39609,Isabella Sharma,30,Male,Canada,9/4/2019,Free
s39610,Aanya Patel,24,Other,Germany,8/23/2022,Monthly
s39611,Lucas Lewis,26,Female,UK,1/1/2019,Free
s39612,Vihaan Hall,22,Other,Australia,4/15/2021,Free
s39613,Emma Martin,18,Male,USA,8/18/2022,Free
s39614,Benjamin Wilson,41,Female,Australia,12/9/2019,Yearly
s39615,Benjamin Thomas,38,Male,Canada,5/5/2020,Monthly
s39616,Zara Smith,26,Other,Australia,12/3/2022,Free
s39617,Riya Clark,36,Male,UK,10/16/2019,Free
s39618,Emma Miller,23,Male,Canada,2/26/2020,Monthly
s39619,Mia Patel,29,Other,USA,7/24/2019,Yearly
s39620,Meera Patel,20,Female,Germany,5/10/2021,Free
s39621,Benjamin Davis,23,Other,India,8/26/2019,Monthly
s39622,Mia Anderson,19,Female,USA,1/15/2019,Free
s39623,Meera Lewis,33,Female,USA,9/13/2020,Free
s39624,Vihaan Smith,24,Other,Germany,12/2/2021,Monthly
s39625,Amelia Moore,23,Female,India,5/31/2022,Free
s39626,Karan Miller,23,Male,India,8/13/2021,Yearly
s39627,Vihaan Lewis,66,Other,Australia,4/12/2020,Monthly
s39628,Meera Johnson,27,Other,USA,2/24/2019,Monthly
s39629,Lucas Smith,37,Female,India,9/22/2022,Monthly
s39630,Amelia Patel,23,Other,USA,1/16/2021,Yearly
s39631,Benjamin Johnson,55,Male,Canada,12/17/2021,Yearly
s39632,Lucas Taylor,33,Other,Germany,10/22/2021,Free
s39633,Benjamin Hall,25,Male,UK,6/21/2021,Free
s39634,Isabella Brown,18,Male,USA,4/8/2020,Yearly
s39635,Riya Moore,59,Male,Canada,3/29/2021,Free
s39636,Arjun Patel,60,Male,UK,6/6/2022,Free
s39637,Aarav Patel,54,Other,USA,8/19/2020,Free
s39638,Ethan Taylor,25,Other,UK,2/18/2022,Free
s39639,Olivia Miller,38,Male,India,12/30/2020,Yearly
s39640,Amelia Singh,24,Male,Germany,8/31/2021,Yearly
s39641,Mia Patel,27,Other,India,7/31/2021,Monthly
s39642,Noah Anderson,36,Female,USA,9/28/2022,Yearly
s39643,Eva Sharma,44,Male,India,6/24/2022,Yearly
s39644,Vihaan Clark,19,Female,UK,12/25/2022,Free
s39645,Sophia Miller,47,Other,Australia,11/18/2020,Free
s39646,Noah Miller,56,Male,USA,7/23/2020,Yearly
s39647,Aanya Sharma,64,Male,Canada,10/8/2019,Monthly
s39648,Zara Patel,54,Other,India,10/4/2020,Yearly
s39649,Sophia Miller,52,Male,Germany,9/23/2020,Monthly
s39650,Aarav Clark,18,Other,UK,4/3/2022,Monthly
s39651,Benjamin Wilson,67,Male,UK,9/4/2021,Monthly
s39652,Sophia Taylor,21,Female,India,2/15/2019,Yearly
s39653,Ethan Hall,64,Female,Australia,1/6/2021,Free
s39654,Zara Martin,40,Male,Germany,11/25/2021,Yearly
s39655,Lucas Anderson,27,Male,India,2/19/2019,Monthly
s39656,Liam Johnson,19,Female,Germany,4/14/2021,Monthly
s39657,Eva Lee,47,Male,Australia,6/13/2022,Monthly
s39658,Emma Taylor,22,Female,Germany,6/18/2022,Monthly
s39659,Aanya Hall,54,Other,UK,7/11/2019,Monthly
s39660,Ethan Davis,18,Male,USA,7/21/2020,Monthly
s39661,Ethan Walker,21,Other,Germany,8/24/2022,Yearly
s39662,Arjun Brown,30,Male,India,4/7/2020,Free
s39663,Mia Walker,42,Other,Australia,5/19/2020,Monthly
s39664,Ethan Taylor,27,Male,Germany,4/13/2019,Monthly
s39665,Vihaan Verma,21,Other,Australia,8/4/2019,Monthly
s39666,Aarav Verma,23,Female,Canada,10/11/2021,Yearly
s39667,Emma Singh,18,Other,India,1/1/2022,Yearly
s39668,Amelia Martin,18,Female,USA,9/11/2021,Yearly
s39669,Riya Hall,24,Female,Canada,9/10/2019,Yearly
s39670,Arjun Miller,27,Male,Germany,7/16/2021,Monthly
s39671,Aanya Thomas,60,Male,USA,2/19/2021,Monthly
s39672,Aanya Thomas,41,Other,Germany,10/31/2019,Yearly
s39673,Arjun Anderson,49,Male,Canada,2/19/2019,Monthly
s39674,Zara Moore,18,Male,UK,1/6/2020,Monthly
s39675,Isabella Singh,45,Female,Canada,9/20/2019,Free
s39676,Olivia Walker,42,Other,USA,11/10/2022,Free
s39677,Ethan Johnson,32,Other,Canada,9/25/2021,Free
s39678,Olivia Martin,27,Female,Canada,7/13/2022,Monthly
s39679,Amelia Walker,40,Male,Germany,4/16/2022,Monthly
s39680,Arjun Anderson,19,Female,USA,9/14/2022,Free
s39681,Lucas Sharma,26,Male,USA,10/15/2019,Monthly
s39682,Olivia Anderson,18,Male,Germany,2/26/2021,Monthly
s39683,Arjun Clark,22,Other,Canada,5/31/2021,Yearly
s39684,Isabella Thomas,26,Male,Germany,11/23/2021,Free
s39685,Emma Lewis,35,Female,Canada,7/22/2022,Monthly
s39686,Arjun Martin,36,Female,Canada,10/11/2019,Monthly
s39687,Arjun Thomas,18,Male,UK,6/24/2019,Yearly
s39688,Sophia Verma,66,Male,Germany,2/11/2022,Monthly
s39689,Ethan Clark,39,Male,USA,2/9/2022,Yearly
s39690,Aarav Moore,26,Male,Canada,11/11/2019,Monthly
s39691,Sophia Johnson,22,Female,India,9/15/2021,Free
s39692,Arjun Johnson,28,Other,Canada,1/16/2022,Free
s39693,Arjun Anderson,35,Other,UK,9/5/2022,Yearly
s39694,Olivia Martin,23,Other,India,4/22/2020,Free
s39695,Mia Lee,30,Other,Australia,6/1/2022,Yearly
s39696,Zara Martin,50,Female,India,6/26/2022,Monthly
s39697,Noah Patel,36,Female,USA,12/1/2021,Yearly
s39698,Ethan Lee,18,Other,Australia,8/15/2020,Monthly
s39699,Noah Taylor,24,Female,USA,5/22/2021,Yearly
s39700,Olivia Lewis,42,Male,USA,7/13/2020,Yearly
s39701,Olivia Verma,27,Female,Australia,5/3/2022,Yearly
s39702,Isabella Thomas,34,Female,Canada,6/24/2020,Monthly
s39703,Aanya Miller,23,Female,USA,1/28/2022,Free
s39704,Emma Hall,19,Other,India,9/6/2020,Yearly
s39705,Vihaan Wilson,24,Other,Australia,7/17/2021,Yearly
s39706,Karan Wilson,22,Male,Canada,2/16/2021,Yearly
s39707,Lucas Davis,26,Female,USA,8/21/2022,Yearly
s39708,Isabella Sharma,63,Other,USA,2/14/2021,Yearly
s39709,Aanya Johnson,26,Other,Germany,6/9/2019,Monthly
s39710,Riya Moore,23,Other,Germany,10/8/2021,Free
s39711,Liam Anderson,52,Male,USA,4/4/2022,Yearly
s39712,Emma Clark,19,Male,USA,6/11/2019,Free
s39713,Olivia Sharma,24,Male,Australia,3/14/2021,Free
s39714,Meera Martin,22,Other,Australia,7/18/2020,Monthly
s39715,Riya Wilson,23,Other,USA,5/22/2022,Free
s39716,Aarav Anderson,26,Male,Germany,4/12/2022,Free
s39717,Olivia Lewis,27,Female,Germany,11/9/2019,Free
s39718,Noah Anderson,20,Female,Canada,2/3/2020,Free
s39719,Aanya Miller,26,Female,Canada,8/31/2022,Monthly
s39720,Karan Anderson,18,Female,UK,4/29/2021,Yearly
s39721,Mia Wilson,18,Male,UK,12/29/2022,Free
s39722,Liam Sharma,18,Male,UK,9/8/2021,Yearly
s39723,Arjun Hall,40,Female,Germany,8/6/2022,Free
s39724,Sophia Sharma,29,Female,Germany,10/21/2022,Monthly
s39725,Vihaan Miller,18,Male,Canada,9/9/2019,Monthly
s39726,Lucas Wilson,46,Other,Australia,6/4/2020,Yearly
s39727,Aanya Walker,44,Other,Germany,7/7/2019,Free
s39728,Noah Lee,19,Female,Germany,11/19/2022,Yearly
s39729,Benjamin Hall,23,Male,Canada,8/10/2019,Free
s39730,Riya Sharma,46,Female,Australia,12/10/2020,Yearly
s39731,Emma Wilson,44,Other,USA,12/5/2021,Free
s39732,Riya Clark,18,Male,USA,7/13/2021,Yearly
s39733,Noah Moore,20,Male,Australia,10/15/2019,Free
s39734,Arjun Patel,20,Female,UK,6/8/2020,Yearly
s39735,Isabella Hall,51,Female,UK,8/9/2020,Free
s39736,Riya Lewis,41,Male,Canada,2/10/2022,Yearly
s39737,Eva Moore,36,Male,USA,1/24/2020,Free
s39738,Benjamin Moore,22,Other,UK,5/23/2021,Monthly
s39739,Isabella Lee,23,Female,Canada,7/31/2020,Yearly
s39740,Meera Wilson,47,Other,Canada,3/22/2019,Yearly
s39741,Emma Miller,20,Other,Australia,1/9/2022,Free
s39742,Noah Lewis,54,Female,Australia,8/10/2019,Yearly
s39743,Meera Anderson,22,Male,USA,11/26/2019,Monthly
s39744,Benjamin Davis,18,Other,Australia,4/19/2021,Yearly
s39745,Lucas Taylor,27,Male,India,1/30/2022,Yearly
s39746,Lucas Anderson,43,Male,Australia,1/23/2021,Yearly
s39747,Benjamin Johnson,20,Male,India,3/20/2020,Yearly
s39748,Lucas Martin,19,Other,Germany,9/15/2019,Free
s39749,Karan Singh,25,Other,UK,6/3/2021,Free
s39750,Meera Walker,46,Other,Australia,1/3/2022,Yearly
s39751,Amelia Davis,21,Male,UK,7/27/2020,Monthly
s39752,Liam Johnson,26,Male,India,7/2/2022,Free
s39753,Meera Moore,22,Other,USA,11/4/2022,Free
s39754,Aarav Martin,19,Other,Germany,1/3/2021,Free
s39755,Isabella Singh,29,Female,UK,3/14/2019,Monthly
s39756,Lucas Sharma,27,Other,Canada,12/18/2020,Free
s39757,Arjun Patel,62,Other,India,4/20/2020,Free
s39758,Ethan Lee,34,Female,Australia,1/25/2022,Monthly
s39759,Riya Walker,23,Male,Canada,9/11/2019,Free
s39760,Isabella Brown,18,Female,USA,12/24/2020,Yearly
s39761,Olivia Moore,35,Male,Canada,3/28/2021,Free
s39762,Noah Smith,39,Other,Australia,7/1/2021,Yearly
s39763,Olivia Verma,39,Female,USA,10/10/2020,Yearly
s39764,Liam Miller,66,Other,Australia,3/5/2020,Monthly
s39765,Noah Smith,22,Male,Canada,10/7/2019,Monthly
s39766,Karan Brown,18,Male,Germany,10/8/2019,Yearly
s39767,Eva Patel,22,Other,Canada,9/24/2022,Yearly
s39768,Aarav Thomas,26,Male,UK,10/24/2021,Yearly
s39769,Aanya Davis,35,Female,UK,12/9/2019,Free
s39770,Karan Hall,58,Other,Germany,8/11/2022,Free
s39771,Arjun Davis,36,Female,India,10/21/2019,Yearly
s39772,Isabella Hall,47,Male,UK,9/24/2020,Monthly
s39773,Eva Miller,44,Female,Australia,11/30/2019,Free
s39774,Benjamin Johnson,27,Other,Canada,5/18/2022,Yearly
s39775,Meera Martin,21,Female,UK,9/3/2020,Free
s39776,Benjamin Lewis,34,Female,UK,7/10/2021,Monthly
s39777,Noah Singh,27,Male,Australia,9/29/2022,Yearly
s39778,Amelia Thomas,18,Male,UK,6/5/2019,Free
s39779,Eva Hall,43,Female,Germany,6/9/2019,Monthly
s39780,Amelia Lewis,18,Other,Australia,11/16/2019,Monthly
s39781,Karan Smith,25,Other,Canada,11/2/2019,Monthly
s39782,Mia Anderson,27,Male,India,7/17/2019,Free
s39783,Ethan Taylor,45,Female,UK,4/14/2021,Monthly
s39784,Arjun Sharma,38,Other,Australia,2/9/2020,Yearly
s39785,Lucas Wilson,22,Male,UK,6/3/2020,Monthly
s39786,Olivia Johnson,35,Male,UK,9/13/2020,Free
s39787,Noah Clark,28,Other,UK,9/3/2019,Yearly
s39788,Karan Smith,22,Female,Germany,8/4/2020,Free
s39789,Eva Anderson,21,Male,UK,5/7/2019,Yearly
s39790,Mia Patel,28,Male,USA,10/8/2019,Free
s39791,Aarav Davis,47,Female,India,12/7/2022,Yearly
s39792,Aanya Anderson,64,Male,India,5/20/2020,Monthly
s39793,Mia Walker,48,Other,Germany,11/28/2019,Free
s39794,Zara Singh,40,Other,UK,4/14/2020,Free
s39795,Zara Brown,19,Male,UK,12/5/2019,Free
s39796,Vihaan Davis,58,Female,Canada,1/24/2020,Free
s39797,Sophia Singh,30,Other,Germany,6/12/2022,Free
s39798,Sophia Hall,19,Other,Germany,9/15/2022,Monthly
s39799,Eva Davis,20,Male,USA,8/16/2022,Monthly
s39800,Mia Thomas,41,Female,Germany,5/11/2021,Monthly
s39801,Olivia Brown,37,Male,Canada,12/17/2019,Yearly
s39802,Ethan Wilson,41,Female,USA,3/1/2022,Monthly
s39803,Ethan Lewis,25,Male,India,3/12/2022,Yearly
s39804,Ethan Johnson,19,Male,Australia,3/26/2021,Free
s39805,Vihaan Hall,53,Male,Australia,10/11/2021,Yearly
s39806,Benjamin Sharma,37,Male,UK,9/12/2022,Monthly
s39807,Mia Clark,27,Female,UK,8/15/2020,Monthly
s39808,Emma Hall,29,Other,USA,8/23/2021,Free
s39809,Liam Johnson,18,Female,Germany,5/23/2021,Yearly
s39810,Aarav Verma,25,Other,Australia,8/14/2021,Monthly
s39811,Riya Clark,25,Female,India,8/5/2019,Yearly
s39812,Karan Walker,21,Male,India,11/19/2022,Monthly
s39813,Vihaan Martin,22,Male,Canada,2/20/2020,Yearly
s39814,Ethan Sharma,19,Male,Germany,1/7/2021,Free
s39815,Aanya Davis,35,Female,UK,12/13/2022,Yearly
s39816,Isabella Brown,66,Other,Germany,3/6/2019,Free
s39817,Ethan Lewis,46,Female,Canada,8/15/2020,Yearly
s39818,Olivia Smith,43,Male,USA,10/15/2021,Free
s39819,Emma Martin,19,Male,Australia,9/27/2021,Yearly
s39820,Amelia Verma,40,Male,Australia,3/14/2021,Free
s39821,Aarav Taylor,20,Female,USA,5/17/2022,Yearly
s39822,Lucas Thomas,40,Female,Germany,9/17/2019,Monthly
s39823,Zara Lewis,25,Male,UK,6/8/2019,Monthly
s39824,Eva Lee,18,Female,Australia,10/16/2022,Yearly
s39825,Eva Brown,19,Female,Australia,10/14/2020,Yearly
s39826,Karan Clark,25,Other,Germany,7/1/2021,Monthly
s39827,Liam Lee,24,Female,India,2/13/2022,Yearly
s39828,Aanya Lee,62,Female,UK,8/28/2022,Yearly
s39829,Olivia Taylor,22,Male,Canada,2/12/2020,Yearly
s39830,Ethan Taylor,20,Other,India,4/27/2022,Yearly
s39831,Isabella Singh,59,Male,India,11/22/2022,Monthly
s39832,Karan Sharma,26,Other,USA,6/1/2022,Monthly
s39833,Ethan Taylor,27,Other,USA,5/31/2021,Yearly
s39834,Lucas Verma,47,Female,India,12/28/2019,Free
s39835,Aanya Thomas,26,Female,Canada,10/22/2021,Monthly
s39836,Isabella Walker,25,Male,Australia,1/13/2021,Yearly
s39837,Arjun Walker,23,Other,Canada,11/17/2022,Yearly
s39838,Arjun Martin,30,Male,India,5/6/2019,Free
s39839,Aarav Lee,20,Other,Canada,5/31/2022,Free
s39840,Liam Davis,45,Other,USA,12/4/2020,Yearly
s39841,Benjamin Patel,19,Female,USA,6/30/2021,Monthly
s39842,Olivia Johnson,23,Female,India,2/8/2020,Free
s39843,Riya Moore,58,Male,USA,1/30/2021,Yearly
s39844,Amelia Lee,24,Other,Canada,3/11/2020,Yearly
s39845,Aanya Thomas,19,Female,Australia,3/17/2021,Yearly
s39846,Isabella Sharma,23,Female,UK,6/19/2021,Free
s39847,Eva Verma,22,Male,USA,4/28/2022,Monthly
s39848,Lucas Walker,20,Female,Australia,10/29/2022,Yearly
s39849,Riya Brown,30,Male,UK,4/24/2021,Free
s39850,Karan Johnson,24,Male,Australia,7/25/2022,Free
s39851,Olivia Moore,38,Male,USA,3/8/2021,Yearly
s39852,Sophia Johnson,19,Other,Germany,6/2/2022,Free
s39853,Riya Lewis,28,Other,Australia,9/22/2020,Monthly
s39854,Lucas Singh,27,Male,India,10/8/2020,Yearly
s39855,Ethan Moore,25,Male,UK,11/17/2020,Monthly
s39856,Sophia Sharma,47,Other,UK,3/12/2021,Free
s39857,Emma Thomas,19,Female,UK,8/4/2019,Yearly
s39858,Vihaan Anderson,40,Male,UK,3/19/2019,Yearly
s39859,Benjamin Davis,23,Female,USA,6/20/2021,Monthly
s39860,Isabella Thomas,67,Female,India,6/25/2021,Monthly
s39861,Meera Smith,28,Female,Germany,7/9/2020,Yearly
s39862,Mia Hall,24,Female,India,5/6/2020,Free
s39863,Zara Anderson,22,Female,India,3/5/2020,Monthly
s39864,Meera Martin,23,Male,Germany,9/15/2021,Free
s39865,Ethan Moore,21,Other,UK,1/4/2020,Free
s39866,Karan Miller,20,Other,Canada,12/10/2020,Yearly
s39867,Emma Anderson,22,Male,India,6/21/2022,Monthly
s39868,Riya Anderson,39,Other,Canada,11/7/2021,Yearly
s39869,Eva Walker,38,Male,USA,5/26/2019,Monthly
s39870,Isabella Davis,41,Male,India,7/29/2020,Free
s39871,Aanya Clark,26,Other,Canada,1/25/2019,Yearly
s39872,Aarav Clark,24,Other,Canada,1/10/2021,Free
s39873,Lucas Walker,57,Female,India,8/25/2021,Free
s39874,Riya Walker,22,Male,Germany,2/6/2021,Yearly
s39875,Aarav Brown,22,Female,UK,3/8/2019,Free
s39876,Eva Hall,24,Male,Germany,5/9/2019,Monthly
s39877,Olivia Singh,23,Male,USA,4/8/2021,Monthly
s39878,Ethan Clark,19,Other,Germany,3/16/2022,Free
s39879,Mia Brown,22,Other,Canada,5/14/2022,Yearly
s39880,Noah Taylor,45,Female,Canada,2/3/2021,Free
s39881,Vihaan Martin,18,Female,India,11/7/2021,Free
s39882,Noah Patel,26,Other,Canada,10/19/2020,Monthly
s39883,Aanya Wilson,32,Other,USA,7/19/2020,Yearly
s39884,Emma Johnson,60,Male,USA,11/1/2019,Monthly
s39885,Emma Lewis,56,Female,USA,7/11/2020,Yearly
s39886,Lucas Taylor,27,Female,Germany,2/26/2021,Monthly
s39887,Ethan Wilson,45,Other,UK,11/19/2022,Free
s39888,Meera Lewis,22,Female,Germany,7/26/2020,Yearly
s39889,Ethan Lewis,39,Male,Germany,3/14/2019,Monthly
s39890,Zara Walker,39,Female,India,8/30/2021,Free
s39891,Liam Verma,22,Other,UK,9/15/2021,Monthly
s39892,Emma Brown,25,Male,India,10/28/2022,Free
s39893,Karan Anderson,51,Male,Australia,8/23/2019,Yearly
s39894,Mia Brown,45,Female,Germany,6/12/2022,Free
s39895,Aarav Smith,18,Other,Australia,7/28/2019,Monthly
s39896,Zara Martin,65,Female,Canada,3/24/2021,Free
s39897,Zara Thomas,40,Male,Canada,7/11/2020,Yearly
s39898,Benjamin Clark,26,Male,Australia,5/23/2020,Free
s39899,Karan Davis,30,Other,Australia,12/26/2021,Yearly
s39900,Sophia Wilson,39,Other,Australia,8/2/2022,Monthly
s39901,Meera Miller,35,Other,Germany,10/26/2021,Free
s39902,Arjun Singh,37,Other,USA,5/24/2021,Monthly
s39903,Vihaan Clark,23,Male,USA,3/26/2020,Monthly
s39904,Liam Clark,44,Other,Australia,1/3/2020,Yearly
s39905,Emma Taylor,19,Other,UK,2/19/2020,Yearly
s39906,Sophia Brown,25,Male,Australia,10/26/2021,Monthly
s39907,Benjamin Patel,27,Female,UK,11/28/2020,Free
s39908,Benjamin Taylor,20,Other,USA,10/7/2021,Free
s39909,Amelia Verma,44,Other,USA,7/20/2022,Free
s39910,Emma Lee,27,Male,Germany,11/1/2020,Yearly
s39911,Aarav Singh,36,Male,Australia,1/24/2021,Free
s39912,Meera Wilson,20,Male,Australia,4/20/2020,Monthly
s39913,Karan Lewis,22,Other,Germany,11/24/2020,Monthly
s39914,Isabella Moore,21,Other,India,1/1/2022,Yearly
s39915,Isabella Brown,43,Male,UK,12/6/2020,Yearly
s39916,Emma Johnson,18,Female,Australia,10/6/2019,Free
s39917,Noah Davis,27,Other,USA,1/10/2020,Monthly
s39918,Amelia Sharma,25,Other,UK,8/10/2021,Yearly
s39919,Arjun Taylor,48,Female,UK,3/11/2019,Monthly
s39920,Arjun Patel,37,Male,Canada,8/11/2022,Yearly
s39921,Olivia Wilson,18,Female,Australia,7/30/2020,Free
s39922,Isabella Taylor,47,Female,Canada,11/15/2021,Monthly
s39923,Olivia Lee,22,Female,Australia,11/5/2020,Monthly
s39924,Benjamin Miller,27,Female,Germany,5/12/2021,Yearly
s39925,Isabella Lewis,19,Other,USA,6/25/2020,Yearly
s39926,Vihaan Lee,27,Male,India,5/31/2021,Yearly
s39927,Aanya Johnson,20,Female,UK,12/19/2020,Monthly
s39928,Isabella Anderson,21,Other,Germany,2/13/2021,Yearly
s39929,Zara Sharma,23,Female,Australia,4/16/2020,Monthly
s39930,Liam Thomas,40,Female,Canada,5/15/2022,Yearly
s39931,Emma Taylor,21,Male,Australia,6/13/2022,Free
s39932,Olivia Moore,18,Female,Canada,7/26/2021,Free
s39933,Eva Verma,22,Other,Germany,3/29/2019,Yearly
s39934,Ethan Miller,39,Male,Canada,5/4/2021,Monthly
s39935,Olivia Walker,42,Other,UK,7/27/2022,Yearly
s39936,Aanya Moore,40,Other,UK,12/30/2019,Monthly
s39937,Aanya Thomas,28,Female,India,4/22/2020,Monthly
s39938,Karan Patel,21,Other,India,12/2/2020,Free
s39939,Mia Anderson,23,Other,USA,8/19/2020,Monthly
s39940,Zara Sharma,24,Other,Germany,3/1/2019,Free
s39941,Meera Verma,40,Male,USA,2/18/2022,Free
s39942,Vihaan Lewis,25,Female,Germany,4/22/2021,Yearly
s39943,Eva Sharma,60,Female,USA,3/11/2019,Free
s39944,Eva Walker,44,Other,Germany,7/30/2022,Yearly
s39945,Eva Lee,26,Other,Australia,8/23/2022,Free
s39946,Arjun Walker,55,Male,USA,9/7/2022,Monthly
s39947,Olivia Moore,27,Male,India,2/6/2021,Monthly
s39948,Ethan Clark,47,Male,USA,7/7/2022,Free
s39949,Olivia Smith,36,Other,Canada,4/30/2022,Monthly
s39950,Lucas Lewis,63,Female,Canada,1/1/2019,Monthly
s39951,Mia Patel,60,Other,Canada,9/20/2022,Monthly
s39952,Aanya Anderson,23,Other,Germany,7/4/2020,Yearly
s39953,Sophia Anderson,35,Female,Canada,6/22/2021,Yearly
s39954,Isabella Clark,19,Other,USA,6/15/2020,Monthly
s39955,Sophia Wilson,26,Other,USA,6/25/2020,Monthly
s39956,Meera Patel,26,Male,UK,6/7/2022,Monthly
s39957,Ethan Davis,19,Male,India,9/9/2019,Free
s39958,Riya Patel,20,Other,USA,2/5/2021,Free
s39959,Aarav Lee,27,Other,India,2/9/2021,Free
s39960,Emma Brown,28,Other,UK,6/19/2022,Free
s39961,Isabella Clark,25,Other,USA,6/29/2019,Monthly
s39962,Arjun Smith,26,Other,Germany,11/6/2022,Free
s39963,Olivia Martin,50,Other,Australia,1/18/2022,Free
s39964,Emma Taylor,27,Male,Canada,11/16/2022,Yearly
s39965,Sophia Moore,21,Male,Canada,10/8/2019,Yearly
s39966,Mia Hall,24,Other,Canada,11/1/2021,Monthly
s39967,Mia Walker,23,Other,UK,8/21/2021,Yearly
s39968,Meera Davis,25,Male,India,8/21/2020,Monthly
s39969,Olivia Singh,23,Male,Germany,10/20/2019,Monthly
s39970,Liam Anderson,25,Other,UK,8/10/2019,Monthly
s39971,Liam Johnson,19,Female,India,5/30/2020,Free
s39972,Karan Verma,32,Other,India,12/2/2021,Yearly
s39973,Aanya Anderson,51,Female,USA,2/28/2019,Yearly
s39974,Riya Walker,47,Female,Canada,7/14/2020,Monthly
s39975,Sophia Sharma,23,Female,Canada,11/20/2022,Yearly
s39976,Olivia Verma,24,Male,Canada,10/22/2020,Free
s39977,Noah Walker,63,Other,UK,1/18/2020,Free
s39978,Sophia Miller,54,Other,Canada,4/17/2019,Yearly
s39979,Aanya Smith,23,Female,Australia,11/8/2022,Free
s39980,Mia Wilson,33,Other,UK,10/24/2020,Free
s39981,Olivia Wilson,23,Other,UK,8/14/2022,Yearly
s39982,Emma Lewis,25,Female,India,5/14/2019,Free
s39983,Isabella Clark,42,Other,Canada,2/24/2022,Yearly
s39984,Mia Johnson,23,Male,USA,7/1/2020,Yearly
s39985,Meera Walker,33,Male,India,10/19/2019,Monthly
s39986,Liam Smith,48,Male,UK,9/11/2019,Monthly
s39987,Lucas Clark,26,Male,UK,3/11/2020,Free
s39988,Mia Moore,22,Male,Canada,7/10/2019,Monthly
s39989,Aarav Thomas,47,Female,UK,7/14/2019,Monthly
s39990,Emma Verma,40,Other,USA,12/7/2021,Free
s39991,Noah Singh,27,Male,Germany,6/27/2021,Yearly
s39992,Liam Taylor,52,Other,USA,1/22/2022,Yearly
s39993,Amelia Thomas,19,Male,USA,11/14/2019,Free
s39994,Riya Johnson,40,Male,USA,8/20/2019,Monthly
s39995,Meera Brown,28,Other,India,2/14/2021,Free
s39996,Amelia Johnson,26,Other,Australia,10/18/2020,Yearly
s39997,Karan Verma,28,Other,UK,6/22/2019,Yearly
s39998,Aarav Hall,32,Male,Germany,7/10/2019,Free
s39999,Riya Miller,26,Female,UK,12/26/2020,Monthly
s40000,Olivia Hall,28,Female,Australia,11/7/2021,Free
s40001,Eva Clark,35,Other,Australia,1/27/2019,Yearly
s40002,Aanya Moore,27,Male,Australia,9/7/2021,Free
s40003,Olivia Lee,23,Other,UK,12/20/2022,Yearly
s40004,Amelia Sharma,24,Male,USA,8/16/2020,Yearly
s40005,Aanya Lee,23,Female,Canada,4/4/2022,Free
s40006,Ethan Miller,24,Male,Australia,10/7/2022,Monthly
s40007,Eva Smith,25,Male,Germany,7/16/2020,Monthly
s40008,Riya Taylor,27,Other,UK,9/19/2021,Free
s40009,Isabella Johnson,18,Other,USA,4/6/2022,Monthly
s40010,Liam Hall,23,Other,India,3/12/2019,Yearly
s40011,Zara Davis,21,Female,UK,11/20/2019,Yearly
s40012,Aanya Singh,29,Male,USA,5/4/2019,Yearly
s40013,Eva Singh,19,Male,Australia,6/23/2021,Yearly
s40014,Liam Walker,22,Other,USA,7/8/2022,Yearly
s40015,Zara Thomas,65,Other,Germany,6/14/2019,Free
s40016,Riya Brown,23,Male,Canada,4/18/2022,Monthly
s40017,Karan Thomas,42,Female,Canada,11/12/2021,Yearly
s40018,Emma Smith,35,Female,USA,3/2/2020,Free
s40019,Zara Wilson,55,Male,USA,5/9/2019,Free
s40020,Karan Singh,21,Other,UK,5/30/2019,Monthly
s40021,Karan Anderson,42,Male,USA,12/12/2021,Yearly
s40022,Ethan Davis,21,Female,Germany,6/8/2022,Free
s40023,Zara Lee,34,Female,Germany,3/14/2020,Yearly
s40024,Arjun Anderson,41,Male,India,11/22/2020,Yearly
s40025,Eva Johnson,27,Male,Australia,5/9/2020,Monthly
s40026,Ethan Walker,27,Female,Canada,7/2/2021,Monthly
s40027,Emma Taylor,20,Other,Canada,6/19/2020,Monthly
s40028,Mia Miller,25,Male,USA,8/16/2021,Monthly
s40029,Benjamin Walker,22,Male,India,9/24/2021,Monthly
s40030,Zara Smith,41,Female,India,2/11/2022,Monthly
s40031,Karan Sharma,23,Male,UK,11/18/2022,Yearly
s40032,Lucas Sharma,18,Other,UK,8/2/2021,Yearly
s40033,Lucas Singh,34,Female,Canada,2/10/2022,Free
s40034,Aanya Singh,26,Male,UK,3/2/2020,Yearly
s40035,Lucas Verma,20,Other,UK,3/2/2020,Yearly
s40036,Isabella Davis,18,Other,Australia,3/10/2019,Monthly
s40037,Aarav Clark,22,Other,UK,11/18/2022,Free
s40038,Karan Lewis,19,Other,Canada,10/25/2019,Monthly
s40039,Vihaan Patel,24,Female,USA,6/23/2021,Free
s40040,Eva Verma,31,Other,Australia,4/20/2020,Free
s40041,Benjamin Clark,22,Male,Canada,6/27/2021,Monthly
s40042,Meera Moore,24,Male,USA,7/31/2020,Yearly
s40043,Lucas Hall,22,Male,India,9/23/2020,Monthly
s40044,Eva Davis,21,Other,Canada,10/11/2021,Monthly
s40045,Sophia Taylor,51,Male,Germany,10/17/2022,Yearly
s40046,Sophia Martin,67,Female,Australia,5/19/2020,Monthly
s40047,Karan Clark,50,Female,Australia,7/21/2019,Yearly
s40048,Sophia Davis,26,Female,India,8/15/2020,Free
s40049,Benjamin Martin,34,Female,Canada,9/5/2020,Free
s40050,Emma Miller,52,Other,Canada,6/16/2020,Yearly
s40051,Meera Brown,38,Male,Canada,9/28/2019,Monthly
s40052,Aarav Hall,22,Male,UK,12/9/2022,Free
s40053,Eva Smith,19,Female,UK,12/9/2019,Free
s40054,Sophia Walker,25,Female,USA,1/15/2022,Monthly
s40055,Isabella Patel,31,Female,India,6/11/2019,Free
s40056,Aarav Walker,25,Female,Australia,10/6/2022,Yearly
s40057,Meera Johnson,20,Male,Australia,8/5/2019,Free
s40058,Arjun Johnson,18,Other,India,1/10/2019,Yearly
s40059,Mia Brown,35,Female,USA,12/31/2019,Monthly
s40060,Zara Martin,66,Female,UK,5/31/2022,Monthly
s40061,Arjun Clark,34,Female,Germany,2/11/2021,Free
s40062,Noah Verma,32,Other,UK,11/15/2020,Monthly
s40063,Riya Taylor,20,Male,Germany,8/14/2022,Monthly
s40064,Emma Verma,29,Female,India,12/16/2020,Monthly
s40065,Noah Taylor,29,Male,UK,4/13/2020,Free
s40066,Karan Martin,40,Female,Australia,7/17/2019,Yearly
s40067,Aarav Miller,46,Other,Germany,12/16/2020,Yearly
s40068,Mia Patel,21,Other,USA,7/14/2020,Yearly
s40069,Riya Lewis,51,Male,USA,9/20/2021,Monthly
s40070,Lucas Taylor,29,Female,UK,8/2/2021,Free
s40071,Sophia Brown,32,Other,USA,9/20/2022,Monthly
s40072,Arjun Miller,61,Female,Canada,9/27/2019,Monthly
s40073,Benjamin Verma,27,Other,Australia,9/22/2019,Free
s40074,Emma Wilson,35,Male,India,3/8/2020,Yearly
s40075,Olivia Smith,45,Female,Australia,6/29/2019,Free
s40076,Karan Lewis,24,Other,UK,1/9/2020,Yearly
s40077,Olivia Patel,64,Other,Germany,10/2/2020,Monthly
s40078,Amelia Anderson,33,Other,Canada,2/20/2022,Yearly
s40079,Arjun Taylor,23,Male,Australia,11/29/2020,Monthly
s40080,Karan Taylor,26,Male,India,8/5/2021,Free
s40081,Riya Taylor,26,Male,UK,10/4/2019,Yearly
s40082,Zara Davis,41,Male,Canada,9/15/2020,Yearly
s40083,Amelia Thomas,25,Female,Germany,3/10/2022,Monthly
s40084,Amelia Singh,23,Other,Germany,6/28/2020,Monthly
s40085,Sophia Lewis,22,Male,India,8/31/2022,Yearly
s40086,Sophia Verma,42,Female,Australia,5/17/2019,Yearly
s40087,Aanya Davis,24,Male,India,8/24/2019,Free
s40088,Eva Walker,24,Male,USA,7/17/2022,Monthly
s40089,Mia Lewis,38,Other,Australia,11/19/2020,Monthly
s40090,Benjamin Moore,26,Male,Germany,12/9/2021,Free
s40091,Meera Singh,19,Other,Australia,11/7/2021,Free
s40092,Benjamin Davis,29,Male,UK,2/24/2022,Yearly
s40093,Sophia Verma,33,Male,Australia,11/1/2021,Monthly
s40094,Arjun Brown,23,Other,Australia,6/18/2021,Monthly
s40095,Mia Brown,20,Female,Canada,8/29/2020,Free
s40096,Ethan Davis,56,Female,Germany,3/9/2019,Yearly
s40097,Vihaan Singh,54,Other,Germany,10/24/2021,Monthly
s40098,Riya Singh,18,Female,India,4/20/2022,Yearly
s40099,Aanya Clark,21,Female,UK,9/25/2020,Free
s40100,Aarav Brown,21,Female,Australia,10/27/2019,Monthly
s40101,Olivia Wilson,44,Female,Canada,10/4/2019,Monthly
s40102,Zara Miller,29,Female,Canada,8/4/2019,Yearly
s40103,Liam Wilson,24,Male,USA,2/16/2021,Free
s40104,Ethan Sharma,18,Female,India,6/17/2019,Monthly
s40105,Riya Wilson,28,Male,USA,8/27/2020,Free
s40106,Noah Patel,18,Female,Germany,6/8/2019,Monthly
s40107,Isabella Walker,39,Other,Canada,10/15/2020,Monthly
s40108,Aarav Miller,48,Female,Canada,4/7/2022,Free
s40109,Noah Martin,41,Female,India,1/31/2021,Yearly
s40110,Riya Patel,18,Female,USA,5/12/2022,Monthly
s40111,Eva Brown,24,Female,India,4/29/2019,Free
s40112,Riya Wilson,25,Female,UK,11/24/2021,Yearly
s40113,Sophia Taylor,46,Male,UK,2/16/2022,Free
s40114,Meera Lewis,24,Other,Germany,10/7/2021,Yearly
s40115,Meera Patel,23,Female,Australia,10/17/2022,Monthly
s40116,Noah Taylor,28,Male,Germany,5/30/2022,Monthly
s40117,Lucas Taylor,30,Female,UK,12/31/2020,Free
s40118,Aarav Taylor,20,Male,Germany,4/25/2021,Yearly
s40119,Meera Wilson,59,Female,India,1/25/2019,Yearly
s40120,Eva Hall,41,Other,Canada,9/12/2021,Free
s40121,Arjun Verma,41,Female,UK,4/14/2021,Monthly
s40122,Isabella Verma,36,Other,UK,6/28/2019,Free
s40123,Olivia Johnson,41,Female,Canada,3/3/2019,Free
s40124,Mia Davis,30,Female,Australia,10/24/2020,Yearly
s40125,Olivia Moore,22,Other,Canada,5/12/2019,Free
s40126,Aanya Clark,23,Female,Germany,7/25/2019,Yearly
s40127,Aanya Smith,20,Male,USA,10/7/2020,Free
s40128,Aanya Walker,46,Other,Germany,5/13/2019,Yearly
s40129,Vihaan Hall,20,Female,Australia,3/20/2021,Free
s40130,Mia Johnson,36,Other,Australia,11/14/2022,Yearly
s40131,Eva Davis,26,Other,UK,10/22/2019,Yearly
s40132,Aanya Lewis,29,Male,Australia,11/9/2022,Free
s40133,Benjamin Smith,34,Other,Australia,7/30/2021,Free
s40134,Isabella Davis,23,Other,Canada,1/29/2019,Monthly
s40135,Isabella Anderson,35,Other,India,3/12/2022,Monthly
s40136,Benjamin Miller,27,Other,UK,1/13/2021,Monthly
s40137,Benjamin Singh,19,Female,Germany,5/29/2022,Yearly
s40138,Ethan Anderson,25,Female,USA,4/7/2022,Free
s40139,Liam Thomas,27,Female,UK,4/20/2022,Free
s40140,Lucas Johnson,22,Other,India,6/13/2020,Monthly
s40141,Benjamin Miller,38,Female,UK,6/13/2021,Yearly
s40142,Olivia Brown,63,Female,UK,8/25/2020,Free
s40143,Arjun Miller,43,Male,Germany,11/30/2021,Free
s40144,Meera Walker,26,Other,Canada,9/22/2020,Yearly
s40145,Emma Taylor,35,Male,Australia,8/17/2021,Yearly
s40146,Isabella Clark,21,Female,Germany,2/2/2021,Free
s40147,Arjun Taylor,53,Male,India,10/7/2021,Free
s40148,Amelia Singh,25,Other,Germany,2/16/2022,Monthly
s40149,Meera Hall,42,Female,Canada,2/24/2019,Yearly
s40150,Emma Taylor,20,Male,India,10/15/2019,Monthly
s40151,Amelia Wilson,20,Other,Australia,7/27/2020,Free
s40152,Benjamin Smith,24,Male,USA,11/13/2020,Monthly
s40153,Riya Miller,23,Male,UK,10/22/2021,Monthly
s40154,Lucas Smith,28,Male,Australia,3/7/2022,Monthly
s40155,Benjamin Brown,44,Female,UK,6/30/2021,Free
s40156,Aanya Wilson,44,Male,Canada,12/3/2022,Monthly
s40157,Liam Sharma,23,Other,Australia,8/16/2019,Yearly
s40158,Lucas Miller,38,Female,UK,10/3/2019,Monthly
s40159,Isabella Anderson,31,Male,Germany,12/23/2019,Free
s40160,Arjun Thomas,23,Male,USA,9/8/2021,Free
s40161,Zara Verma,34,Other,Australia,7/3/2020,Monthly
s40162,Mia Smith,22,Male,Australia,5/13/2021,Monthly
s40163,Vihaan Brown,25,Other,Germany,8/17/2020,Free
s40164,Benjamin Davis,30,Female,India,3/16/2020,Monthly
s40165,Sophia Thomas,37,Other,USA,2/14/2019,Free
s40166,Eva Moore,20,Other,USA,9/26/2019,Yearly
s40167,Arjun Hall,31,Female,Germany,9/30/2022,Monthly
s40168,Karan Walker,41,Female,USA,8/21/2021,Free
s40169,Vihaan Johnson,27,Male,Germany,10/23/2019,Free
s40170,Noah Davis,33,Female,Germany,3/2/2021,Yearly
s40171,Emma Davis,24,Female,UK,6/26/2021,Free
s40172,Eva Wilson,21,Female,Australia,7/20/2021,Free
s40173,Noah Taylor,23,Other,Australia,6/18/2021,Monthly
s40174,Emma Wilson,21,Male,Australia,2/9/2019,Yearly
s40175,Amelia Taylor,21,Female,India,9/8/2022,Yearly
s40176,Arjun Anderson,22,Male,Germany,8/18/2021,Free
s40177,Noah Wilson,21,Female,Germany,3/16/2022,Monthly
s40178,Karan Davis,26,Male,Canada,8/18/2019,Free
s40179,Noah Patel,18,Other,India,9/5/2020,Monthly
s40180,Lucas Verma,19,Other,Canada,2/11/2019,Yearly
s40181,Amelia Lewis,28,Female,Germany,4/2/2022,Yearly
s40182,Emma Lee,40,Male,Canada,10/1/2021,Free
s40183,Zara Lewis,34,Male,USA,1/6/2021,Yearly
s40184,Benjamin Johnson,44,Other,USA,5/26/2021,Free
s40185,Liam Singh,19,Other,UK,2/7/2020,Free
s40186,Liam Moore,27,Other,USA,10/29/2020,Yearly
s40187,Benjamin Thomas,23,Other,Germany,5/19/2020,Monthly
s40188,Riya Taylor,19,Male,India,7/31/2019,Monthly
s40189,Zara Wilson,20,Female,Canada,8/25/2019,Yearly
s40190,Ethan Lee,20,Female,USA,5/7/2021,Free
s40191,Olivia Lewis,27,Female,Canada,12/27/2022,Yearly
s40192,Arjun Smith,24,Female,UK,10/5/2022,Free
s40193,Lucas Wilson,39,Male,India,1/22/2022,Monthly
s40194,Noah Lee,28,Male,India,10/30/2021,Monthly
s40195,Emma Davis,27,Female,Australia,2/20/2019,Free
s40196,Vihaan Patel,19,Female,Germany,10/29/2021,Monthly
s40197,Olivia Martin,25,Male,India,10/20/2021,Free
s40198,Ethan Johnson,31,Female,Canada,4/11/2019,Yearly
s40199,Eva Patel,31,Female,UK,12/20/2020,Free
s40200,Olivia Davis,22,Female,Canada,11/20/2022,Yearly
s40201,Zara Verma,24,Other,UK,9/2/2021,Monthly
s40202,Aarav Smith,45,Male,India,1/28/2019,Free
s40203,Benjamin Patel,30,Female,Canada,8/22/2022,Free
s40204,Riya Brown,20,Female,USA,9/9/2022,Monthly
s40205,Lucas Smith,61,Other,India,7/31/2021,Free
s40206,Sophia Taylor,22,Female,USA,9/17/2021,Monthly
s40207,Riya Taylor,26,Female,Germany,11/20/2022,Monthly
s40208,Meera Verma,18,Other,Germany,2/20/2019,Yearly
s40209,Zara Brown,24,Female,UK,6/18/2021,Free
s40210,Mia Lee,26,Other,Canada,12/8/2022,Yearly
s40211,Karan Taylor,25,Female,India,7/13/2021,Monthly
s40212,Emma Walker,27,Female,UK,9/27/2020,Free
s40213,Benjamin Hall,39,Other,USA,4/10/2022,Yearly
s40214,Aarav Smith,18,Other,India,3/9/2020,Monthly
s40215,Benjamin Lewis,55,Female,UK,7/6/2020,Yearly
s40216,Vihaan Brown,35,Other,Australia,11/12/2022,Free
s40217,Lucas Lewis,24,Other,Germany,8/25/2021,Monthly
s40218,Emma Verma,22,Female,USA,5/10/2022,Yearly
s40219,Benjamin Miller,59,Other,Germany,1/11/2021,Monthly
s40220,Ethan Martin,21,Male,USA,6/21/2020,Free
s40221,Karan Patel,25,Male,Australia,1/20/2020,Yearly
s40222,Arjun Miller,49,Other,Canada,5/4/2020,Free
s40223,Isabella Anderson,20,Male,USA,7/31/2020,Monthly
s40224,Vihaan Miller,43,Other,USA,5/27/2019,Free
s40225,Meera Johnson,47,Female,India,2/12/2019,Free
s40226,Mia Davis,19,Other,UK,6/6/2019,Monthly
s40227,Zara Lee,53,Other,India,3/12/2021,Monthly
s40228,Sophia Moore,21,Male,Germany,9/12/2021,Yearly
s40229,Noah Moore,40,Male,USA,7/20/2019,Yearly
s40230,Ethan Lee,47,Female,UK,2/23/2022,Yearly
s40231,Aarav Patel,41,Male,Australia,3/2/2020,Monthly
s40232,Sophia Brown,52,Other,USA,1/17/2021,Monthly
s40233,Liam Hall,19,Male,India,12/7/2020,Yearly
s40234,Aanya Thomas,22,Female,Germany,12/13/2019,Free
s40235,Olivia Thomas,21,Other,Canada,2/7/2019,Free
s40236,Mia Thomas,22,Female,USA,2/22/2019,Free
s40237,Eva Anderson,25,Other,UK,9/29/2022,Monthly
s40238,Zara Martin,41,Other,UK,9/27/2021,Yearly
s40239,Eva Anderson,25,Male,Australia,1/22/2019,Yearly
s40240,Aanya Verma,18,Female,USA,6/22/2021,Free
s40241,Eva Lee,33,Other,Canada,12/2/2021,Yearly
s40242,Aarav Martin,23,Female,UK,5/27/2020,Free
s40243,Karan Wilson,59,Female,USA,11/16/2021,Yearly
s40244,Sophia Thomas,18,Other,Australia,7/31/2021,Free
s40245,Lucas Clark,34,Other,UK,10/23/2022,Yearly
s40246,Eva Moore,34,Female,Canada,1/19/2020,Monthly
s40247,Meera Singh,36,Male,India,8/31/2019,Monthly
s40248,Zara Clark,24,Female,UK,4/27/2021,Free
s40249,Zara Taylor,27,Female,Canada,7/21/2021,Yearly
s40250,Ethan Johnson,19,Other,Canada,12/27/2020,Free
s40251,Vihaan Anderson,18,Other,Australia,9/8/2020,Free
s40252,Sophia Lewis,18,Female,USA,10/2/2019,Yearly
s40253,Sophia Miller,18,Female,Australia,9/28/2022,Yearly
s40254,Meera Singh,62,Male,Germany,10/27/2019,Free
s40255,Olivia Moore,26,Male,Germany,10/23/2020,Yearly
s40256,Arjun Smith,21,Other,Canada,5/17/2021,Monthly
s40257,Noah Thomas,28,Male,UK,10/3/2020,Yearly
s40258,Arjun Anderson,22,Other,Australia,11/3/2019,Monthly
s40259,Benjamin Lewis,60,Other,India,11/6/2019,Yearly
s40260,Riya Johnson,30,Female,India,7/21/2020,Monthly
s40261,Lucas Wilson,42,Male,Germany,4/30/2021,Free
s40262,Vihaan Smith,23,Male,Australia,8/23/2019,Yearly
s40263,Emma Singh,24,Other,USA,12/30/2019,Monthly
s40264,Amelia Clark,61,Other,USA,11/12/2021,Free
s40265,Olivia Smith,24,Female,USA,7/31/2020,Monthly
s40266,Olivia Walker,61,Other,India,9/29/2020,Free
s40267,Isabella Martin,27,Other,Germany,4/2/2020,Free
s40268,Isabella Hall,28,Other,UK,5/5/2020,Monthly
s40269,Noah Davis,27,Other,Germany,1/22/2021,Yearly
s40270,Lucas Moore,25,Male,India,4/30/2022,Monthly
s40271,Riya Verma,23,Female,UK,8/12/2019,Monthly
s40272,Karan Thomas,26,Female,USA,2/20/2021,Free
s40273,Isabella Sharma,21,Female,Canada,4/12/2020,Free
s40274,Ethan Lewis,25,Female,Germany,4/27/2022,Free
s40275,Riya Martin,20,Other,Canada,11/10/2019,Free
s40276,Karan Hall,42,Other,Australia,1/23/2020,Monthly
s40277,Zara Moore,31,Male,UK,1/9/2021,Yearly
s40278,Aarav Verma,31,Female,USA,2/26/2019,Free
s40279,Aanya Smith,27,Male,Germany,4/1/2020,Free
s40280,Liam Verma,45,Male,Australia,8/3/2021,Monthly
s40281,Sophia Davis,19,Male,UK,1/7/2020,Yearly
s40282,Ethan Walker,26,Female,India,5/7/2019,Yearly
s40283,Eva Miller,27,Other,Germany,8/23/2020,Free
s40284,Isabella Singh,19,Female,Canada,6/17/2019,Monthly
s40285,Noah Davis,20,Female,USA,1/31/2020,Monthly
s40286,Riya Davis,39,Female,India,6/20/2019,Yearly
s40287,Aarav Moore,55,Other,USA,11/15/2019,Monthly
s40288,Amelia Martin,39,Male,USA,6/1/2020,Monthly
s40289,Isabella Verma,32,Other,USA,1/16/2022,Free
s40290,Amelia Brown,52,Female,India,1/11/2020,Monthly
s40291,Aarav Thomas,28,Other,UK,8/30/2019,Free
s40292,Meera Martin,19,Male,India,10/19/2019,Free
s40293,Aanya Singh,25,Female,Germany,7/17/2019,Free
s40294,Riya Thomas,21,Female,India,3/16/2020,Monthly
s40295,Olivia Taylor,19,Male,USA,7/29/2020,Yearly
s40296,Arjun Sharma,50,Female,Canada,12/9/2019,Free
s40297,Vihaan Thomas,24,Female,Australia,1/14/2022,Yearly
s40298,Lucas Miller,25,Other,India,4/1/2020,Free
s40299,Lucas Patel,26,Female,Australia,10/7/2021,Monthly
s40300,Vihaan Lewis,63,Female,UK,12/11/2022,Free
s40301,Amelia Smith,20,Female,Canada,1/8/2020,Free
s40302,Riya Taylor,18,Other,Australia,6/27/2021,Free
s40303,Amelia Brown,19,Female,UK,5/13/2022,Yearly
s40304,Sophia Johnson,25,Female,Canada,12/28/2022,Free
s40305,Mia Sharma,19,Male,USA,10/15/2020,Monthly
s40306,Amelia Lee,25,Female,Canada,11/14/2019,Yearly
s40307,Mia Miller,36,Male,Germany,8/28/2019,Yearly
s40308,Noah Singh,20,Male,India,11/5/2021,Yearly
s40309,Noah Clark,22,Other,UK,12/28/2022,Yearly
s40310,Liam Verma,39,Female,India,5/25/2020,Monthly
s40311,Karan Sharma,25,Male,Canada,1/18/2020,Free
s40312,Ethan Sharma,20,Female,India,6/7/2022,Yearly
s40313,Karan Singh,44,Female,UK,5/6/2022,Yearly
s40314,Aarav Miller,21,Male,UK,1/1/2019,Free
s40315,Noah Miller,26,Other,Australia,1/11/2021,Yearly
s40316,Isabella Lee,18,Female,India,5/8/2022,Monthly
s40317,Isabella Patel,24,Other,Australia,7/2/2022,Free
s40318,Olivia Walker,38,Female,Germany,11/17/2019,Free
s40319,Sophia Davis,33,Other,Canada,3/10/2021,Free
s40320,Aanya Davis,38,Male,USA,8/8/2020,Yearly
s40321,Liam Lee,40,Other,Canada,12/29/2020,Free
s40322,Olivia Sharma,35,Other,UK,3/16/2020,Yearly
s40323,Lucas Wilson,38,Female,Canada,12/1/2021,Yearly
s40324,Mia Sharma,50,Male,India,10/7/2022,Monthly
s40325,Arjun Lee,39,Female,Canada,3/30/2020,Monthly
s40326,Sophia Taylor,33,Male,India,8/1/2020,Yearly
s40327,Aanya Davis,29,Female,Canada,7/9/2022,Free
s40328,Sophia Lewis,27,Other,Germany,2/13/2019,Free
s40329,Zara Singh,26,Male,India,9/17/2021,Yearly
s40330,Ethan Davis,36,Male,Germany,4/10/2019,Yearly
s40331,Amelia Walker,19,Other,Australia,8/5/2020,Yearly
s40332,Isabella Sharma,28,Male,Australia,5/22/2019,Free
s40333,Benjamin Singh,24,Female,UK,2/4/2021,Yearly
s40334,Arjun Martin,23,Male,Germany,2/29/2020,Yearly
s40335,Lucas Brown,42,Other,USA,12/27/2022,Yearly
s40336,Zara Hall,24,Male,India,3/8/2022,Yearly
s40337,Karan Johnson,27,Female,Germany,12/16/2021,Monthly
s40338,Olivia Walker,22,Other,Australia,10/26/2020,Monthly
s40339,Arjun Martin,25,Male,UK,8/23/2020,Yearly
s40340,Olivia Walker,24,Male,Canada,5/5/2019,Yearly
s40341,Isabella Wilson,22,Other,Canada,1/10/2022,Yearly
s40342,Karan Thomas,22,Male,Germany,11/1/2020,Free
s40343,Meera Walker,43,Other,USA,7/9/2022,Free
s40344,Benjamin Verma,25,Male,UK,6/16/2020,Monthly
s40345,Zara Martin,21,Male,Germany,10/25/2021,Monthly
s40346,Sophia Patel,23,Other,Australia,8/18/2019,Monthly
s40347,Olivia Singh,27,Other,Australia,6/11/2020,Monthly
s40348,Olivia Wilson,22,Male,UK,4/14/2020,Monthly
s40349,Mia Taylor,19,Other,Canada,11/11/2020,Yearly
s40350,Riya Walker,36,Male,India,2/3/2021,Yearly
s40351,Aanya Verma,36,Female,India,11/2/2022,Monthly
s40352,Eva Davis,33,Male,Australia,11/13/2019,Free
s40353,Eva Davis,19,Other,UK,4/9/2021,Free
s40354,Aarav Martin,24,Other,UK,6/9/2020,Monthly
s40355,Karan Martin,25,Other,Germany,7/31/2022,Yearly
s40356,Meera Wilson,22,Female,India,4/16/2020,Monthly
s40357,Emma Verma,25,Female,Canada,2/10/2019,Yearly
s40358,Amelia Smith,19,Female,USA,10/29/2022,Monthly
s40359,Benjamin Davis,25,Male,Canada,6/30/2019,Monthly
s40360,Olivia Anderson,24,Other,Canada,9/23/2021,Free
s40361,Aarav Sharma,26,Female,UK,7/10/2022,Monthly
s40362,Aarav Clark,27,Other,Germany,6/11/2021,Monthly
s40363,Aarav Thomas,18,Female,India,5/19/2022,Free
s40364,Zara Johnson,56,Female,Canada,6/21/2020,Monthly
s40365,Emma Clark,19,Female,UK,12/16/2021,Free
s40366,Aanya Verma,19,Female,India,1/1/2021,Free
s40367,Mia Hall,27,Male,Australia,2/17/2020,Yearly
s40368,Zara Anderson,19,Male,India,3/1/2021,Monthly
s40369,Benjamin Taylor,47,Male,Canada,2/6/2020,Free
s40370,Isabella Martin,18,Female,Australia,11/10/2019,Free
s40371,Zara Martin,23,Female,UK,7/5/2022,Yearly
s40372,Aarav Sharma,18,Other,UK,12/14/2021,Monthly
s40373,Mia Singh,18,Male,UK,9/28/2020,Yearly
s40374,Riya Anderson,42,Female,UK,11/17/2019,Free
s40375,Karan Clark,37,Female,India,3/28/2020,Yearly
s40376,Zara Miller,19,Other,UK,6/20/2020,Yearly
s40377,Benjamin Brown,18,Male,USA,9/11/2019,Yearly
s40378,Amelia Hall,27,Male,Australia,4/14/2022,Yearly
s40379,Eva Verma,38,Other,Canada,1/3/2021,Free
s40380,Noah Taylor,54,Male,Germany,10/23/2020,Free
s40381,Noah Thomas,18,Other,Australia,4/6/2019,Yearly
s40382,Zara Miller,25,Male,UK,11/19/2019,Free
s40383,Isabella Hall,22,Other,Australia,7/1/2022,Yearly
s40384,Riya Brown,26,Female,USA,12/3/2021,Yearly
s40385,Amelia Walker,22,Female,Australia,2/1/2021,Free
s40386,Ethan Lewis,31,Other,Australia,1/10/2021,Monthly
s40387,Olivia Davis,26,Male,Canada,1/31/2021,Monthly
s40388,Emma Moore,18,Other,UK,1/26/2021,Free
s40389,Amelia Lee,27,Male,Canada,4/3/2020,Yearly
s40390,Emma Singh,18,Female,Canada,1/28/2020,Monthly
s40391,Riya Wilson,58,Male,Canada,4/8/2020,Monthly
s40392,Noah Lee,21,Other,Canada,9/23/2019,Free
s40393,Meera Smith,45,Female,India,7/5/2021,Monthly
s40394,Arjun Lee,19,Male,India,12/14/2022,Yearly
s40395,Eva Smith,24,Other,USA,3/15/2021,Free
s40396,Riya Anderson,27,Other,Germany,4/13/2020,Monthly
s40397,Riya Johnson,21,Female,UK,6/16/2019,Monthly
s40398,Lucas Smith,20,Female,Australia,8/16/2020,Free
s40399,Arjun Davis,21,Other,Canada,11/16/2019,Monthly
s40400,Aarav Lee,36,Female,Germany,10/27/2021,Yearly
s40401,Emma Anderson,19,Male,Canada,10/19/2019,Yearly
s40402,Ethan Walker,26,Other,UK,11/9/2019,Free
s40403,Liam Lee,38,Female,Canada,9/30/2021,Free
s40404,Eva Lee,46,Male,Canada,9/5/2022,Free
s40405,Zara Sharma,32,Female,USA,7/18/2019,Free
s40406,Benjamin Davis,24,Male,Australia,5/31/2019,Monthly
s40407,Zara Thomas,23,Male,Canada,5/7/2020,Monthly
s40408,Aarav Hall,24,Male,USA,4/6/2019,Monthly
s40409,Liam Verma,19,Other,UK,12/31/2020,Monthly
s40410,Aarav Hall,26,Other,India,5/22/2021,Yearly
s40411,Olivia Brown,30,Other,India,7/5/2021,Free
s40412,Emma Moore,22,Male,USA,1/30/2022,Yearly
s40413,Aarav Sharma,58,Male,Germany,6/19/2019,Yearly
s40414,Sophia Brown,18,Female,UK,11/15/2020,Monthly
s40415,Meera Johnson,30,Female,Germany,2/27/2019,Yearly
s40416,Riya Sharma,21,Other,India,12/25/2020,Yearly
s40417,Aanya Smith,21,Female,UK,6/14/2021,Monthly
s40418,Isabella Sharma,28,Female,USA,7/9/2019,Yearly
s40419,Lucas Taylor,24,Other,USA,11/7/2020,Free
s40420,Meera Singh,25,Other,Germany,6/20/2020,Yearly
s40421,Karan Miller,38,Female,India,8/27/2022,Yearly
s40422,Eva Martin,45,Female,India,2/26/2021,Free
s40423,Ethan Walker,46,Male,Canada,12/26/2020,Monthly
s40424,Emma Johnson,21,Other,India,11/12/2022,Monthly
s40425,Karan Moore,28,Other,Germany,12/20/2021,Monthly
s40426,Vihaan Clark,56,Male,Australia,2/27/2019,Yearly
s40427,Eva Patel,29,Other,UK,1/31/2020,Free
s40428,Mia Sharma,25,Male,India,7/8/2022,Yearly
s40429,Benjamin Thomas,22,Male,UK,4/29/2022,Yearly
s40430,Lucas Lewis,27,Female,Australia,12/8/2021,Monthly
s40431,Mia Hall,23,Other,Canada,6/12/2020,Yearly
s40432,Aanya Anderson,53,Other,USA,11/12/2021,Yearly
s40433,Karan Martin,42,Other,USA,12/4/2021,Yearly
s40434,Noah Martin,21,Other,Australia,4/24/2020,Monthly
s40435,Ethan Sharma,19,Other,Australia,6/19/2021,Monthly
s40436,Arjun Taylor,32,Other,USA,10/9/2019,Monthly
s40437,Amelia Walker,43,Other,UK,6/30/2019,Yearly
s40438,Mia Miller,27,Other,India,1/25/2022,Free
s40439,Amelia Sharma,19,Male,UK,6/29/2019,Yearly
s40440,Isabella Lewis,32,Male,Canada,2/11/2020,Monthly
s40441,Riya Anderson,24,Male,UK,9/11/2019,Yearly
s40442,Lucas Sharma,20,Other,India,2/7/2019,Free
s40443,Riya Lee,23,Other,UK,7/5/2021,Monthly
s40444,Noah Martin,22,Female,UK,2/14/2022,Monthly
s40445,Vihaan Wilson,20,Male,UK,10/16/2019,Free
s40446,Arjun Moore,42,Female,UK,2/28/2020,Yearly
s40447,Vihaan Singh,18,Male,UK,4/20/2021,Yearly
s40448,Arjun Anderson,18,Other,Canada,3/7/2019,Free
s40449,Mia Lee,52,Male,Germany,5/21/2022,Monthly
s40450,Riya Martin,18,Female,Australia,8/26/2020,Free
s40451,Olivia Lee,20,Male,Canada,1/19/2019,Yearly
s40452,Olivia Verma,34,Other,UK,9/9/2020,Free
s40453,Amelia Singh,30,Male,Australia,6/27/2021,Free
s40454,Aanya Johnson,19,Other,Australia,4/19/2021,Monthly
s40455,Aanya Smith,21,Male,Canada,6/22/2021,Free
s40456,Liam Miller,29,Female,UK,6/19/2019,Monthly
s40457,Aanya Lee,42,Male,India,3/7/2022,Yearly
s40458,Mia Verma,47,Female,Canada,5/31/2019,Free
s40459,Meera Brown,46,Male,Germany,6/18/2022,Monthly
s40460,Karan Lewis,28,Other,Australia,11/5/2019,Yearly
s40461,Benjamin Singh,31,Female,UK,6/20/2020,Monthly
s40462,Amelia Clark,39,Other,UK,7/31/2022,Free
s40463,Aarav Miller,19,Other,USA,4/16/2019,Yearly
s40464,Amelia Hall,67,Female,India,6/23/2020,Monthly
s40465,Ethan Miller,34,Other,USA,8/30/2019,Yearly
s40466,Arjun Miller,62,Other,USA,6/6/2020,Yearly
s40467,Liam Martin,44,Female,UK,9/3/2020,Free
s40468,Vihaan Miller,23,Female,USA,8/4/2020,Monthly
s40469,Eva Johnson,46,Male,Canada,1/18/2021,Yearly
s40470,Aanya Singh,33,Other,Australia,4/24/2020,Monthly
s40471,Aanya Brown,26,Other,Germany,9/24/2020,Yearly
s40472,Zara Taylor,53,Other,India,7/28/2020,Yearly
s40473,Ethan Singh,26,Female,India,11/1/2021,Free
s40474,Riya Verma,36,Male,Germany,8/3/2021,Yearly
s40475,Zara Patel,42,Other,Australia,12/24/2021,Yearly
s40476,Emma Johnson,24,Other,India,1/4/2019,Yearly
s40477,Meera Brown,19,Female,USA,2/15/2019,Yearly
s40478,Zara Patel,27,Other,USA,11/17/2022,Monthly
s40479,Arjun Patel,18,Other,USA,4/29/2020,Yearly
s40480,Lucas Clark,25,Other,UK,5/7/2022,Monthly
s40481,Arjun Davis,21,Other,India,3/4/2021,Free
s40482,Meera Miller,22,Female,India,3/2/2020,Yearly
s40483,Benjamin Lee,41,Male,UK,3/6/2019,Yearly
s40484,Aarav Clark,26,Male,India,3/13/2019,Free
s40485,Eva Martin,47,Other,India,7/11/2022,Yearly
s40486,Ethan Martin,38,Other,UK,1/5/2020,Free
s40487,Vihaan Singh,47,Male,India,9/18/2021,Monthly
s40488,Amelia Wilson,20,Female,Canada,12/20/2021,Monthly
s40489,Riya Lee,21,Other,Canada,7/17/2019,Free
s40490,Emma Verma,21,Other,UK,3/9/2021,Yearly
s40491,Mia Thomas,24,Male,Australia,10/19/2021,Yearly
s40492,Zara Davis,20,Male,UK,6/27/2022,Monthly
s40493,Amelia Thomas,25,Female,Canada,12/16/2021,Monthly
s40494,Zara Lee,23,Other,UK,11/3/2020,Yearly
s40495,Eva Thomas,23,Female,Germany,7/1/2019,Free
s40496,Karan Sharma,18,Other,India,2/2/2019,Monthly
s40497,Aarav Taylor,47,Other,Canada,1/1/2019,Yearly
s40498,Mia Davis,21,Male,USA,6/9/2021,Free
s40499,Riya Moore,44,Other,India,5/27/2021,Free
s40500,Noah Hall,29,Other,Canada,11/29/2019,Yearly
s40501,Emma Miller,50,Female,Canada,3/26/2020,Monthly
s40502,Olivia Thomas,21,Female,Australia,6/3/2022,Monthly
s40503,Amelia Miller,21,Male,India,3/29/2019,Free
s40504,Aarav Patel,18,Female,USA,12/23/2019,Monthly
s40505,Aarav Lee,22,Other,UK,11/6/2022,Yearly
s40506,Riya Walker,18,Female,UK,9/29/2022,Free
s40507,Aarav Brown,22,Female,UK,9/26/2022,Monthly
s40508,Aarav Taylor,41,Male,Germany,1/10/2022,Monthly
s40509,Olivia Anderson,66,Male,Canada,10/9/2020,Free
s40510,Aarav Anderson,49,Female,India,9/21/2019,Monthly
s40511,Zara Brown,38,Female,Canada,12/5/2020,Yearly
s40512,Emma Sharma,33,Female,UK,10/21/2021,Yearly
s40513,Aarav Lee,32,Male,UK,11/13/2022,Yearly
s40514,Riya Walker,20,Male,Germany,8/31/2021,Free
s40515,Eva Patel,22,Other,India,9/30/2022,Yearly
s40516,Mia Taylor,45,Female,Germany,8/16/2020,Free
s40517,Arjun Wilson,27,Female,USA,12/24/2022,Monthly
s40518,Liam Miller,21,Male,UK,7/17/2019,Free
s40519,Amelia Martin,34,Male,UK,6/25/2022,Monthly
s40520,Aanya Brown,47,Female,UK,1/19/2019,Monthly
s40521,Zara Johnson,42,Female,Australia,3/6/2021,Free
s40522,Karan Martin,44,Male,Australia,3/8/2019,Free
s40523,Emma Taylor,34,Female,Australia,2/13/2021,Yearly
s40524,Eva Johnson,47,Female,Canada,2/7/2022,Monthly
s40525,Riya Clark,51,Female,USA,9/29/2021,Monthly
s40526,Isabella Lewis,56,Other,Germany,4/26/2020,Yearly
s40527,Aarav Johnson,22,Other,Germany,9/26/2021,Monthly
s40528,Amelia Moore,44,Female,Germany,7/16/2019,Monthly
s40529,Meera Walker,50,Male,Canada,1/15/2022,Monthly
s40530,Lucas Taylor,22,Other,Canada,12/11/2021,Monthly
s40531,Liam Sharma,36,Other,Canada,11/19/2022,Yearly
s40532,Emma Brown,22,Other,Germany,10/10/2021,Yearly
s40533,Noah Taylor,27,Male,USA,4/29/2020,Monthly
s40534,Karan Davis,32,Other,USA,9/8/2019,Free
s40535,Benjamin Anderson,23,Male,UK,5/29/2021,Monthly
s40536,Isabella Brown,42,Female,Canada,4/15/2021,Free
s40537,Meera Patel,58,Male,Australia,3/15/2020,Free
s40538,Ethan Smith,26,Male,India,3/8/2022,Monthly
s40539,Karan Taylor,27,Other,Canada,9/7/2022,Free
s40540,Aarav Singh,24,Other,Australia,4/29/2020,Yearly
s40541,Mia Davis,47,Female,USA,3/11/2019,Yearly
s40542,Aarav Anderson,27,Other,USA,12/3/2020,Free
s40543,Meera Smith,26,Male,Australia,5/29/2021,Yearly
s40544,Lucas Walker,19,Male,Germany,9/2/2020,Yearly
s40545,Olivia Taylor,27,Other,USA,2/16/2020,Yearly
s40546,Vihaan Lee,18,Female,Canada,10/6/2019,Free
s40547,Noah Lewis,21,Female,Germany,7/18/2019,Yearly
s40548,Aanya Smith,18,Male,India,6/14/2019,Free
s40549,Karan Lewis,27,Female,Canada,12/1/2022,Free
s40550,Eva Sharma,36,Other,USA,8/1/2021,Monthly
s40551,Benjamin Martin,49,Other,Germany,10/31/2020,Monthly
s40552,Riya Anderson,22,Other,India,12/9/2021,Monthly
s40553,Aanya Taylor,55,Male,Australia,2/11/2022,Yearly
s40554,Riya Clark,27,Female,Germany,6/13/2021,Yearly
s40555,Ethan Anderson,39,Female,UK,10/14/2019,Free
s40556,Riya Lee,24,Other,India,10/22/2019,Monthly
s40557,Vihaan Patel,24,Other,USA,8/22/2022,Free
s40558,Benjamin Verma,31,Male,Australia,1/6/2022,Monthly
s40559,Karan Johnson,23,Other,USA,4/2/2019,Monthly
s40560,Arjun Wilson,67,Other,USA,1/4/2022,Free
s40561,Aanya Sharma,20,Female,UK,2/17/2020,Monthly
s40562,Karan Patel,23,Other,Germany,12/18/2022,Free
s40563,Isabella Smith,19,Male,Germany,6/14/2019,Free
s40564,Sophia Davis,36,Other,Australia,7/26/2020,Monthly
s40565,Aanya Patel,19,Female,USA,12/14/2022,Yearly
s40566,Vihaan Wilson,33,Male,UK,4/15/2021,Free
s40567,Riya Hall,20,Female,Australia,6/25/2022,Monthly
s40568,Olivia Hall,37,Other,India,5/24/2020,Yearly
s40569,Emma Walker,21,Male,UK,10/4/2022,Monthly
s40570,Arjun Lewis,19,Other,Australia,7/24/2021,Free
s40571,Meera Lewis,27,Other,USA,11/6/2020,Monthly
s40572,Arjun Lewis,25,Other,Germany,3/28/2022,Yearly
s40573,Aanya Singh,40,Female,Australia,12/22/2019,Monthly
s40574,Ethan Martin,24,Male,Germany,8/12/2021,Free
s40575,Meera Lee,38,Other,UK,11/28/2022,Free
s40576,Aarav Thomas,26,Other,Canada,10/22/2022,Yearly
s40577,Mia Brown,19,Male,Australia,1/23/2022,Free
s40578,Noah Walker,19,Other,Germany,9/6/2022,Free
s40579,Meera Brown,36,Other,Australia,10/17/2022,Yearly
s40580,Karan Miller,33,Male,Canada,10/17/2021,Monthly
s40581,Zara Sharma,21,Female,Germany,5/29/2021,Monthly
s40582,Arjun Brown,67,Male,Canada,3/28/2020,Monthly
s40583,Vihaan Anderson,42,Male,UK,9/15/2019,Free
s40584,Riya Walker,62,Female,UK,8/17/2021,Free
s40585,Arjun Brown,18,Other,Australia,4/11/2020,Monthly
s40586,Liam Anderson,35,Female,UK,3/23/2019,Free
s40587,Vihaan Wilson,25,Male,Germany,10/23/2019,Free
s40588,Noah Brown,30,Male,USA,8/19/2022,Monthly
s40589,Isabella Martin,44,Other,USA,12/3/2019,Free
s40590,Amelia Smith,24,Male,UK,2/16/2020,Free
s40591,Zara Sharma,22,Female,Australia,12/22/2022,Yearly
s40592,Sophia Clark,19,Female,Germany,4/18/2021,Yearly
s40593,Aarav Clark,44,Male,India,8/9/2022,Free
s40594,Lucas Lee,22,Other,UK,4/22/2020,Yearly
s40595,Vihaan Thomas,34,Female,Australia,10/4/2019,Yearly
s40596,Olivia Moore,43,Other,Australia,8/7/2020,Free
s40597,Lucas Moore,27,Male,UK,1/20/2021,Free
s40598,Lucas Moore,21,Other,Germany,9/28/2020,Yearly
s40599,Meera Davis,27,Male,Canada,9/25/2019,Free
s40600,Noah Thomas,21,Other,Germany,4/5/2020,Yearly
s40601,Isabella Verma,22,Male,USA,2/9/2021,Monthly
s40602,Eva Verma,62,Male,USA,12/18/2020,Monthly
s40603,Zara Thomas,18,Other,USA,9/14/2019,Monthly
s40604,Isabella Anderson,41,Male,Canada,1/23/2022,Yearly
s40605,Sophia Davis,19,Female,UK,4/4/2020,Monthly
s40606,Mia Singh,43,Male,Germany,6/9/2020,Yearly
s40607,Ethan Brown,23,Female,Australia,11/24/2019,Free
s40608,Lucas Sharma,19,Male,Australia,11/23/2019,Free
s40609,Isabella Smith,28,Other,Germany,4/10/2020,Monthly
s40610,Isabella Sharma,27,Other,Canada,3/24/2022,Yearly
s40611,Liam Martin,31,Other,India,7/11/2020,Free
s40612,Amelia Davis,37,Female,Germany,2/10/2019,Monthly
s40613,Aanya Moore,20,Female,Canada,11/20/2022,Monthly
s40614,Eva Lee,43,Male,USA,11/18/2022,Yearly
s40615,Amelia Anderson,18,Female,USA,10/8/2019,Free
s40616,Amelia Lee,25,Other,Germany,9/7/2019,Free
s40617,Meera Brown,52,Female,Germany,4/14/2020,Monthly
s40618,Lucas Hall,18,Female,UK,11/10/2021,Free
s40619,Olivia Thomas,41,Male,UK,8/26/2019,Yearly
s40620,Riya Taylor,18,Male,Australia,6/16/2022,Free
s40621,Eva Singh,64,Male,UK,10/18/2020,Free
s40622,Riya Smith,25,Male,Canada,3/10/2020,Monthly
s40623,Lucas Taylor,22,Male,Australia,6/16/2021,Yearly
s40624,Sophia Martin,47,Female,India,9/12/2022,Monthly
s40625,Ethan Wilson,21,Male,Germany,11/11/2020,Yearly
s40626,Noah Thomas,25,Other,Australia,3/11/2022,Free
s40627,Aarav Sharma,23,Male,Australia,3/17/2020,Monthly
s40628,Amelia Thomas,27,Male,USA,9/4/2022,Free
s40629,Arjun Anderson,21,Other,Australia,11/1/2019,Monthly
s40630,Ethan Thomas,44,Female,Germany,7/10/2022,Free
s40631,Meera Hall,62,Other,India,4/27/2022,Monthly
s40632,Aarav Martin,26,Male,Australia,6/25/2020,Yearly
s40633,Noah Moore,42,Male,UK,9/14/2022,Yearly
s40634,Noah Hall,18,Male,India,5/21/2021,Yearly
s40635,Meera Lewis,23,Male,Germany,6/29/2022,Free
s40636,Aarav Patel,33,Female,USA,11/15/2022,Yearly
s40637,Ethan Smith,57,Female,UK,1/31/2020,Yearly
s40638,Sophia Wilson,65,Female,Canada,7/13/2020,Yearly
s40639,Benjamin Clark,28,Other,India,12/22/2019,Yearly
s40640,Vihaan Lee,19,Other,Canada,11/30/2020,Free
s40641,Riya Verma,21,Female,USA,1/5/2022,Free
s40642,Arjun Patel,42,Other,UK,6/30/2021,Monthly
s40643,Karan Miller,18,Male,UK,8/17/2020,Monthly
s40644,Lucas Lee,33,Male,USA,3/27/2020,Monthly
s40645,Liam Thomas,38,Male,Canada,1/11/2020,Monthly
s40646,Mia Thomas,28,Other,USA,1/1/2020,Yearly
s40647,Zara Brown,30,Male,Canada,3/22/2021,Monthly
s40648,Aanya Clark,24,Female,India,9/27/2019,Free
s40649,Mia Taylor,19,Male,Germany,3/2/2022,Free
s40650,Benjamin Clark,30,Other,UK,12/19/2022,Monthly
s40651,Arjun Smith,21,Male,Australia,4/27/2019,Monthly
s40652,Aarav Walker,23,Other,Australia,10/24/2021,Monthly
s40653,Aarav Clark,18,Male,USA,4/21/2020,Yearly
s40654,Benjamin Patel,35,Female,Australia,5/17/2019,Yearly
s40655,Isabella Thomas,38,Male,India,9/18/2021,Yearly
s40656,Lucas Moore,19,Female,UK,2/26/2019,Yearly
s40657,Karan Taylor,48,Male,India,11/3/2022,Monthly
s40658,Lucas Hall,24,Male,UK,8/15/2020,Monthly
s40659,Lucas Moore,27,Female,Germany,5/4/2019,Yearly
s40660,Zara Taylor,25,Other,USA,3/22/2020,Free
s40661,Liam Brown,26,Other,USA,10/6/2019,Yearly
s40662,Isabella Smith,19,Female,India,4/12/2021,Yearly
s40663,Aarav Miller,55,Male,Australia,5/3/2020,Yearly
s40664,Zara Verma,19,Male,Australia,7/12/2022,Yearly
s40665,Ethan Clark,33,Other,UK,11/7/2020,Yearly
s40666,Riya Thomas,33,Female,Germany,9/19/2020,Monthly
s40667,Noah Walker,45,Other,Germany,12/5/2020,Free
s40668,Noah Moore,18,Male,Germany,8/4/2019,Free
s40669,Karan Wilson,25,Female,UK,12/14/2021,Yearly
s40670,Olivia Anderson,45,Other,Germany,4/18/2020,Yearly
s40671,Benjamin Martin,28,Other,Australia,2/25/2021,Monthly
s40672,Meera Lewis,26,Female,Germany,9/20/2020,Free
s40673,Eva Verma,26,Other,Australia,7/7/2019,Free
s40674,Emma Brown,22,Male,Canada,8/17/2019,Yearly
s40675,Eva Lewis,27,Male,Australia,7/19/2019,Free
s40676,Karan Smith,45,Other,Canada,8/24/2020,Free
s40677,Olivia Singh,38,Other,UK,11/9/2019,Yearly
s40678,Karan Moore,18,Female,India,3/1/2021,Free
s40679,Vihaan Singh,44,Female,UK,10/22/2020,Yearly
s40680,Meera Hall,27,Other,Germany,9/11/2022,Yearly
s40681,Mia Lee,26,Female,India,5/29/2019,Free
s40682,Lucas Hall,23,Male,India,3/5/2020,Free
s40683,Vihaan Davis,21,Other,Germany,4/22/2022,Monthly
s40684,Emma Moore,25,Female,Germany,2/14/2021,Monthly
s40685,Karan Sharma,23,Other,USA,3/17/2019,Yearly
s40686,Karan Wilson,24,Male,USA,4/27/2021,Yearly
s40687,Riya Walker,21,Male,UK,1/12/2020,Free
s40688,Riya Sharma,18,Male,Australia,2/9/2021,Yearly
s40689,Zara Clark,64,Female,Canada,12/31/2020,Monthly
s40690,Vihaan Patel,22,Female,Canada,1/29/2020,Monthly
s40691,Riya Clark,21,Female,UK,12/17/2019,Yearly
s40692,Aanya Miller,22,Female,Germany,9/27/2022,Free
s40693,Isabella Sharma,35,Male,India,8/16/2021,Monthly
s40694,Vihaan Johnson,58,Other,Canada,6/3/2021,Monthly
s40695,Olivia Sharma,26,Male,Germany,3/13/2021,Yearly
s40696,Zara Singh,27,Female,UK,10/21/2020,Yearly
s40697,Aarav Clark,21,Male,India,4/14/2019,Free
s40698,Ethan Moore,39,Female,Canada,6/10/2019,Yearly
s40699,Ethan Martin,18,Other,Australia,6/22/2021,Yearly
s40700,Liam Lee,23,Female,UK,5/16/2020,Monthly
s40701,Emma Lewis,40,Female,USA,12/26/2022,Monthly
s40702,Emma Clark,38,Male,Australia,6/10/2020,Yearly
s40703,Meera Singh,35,Other,Germany,5/12/2019,Yearly
s40704,Noah Johnson,25,Female,Canada,11/12/2020,Monthly
s40705,Sophia Clark,18,Other,Canada,8/24/2020,Yearly
s40706,Emma Moore,20,Other,UK,8/11/2022,Free
s40707,Zara Brown,24,Other,India,10/8/2021,Free
s40708,Amelia Taylor,29,Other,Germany,7/28/2020,Yearly
s40709,Arjun Wilson,41,Female,Germany,5/25/2022,Monthly
s40710,Lucas Miller,41,Female,India,11/1/2019,Monthly
s40711,Sophia Sharma,26,Other,Canada,12/21/2019,Yearly
s40712,Mia Sharma,27,Male,Australia,5/25/2021,Free
s40713,Liam Miller,24,Other,UK,1/26/2020,Monthly
s40714,Eva Moore,47,Other,USA,1/16/2022,Monthly
s40715,Mia Martin,18,Other,Australia,8/6/2022,Monthly
s40716,Eva Davis,24,Male,UK,9/17/2020,Monthly
s40717,Eva Brown,20,Male,Canada,6/9/2020,Monthly
s40718,Aarav Patel,31,Other,Canada,11/10/2019,Monthly
s40719,Benjamin Hall,52,Male,Germany,6/15/2020,Free
s40720,Amelia Wilson,20,Female,Australia,5/27/2021,Yearly
s40721,Sophia Walker,21,Other,USA,8/7/2021,Yearly
s40722,Olivia Sharma,27,Female,India,12/27/2019,Monthly
s40723,Arjun Moore,21,Male,Australia,11/16/2022,Free
s40724,Noah Miller,18,Male,UK,6/1/2021,Monthly
s40725,Riya Verma,26,Other,Canada,9/23/2020,Monthly
s40726,Aarav Davis,27,Female,Germany,4/25/2020,Yearly
s40727,Isabella Moore,29,Female,Canada,5/15/2021,Yearly
s40728,Eva Wilson,21,Male,India,5/24/2022,Monthly
s40729,Liam Singh,27,Other,Germany,1/28/2022,Monthly
s40730,Ethan Wilson,47,Other,Canada,11/22/2022,Free
s40731,Eva Hall,58,Male,Canada,1/12/2022,Monthly
s40732,Lucas Patel,20,Female,Germany,8/24/2020,Free
s40733,Zara Verma,22,Male,USA,6/4/2022,Free
s40734,Olivia Singh,26,Female,Canada,1/10/2019,Yearly
s40735,Arjun Smith,42,Female,USA,1/31/2021,Yearly
s40736,Isabella Anderson,20,Female,Germany,4/1/2020,Yearly
s40737,Karan Lee,18,Female,USA,2/23/2020,Yearly
s40738,Ethan Singh,26,Female,India,3/31/2021,Yearly
s40739,Olivia Miller,23,Other,India,11/20/2020,Yearly
s40740,Riya Miller,21,Female,Canada,11/2/2019,Monthly
s40741,Lucas Walker,28,Other,Canada,3/8/2019,Yearly
s40742,Emma Taylor,24,Other,India,4/16/2021,Free
s40743,Isabella Clark,43,Female,Canada,1/12/2021,Monthly
s40744,Olivia Miller,20,Female,UK,2/15/2022,Yearly
s40745,Olivia Johnson,25,Female,Canada,2/23/2019,Yearly
s40746,Benjamin Miller,46,Female,India,12/22/2022,Yearly
s40747,Meera Thomas,33,Female,USA,3/13/2021,Free
s40748,Mia Smith,23,Other,Australia,8/6/2022,Free
s40749,Mia Clark,28,Female,UK,8/29/2020,Free
s40750,Olivia Lewis,32,Female,UK,12/27/2022,Free
s40751,Eva Martin,26,Other,Canada,9/26/2021,Monthly
s40752,Zara Clark,20,Female,USA,11/22/2020,Free
s40753,Ethan Martin,62,Female,India,9/8/2022,Yearly
s40754,Karan Martin,43,Female,Australia,8/7/2019,Monthly
s40755,Aarav Brown,32,Other,Australia,9/3/2021,Free
s40756,Noah Hall,25,Male,India,12/17/2021,Yearly
s40757,Aanya Sharma,36,Female,India,9/25/2020,Monthly
s40758,Meera Martin,46,Other,India,4/20/2022,Free
s40759,Sophia Smith,36,Other,Germany,2/19/2022,Free
s40760,Riya Smith,21,Male,Germany,5/7/2020,Monthly
s40761,Benjamin Clark,27,Male,Australia,1/9/2019,Monthly
s40762,Noah Taylor,19,Male,UK,4/17/2020,Free
s40763,Benjamin Thomas,22,Other,Australia,5/23/2020,Monthly
s40764,Benjamin Johnson,44,Male,Australia,8/18/2021,Monthly
s40765,Meera Patel,39,Male,Canada,2/14/2020,Monthly
s40766,Arjun Miller,55,Male,UK,1/5/2019,Free
s40767,Karan Sharma,67,Male,UK,11/30/2019,Free
s40768,Aanya Thomas,38,Other,Australia,2/7/2021,Free
s40769,Riya Singh,18,Male,Canada,9/11/2022,Yearly
s40770,Aarav Wilson,21,Other,Canada,5/31/2020,Yearly
s40771,Benjamin Singh,23,Male,Germany,9/3/2020,Yearly
s40772,Eva Johnson,62,Other,USA,11/3/2020,Monthly
s40773,Noah Davis,40,Female,Australia,9/22/2022,Free
s40774,Meera Davis,22,Male,Canada,11/8/2021,Monthly
s40775,Karan Singh,19,Male,Australia,3/26/2020,Monthly
s40776,Meera Davis,46,Other,Australia,1/9/2019,Monthly
s40777,Noah Verma,21,Male,USA,12/23/2020,Monthly
s40778,Zara Taylor,18,Other,USA,5/17/2022,Yearly
s40779,Amelia Johnson,47,Male,Germany,2/28/2021,Yearly
s40780,Ethan Martin,48,Female,India,10/31/2019,Monthly
s40781,Zara Smith,31,Male,UK,2/27/2022,Free
s40782,Arjun Martin,22,Other,Australia,9/14/2021,Monthly
s40783,Amelia Miller,34,Other,Australia,1/3/2022,Monthly
s40784,Liam Taylor,26,Female,Australia,8/13/2021,Free
s40785,Aanya Singh,29,Male,USA,5/1/2019,Free
s40786,Riya Miller,26,Female,Canada,11/8/2019,Yearly
s40787,Isabella Wilson,20,Other,UK,2/18/2021,Free
s40788,Noah Hall,22,Other,UK,4/29/2022,Free
s40789,Karan Moore,20,Other,India,3/6/2019,Yearly
s40790,Olivia Brown,21,Other,India,3/21/2022,Yearly
s40791,Riya Patel,18,Male,Canada,12/6/2019,Yearly
s40792,Arjun Taylor,21,Male,Canada,4/11/2021,Yearly
s40793,Ethan Lewis,21,Other,India,5/20/2020,Monthly
s40794,Arjun Lewis,32,Other,India,9/26/2020,Yearly
s40795,Vihaan Miller,27,Female,Canada,3/6/2022,Monthly
s40796,Emma Brown,42,Other,Germany,7/17/2020,Monthly
s40797,Eva Sharma,63,Male,Germany,8/2/2021,Monthly
s40798,Olivia Lee,24,Female,Germany,10/9/2020,Monthly
s40799,Benjamin Lewis,21,Male,USA,3/16/2022,Monthly
s40800,Lucas Lee,28,Female,USA,5/5/2019,Free
s40801,Arjun Smith,21,Other,Australia,12/9/2022,Monthly
s40802,Noah Lee,20,Other,USA,4/21/2020,Free
s40803,Amelia Martin,20,Other,Canada,1/9/2022,Free
s40804,Mia Miller,19,Female,India,2/1/2020,Free
s40805,Sophia Walker,44,Other,Australia,12/7/2020,Yearly
s40806,Noah Thomas,25,Male,Germany,9/21/2022,Free
s40807,Sophia Lee,31,Female,Australia,5/25/2021,Monthly
s40808,Aarav Thomas,48,Other,USA,9/23/2022,Monthly
s40809,Lucas Brown,39,Other,USA,2/10/2022,Yearly
s40810,Ethan Wilson,35,Other,Australia,8/18/2021,Free
s40811,Arjun Patel,34,Female,Germany,1/15/2019,Free
s40812,Noah Taylor,21,Male,Canada,1/24/2022,Yearly
s40813,Benjamin Smith,23,Other,Germany,2/6/2019,Monthly
s40814,Mia Smith,26,Male,UK,10/4/2022,Free
s40815,Ethan Smith,26,Male,India,6/13/2022,Monthly
s40816,Zara Davis,23,Female,Germany,9/29/2020,Yearly
s40817,Benjamin Taylor,22,Other,Germany,6/23/2020,Monthly
s40818,Eva Verma,23,Male,India,6/15/2019,Yearly
s40819,Emma Miller,23,Female,Canada,1/10/2019,Free
s40820,Noah Martin,22,Male,Australia,12/17/2022,Monthly
s40821,Aanya Anderson,56,Male,Germany,7/5/2019,Monthly
s40822,Karan Johnson,54,Male,Australia,4/3/2020,Free
s40823,Noah Miller,59,Male,USA,11/11/2021,Yearly
s40824,Emma Verma,51,Other,UK,10/29/2019,Yearly
s40825,Karan Walker,27,Female,Germany,4/26/2022,Monthly
s40826,Arjun Miller,18,Other,Germany,11/12/2021,Free
s40827,Arjun Thomas,22,Other,Australia,12/4/2020,Yearly
s40828,Meera Anderson,42,Male,USA,12/21/2019,Free
s40829,Aanya Verma,28,Other,Australia,7/20/2019,Monthly
s40830,Arjun Smith,22,Other,UK,6/21/2020,Free
s40831,Arjun Miller,31,Other,Germany,11/14/2020,Yearly
s40832,Riya Miller,19,Male,Germany,12/15/2022,Monthly
s40833,Olivia Brown,26,Male,Canada,12/26/2019,Free
s40834,Noah Miller,33,Female,Canada,2/6/2019,Yearly
s40835,Emma Singh,38,Other,USA,10/4/2020,Yearly
s40836,Liam Singh,31,Male,UK,8/9/2021,Yearly
s40837,Vihaan Davis,18,Other,USA,5/12/2022,Yearly
s40838,Lucas Patel,30,Female,USA,12/17/2021,Monthly
s40839,Amelia Johnson,33,Male,India,5/16/2019,Free
s40840,Arjun Lewis,25,Other,India,9/12/2020,Monthly
s40841,Ethan Singh,18,Other,Germany,5/13/2020,Yearly
s40842,Olivia Lewis,24,Female,India,10/2/2021,Free
s40843,Vihaan Taylor,57,Male,Canada,6/3/2022,Monthly
s40844,Aarav Moore,20,Other,Australia,6/1/2019,Free
s40845,Isabella Verma,20,Female,India,7/25/2021,Monthly
s40846,Eva Anderson,47,Female,USA,3/18/2019,Yearly
s40847,Ethan Martin,24,Other,UK,3/9/2022,Free
s40848,Amelia Miller,25,Other,UK,5/14/2019,Free
s40849,Emma Anderson,53,Female,Australia,5/11/2022,Yearly
s40850,Sophia Clark,36,Other,India,12/15/2021,Free
s40851,Aanya Singh,18,Other,UK,9/22/2022,Free
s40852,Karan Patel,41,Other,India,4/19/2020,Monthly
s40853,Arjun Moore,24,Other,Canada,3/10/2020,Monthly
s40854,Benjamin Lewis,22,Female,Germany,5/19/2021,Yearly
s40855,Liam Moore,43,Female,UK,1/24/2021,Free
s40856,Aarav Brown,23,Other,Germany,11/27/2022,Free
s40857,Vihaan Clark,42,Other,Germany,3/14/2021,Free
s40858,Karan Johnson,20,Other,Canada,4/4/2019,Free
s40859,Liam Lee,30,Other,Australia,12/30/2020,Monthly
s40860,Olivia Moore,23,Other,USA,4/9/2022,Monthly
s40861,Karan Lee,21,Female,Germany,1/5/2019,Free
s40862,Aanya Sharma,47,Other,UK,10/20/2021,Free
s40863,Aanya Lee,33,Female,India,6/24/2022,Yearly
s40864,Ethan Hall,20,Other,USA,7/17/2021,Yearly
s40865,Emma Miller,54,Male,Germany,8/19/2021,Monthly
s40866,Emma Patel,26,Female,Canada,4/20/2021,Yearly
s40867,Vihaan Hall,55,Female,Germany,10/12/2020,Free
s40868,Lucas Smith,22,Other,Canada,7/27/2022,Free
s40869,Vihaan Smith,36,Female,India,8/20/2022,Monthly
s40870,Aarav Patel,48,Other,India,9/26/2020,Free
s40871,Aanya Taylor,25,Male,Canada,8/22/2021,Free
s40872,Liam Brown,22,Male,Canada,6/20/2020,Monthly
s40873,Isabella Patel,27,Male,Australia,3/19/2019,Yearly
s40874,Sophia Singh,21,Female,Australia,6/17/2019,Monthly
s40875,Aarav Moore,23,Female,India,8/17/2019,Free
s40876,Liam Wilson,23,Other,Germany,12/21/2022,Free
s40877,Ethan Brown,26,Male,Canada,7/23/2022,Monthly
s40878,Riya Wilson,22,Female,Germany,3/8/2021,Free
s40879,Emma Wilson,23,Other,Canada,2/11/2020,Yearly
s40880,Mia Sharma,22,Male,USA,4/1/2021,Free
s40881,Riya Martin,44,Male,Germany,4/24/2020,Monthly
s40882,Zara Hall,27,Male,Germany,1/25/2021,Free
s40883,Aarav Miller,28,Female,India,10/24/2022,Yearly
s40884,Karan Walker,22,Female,USA,12/28/2022,Yearly
s40885,Liam Johnson,23,Other,Australia,5/15/2022,Monthly
s40886,Olivia Taylor,27,Male,Germany,3/2/2019,Free
s40887,Aarav Sharma,22,Other,Canada,10/8/2021,Yearly
s40888,Meera Martin,37,Female,India,9/19/2022,Free
s40889,Eva Verma,22,Other,USA,12/5/2022,Yearly
s40890,Meera Smith,20,Other,India,2/16/2019,Monthly
s40891,Ethan Singh,27,Other,Germany,10/14/2019,Monthly
s40892,Benjamin Clark,20,Male,Australia,9/15/2021,Free
s40893,Benjamin Anderson,21,Female,UK,3/26/2021,Yearly
s40894,Karan Lee,45,Female,UK,2/23/2020,Free
s40895,Noah Thomas,21,Other,UK,4/6/2020,Yearly
s40896,Aanya Miller,24,Male,India,3/17/2022,Free
s40897,Ethan Walker,40,Female,India,9/19/2019,Free
s40898,Isabella Lee,47,Female,Canada,5/26/2022,Monthly
s40899,Sophia Martin,23,Female,UK,10/17/2021,Yearly
s40900,Aanya Thomas,40,Male,USA,8/29/2020,Monthly
s40901,Ethan Taylor,24,Female,Australia,10/10/2022,Yearly
s40902,Liam Smith,29,Female,Germany,9/15/2022,Monthly
s40903,Liam Hall,25,Male,UK,8/12/2020,Yearly
s40904,Vihaan Davis,18,Male,Australia,4/4/2021,Yearly
s40905,Arjun Verma,27,Female,UK,11/1/2021,Free
s40906,Isabella Patel,24,Female,Canada,8/5/2022,Monthly
s40907,Aanya Singh,44,Male,UK,1/1/2021,Monthly
s40908,Emma Thomas,20,Male,India,3/19/2019,Yearly
s40909,Karan Martin,25,Other,USA,3/19/2019,Monthly
s40910,Lucas Walker,22,Male,Germany,12/8/2021,Free
s40911,Meera Singh,44,Female,India,3/19/2021,Free
s40912,Mia Moore,21,Female,UK,4/19/2019,Monthly
s40913,Olivia Thomas,31,Other,Canada,12/17/2019,Free
s40914,Arjun Lee,44,Other,Germany,5/7/2022,Free
s40915,Mia Anderson,37,Male,India,7/23/2020,Yearly
s40916,Emma Thomas,18,Other,Australia,8/15/2022,Free
s40917,Lucas Verma,27,Female,Germany,1/17/2021,Monthly
s40918,Karan Lewis,20,Male,UK,11/18/2020,Free
s40919,Arjun Taylor,44,Female,Australia,9/30/2019,Yearly
s40920,Amelia Walker,22,Female,UK,7/17/2021,Free
s40921,Arjun Sharma,24,Male,Canada,5/6/2020,Free
s40922,Lucas Smith,19,Male,UK,7/15/2022,Yearly
s40923,Olivia Lee,27,Male,Germany,9/10/2019,Monthly
s40924,Arjun Johnson,26,Other,India,1/11/2020,Yearly
s40925,Riya Brown,20,Male,Australia,3/6/2022,Free
s40926,Aarav Lee,20,Other,Germany,11/6/2022,Free
s40927,Meera Smith,39,Other,India,10/17/2019,Free
s40928,Aarav Johnson,51,Other,UK,7/1/2021,Monthly
s40929,Aanya Clark,20,Other,UK,6/29/2020,Yearly
s40930,Benjamin Clark,39,Other,Canada,12/23/2022,Free
s40931,Emma Verma,32,Other,India,3/14/2020,Free
s40932,Noah Hall,26,Female,USA,7/29/2019,Yearly
s40933,Mia Taylor,26,Female,India,8/11/2022,Free
s40934,Arjun Sharma,18,Female,USA,3/15/2020,Yearly
s40935,Olivia Lewis,27,Female,India,7/27/2019,Yearly
s40936,Benjamin Wilson,21,Other,USA,5/24/2019,Free
s40937,Lucas Singh,29,Female,USA,4/21/2019,Yearly
s40938,Benjamin Davis,32,Male,Australia,2/13/2020,Free
s40939,Olivia Singh,24,Male,Canada,4/7/2022,Free
s40940,Aarav Verma,64,Male,UK,4/8/2020,Free
s40941,Lucas Davis,23,Female,India,10/28/2019,Free
s40942,Amelia Lewis,26,Other,Canada,3/4/2021,Free
s40943,Sophia Clark,21,Female,Germany,8/24/2019,Monthly
s40944,Sophia Anderson,19,Male,USA,5/29/2022,Free
s40945,Aarav Verma,19,Male,USA,10/12/2020,Free
s40946,Emma Wilson,61,Male,Canada,1/1/2021,Free
s40947,Mia Taylor,36,Other,India,5/31/2020,Yearly
s40948,Eva Johnson,40,Male,Germany,11/10/2019,Yearly
s40949,Riya Johnson,27,Other,Germany,9/12/2021,Free
s40950,Noah Thomas,30,Female,Australia,12/6/2019,Monthly
s40951,Ethan Lewis,19,Female,Germany,9/26/2020,Yearly
s40952,Sophia Patel,29,Female,Germany,7/5/2020,Monthly
s40953,Amelia Martin,29,Female,Germany,4/3/2019,Yearly
s40954,Zara Brown,24,Male,Australia,9/15/2022,Free
s40955,Zara Lee,24,Other,USA,5/4/2019,Free
s40956,Amelia Verma,38,Male,Canada,7/15/2019,Monthly
s40957,Vihaan Singh,60,Other,Canada,11/27/2021,Monthly
s40958,Vihaan Johnson,24,Female,Germany,10/28/2020,Monthly
s40959,Arjun Wilson,27,Male,India,1/10/2020,Yearly
s40960,Vihaan Verma,18,Other,Australia,4/18/2020,Free
s40961,Eva Martin,26,Female,Australia,4/14/2021,Yearly
s40962,Meera Clark,39,Male,UK,2/5/2021,Monthly
s40963,Mia Singh,18,Other,Australia,1/27/2020,Monthly
s40964,Isabella Clark,19,Other,India,12/28/2019,Free
s40965,Vihaan Davis,21,Other,USA,10/13/2019,Free
s40966,Sophia Wilson,18,Other,UK,7/18/2021,Free
s40967,Ethan Davis,33,Other,UK,6/5/2021,Free
s40968,Emma Moore,45,Male,India,1/11/2021,Monthly
s40969,Olivia Martin,34,Female,USA,4/11/2021,Yearly
s40970,Vihaan Brown,26,Female,USA,1/12/2021,Monthly
s40971,Karan Johnson,20,Female,India,3/21/2022,Free
s40972,Eva Moore,38,Male,Germany,5/10/2021,Monthly
s40973,Riya Lewis,42,Male,USA,2/16/2020,Free
s40974,Eva Lewis,21,Other,UK,10/17/2022,Yearly
s40975,Riya Martin,19,Other,Germany,7/27/2019,Free
s40976,Sophia Lee,22,Female,Germany,12/8/2020,Monthly
s40977,Aarav Lee,35,Male,USA,10/11/2019,Yearly
s40978,Benjamin Sharma,27,Male,Germany,9/22/2021,Yearly
s40979,Sophia Anderson,26,Other,UK,1/24/2020,Free
s40980,Zara Thomas,29,Other,UK,3/24/2021,Monthly
s40981,Ethan Lewis,38,Other,India,3/9/2021,Yearly
s40982,Amelia Taylor,20,Male,India,9/24/2019,Monthly
s40983,Aarav Smith,26,Male,Canada,8/15/2022,Free
s40984,Mia Martin,22,Male,Canada,6/15/2020,Yearly
s40985,Noah Moore,19,Female,UK,6/13/2019,Monthly
s40986,Vihaan Patel,45,Female,USA,2/29/2020,Monthly
s40987,Olivia Johnson,42,Male,Canada,6/21/2021,Yearly
s40988,Olivia Hall,29,Other,Germany,2/16/2021,Monthly
s40989,Isabella Sharma,25,Male,Canada,10/19/2020,Yearly
s40990,Meera Johnson,26,Male,UK,4/17/2019,Free
s40991,Zara Anderson,46,Female,USA,4/18/2020,Free
s40992,Vihaan Thomas,26,Female,Germany,11/22/2020,Monthly
s40993,Lucas Smith,27,Other,UK,7/17/2022,Yearly
s40994,Emma Wilson,59,Female,Australia,5/12/2020,Free
s40995,Arjun Singh,26,Other,Australia,8/19/2022,Yearly
s40996,Meera Lewis,25,Other,USA,4/4/2021,Monthly
s40997,Isabella Patel,43,Other,Canada,10/13/2020,Yearly
s40998,Sophia Davis,21,Female,Germany,5/4/2020,Yearly
s40999,Ethan Singh,37,Other,Canada,3/25/2019,Monthly
s41000,Amelia Brown,20,Other,Australia,11/28/2022,Monthly
s41001,Vihaan Verma,19,Male,Australia,9/28/2020,Free
s41002,Noah Anderson,23,Female,Australia,10/19/2022,Yearly
s41003,Meera Hall,19,Female,Germany,2/16/2019,Yearly
s41004,Vihaan Miller,21,Other,Canada,8/28/2019,Free
s41005,Isabella Martin,19,Other,UK,1/6/2019,Yearly
s41006,Meera Taylor,24,Male,Germany,4/3/2022,Yearly
s41007,Zara Wilson,26,Male,India,4/28/2022,Yearly
s41008,Lucas Taylor,29,Male,Australia,4/27/2022,Free
s41009,Zara Sharma,19,Other,Germany,2/11/2022,Monthly
s41010,Emma Singh,38,Male,UK,6/5/2020,Monthly
s41011,Noah Brown,25,Female,Germany,7/8/2020,Monthly
s41012,Aarav Wilson,19,Male,Canada,1/22/2020,Free
s41013,Aanya Walker,41,Other,India,8/3/2020,Yearly
s41014,Lucas Miller,21,Male,Australia,5/9/2019,Yearly
s41015,Noah Singh,23,Other,Germany,9/23/2021,Free
s41016,Eva Patel,24,Other,UK,3/5/2019,Yearly
s41017,Riya Thomas,25,Female,Germany,5/31/2020,Free
s41018,Vihaan Sharma,21,Male,Canada,3/27/2019,Monthly
s41019,Emma Lewis,29,Female,UK,7/19/2021,Free
s41020,Aanya Singh,60,Female,Germany,1/12/2021,Monthly
s41021,Liam Brown,24,Male,India,9/6/2022,Monthly
s41022,Isabella Patel,22,Other,Australia,12/3/2022,Yearly
s41023,Isabella Martin,26,Female,USA,4/4/2020,Yearly
s41024,Olivia Martin,23,Other,Germany,8/1/2019,Monthly
s41025,Emma Smith,21,Female,India,4/15/2019,Monthly
s41026,Benjamin Patel,26,Female,UK,10/25/2022,Yearly
s41027,Karan Lewis,50,Other,UK,2/6/2020,Yearly
s41028,Arjun Martin,40,Female,USA,5/10/2019,Free
s41029,Aarav Lewis,26,Female,Canada,1/15/2019,Yearly
s41030,Karan Brown,27,Female,Germany,9/4/2020,Free
s41031,Isabella Sharma,23,Male,UK,4/10/2022,Monthly
s41032,Meera Walker,18,Other,Canada,7/24/2019,Free
s41033,Eva Johnson,29,Male,Australia,8/26/2021,Free
s41034,Benjamin Miller,24,Male,USA,5/13/2020,Monthly
s41035,Olivia Wilson,33,Male,Canada,9/15/2019,Free
s41036,Karan Lee,40,Other,Canada,8/8/2021,Free
s41037,Aarav Johnson,22,Female,Australia,12/3/2021,Monthly
s41038,Aanya Smith,30,Male,USA,10/2/2021,Monthly
s41039,Vihaan Johnson,26,Other,Canada,11/12/2020,Monthly
s41040,Arjun Davis,23,Other,Canada,7/10/2019,Free
s41041,Arjun Sharma,26,Male,Australia,1/25/2019,Monthly
s41042,Sophia Verma,42,Male,UK,12/27/2019,Yearly
s41043,Karan Lewis,26,Female,UK,3/31/2022,Free
s41044,Emma Thomas,66,Other,USA,2/1/2022,Free
s41045,Mia Miller,23,Other,Canada,1/27/2021,Monthly
s41046,Karan Walker,27,Male,India,10/29/2019,Free
s41047,Aanya Clark,22,Other,India,1/3/2020,Yearly
s41048,Benjamin Singh,24,Male,Germany,6/18/2021,Yearly
s41049,Amelia Walker,52,Female,Germany,9/4/2020,Free
s41050,Ethan Clark,42,Female,Australia,5/25/2021,Free
s41051,Eva Anderson,27,Other,Canada,12/6/2021,Free
s41052,Karan Lewis,63,Other,Australia,12/22/2022,Free
s41053,Aanya Taylor,18,Other,Canada,4/27/2019,Yearly
s41054,Ethan Sharma,22,Female,UK,10/22/2022,Free
s41055,Liam Singh,34,Other,Australia,9/25/2022,Free
s41056,Karan Singh,24,Female,UK,11/15/2022,Monthly
s41057,Noah Smith,21,Male,UK,12/14/2019,Free
s41058,Aanya Clark,26,Female,UK,3/3/2020,Yearly
s41059,Ethan Patel,28,Other,India,5/7/2020,Free
s41060,Noah Patel,27,Female,Canada,9/29/2019,Yearly
s41061,Sophia Moore,44,Male,India,7/5/2019,Monthly
s41062,Meera Patel,35,Male,UK,9/14/2022,Free
s41063,Ethan Johnson,19,Other,USA,7/23/2019,Monthly
s41064,Mia Lewis,36,Male,UK,11/6/2021,Yearly
s41065,Amelia Miller,41,Other,India,12/9/2022,Free
s41066,Emma Walker,26,Other,Germany,8/12/2019,Monthly
s41067,Arjun Davis,20,Other,UK,5/11/2019,Monthly
s41068,Riya Singh,41,Male,India,7/10/2021,Monthly
s41069,Aanya Davis,23,Male,Australia,2/17/2020,Yearly
s41070,Aarav Hall,19,Other,Germany,6/6/2019,Free
s41071,Riya Anderson,26,Other,USA,5/10/2020,Free
s41072,Olivia Thomas,51,Female,India,5/13/2019,Free
s41073,Mia Thomas,24,Other,Germany,12/8/2021,Free
s41074,Benjamin Verma,53,Male,UK,8/3/2020,Yearly
s41075,Amelia Wilson,21,Other,Canada,1/1/2020,Yearly
s41076,Aarav Clark,21,Female,Germany,8/9/2019,Free
s41077,Arjun Lee,26,Male,Australia,2/12/2022,Yearly
s41078,Benjamin Wilson,19,Male,Germany,7/30/2020,Free
s41079,Liam Clark,23,Other,India,5/13/2020,Yearly
s41080,Meera Moore,22,Female,UK,10/7/2020,Monthly
s41081,Ethan Hall,26,Other,India,12/11/2021,Yearly
s41082,Liam Anderson,65,Male,USA,9/17/2022,Monthly
s41083,Isabella Wilson,24,Female,UK,2/7/2022,Yearly
s41084,Mia Martin,18,Female,India,11/22/2021,Monthly
s41085,Olivia Moore,67,Male,India,5/17/2020,Free
s41086,Aarav Patel,21,Female,Canada,6/30/2019,Monthly
s41087,Sophia Johnson,24,Female,USA,11/24/2019,Free
s41088,Arjun Smith,22,Female,Germany,12/30/2020,Free
s41089,Zara Miller,21,Female,Canada,6/6/2019,Monthly
s41090,Liam Johnson,22,Female,USA,6/2/2022,Monthly
s41091,Lucas Miller,19,Other,Australia,5/14/2020,Monthly
s41092,Vihaan Taylor,43,Female,USA,5/11/2020,Yearly
s41093,Karan Taylor,27,Other,India,12/27/2021,Yearly
s41094,Sophia Anderson,23,Other,Canada,6/5/2020,Yearly
s41095,Amelia Johnson,41,Female,USA,6/26/2021,Monthly
s41096,Mia Martin,40,Other,Germany,3/1/2022,Free
s41097,Meera Thomas,22,Other,Australia,10/14/2020,Monthly
s41098,Amelia Wilson,31,Other,Germany,4/3/2022,Yearly
s41099,Karan Patel,28,Other,UK,12/16/2021,Yearly
s41100,Aarav Taylor,18,Female,UK,4/28/2021,Monthly
s41101,Isabella Martin,25,Female,UK,3/11/2022,Yearly
s41102,Amelia Singh,26,Male,UK,6/14/2021,Free
s41103,Meera Walker,25,Other,USA,8/9/2020,Monthly
s41104,Riya Singh,49,Female,USA,6/22/2019,Yearly
s41105,Lucas Patel,46,Male,Canada,10/20/2019,Monthly
s41106,Ethan Hall,46,Female,USA,6/8/2022,Yearly
s41107,Olivia Sharma,30,Female,Germany,2/23/2022,Free
s41108,Aanya Patel,51,Male,Canada,7/8/2021,Free
s41109,Arjun Verma,28,Other,India,11/9/2020,Monthly
s41110,Liam Wilson,20,Other,Germany,9/18/2019,Free
s41111,Isabella Singh,23,Female,Germany,11/10/2019,Monthly
s41112,Eva Sharma,25,Male,USA,6/18/2020,Yearly
s41113,Meera Davis,18,Other,USA,12/8/2019,Free
s41114,Riya Sharma,18,Female,Germany,12/1/2022,Free
s41115,Aarav Wilson,50,Other,UK,9/18/2022,Yearly
s41116,Ethan Davis,64,Female,Germany,5/14/2021,Free
s41117,Mia Martin,53,Other,Germany,11/8/2020,Yearly
s41118,Noah Davis,18,Other,Canada,1/6/2021,Free
s41119,Benjamin Davis,27,Other,UK,3/18/2019,Monthly
s41120,Aanya Martin,18,Male,India,5/19/2019,Yearly
s41121,Lucas Johnson,24,Female,Australia,7/31/2020,Free
s41122,Lucas Smith,29,Other,Canada,1/27/2019,Yearly
s41123,Olivia Patel,27,Male,UK,7/28/2022,Yearly
s41124,Liam Anderson,38,Other,Germany,10/7/2022,Yearly
s41125,Eva Hall,20,Female,India,8/31/2019,Yearly
s41126,Aarav Moore,37,Other,Australia,7/2/2022,Monthly
s41127,Benjamin Lewis,42,Other,Germany,1/28/2021,Yearly
s41128,Zara Lewis,23,Female,UK,4/14/2022,Monthly
s41129,Amelia Hall,33,Male,Australia,10/7/2019,Yearly
s41130,Amelia Walker,19,Female,Canada,8/28/2021,Yearly
s41131,Liam Verma,39,Male,Canada,2/21/2021,Yearly
s41132,Aanya Smith,23,Male,Australia,5/8/2020,Yearly
s41133,Aarav Lee,23,Other,Germany,9/8/2020,Yearly
s41134,Eva Hall,27,Male,UK,3/31/2020,Yearly
s41135,Lucas Singh,19,Other,Canada,3/17/2021,Monthly
s41136,Benjamin Johnson,33,Other,India,11/22/2022,Free
s41137,Liam Smith,24,Male,Germany,9/15/2020,Free
s41138,Eva Brown,21,Female,Germany,6/8/2020,Monthly
s41139,Olivia Clark,18,Male,Germany,7/6/2022,Monthly
s41140,Sophia Patel,44,Other,Germany,9/19/2021,Yearly
s41141,Benjamin Verma,18,Female,Canada,1/18/2022,Free
s41142,Eva Verma,31,Male,India,9/9/2019,Monthly
s41143,Isabella Anderson,18,Male,USA,4/9/2022,Monthly
s41144,Isabella Lee,27,Male,USA,3/19/2019,Free
s41145,Meera Thomas,24,Female,Germany,8/4/2020,Monthly
s41146,Aarav Taylor,25,Other,India,1/14/2021,Monthly
s41147,Noah Hall,24,Other,USA,1/11/2020,Monthly
s41148,Olivia Sharma,20,Other,Canada,9/16/2021,Free
s41149,Vihaan Smith,23,Other,UK,4/12/2020,Monthly
s41150,Aanya Verma,22,Female,USA,7/13/2019,Monthly
s41151,Benjamin Moore,27,Male,Australia,8/26/2022,Free
s41152,Liam Thomas,24,Male,India,3/24/2021,Yearly
s41153,Riya Martin,24,Male,Canada,5/25/2020,Free
s41154,Noah Moore,22,Male,UK,7/8/2019,Free
s41155,Olivia Martin,34,Male,Canada,10/23/2021,Yearly
s41156,Vihaan Smith,43,Male,Australia,12/27/2019,Free
s41157,Mia Wilson,28,Other,Canada,12/15/2022,Yearly
s41158,Meera Patel,41,Female,Germany,10/8/2020,Yearly
s41159,Sophia Clark,57,Male,UK,4/4/2021,Monthly
s41160,Zara Singh,22,Female,USA,3/9/2021,Monthly
s41161,Arjun Thomas,22,Male,India,6/19/2020,Free
s41162,Sophia Thomas,25,Female,Germany,9/4/2021,Free
s41163,Vihaan Lee,29,Female,Australia,1/2/2021,Monthly
s41164,Mia Singh,24,Other,UK,11/2/2021,Free
s41165,Olivia Singh,67,Male,USA,12/1/2019,Monthly
s41166,Aanya Martin,21,Female,Australia,1/12/2020,Yearly
s41167,Arjun Wilson,47,Other,India,11/12/2020,Monthly
s41168,Lucas Davis,21,Male,India,4/4/2020,Monthly
s41169,Zara Sharma,52,Female,India,8/2/2020,Free
s41170,Ethan Hall,25,Male,India,2/12/2019,Monthly
s41171,Karan Moore,63,Male,USA,1/12/2022,Monthly
s41172,Ethan Lee,23,Female,USA,6/27/2022,Monthly
s41173,Riya Martin,23,Other,Australia,2/13/2020,Yearly
s41174,Riya Smith,21,Male,USA,11/16/2020,Free
s41175,Mia Davis,25,Female,Germany,10/16/2021,Free
s41176,Ethan Walker,59,Other,USA,5/22/2021,Yearly
s41177,Riya Lee,54,Male,USA,2/2/2020,Yearly
s41178,Amelia Patel,20,Female,Australia,12/16/2022,Monthly
s41179,Karan Singh,27,Other,Australia,1/10/2021,Free
s41180,Liam Clark,23,Female,Germany,2/15/2019,Free
s41181,Lucas Wilson,19,Female,Germany,4/21/2021,Free
s41182,Mia Brown,41,Male,India,4/22/2022,Yearly
s41183,Benjamin Hall,40,Other,UK,3/11/2020,Monthly
s41184,Amelia Walker,53,Male,Australia,12/9/2020,Monthly
s41185,Vihaan Clark,22,Other,USA,8/15/2019,Yearly
s41186,Karan Taylor,18,Male,Canada,4/9/2022,Free
s41187,Lucas Verma,61,Other,Australia,6/23/2019,Free
s41188,Mia Thomas,47,Female,USA,10/30/2021,Yearly
s41189,Lucas Moore,26,Female,India,12/23/2021,Free
s41190,Aarav Smith,21,Male,India,11/11/2021,Yearly
s41191,Liam Anderson,24,Male,USA,12/5/2019,Yearly
s41192,Eva Patel,36,Female,India,7/29/2019,Yearly
s41193,Isabella Singh,21,Female,Australia,8/29/2022,Yearly
s41194,Sophia Clark,24,Female,Australia,8/22/2020,Yearly
s41195,Eva Wilson,39,Male,Canada,12/27/2021,Yearly
s41196,Emma Anderson,20,Male,Australia,5/18/2021,Free
s41197,Eva Lewis,18,Other,UK,8/20/2022,Monthly
s41198,Riya Taylor,18,Male,Australia,5/17/2021,Yearly
s41199,Vihaan Davis,37,Female,USA,6/14/2020,Yearly
s41200,Ethan Martin,43,Female,Canada,4/29/2020,Monthly
s41201,Benjamin Hall,24,Male,Canada,4/21/2019,Yearly
s41202,Zara Johnson,20,Other,Australia,8/15/2021,Yearly
s41203,Riya Taylor,26,Female,India,1/18/2019,Free
s41204,Emma Taylor,20,Male,Australia,6/15/2019,Monthly
s41205,Benjamin Brown,25,Female,Australia,2/15/2022,Free
s41206,Vihaan Moore,39,Female,Canada,7/10/2021,Free
s41207,Sophia Miller,33,Other,India,6/1/2021,Yearly
s41208,Lucas Davis,51,Female,USA,1/26/2022,Free
s41209,Olivia Miller,20,Other,Australia,1/18/2019,Monthly
s41210,Karan Clark,26,Other,Australia,3/28/2020,Free
s41211,Ethan Thomas,49,Female,UK,12/26/2022,Free
s41212,Amelia Patel,21,Other,USA,8/18/2021,Monthly
s41213,Olivia Johnson,22,Female,UK,8/16/2020,Yearly
s41214,Aarav Thomas,23,Female,UK,1/28/2020,Monthly
s41215,Eva Patel,24,Male,Australia,2/23/2021,Monthly
s41216,Arjun Martin,65,Male,Germany,10/22/2019,Monthly
s41217,Mia Wilson,25,Other,UK,6/9/2019,Free
s41218,Aarav Sharma,67,Male,Canada,11/4/2020,Monthly
s41219,Vihaan Miller,18,Female,Canada,9/24/2021,Monthly
s41220,Amelia Moore,21,Female,UK,3/2/2021,Free
s41221,Amelia Clark,26,Other,Canada,5/25/2022,Monthly
s41222,Vihaan Hall,34,Other,Germany,10/14/2019,Free
s41223,Ethan Patel,25,Male,Germany,3/5/2019,Monthly
s41224,Ethan Martin,26,Female,UK,5/9/2019,Monthly
s41225,Meera Davis,55,Other,Australia,11/1/2019,Free
s41226,Benjamin Lewis,18,Male,Canada,3/14/2020,Yearly
s41227,Zara Clark,18,Male,Canada,10/17/2020,Yearly
s41228,Riya Thomas,24,Male,Germany,7/3/2019,Yearly
s41229,Sophia Lee,24,Female,Germany,5/10/2021,Free
s41230,Sophia Hall,21,Other,USA,6/23/2020,Free
s41231,Karan Smith,21,Male,India,5/31/2020,Yearly
s41232,Noah Singh,52,Other,USA,10/23/2021,Free
s41233,Isabella Martin,20,Other,Australia,5/12/2019,Monthly
s41234,Aanya Brown,31,Other,Canada,3/3/2019,Monthly
s41235,Aarav Taylor,18,Other,Australia,7/5/2021,Free
s41236,Isabella Anderson,23,Other,UK,2/13/2021,Free
s41237,Eva Brown,24,Female,Germany,5/1/2021,Free
s41238,Lucas Martin,21,Female,India,1/21/2021,Free
s41239,Amelia Brown,20,Male,Australia,7/14/2022,Free
s41240,Noah Miller,18,Female,Canada,2/23/2022,Free
s41241,Eva Johnson,19,Female,Germany,6/28/2021,Monthly
s41242,Isabella Moore,24,Other,USA,3/3/2019,Free
s41243,Isabella Verma,35,Other,India,7/13/2020,Yearly
s41244,Aarav Hall,18,Other,India,8/21/2022,Monthly
s41245,Emma Taylor,38,Other,USA,9/6/2021,Monthly
s41246,Aanya Patel,21,Male,Germany,3/31/2022,Free
s41247,Aanya Martin,43,Male,Canada,1/22/2020,Free
s41248,Zara Davis,21,Female,Germany,4/13/2020,Yearly
s41249,Eva Clark,40,Male,UK,6/25/2019,Free
s41250,Sophia Martin,20,Female,Australia,12/7/2021,Monthly
s41251,Benjamin Martin,24,Other,Australia,12/17/2021,Monthly
s41252,Lucas Moore,34,Female,USA,7/16/2021,Yearly
s41253,Benjamin Miller,31,Female,USA,12/17/2022,Yearly
s41254,Sophia Johnson,19,Male,Australia,1/2/2021,Yearly
s41255,Lucas Miller,37,Female,USA,1/31/2022,Free
s41256,Meera Lee,19,Female,India,8/2/2019,Free
s41257,Ethan Clark,19,Female,Australia,9/4/2020,Monthly
s41258,Ethan Wilson,23,Female,Germany,10/20/2021,Free
s41259,Amelia Miller,42,Male,Australia,4/30/2022,Free
s41260,Amelia Miller,19,Male,India,10/22/2022,Free
s41261,Zara Walker,22,Other,Germany,7/7/2020,Monthly
s41262,Karan Clark,27,Female,UK,5/12/2020,Yearly
s41263,Eva Davis,21,Female,India,7/5/2020,Monthly
s41264,Olivia Sharma,39,Other,Canada,4/25/2020,Yearly
s41265,Zara Patel,22,Other,Australia,1/6/2021,Yearly
s41266,Arjun Wilson,27,Other,Australia,10/7/2019,Yearly
s41267,Karan Lewis,27,Male,USA,1/30/2020,Yearly
s41268,Sophia Sharma,24,Other,Australia,10/4/2022,Free
s41269,Meera Brown,35,Female,USA,5/24/2020,Free
s41270,Meera Lewis,26,Other,India,9/8/2020,Monthly
s41271,Vihaan Verma,47,Male,USA,3/9/2022,Monthly
s41272,Noah Lewis,19,Male,USA,5/7/2021,Yearly
s41273,Karan Smith,27,Male,Australia,2/15/2022,Monthly
s41274,Meera Singh,32,Male,India,7/12/2021,Yearly
s41275,Meera Miller,53,Other,UK,7/22/2019,Yearly
s41276,Eva Wilson,27,Male,UK,11/1/2020,Free
s41277,Sophia Moore,20,Other,India,11/11/2021,Free
s41278,Aanya Davis,26,Male,Canada,5/1/2021,Monthly
s41279,Ethan Anderson,29,Other,Australia,5/22/2022,Free
s41280,Noah Wilson,27,Female,Germany,10/10/2019,Monthly
s41281,Noah Miller,24,Other,UK,6/3/2020,Yearly
s41282,Karan Verma,37,Other,Canada,3/3/2020,Free
s41283,Aarav Lewis,34,Other,Germany,4/9/2021,Yearly
s41284,Emma Anderson,27,Other,UK,10/5/2022,Free
s41285,Benjamin Miller,45,Other,Canada,8/15/2022,Monthly
s41286,Sophia Clark,40,Female,Australia,6/13/2022,Yearly
s41287,Riya Anderson,18,Male,Canada,11/14/2022,Yearly
s41288,Liam Smith,44,Other,Canada,8/18/2022,Yearly
s41289,Sophia Anderson,64,Other,UK,1/14/2019,Monthly
s41290,Liam Martin,20,Male,Australia,8/11/2019,Free
s41291,Karan Verma,18,Male,Germany,6/18/2020,Free
s41292,Liam Smith,47,Other,UK,3/20/2022,Monthly
s41293,Mia Sharma,25,Female,UK,3/15/2022,Yearly
s41294,Aanya Moore,34,Other,UK,8/13/2021,Monthly
s41295,Vihaan Taylor,40,Female,Australia,4/19/2020,Monthly
s41296,Benjamin Smith,21,Other,Australia,6/13/2021,Yearly
s41297,Benjamin Taylor,23,Female,Australia,12/20/2022,Free
s41298,Liam Lewis,23,Female,UK,12/28/2021,Free
s41299,Aarav Singh,25,Male,USA,8/23/2020,Monthly
s41300,Mia Walker,23,Other,Australia,11/29/2021,Yearly
s41301,Zara Smith,45,Male,India,6/17/2021,Monthly
s41302,Emma Anderson,18,Female,USA,4/12/2019,Yearly
s41303,Isabella Patel,26,Female,Canada,5/25/2021,Monthly
s41304,Lucas Davis,47,Other,Germany,11/2/2020,Monthly
s41305,Emma Patel,26,Female,UK,12/8/2020,Yearly
s41306,Aarav Singh,18,Female,UK,3/31/2022,Monthly
s41307,Lucas Johnson,35,Female,USA,6/13/2019,Yearly
s41308,Amelia Martin,35,Male,Canada,9/1/2020,Monthly
s41309,Karan Verma,22,Male,UK,6/16/2022,Yearly
s41310,Karan Singh,43,Other,Australia,10/4/2020,Free
s41311,Ethan Anderson,34,Female,Canada,12/31/2019,Monthly
s41312,Karan Singh,22,Male,India,7/31/2020,Free
s41313,Amelia Walker,27,Other,Australia,4/10/2020,Yearly
s41314,Liam Hall,23,Female,USA,2/25/2021,Yearly
s41315,Liam Verma,27,Female,Germany,8/5/2020,Free
s41316,Eva Taylor,42,Female,Australia,1/12/2022,Monthly
s41317,Olivia Brown,47,Other,Canada,8/24/2021,Yearly
s41318,Liam Johnson,28,Female,Germany,12/24/2019,Monthly
s41319,Olivia Lee,23,Male,UK,9/9/2022,Yearly
s41320,Sophia Hall,20,Other,Canada,6/2/2020,Monthly
s41321,Meera Anderson,37,Male,UK,12/2/2021,Monthly
s41322,Aarav Brown,21,Other,Canada,5/25/2020,Yearly
s41323,Eva Lewis,27,Male,Germany,1/16/2019,Yearly
s41324,Sophia Lewis,18,Female,India,4/4/2019,Monthly
s41325,Liam Lewis,45,Female,Germany,4/27/2021,Monthly
s41326,Emma Thomas,21,Female,Germany,10/11/2020,Free
s41327,Karan Verma,25,Male,Germany,4/22/2022,Monthly
s41328,Arjun Johnson,23,Male,UK,1/28/2021,Yearly
s41329,Ethan Johnson,40,Other,India,8/4/2019,Free
s41330,Isabella Wilson,39,Male,UK,5/5/2019,Free
s41331,Vihaan Clark,43,Other,India,9/4/2021,Yearly
s41332,Lucas Thomas,45,Other,UK,1/13/2022,Yearly
s41333,Arjun Lewis,24,Other,Germany,8/3/2022,Yearly
s41334,Vihaan Lee,41,Male,Germany,6/10/2022,Free
s41335,Liam Taylor,18,Male,Australia,1/11/2021,Monthly
s41336,Olivia Moore,48,Male,UK,7/27/2019,Yearly
s41337,Riya Taylor,42,Female,India,4/21/2020,Free
s41338,Olivia Moore,18,Male,USA,1/16/2021,Yearly
s41339,Aanya Thomas,22,Male,India,5/18/2020,Free
s41340,Eva Wilson,26,Female,USA,1/8/2020,Free
s41341,Lucas Taylor,27,Female,India,9/4/2020,Free
s41342,Isabella Thomas,46,Other,India,4/14/2022,Yearly
s41343,Isabella Sharma,18,Other,Germany,12/9/2019,Free
s41344,Isabella Miller,24,Male,USA,6/19/2019,Yearly
s41345,Aarav Moore,32,Female,USA,5/7/2022,Yearly
s41346,Mia Davis,24,Male,UK,11/24/2019,Free
s41347,Sophia Hall,43,Other,India,7/29/2019,Free
s41348,Aanya Patel,46,Female,India,10/8/2020,Monthly
s41349,Liam Martin,36,Other,USA,12/24/2020,Yearly
s41350,Noah Verma,22,Other,India,4/25/2022,Yearly
s41351,Benjamin Smith,22,Other,Germany,8/11/2022,Free
s41352,Benjamin Lee,24,Male,UK,11/29/2022,Monthly
s41353,Lucas Miller,35,Male,USA,10/23/2022,Yearly
s41354,Benjamin Moore,65,Female,Germany,5/3/2022,Free
s41355,Benjamin Smith,18,Male,Germany,7/30/2022,Yearly
s41356,Sophia Sharma,48,Female,Canada,12/19/2019,Yearly
s41357,Benjamin Walker,26,Other,India,11/8/2020,Yearly
s41358,Zara Lee,36,Other,India,11/29/2019,Yearly
s41359,Eva Lewis,27,Female,Australia,11/29/2022,Free
s41360,Liam Patel,33,Other,UK,11/15/2019,Monthly
s41361,Lucas Moore,42,Other,India,10/24/2019,Free
s41362,Liam Sharma,22,Female,Canada,4/23/2019,Monthly
s41363,Sophia Singh,18,Other,Canada,12/28/2022,Free
s41364,Liam Anderson,26,Female,Germany,11/10/2020,Free
s41365,Aanya Taylor,51,Other,Germany,12/14/2020,Monthly
s41366,Ethan Taylor,32,Male,Germany,3/9/2022,Free
s41367,Meera Singh,19,Other,Germany,1/23/2021,Monthly
s41368,Lucas Smith,33,Male,USA,1/21/2020,Yearly
s41369,Noah Singh,21,Female,Australia,1/14/2020,Free
s41370,Vihaan Clark,23,Female,Germany,12/22/2022,Yearly
s41371,Vihaan Clark,23,Female,India,9/9/2020,Monthly
s41372,Aarav Thomas,21,Female,USA,6/12/2019,Free
s41373,Olivia Clark,52,Male,Germany,8/29/2021,Yearly
s41374,Karan Moore,35,Other,Germany,3/8/2019,Free
s41375,Ethan Thomas,24,Other,USA,7/27/2022,Yearly
s41376,Ethan Davis,34,Male,Australia,7/8/2020,Free
s41377,Lucas Johnson,60,Male,Germany,3/4/2019,Yearly
s41378,Isabella Wilson,20,Female,Germany,7/12/2020,Free
s41379,Ethan Martin,21,Other,Germany,2/16/2022,Monthly
s41380,Arjun Smith,24,Other,Australia,2/25/2019,Free
s41381,Vihaan Anderson,23,Male,UK,7/18/2019,Yearly
s41382,Zara Smith,27,Other,USA,12/13/2022,Free
s41383,Riya Anderson,26,Female,Canada,12/23/2019,Free
s41384,Meera Clark,27,Other,Germany,12/21/2021,Free
s41385,Aarav Patel,36,Male,USA,6/14/2022,Free
s41386,Lucas Martin,46,Male,Canada,1/2/2022,Yearly
s41387,Aarav Brown,23,Male,Germany,7/2/2020,Yearly
s41388,Aarav Martin,25,Male,Germany,9/14/2021,Free
s41389,Zara Clark,26,Other,USA,11/24/2019,Monthly
s41390,Aarav Moore,26,Other,India,9/30/2022,Free
s41391,Eva Taylor,59,Female,Germany,1/7/2021,Free
s41392,Arjun Clark,19,Female,Canada,1/10/2020,Free
s41393,Zara Singh,25,Male,USA,12/30/2020,Yearly
s41394,Arjun Smith,45,Female,Australia,2/23/2021,Yearly
s41395,Amelia Anderson,21,Female,Australia,1/5/2019,Monthly
s41396,Riya Patel,25,Other,UK,5/16/2019,Monthly
s41397,Olivia Patel,63,Male,USA,3/16/2019,Free
s41398,Noah Taylor,23,Male,UK,3/17/2019,Yearly
s41399,Liam Hall,20,Female,Canada,9/20/2020,Monthly
s41400,Meera Brown,40,Other,India,5/2/2021,Monthly
s41401,Aanya Lee,40,Male,Canada,1/5/2022,Free
s41402,Liam Brown,46,Other,Australia,2/22/2020,Monthly
s41403,Vihaan Martin,27,Other,Germany,8/11/2022,Monthly
s41404,Zara Clark,46,Female,USA,7/10/2019,Yearly
s41405,Vihaan Martin,33,Other,USA,10/3/2021,Monthly
s41406,Arjun Sharma,35,Male,UK,3/5/2021,Monthly
s41407,Vihaan Verma,21,Female,USA,12/10/2020,Monthly
s41408,Sophia Lewis,59,Male,India,5/28/2022,Monthly
s41409,Eva Sharma,40,Other,Germany,12/14/2021,Free
s41410,Lucas Singh,26,Other,Germany,12/24/2019,Monthly
s41411,Lucas Verma,21,Other,Canada,2/22/2021,Yearly
s41412,Sophia Davis,35,Female,Australia,9/27/2020,Free
s41413,Zara Walker,31,Other,USA,3/6/2022,Yearly
s41414,Arjun Thomas,22,Other,Germany,4/10/2020,Monthly
s41415,Olivia Lee,23,Other,Germany,3/25/2019,Free
s41416,Liam Johnson,28,Male,Canada,1/9/2019,Yearly
s41417,Vihaan Brown,28,Other,Germany,7/29/2021,Yearly
s41418,Arjun Singh,28,Other,Australia,7/22/2021,Free
s41419,Meera Miller,47,Other,Germany,5/14/2019,Yearly
s41420,Aarav Johnson,34,Other,India,3/19/2020,Monthly
s41421,Meera Singh,18,Other,USA,5/20/2019,Monthly
s41422,Riya Lee,24,Female,India,4/23/2021,Free
s41423,Emma Clark,20,Male,UK,12/3/2022,Monthly
s41424,Amelia Lee,24,Female,Australia,12/20/2019,Monthly
s41425,Noah Wilson,19,Female,USA,10/27/2019,Yearly
s41426,Emma Brown,19,Female,USA,2/24/2019,Yearly
s41427,Mia Smith,51,Male,Germany,5/18/2021,Yearly
s41428,Olivia Patel,20,Female,India,5/2/2020,Yearly
s41429,Aarav Verma,40,Other,Canada,9/28/2019,Monthly
s41430,Vihaan Brown,37,Male,Canada,1/14/2020,Monthly
s41431,Amelia Johnson,34,Male,USA,8/29/2021,Free
s41432,Meera Taylor,30,Female,UK,3/6/2019,Free
s41433,Aarav Patel,67,Male,USA,9/30/2019,Yearly
s41434,Isabella Sharma,61,Other,UK,8/7/2020,Monthly
s41435,Lucas Davis,67,Female,USA,10/8/2021,Monthly
s41436,Arjun Walker,25,Female,Australia,1/7/2021,Yearly
s41437,Eva Martin,46,Other,UK,7/20/2020,Yearly
s41438,Karan Sharma,24,Female,USA,11/12/2019,Monthly
s41439,Vihaan Lee,47,Other,UK,5/11/2020,Yearly
s41440,Ethan Walker,25,Other,Australia,8/30/2020,Monthly
s41441,Riya Johnson,21,Male,Canada,2/5/2021,Yearly
s41442,Vihaan Walker,47,Male,Germany,8/18/2020,Free
s41443,Noah Martin,46,Other,UK,6/18/2022,Yearly
s41444,Mia Moore,26,Female,UK,4/23/2019,Monthly
s41445,Zara Taylor,64,Other,Australia,11/5/2022,Monthly
s41446,Karan Brown,19,Female,Canada,11/22/2021,Yearly
s41447,Ethan Wilson,37,Male,Canada,10/2/2022,Monthly
s41448,Aanya Lee,32,Other,USA,1/12/2020,Yearly
s41449,Liam Patel,26,Male,India,2/2/2022,Monthly
s41450,Amelia Anderson,27,Female,UK,8/31/2019,Yearly
s41451,Isabella Sharma,38,Female,India,7/17/2020,Yearly
s41452,Lucas Verma,44,Other,Canada,12/1/2020,Monthly
s41453,Aanya Verma,30,Other,UK,7/20/2022,Free
s41454,Arjun Sharma,21,Other,Canada,9/7/2021,Free
s41455,Noah Lewis,26,Female,India,12/21/2021,Yearly
s41456,Aarav Johnson,63,Female,USA,12/10/2020,Monthly
s41457,Noah Hall,47,Other,Germany,4/21/2022,Monthly
s41458,Noah Lewis,21,Male,USA,12/15/2022,Free
s41459,Lucas Thomas,24,Male,USA,9/24/2022,Free
s41460,Amelia Davis,42,Female,UK,7/29/2020,Monthly
s41461,Amelia Davis,18,Male,Germany,9/23/2021,Monthly
s41462,Liam Walker,26,Female,UK,9/22/2021,Monthly
s41463,Lucas Sharma,30,Other,India,1/7/2022,Yearly
s41464,Aanya Lee,30,Other,UK,1/13/2019,Monthly
s41465,Amelia Singh,20,Female,India,10/31/2022,Yearly
s41466,Olivia Hall,40,Female,Germany,8/2/2020,Monthly
s41467,Lucas Verma,48,Female,Germany,1/22/2022,Free
s41468,Meera Wilson,24,Female,Germany,5/12/2021,Monthly
s41469,Emma Brown,47,Male,Germany,11/11/2019,Yearly
s41470,Aanya Hall,66,Female,Australia,9/3/2020,Monthly
s41471,Isabella Taylor,66,Male,Canada,11/18/2021,Free
s41472,Liam Lewis,25,Male,India,6/30/2019,Monthly
s41473,Mia Verma,42,Female,Germany,8/18/2022,Monthly
s41474,Sophia Clark,43,Other,Germany,2/17/2022,Yearly
s41475,Aarav Taylor,20,Other,Germany,12/4/2022,Free
s41476,Isabella Clark,18,Female,Canada,12/16/2022,Free
s41477,Benjamin Thomas,32,Female,Germany,2/2/2022,Free
s41478,Eva Johnson,22,Male,Canada,4/11/2020,Free
s41479,Liam Singh,41,Other,UK,6/24/2019,Monthly
s41480,Isabella Singh,41,Female,USA,3/25/2020,Free
s41481,Riya Sharma,31,Female,Australia,2/13/2021,Free
s41482,Noah Thomas,27,Female,Canada,6/7/2019,Free
s41483,Isabella Verma,64,Male,UK,11/12/2021,Free
s41484,Eva Anderson,21,Female,Australia,10/15/2021,Yearly
s41485,Mia Patel,27,Other,USA,3/6/2021,Yearly
s41486,Riya Singh,27,Other,UK,7/22/2022,Free
s41487,Noah Wilson,18,Female,Canada,10/18/2022,Yearly
s41488,Isabella Singh,24,Male,India,1/29/2022,Monthly
s41489,Benjamin Verma,31,Other,Australia,9/18/2020,Yearly
s41490,Ethan Thomas,34,Other,Australia,12/14/2019,Free
s41491,Eva Walker,27,Male,Australia,2/8/2019,Free
s41492,Meera Thomas,44,Female,Australia,8/8/2022,Monthly
s41493,Karan Clark,20,Male,Canada,7/27/2022,Yearly
s41494,Aarav Hall,20,Other,Australia,8/3/2019,Monthly
s41495,Meera Lewis,21,Female,USA,2/12/2021,Yearly
s41496,Noah Davis,24,Female,India,9/23/2019,Monthly
s41497,Eva Brown,25,Other,Germany,7/15/2022,Monthly
s41498,Karan Singh,19,Male,USA,5/19/2019,Monthly
s41499,Emma Moore,24,Male,India,6/17/2021,Free
s41500,Benjamin Anderson,52,Other,UK,6/18/2020,Yearly
s41501,Mia Singh,25,Male,USA,12/9/2021,Yearly
s41502,Ethan Johnson,24,Female,USA,2/17/2022,Monthly
s41503,Benjamin Johnson,27,Male,Germany,4/25/2020,Free
s41504,Lucas Davis,19,Male,UK,1/15/2019,Monthly
s41505,Arjun Lee,36,Other,Canada,1/18/2022,Yearly
s41506,Noah Miller,18,Female,Canada,12/29/2022,Free
s41507,Ethan Martin,19,Female,UK,3/28/2022,Monthly
s41508,Liam Verma,22,Female,Canada,10/18/2020,Monthly
s41509,Riya Hall,27,Male,Canada,2/5/2019,Monthly
s41510,Sophia Davis,22,Male,Canada,12/23/2021,Monthly
s41511,Eva Davis,23,Female,USA,12/23/2020,Yearly
s41512,Emma Clark,47,Male,Australia,8/26/2022,Free
s41513,Mia Walker,22,Female,Canada,2/4/2022,Free
s41514,Emma Singh,56,Other,Canada,8/23/2020,Monthly
s41515,Riya Davis,27,Female,UK,9/4/2022,Yearly
s41516,Zara Singh,42,Female,UK,4/17/2022,Monthly
s41517,Benjamin Anderson,21,Male,Canada,7/7/2021,Monthly
s41518,Karan Johnson,27,Male,UK,12/6/2021,Yearly
s41519,Eva Clark,24,Female,USA,9/22/2020,Monthly
s41520,Sophia Lee,22,Other,Australia,12/17/2022,Yearly
s41521,Aarav Taylor,22,Female,Canada,5/17/2021,Free
s41522,Zara Hall,24,Female,UK,12/26/2022,Yearly
s41523,Meera Verma,18,Male,Germany,4/6/2020,Yearly
s41524,Arjun Taylor,23,Female,UK,7/21/2020,Monthly
s41525,Karan Hall,32,Male,Canada,5/26/2022,Yearly
s41526,Lucas Smith,24,Other,Germany,3/7/2019,Yearly
s41527,Emma Anderson,40,Female,India,1/18/2021,Free
s41528,Zara Moore,18,Other,Australia,6/24/2019,Yearly
s41529,Lucas Anderson,19,Male,Germany,4/15/2021,Monthly
s41530,Meera Sharma,22,Female,Germany,10/1/2022,Yearly
s41531,Meera Sharma,21,Male,Canada,2/8/2019,Monthly
s41532,Aarav Taylor,23,Female,Australia,4/22/2021,Yearly
s41533,Emma Thomas,22,Male,Australia,2/24/2021,Free
s41534,Vihaan Singh,23,Female,Germany,7/6/2019,Monthly
s41535,Arjun Verma,25,Male,Germany,7/25/2020,Yearly
s41536,Benjamin Clark,21,Male,USA,10/27/2019,Yearly
s41537,Vihaan Anderson,33,Other,India,11/15/2020,Free
s41538,Olivia Singh,19,Male,UK,3/21/2022,Free
s41539,Isabella Smith,32,Female,Australia,3/10/2021,Free
s41540,Olivia Hall,48,Other,Canada,9/8/2020,Yearly
s41541,Sophia Brown,27,Male,Australia,11/19/2019,Free
s41542,Mia Moore,23,Other,USA,4/22/2022,Free
s41543,Noah Hall,25,Other,Germany,1/15/2020,Yearly
s41544,Riya Wilson,18,Male,USA,11/7/2021,Monthly
s41545,Ethan Singh,41,Male,Australia,4/18/2022,Free
s41546,Karan Walker,66,Female,USA,5/28/2022,Free
s41547,Sophia Clark,22,Other,India,3/24/2020,Yearly
s41548,Aanya Lewis,31,Female,USA,12/2/2019,Free
s41549,Noah Anderson,26,Female,UK,10/21/2020,Yearly
s41550,Vihaan Lee,63,Other,USA,1/9/2022,Yearly
s41551,Emma Verma,25,Male,UK,11/14/2019,Yearly
s41552,Amelia Brown,39,Other,Canada,2/3/2022,Monthly
s41553,Meera Moore,23,Male,India,4/14/2020,Yearly
s41554,Zara Taylor,21,Other,Canada,4/12/2020,Monthly
s41555,Eva Martin,41,Female,USA,4/7/2021,Monthly
s41556,Mia Singh,23,Male,Germany,3/16/2020,Free
s41557,Olivia Wilson,21,Female,USA,12/22/2021,Monthly
s41558,Zara Wilson,32,Female,India,1/31/2020,Monthly
s41559,Noah Walker,45,Male,USA,9/17/2022,Monthly
s41560,Amelia Verma,51,Female,India,6/15/2020,Free
s41561,Sophia Brown,54,Male,UK,4/19/2021,Monthly
s41562,Meera Lee,20,Female,Australia,6/22/2022,Monthly
s41563,Ethan Wilson,20,Female,Canada,6/9/2022,Free
s41564,Zara Clark,26,Other,India,12/8/2021,Yearly
s41565,Aarav Smith,23,Male,Australia,3/9/2022,Yearly
s41566,Sophia Clark,34,Other,Canada,8/25/2020,Free
s41567,Mia Thomas,34,Male,Australia,12/7/2020,Monthly
s41568,Olivia Thomas,22,Male,USA,3/8/2021,Monthly
s41569,Isabella Taylor,22,Other,USA,5/22/2022,Free
s41570,Aarav Clark,21,Other,Australia,1/9/2021,Monthly
s41571,Aarav Walker,45,Female,UK,2/21/2020,Yearly
s41572,Benjamin Verma,26,Female,UK,6/24/2021,Yearly
s41573,Emma Sharma,24,Other,USA,9/26/2019,Yearly
s41574,Arjun Sharma,23,Male,USA,2/7/2019,Free
s41575,Aanya Clark,20,Male,UK,9/11/2020,Free
s41576,Amelia Brown,21,Female,Australia,2/1/2019,Yearly
s41577,Olivia Patel,24,Female,USA,3/1/2019,Free
s41578,Amelia Clark,18,Female,Australia,12/6/2021,Yearly
s41579,Emma Clark,34,Other,UK,5/25/2019,Free
s41580,Lucas Martin,23,Male,UK,3/9/2020,Yearly
s41581,Noah Davis,25,Other,UK,11/3/2022,Yearly
s41582,Ethan Singh,25,Male,India,2/19/2022,Yearly
s41583,Arjun Taylor,20,Other,India,7/15/2022,Monthly
s41584,Noah Singh,19,Male,Germany,8/13/2020,Yearly
s41585,Vihaan Taylor,24,Female,USA,1/3/2022,Free
s41586,Sophia Thomas,51,Other,Germany,10/23/2019,Yearly
s41587,Isabella Lewis,23,Other,Germany,4/10/2020,Yearly
s41588,Aanya Johnson,22,Male,Germany,2/14/2019,Free
s41589,Eva Singh,34,Other,Germany,11/1/2021,Free
s41590,Isabella Moore,45,Female,UK,4/8/2022,Free
s41591,Sophia Moore,21,Female,Canada,7/25/2020,Monthly
s41592,Arjun Verma,21,Other,USA,3/7/2021,Monthly
s41593,Liam Lee,24,Male,Canada,5/21/2019,Yearly
s41594,Amelia Sharma,46,Other,Canada,1/8/2019,Yearly
s41595,Isabella Singh,26,Other,Germany,5/7/2021,Yearly
s41596,Liam Taylor,21,Male,India,11/7/2022,Monthly
s41597,Eva Johnson,27,Other,UK,9/19/2022,Monthly
s41598,Emma Davis,37,Female,India,11/1/2022,Free
s41599,Sophia Wilson,19,Male,Canada,1/1/2020,Monthly
s41600,Vihaan Walker,53,Male,Germany,12/17/2022,Free
s41601,Arjun Singh,22,Female,USA,1/5/2021,Monthly
s41602,Noah Smith,22,Male,Canada,7/18/2022,Monthly
s41603,Riya Walker,19,Female,Australia,3/24/2020,Free
s41604,Aanya Miller,34,Other,India,2/12/2021,Free
s41605,Lucas Moore,22,Male,USA,6/2/2019,Monthly
s41606,Aanya Martin,27,Male,India,6/19/2019,Monthly
s41607,Eva Johnson,46,Female,USA,8/17/2022,Monthly
s41608,Sophia Singh,21,Other,Canada,11/29/2021,Monthly
s41609,Benjamin Walker,19,Male,Germany,7/12/2019,Monthly
s41610,Noah Patel,18,Female,UK,10/7/2019,Free
s41611,Olivia Patel,36,Other,UK,1/30/2021,Monthly
s41612,Benjamin Moore,18,Male,Australia,10/24/2019,Yearly
s41613,Aarav Verma,27,Female,Germany,2/8/2022,Monthly
s41614,Lucas Verma,24,Female,Canada,9/6/2022,Yearly
s41615,Aarav Anderson,53,Other,India,1/22/2022,Yearly
s41616,Sophia Lewis,24,Female,Canada,4/29/2019,Monthly
s41617,Noah Thomas,20,Other,India,5/2/2019,Yearly
s41618,Karan Singh,19,Other,Australia,5/17/2022,Free
s41619,Lucas Lee,43,Other,UK,10/27/2019,Free
s41620,Vihaan Johnson,40,Female,UK,6/10/2019,Monthly
s41621,Aanya Verma,28,Female,USA,12/23/2022,Free
s41622,Aanya Martin,23,Male,USA,9/24/2021,Yearly
s41623,Riya Moore,26,Other,Germany,2/23/2020,Yearly
s41624,Ethan Wilson,65,Male,USA,6/3/2019,Monthly
s41625,Sophia Anderson,19,Other,UK,8/21/2020,Free
s41626,Amelia Verma,36,Other,India,5/10/2020,Monthly
s41627,Aarav Hall,54,Male,Canada,8/7/2022,Free
s41628,Noah Smith,29,Other,UK,2/22/2022,Monthly
s41629,Noah Smith,37,Other,UK,8/14/2019,Yearly
s41630,Arjun Sharma,46,Male,Germany,2/3/2019,Monthly
s41631,Arjun Patel,27,Other,USA,9/7/2019,Free
s41632,Olivia Thomas,37,Male,Germany,7/28/2021,Monthly
s41633,Meera Singh,25,Other,USA,6/16/2022,Monthly
s41634,Amelia Anderson,39,Other,Germany,11/10/2019,Yearly
s41635,Zara Singh,60,Other,UK,8/26/2022,Free
s41636,Mia Lee,66,Other,USA,10/9/2021,Yearly
s41637,Benjamin Brown,31,Other,Canada,1/12/2021,Free
s41638,Isabella Miller,49,Male,USA,3/20/2022,Free
s41639,Zara Lewis,19,Male,USA,7/2/2022,Monthly
s41640,Ethan Clark,48,Other,Australia,10/27/2022,Monthly
s41641,Mia Johnson,42,Other,India,5/12/2019,Free
s41642,Olivia Walker,24,Male,Australia,1/4/2021,Free
s41643,Isabella Moore,25,Other,UK,8/14/2020,Monthly
s41644,Olivia Smith,26,Male,USA,5/18/2020,Yearly
s41645,Emma Brown,24,Female,USA,1/20/2019,Monthly
s41646,Isabella Smith,22,Male,UK,6/8/2019,Monthly
s41647,Ethan Clark,24,Other,India,4/22/2019,Free
s41648,Vihaan Sharma,36,Other,India,6/25/2020,Yearly
s41649,Amelia Clark,42,Other,USA,11/4/2019,Yearly
s41650,Arjun Verma,44,Female,USA,8/8/2021,Monthly
s41651,Noah Clark,25,Male,Germany,8/5/2021,Free
s41652,Mia Moore,41,Female,USA,12/16/2022,Yearly
s41653,Zara Wilson,33,Other,Germany,9/10/2022,Free
s41654,Riya Johnson,23,Male,USA,2/23/2019,Free
s41655,Liam Walker,21,Female,India,3/8/2020,Monthly
s41656,Amelia Lee,24,Female,Germany,11/2/2021,Free
s41657,Arjun Moore,62,Other,USA,2/3/2019,Monthly
s41658,Sophia Johnson,37,Male,Australia,10/27/2021,Yearly
s41659,Liam Thomas,19,Female,USA,1/11/2020,Yearly
s41660,Olivia Patel,23,Male,Australia,1/19/2021,Monthly
s41661,Noah Hall,25,Female,Germany,7/31/2021,Yearly
s41662,Vihaan Sharma,27,Other,UK,1/11/2022,Free
s41663,Aanya Moore,41,Other,Canada,12/10/2022,Free
s41664,Isabella Hall,26,Other,India,4/30/2021,Yearly
s41665,Vihaan Verma,18,Other,Canada,6/13/2022,Free
s41666,Karan Smith,44,Male,Germany,2/19/2020,Free
s41667,Emma Taylor,19,Female,India,2/23/2019,Free
s41668,Benjamin Patel,36,Other,UK,10/19/2019,Yearly
s41669,Lucas Lewis,23,Other,Germany,6/21/2022,Monthly
s41670,Liam Hall,22,Female,Australia,3/6/2019,Free
s41671,Noah Thomas,29,Other,UK,3/29/2020,Monthly
s41672,Isabella Miller,35,Male,Canada,5/31/2020,Free
s41673,Zara Lee,19,Other,India,5/30/2022,Monthly
s41674,Eva Brown,21,Other,Canada,1/3/2022,Yearly
s41675,Meera Patel,27,Other,Australia,7/14/2019,Yearly
s41676,Ethan Anderson,24,Male,Australia,12/4/2019,Monthly
s41677,Noah Hall,27,Male,Canada,6/27/2021,Yearly
s41678,Noah Smith,18,Female,UK,6/30/2021,Yearly
s41679,Benjamin Smith,21,Male,UK,8/22/2020,Monthly
s41680,Olivia Verma,25,Male,UK,1/23/2022,Monthly
s41681,Benjamin Walker,37,Female,Australia,6/22/2019,Free
s41682,Olivia Singh,25,Other,Canada,2/28/2022,Monthly
s41683,Arjun Moore,26,Other,Australia,10/18/2022,Yearly
s41684,Ethan Miller,19,Other,USA,12/30/2020,Monthly
s41685,Isabella Brown,57,Other,UK,9/22/2019,Yearly
s41686,Lucas Verma,18,Other,Germany,3/28/2022,Free
s41687,Mia Miller,21,Female,Australia,2/2/2022,Yearly
s41688,Eva Johnson,32,Other,Australia,11/18/2021,Free
s41689,Emma Sharma,19,Female,Germany,12/16/2021,Yearly
s41690,Olivia Patel,50,Female,USA,5/18/2022,Free
s41691,Olivia Taylor,52,Female,UK,1/15/2019,Yearly
s41692,Isabella Miller,33,Male,Canada,7/13/2022,Yearly
s41693,Noah Verma,26,Female,India,1/30/2020,Monthly
s41694,Arjun Thomas,37,Male,Germany,6/17/2020,Yearly
s41695,Aanya Smith,29,Male,Germany,1/6/2019,Free
s41696,Aanya Martin,27,Male,Germany,12/6/2020,Monthly
s41697,Zara Thomas,62,Male,Australia,12/15/2022,Yearly
s41698,Olivia Davis,25,Other,UK,2/14/2022,Free
s41699,Arjun Thomas,33,Male,India,8/27/2020,Free
s41700,Sophia Smith,44,Other,USA,6/28/2021,Free
s41701,Amelia Johnson,23,Other,Australia,5/9/2022,Free
s41702,Amelia Miller,40,Female,India,10/30/2020,Yearly
s41703,Zara Lee,27,Male,India,1/14/2020,Free
s41704,Ethan Brown,41,Male,USA,9/24/2022,Yearly
s41705,Benjamin Taylor,19,Female,Australia,11/6/2019,Monthly
s41706,Mia Moore,37,Male,Canada,7/19/2020,Monthly
s41707,Eva Martin,21,Female,USA,4/25/2019,Yearly
s41708,Ethan Lewis,19,Other,India,11/23/2019,Yearly
s41709,Emma Moore,29,Other,Canada,9/25/2021,Monthly
s41710,Riya Hall,20,Female,USA,3/6/2020,Monthly
s41711,Riya Sharma,18,Other,USA,11/11/2019,Yearly
s41712,Riya Lewis,24,Male,Canada,4/2/2021,Yearly
s41713,Noah Martin,35,Female,Canada,11/14/2020,Monthly
s41714,Eva Taylor,26,Female,USA,5/7/2020,Free
s41715,Meera Miller,39,Male,India,2/17/2021,Yearly
s41716,Zara Thomas,23,Female,India,9/18/2019,Yearly
s41717,Riya Sharma,20,Other,Germany,2/7/2021,Monthly
s41718,Aarav Wilson,25,Female,Canada,10/12/2022,Yearly
s41719,Vihaan Brown,20,Male,UK,2/11/2020,Free
s41720,Mia Moore,37,Male,USA,5/7/2020,Free
s41721,Karan Walker,63,Male,Germany,3/14/2022,Monthly
s41722,Ethan Lee,60,Female,USA,5/12/2021,Monthly
s41723,Karan Smith,21,Other,Australia,6/27/2021,Monthly
s41724,Isabella Miller,20,Other,UK,8/26/2020,Free
s41725,Lucas Singh,22,Other,Australia,3/3/2019,Free
s41726,Ethan Brown,47,Other,Canada,8/23/2021,Monthly
s41727,Olivia Johnson,25,Female,Germany,2/10/2022,Yearly
s41728,Olivia Thomas,24,Other,Canada,10/17/2022,Yearly
s41729,Benjamin Sharma,22,Male,India,3/7/2020,Free
s41730,Emma Walker,56,Male,India,4/21/2020,Free
s41731,Noah Clark,18,Female,Canada,12/4/2021,Free
s41732,Benjamin Verma,18,Other,USA,4/29/2021,Yearly
s41733,Riya Moore,43,Male,Germany,12/27/2021,Yearly
s41734,Amelia Smith,25,Female,UK,9/8/2021,Yearly
s41735,Amelia Martin,28,Male,USA,1/10/2019,Yearly
s41736,Eva Moore,21,Male,Germany,7/7/2020,Yearly
s41737,Noah Walker,27,Female,India,4/11/2019,Yearly
s41738,Riya Singh,26,Other,Germany,10/3/2019,Monthly
s41739,Lucas Miller,40,Male,Australia,10/10/2021,Yearly
s41740,Aanya Sharma,21,Male,UK,2/21/2022,Yearly
s41741,Karan Walker,57,Female,Germany,12/9/2022,Monthly
s41742,Zara Thomas,19,Male,India,2/12/2019,Monthly
s41743,Aanya Verma,21,Female,UK,11/19/2019,Free
s41744,Sophia Lee,39,Female,Australia,4/9/2020,Monthly
s41745,Amelia Johnson,67,Other,UK,1/26/2022,Free
s41746,Zara Taylor,21,Other,Canada,1/6/2022,Free
s41747,Benjamin Patel,38,Male,USA,7/19/2019,Monthly
s41748,Liam Clark,27,Other,UK,11/20/2019,Monthly
s41749,Sophia Brown,41,Other,India,7/18/2019,Yearly
s41750,Arjun Thomas,29,Other,Canada,5/28/2022,Yearly
s41751,Riya Johnson,27,Other,Germany,5/18/2022,Yearly
s41752,Eva Verma,47,Other,Germany,2/12/2021,Free
s41753,Olivia Martin,42,Other,Germany,3/25/2019,Free
s41754,Noah Hall,21,Female,India,10/12/2020,Free
s41755,Zara Martin,64,Other,Australia,9/13/2022,Free
s41756,Lucas Smith,24,Other,USA,3/14/2021,Monthly
s41757,Isabella Wilson,29,Male,USA,10/19/2020,Free
s41758,Riya Johnson,18,Other,Australia,4/30/2020,Monthly
s41759,Emma Clark,19,Female,USA,12/9/2020,Free
s41760,Arjun Johnson,23,Male,Australia,10/24/2019,Yearly
s41761,Eva Johnson,25,Male,USA,6/10/2019,Monthly
s41762,Karan Verma,35,Female,Germany,7/9/2021,Yearly
s41763,Liam Singh,18,Other,Germany,4/12/2021,Yearly
s41764,Aarav Wilson,32,Male,Germany,1/31/2020,Yearly
s41765,Amelia Singh,33,Other,USA,2/4/2021,Yearly
s41766,Emma Wilson,33,Other,India,9/16/2019,Monthly
s41767,Karan Anderson,38,Male,Germany,12/25/2019,Yearly
s41768,Amelia Davis,27,Female,UK,11/6/2022,Free
s41769,Noah Anderson,26,Female,UK,6/4/2019,Monthly
s41770,Benjamin Hall,18,Female,UK,10/1/2022,Free
s41771,Meera Thomas,27,Other,India,9/6/2022,Free
s41772,Emma Verma,26,Female,UK,5/31/2019,Monthly
s41773,Olivia Verma,38,Male,UK,4/4/2021,Monthly
s41774,Arjun Brown,24,Other,Canada,12/6/2019,Monthly
s41775,Liam Smith,38,Male,UK,11/11/2019,Monthly
s41776,Meera Johnson,20,Male,Germany,7/8/2019,Yearly
s41777,Mia Walker,33,Other,Germany,8/16/2020,Free
s41778,Noah Lee,33,Female,USA,7/14/2020,Yearly
s41779,Isabella Miller,21,Female,Canada,9/5/2020,Free
s41780,Eva Hall,28,Female,Germany,10/28/2021,Yearly
s41781,Mia Martin,47,Female,India,3/22/2020,Free
s41782,Emma Davis,27,Other,USA,11/23/2020,Yearly
s41783,Aanya Miller,25,Female,Germany,5/7/2021,Yearly
s41784,Lucas Walker,45,Female,Germany,4/30/2021,Free
s41785,Zara Wilson,52,Male,USA,1/31/2021,Free
s41786,Vihaan Thomas,18,Other,India,4/17/2022,Free
s41787,Riya Miller,24,Male,Australia,9/9/2020,Yearly
s41788,Ethan Anderson,29,Female,Germany,6/3/2022,Free
s41789,Vihaan Verma,22,Other,Australia,2/26/2021,Monthly
s41790,Mia Singh,26,Other,India,10/23/2022,Free
s41791,Noah Smith,24,Female,Canada,7/16/2021,Monthly
s41792,Meera Martin,24,Other,India,6/17/2020,Yearly
s41793,Mia Moore,41,Other,USA,3/24/2022,Free
s41794,Olivia Clark,54,Male,India,7/31/2022,Free
s41795,Benjamin Martin,22,Other,Canada,11/30/2019,Yearly
s41796,Arjun Moore,48,Other,Canada,7/28/2020,Free
s41797,Benjamin Verma,21,Other,India,4/18/2021,Free
s41798,Zara Moore,34,Male,India,11/12/2021,Yearly
s41799,Arjun Smith,22,Male,Canada,11/9/2022,Yearly
s41800,Ethan Martin,28,Female,Australia,6/19/2019,Monthly
s41801,Lucas Taylor,32,Female,India,8/23/2020,Monthly
s41802,Sophia Sharma,18,Other,Canada,10/23/2021,Free
s41803,Noah Brown,25,Other,UK,7/28/2020,Free
s41804,Emma Wilson,44,Female,USA,11/7/2022,Free
s41805,Meera Clark,26,Female,India,3/27/2020,Monthly
s41806,Meera Thomas,63,Male,Canada,1/31/2020,Monthly
s41807,Eva Moore,19,Male,UK,8/1/2019,Monthly
s41808,Olivia Clark,30,Female,USA,4/14/2020,Yearly
s41809,Liam Patel,27,Male,Germany,10/17/2021,Free
s41810,Emma Lee,30,Male,Canada,10/14/2022,Yearly
s41811,Ethan Johnson,29,Male,Canada,1/23/2020,Monthly
s41812,Meera Patel,23,Other,UK,11/6/2019,Yearly
s41813,Noah Clark,46,Male,India,4/11/2019,Monthly
s41814,Benjamin Davis,18,Other,India,9/29/2019,Free
s41815,Aarav Patel,58,Other,India,3/23/2020,Monthly
s41816,Aarav Moore,65,Male,USA,7/2/2021,Yearly
s41817,Aanya Lee,19,Other,UK,10/15/2022,Monthly
s41818,Liam Thomas,29,Male,UK,12/9/2019,Yearly
s41819,Karan Davis,24,Female,UK,4/9/2021,Yearly
s41820,Karan Thomas,65,Other,Canada,3/30/2021,Monthly
s41821,Riya Sharma,23,Female,Germany,7/1/2020,Free
s41822,Zara Verma,25,Female,UK,11/2/2020,Monthly
s41823,Isabella Walker,62,Other,USA,9/12/2022,Monthly
s41824,Aarav Wilson,22,Other,India,11/6/2020,Monthly
s41825,Riya Moore,48,Female,Canada,9/11/2022,Yearly
s41826,Olivia Davis,26,Male,Canada,4/29/2022,Monthly
s41827,Arjun Verma,32,Female,USA,10/11/2019,Free
s41828,Aanya Clark,18,Male,Canada,11/10/2019,Free
s41829,Lucas Smith,22,Other,Germany,8/17/2022,Yearly
s41830,Aarav Johnson,45,Male,Canada,5/30/2021,Free
s41831,Benjamin Clark,41,Other,Canada,11/10/2021,Yearly
s41832,Benjamin Clark,38,Male,Australia,9/11/2022,Yearly
s41833,Olivia Anderson,44,Male,USA,6/11/2020,Free
s41834,Aarav Smith,22,Male,Germany,8/13/2020,Yearly
s41835,Benjamin Anderson,38,Other,India,11/3/2021,Free
s41836,Arjun Verma,61,Male,India,3/21/2021,Monthly
s41837,Liam Lewis,26,Female,UK,9/29/2021,Monthly
s41838,Olivia Lewis,47,Male,Australia,6/22/2021,Monthly
s41839,Aanya Johnson,24,Female,Germany,9/5/2019,Free
s41840,Arjun Wilson,24,Female,Australia,12/27/2019,Monthly
s41841,Eva Martin,24,Other,India,12/27/2022,Yearly
s41842,Lucas Wilson,33,Other,Australia,8/9/2021,Free
s41843,Olivia Lewis,42,Other,India,1/1/2019,Free
s41844,Isabella Miller,19,Male,India,1/25/2022,Yearly
s41845,Noah Taylor,20,Other,India,8/8/2019,Monthly
s41846,Benjamin Walker,18,Female,USA,12/8/2021,Yearly
s41847,Olivia Anderson,21,Other,USA,4/26/2019,Yearly
s41848,Olivia Moore,22,Female,Germany,3/1/2019,Monthly
s41849,Riya Sharma,48,Female,Germany,11/22/2022,Monthly
s41850,Amelia Lee,39,Female,India,6/19/2020,Free
s41851,Ethan Taylor,25,Other,UK,3/1/2019,Yearly
s41852,Noah Patel,45,Female,Germany,11/23/2019,Free
s41853,Liam Miller,25,Female,UK,7/4/2020,Monthly
s41854,Sophia Wilson,18,Female,Canada,10/31/2021,Monthly
s41855,Benjamin Miller,21,Other,USA,10/13/2020,Monthly
s41856,Arjun Martin,19,Male,India,8/9/2019,Monthly
s41857,Noah Singh,23,Male,Canada,1/26/2022,Monthly
s41858,Sophia Clark,27,Male,Australia,10/11/2022,Free
s41859,Olivia Lewis,22,Other,USA,4/8/2020,Yearly
s41860,Amelia Hall,46,Female,India,2/7/2020,Yearly
s41861,Lucas Miller,23,Male,Australia,11/12/2022,Free
s41862,Aanya Moore,39,Male,UK,1/24/2021,Yearly
s41863,Liam Anderson,27,Male,India,11/17/2022,Yearly
s41864,Aanya Singh,34,Female,USA,7/30/2020,Yearly
s41865,Meera Lee,35,Other,UK,7/27/2022,Yearly
s41866,Amelia Sharma,24,Female,UK,7/27/2020,Monthly
s41867,Benjamin Johnson,34,Female,Australia,11/7/2020,Yearly
s41868,Emma Anderson,43,Female,Germany,8/8/2020,Yearly
s41869,Vihaan Moore,46,Female,Australia,3/12/2021,Yearly
s41870,Arjun Johnson,26,Other,USA,3/23/2020,Free
s41871,Emma Sharma,20,Female,UK,8/6/2019,Monthly
s41872,Benjamin Verma,29,Female,Canada,4/16/2019,Free
s41873,Lucas Anderson,20,Female,Germany,3/3/2021,Monthly
s41874,Emma Singh,25,Female,India,7/17/2022,Free
s41875,Zara Johnson,53,Female,UK,7/12/2020,Yearly
s41876,Aanya Hall,32,Other,Germany,7/11/2021,Monthly
s41877,Aarav Smith,22,Male,Australia,4/23/2022,Yearly
s41878,Arjun Lewis,46,Other,USA,10/13/2019,Monthly
s41879,Zara Thomas,33,Female,Australia,2/27/2020,Monthly
s41880,Olivia Singh,19,Male,Australia,5/25/2021,Monthly
s41881,Lucas Brown,26,Female,Germany,4/3/2021,Yearly
s41882,Karan Smith,25,Other,Canada,3/3/2020,Yearly
s41883,Eva Johnson,18,Female,UK,4/7/2019,Monthly
s41884,Benjamin Smith,22,Female,USA,12/20/2019,Monthly
s41885,Liam Anderson,56,Female,Australia,10/21/2019,Yearly
s41886,Aarav Johnson,22,Male,USA,12/20/2022,Free
s41887,Ethan Davis,20,Male,Canada,11/28/2021,Yearly
s41888,Noah Singh,43,Male,UK,5/26/2019,Monthly
s41889,Vihaan Thomas,27,Male,Australia,5/27/2022,Free
s41890,Meera Singh,30,Female,UK,11/30/2022,Monthly
s41891,Lucas Lee,20,Male,UK,3/25/2020,Free
s41892,Olivia Singh,34,Male,India,2/21/2021,Free
s41893,Lucas Walker,47,Other,Canada,1/12/2021,Free
s41894,Karan Smith,45,Female,USA,11/6/2019,Free
s41895,Benjamin Martin,23,Female,UK,7/15/2021,Yearly
s41896,Zara Miller,20,Female,Australia,10/7/2020,Monthly
s41897,Olivia Walker,22,Other,USA,12/24/2022,Monthly
s41898,Meera Patel,18,Other,UK,4/1/2020,Yearly
s41899,Amelia Taylor,44,Male,UK,5/23/2021,Yearly
s41900,Arjun Davis,20,Female,USA,4/10/2019,Free
s41901,Liam Smith,27,Female,Canada,5/26/2021,Free
s41902,Eva Clark,22,Other,Australia,10/3/2020,Free
s41903,Ethan Patel,26,Female,Australia,12/25/2022,Yearly
s41904,Aanya Verma,45,Female,UK,2/14/2020,Yearly
s41905,Meera Thomas,21,Other,Australia,3/3/2021,Free
s41906,Noah Miller,53,Female,UK,4/29/2022,Free
s41907,Meera Moore,25,Male,Germany,11/19/2020,Free
s41908,Amelia Brown,32,Other,Germany,10/19/2020,Free
s41909,Amelia Hall,41,Other,UK,12/15/2019,Monthly
s41910,Noah Sharma,26,Male,Australia,6/8/2019,Yearly
s41911,Amelia Wilson,24,Male,UK,3/23/2019,Yearly
s41912,Olivia Davis,39,Other,Canada,6/6/2021,Monthly
s41913,Zara Singh,27,Male,India,8/31/2019,Yearly
s41914,Lucas Smith,55,Female,Germany,3/16/2020,Monthly
s41915,Aanya Smith,21,Male,Germany,6/4/2020,Yearly
s41916,Isabella Taylor,27,Other,USA,5/22/2022,Yearly
s41917,Riya Verma,18,Other,Germany,10/25/2021,Free
s41918,Lucas Davis,23,Male,Germany,8/5/2019,Yearly
s41919,Isabella Anderson,25,Female,India,7/15/2022,Free
s41920,Aarav Thomas,23,Female,India,1/12/2022,Monthly
s41921,Liam Patel,24,Other,UK,8/17/2020,Yearly
s41922,Karan Anderson,33,Male,Australia,9/2/2022,Yearly
s41923,Liam Sharma,26,Female,Canada,8/12/2019,Yearly
s41924,Benjamin Patel,45,Male,Australia,7/11/2021,Yearly
s41925,Amelia Verma,47,Female,UK,11/3/2020,Yearly
s41926,Aarav Wilson,54,Other,Canada,11/26/2020,Yearly
s41927,Eva Verma,28,Male,India,3/21/2022,Monthly
s41928,Benjamin Lewis,24,Female,Australia,7/17/2019,Monthly
s41929,Liam Moore,39,Female,Australia,7/4/2020,Yearly
s41930,Lucas Verma,25,Male,UK,3/25/2022,Yearly
s41931,Eva Johnson,47,Female,UK,3/4/2020,Monthly
s41932,Isabella Smith,45,Female,UK,2/13/2022,Free
s41933,Karan Davis,35,Other,USA,7/8/2022,Yearly
s41934,Olivia Martin,18,Female,Germany,1/7/2021,Free
s41935,Sophia Smith,31,Male,Canada,10/13/2020,Yearly
s41936,Isabella Anderson,26,Other,India,8/30/2021,Monthly
s41937,Amelia Singh,40,Male,India,9/12/2021,Free
s41938,Liam Walker,25,Female,UK,4/5/2019,Monthly
s41939,Emma Miller,27,Male,USA,11/15/2022,Free
s41940,Karan Lee,22,Male,UK,7/7/2022,Monthly
s41941,Meera Wilson,30,Female,UK,11/3/2021,Monthly
s41942,Vihaan Lee,25,Female,Canada,5/27/2022,Free
s41943,Aarav Sharma,28,Female,UK,9/21/2020,Free
s41944,Sophia Thomas,20,Other,UK,12/7/2020,Free
s41945,Meera Walker,24,Male,Canada,10/19/2019,Yearly
s41946,Ethan Davis,27,Female,Germany,8/7/2019,Free
s41947,Noah Wilson,42,Female,Germany,10/26/2022,Yearly
s41948,Noah Anderson,60,Other,USA,2/22/2019,Yearly
s41949,Sophia Brown,39,Male,Canada,12/13/2022,Yearly
s41950,Benjamin Johnson,34,Other,USA,4/1/2022,Monthly
s41951,Benjamin Lee,42,Female,Australia,5/22/2019,Free
s41952,Aanya Patel,27,Female,USA,10/9/2022,Yearly
s41953,Zara Walker,20,Male,Canada,9/8/2022,Yearly
s41954,Riya Lee,47,Male,UK,10/4/2019,Free
s41955,Lucas Brown,21,Male,UK,5/18/2022,Yearly
s41956,Riya Sharma,19,Female,USA,2/5/2019,Monthly
s41957,Ethan Davis,24,Male,India,12/28/2022,Monthly
s41958,Mia Smith,26,Female,Canada,4/7/2019,Free
s41959,Benjamin Johnson,31,Male,UK,7/26/2022,Free
s41960,Karan Moore,22,Female,USA,10/12/2021,Free
s41961,Meera Brown,40,Female,India,7/17/2021,Monthly
s41962,Meera Davis,44,Female,UK,7/13/2020,Free
s41963,Isabella Martin,20,Male,USA,10/18/2021,Monthly
s41964,Isabella Brown,21,Female,Canada,11/28/2019,Free
s41965,Lucas Miller,44,Female,Australia,3/6/2019,Free
s41966,Vihaan Davis,20,Female,USA,11/13/2019,Yearly
s41967,Aarav Verma,26,Other,Germany,5/15/2019,Monthly
s41968,Aarav Anderson,34,Other,USA,10/11/2019,Monthly
s41969,Karan Patel,34,Other,India,6/29/2019,Yearly
s41970,Eva Davis,19,Male,Canada,9/16/2019,Free
s41971,Mia Martin,24,Male,India,7/4/2020,Monthly
s41972,Eva Verma,43,Other,India,12/9/2022,Free
s41973,Liam Lewis,61,Other,USA,11/16/2021,Free
s41974,Benjamin Brown,45,Other,USA,6/17/2019,Monthly
s41975,Aanya Patel,20,Female,India,12/10/2019,Yearly
s41976,Amelia Brown,19,Female,Australia,8/9/2020,Yearly
s41977,Liam Lewis,19,Other,India,10/13/2020,Monthly
s41978,Riya Taylor,35,Female,Germany,6/4/2020,Yearly
s41979,Riya Miller,21,Other,India,8/12/2021,Free
s41980,Sophia Lee,28,Male,USA,11/1/2020,Monthly
s41981,Emma Lee,24,Male,Australia,1/17/2019,Monthly
s41982,Lucas Singh,18,Male,USA,7/31/2022,Free
s41983,Lucas Lewis,56,Male,Germany,2/21/2021,Yearly
s41984,Riya Martin,19,Male,Canada,7/12/2019,Monthly
s41985,Zara Thomas,23,Other,Canada,2/17/2022,Yearly
s41986,Arjun Patel,19,Other,USA,4/9/2020,Yearly
s41987,Aarav Davis,19,Other,Germany,11/20/2022,Free
s41988,Emma Clark,37,Male,Canada,3/17/2020,Yearly
s41989,Vihaan Brown,27,Male,Australia,6/24/2019,Monthly
s41990,Sophia Verma,26,Male,Germany,1/28/2020,Monthly
s41991,Emma Sharma,27,Other,Australia,10/25/2022,Free
s41992,Noah Johnson,19,Male,Germany,8/28/2021,Monthly
s41993,Mia Sharma,22,Male,Canada,7/19/2020,Yearly
s41994,Liam Smith,19,Other,India,7/28/2020,Free
s41995,Aarav Hall,25,Male,Canada,11/14/2020,Yearly
s41996,Benjamin Davis,25,Female,India,12/15/2020,Monthly
s41997,Vihaan Davis,50,Male,USA,8/11/2019,Monthly
s41998,Meera Brown,23,Female,Germany,7/21/2020,Monthly
s41999,Lucas Lewis,18,Male,USA,9/5/2021,Yearly
s42000,Sophia Lee,21,Female,India,7/7/2021,Free
s42001,Lucas Taylor,35,Female,USA,10/19/2020,Monthly
s42002,Benjamin Moore,41,Male,Australia,11/6/2019,Monthly
s42003,Arjun Davis,19,Male,Australia,2/16/2019,Free
s42004,Liam Davis,44,Other,USA,1/17/2022,Monthly
s42005,Vihaan Singh,44,Female,Germany,1/26/2022,Free
s42006,Zara Taylor,66,Female,Australia,8/2/2019,Yearly
s42007,Mia Davis,20,Male,UK,11/16/2022,Monthly
s42008,Ethan Taylor,46,Female,Canada,7/2/2019,Monthly
s42009,Sophia Brown,27,Male,Canada,8/18/2022,Monthly
s42010,Amelia Davis,27,Female,Australia,10/24/2021,Monthly
s42011,Ethan Walker,24,Female,UK,2/15/2020,Free
s42012,Amelia Brown,36,Female,Germany,2/8/2020,Free
s42013,Arjun Anderson,29,Male,USA,4/7/2022,Yearly
s42014,Vihaan Anderson,21,Other,Australia,11/27/2019,Free
s42015,Meera Miller,34,Female,USA,4/22/2021,Free
s42016,Riya Wilson,41,Female,Germany,12/6/2021,Yearly
s42017,Aarav Lewis,18,Female,UK,10/16/2019,Free
s42018,Arjun Martin,42,Male,Germany,6/17/2019,Free
s42019,Riya Clark,27,Female,Australia,5/2/2022,Yearly
s42020,Eva Moore,20,Female,Canada,5/19/2022,Yearly
s42021,Ethan Smith,22,Male,Canada,12/28/2020,Yearly
s42022,Vihaan Hall,23,Male,India,8/22/2019,Monthly
s42023,Arjun Wilson,47,Other,UK,2/8/2020,Free
s42024,Benjamin Taylor,21,Male,Germany,3/15/2019,Yearly
s42025,Riya Taylor,20,Male,Germany,7/12/2020,Yearly
s42026,Emma Anderson,21,Other,Germany,7/7/2019,Monthly
s42027,Arjun Verma,28,Male,Australia,1/2/2020,Monthly
s42028,Vihaan Patel,19,Female,Canada,5/20/2020,Yearly
s42029,Aanya Martin,24,Other,Australia,3/8/2020,Monthly
s42030,Karan Wilson,25,Male,Australia,9/20/2022,Free
s42031,Meera Smith,57,Other,Germany,6/28/2019,Monthly
s42032,Olivia Martin,52,Male,Germany,6/13/2020,Free
s42033,Aanya Sharma,33,Female,UK,4/16/2019,Monthly
s42034,Mia Patel,23,Female,Germany,11/20/2022,Monthly
s42035,Mia Miller,33,Male,Australia,12/25/2019,Yearly
s42036,Noah Brown,22,Other,Australia,3/13/2019,Monthly
s42037,Zara Wilson,18,Female,Germany,9/12/2020,Yearly
s42038,Ethan Thomas,66,Other,India,8/11/2020,Yearly
s42039,Arjun Walker,20,Other,Canada,9/24/2020,Free
s42040,Mia Thomas,19,Male,Australia,11/26/2020,Yearly
s42041,Emma Walker,40,Male,Canada,6/22/2021,Free
s42042,Amelia Johnson,21,Other,USA,4/6/2021,Monthly
s42043,Lucas Davis,41,Female,India,5/13/2020,Free
s42044,Liam Taylor,26,Female,India,2/3/2021,Free
s42045,Meera Singh,26,Female,UK,7/17/2021,Monthly
s42046,Karan Anderson,25,Female,Germany,8/9/2019,Yearly
s42047,Aanya Thomas,51,Male,UK,9/29/2022,Yearly
s42048,Arjun Patel,26,Other,Germany,9/24/2019,Yearly
s42049,Zara Thomas,18,Other,Germany,2/12/2022,Free
s42050,Noah Walker,19,Male,India,7/5/2022,Free
s42051,Ethan Walker,21,Male,Canada,8/22/2022,Monthly
s42052,Karan Johnson,23,Other,India,2/27/2020,Yearly
s42053,Eva Hall,23,Other,Germany,2/14/2022,Yearly
s42054,Ethan Johnson,33,Male,India,11/1/2022,Yearly
s42055,Meera Taylor,36,Female,USA,3/19/2019,Monthly
s42056,Lucas Hall,63,Male,USA,3/14/2022,Yearly
s42057,Meera Taylor,21,Male,Australia,4/16/2020,Monthly
s42058,Meera Johnson,23,Male,USA,11/29/2021,Yearly
s42059,Isabella Johnson,54,Other,India,4/9/2022,Free
s42060,Eva Thomas,40,Other,Germany,6/4/2021,Monthly
s42061,Lucas Lee,19,Male,USA,9/4/2022,Monthly
s42062,Emma Clark,43,Female,Australia,12/19/2022,Yearly
s42063,Amelia Patel,27,Male,Australia,2/14/2020,Yearly
s42064,Benjamin Moore,19,Other,India,12/26/2019,Free
s42065,Aanya Martin,22,Male,India,1/30/2020,Yearly
s42066,Liam Johnson,27,Male,Australia,2/18/2021,Monthly
s42067,Olivia Taylor,25,Female,USA,11/4/2020,Free
s42068,Meera Wilson,38,Female,UK,1/22/2022,Free
s42069,Vihaan Verma,20,Other,Australia,9/24/2022,Monthly
s42070,Emma Anderson,20,Female,UK,7/23/2022,Yearly
s42071,Isabella Patel,22,Male,Australia,8/16/2019,Monthly
s42072,Amelia Patel,25,Male,India,5/28/2019,Yearly
s42073,Amelia Clark,39,Other,USA,4/4/2020,Free
s42074,Emma Moore,32,Male,India,4/17/2022,Free
s42075,Isabella Brown,21,Other,Australia,10/16/2020,Monthly
s42076,Emma Moore,46,Other,Canada,6/9/2020,Yearly
s42077,Benjamin Anderson,23,Other,UK,5/4/2019,Monthly
s42078,Vihaan Wilson,20,Female,Australia,6/9/2021,Monthly
s42079,Karan Sharma,42,Female,USA,11/21/2019,Free
s42080,Benjamin Miller,33,Other,USA,2/22/2020,Monthly
s42081,Noah Miller,46,Female,USA,3/15/2021,Free
s42082,Zara Lewis,27,Male,Germany,4/14/2020,Free
s42083,Zara Wilson,27,Other,UK,10/8/2021,Free
s42084,Aarav Lewis,66,Other,UK,2/23/2022,Monthly
s42085,Olivia Taylor,32,Female,UK,10/1/2019,Monthly
s42086,Emma Thomas,22,Other,Germany,12/18/2022,Monthly
s42087,Noah Davis,21,Male,Canada,9/18/2020,Free
s42088,Benjamin Davis,25,Other,UK,6/13/2019,Free
s42089,Vihaan Miller,18,Female,USA,8/14/2021,Monthly
s42090,Mia Walker,47,Other,USA,11/7/2022,Monthly
s42091,Liam Davis,23,Other,Germany,4/23/2021,Monthly
s42092,Sophia Anderson,20,Female,UK,4/6/2021,Free
s42093,Eva Davis,33,Other,Canada,8/23/2021,Yearly
s42094,Arjun Davis,67,Male,India,1/27/2019,Monthly
s42095,Ethan Brown,23,Other,Canada,3/31/2022,Yearly
s42096,Karan Moore,27,Male,India,1/14/2021,Yearly
s42097,Amelia Wilson,33,Female,Australia,5/24/2020,Yearly
s42098,Riya Verma,21,Female,India,10/4/2019,Monthly
s42099,Vihaan Smith,24,Female,UK,7/19/2020,Yearly
s42100,Liam Johnson,21,Female,Australia,10/22/2021,Monthly
s42101,Amelia Patel,23,Female,UK,3/14/2021,Free
s42102,Eva Singh,26,Male,USA,4/3/2019,Monthly
s42103,Olivia Thomas,18,Male,India,3/2/2020,Yearly
s42104,Mia Moore,23,Female,India,10/3/2022,Monthly
s42105,Emma Smith,18,Other,India,9/13/2020,Monthly
s42106,Liam Moore,19,Other,UK,6/9/2021,Yearly
s42107,Eva Patel,62,Male,Germany,11/17/2022,Free
s42108,Lucas Brown,44,Male,UK,6/10/2022,Yearly
s42109,Zara Smith,24,Female,Germany,4/22/2020,Monthly
s42110,Sophia Smith,24,Male,Germany,10/15/2020,Monthly
s42111,Ethan Patel,22,Female,UK,2/14/2019,Yearly
s42112,Aarav Clark,21,Other,Canada,3/26/2019,Free
s42113,Lucas Anderson,50,Male,Germany,5/17/2022,Yearly
s42114,Lucas Brown,32,Other,Canada,1/6/2020,Yearly
s42115,Aarav Verma,37,Male,Germany,7/7/2019,Free
s42116,Karan Lee,27,Male,Germany,7/17/2019,Monthly
s42117,Aanya Patel,19,Female,Australia,5/15/2022,Yearly
s42118,Noah Thomas,35,Other,USA,9/25/2022,Yearly
s42119,Isabella Lewis,27,Male,India,4/9/2022,Monthly
s42120,Benjamin Miller,28,Female,UK,9/24/2021,Monthly
s42121,Amelia Wilson,25,Male,USA,9/28/2019,Yearly
s42122,Zara Patel,24,Other,UK,12/3/2022,Monthly
s42123,Lucas Sharma,38,Other,UK,1/15/2021,Yearly
s42124,Liam Walker,36,Female,USA,8/21/2020,Yearly
s42125,Aanya Miller,26,Other,USA,11/14/2021,Monthly
s42126,Riya Verma,24,Other,Germany,3/26/2022,Yearly
s42127,Meera Verma,20,Female,USA,12/4/2019,Free
s42128,Aarav Davis,21,Other,Canada,9/3/2020,Monthly
s42129,Aarav Martin,20,Other,USA,4/1/2020,Yearly
s42130,Eva Verma,57,Male,Germany,1/18/2022,Monthly
s42131,Benjamin Wilson,44,Other,Australia,2/19/2021,Yearly
s42132,Mia Lewis,48,Female,Canada,9/21/2020,Monthly
s42133,Noah Walker,29,Female,India,11/26/2019,Free
s42134,Vihaan Sharma,25,Male,UK,10/25/2021,Monthly
s42135,Mia Brown,29,Male,India,12/25/2019,Free
s42136,Arjun Walker,25,Male,Australia,9/22/2022,Free
s42137,Olivia Thomas,21,Female,Australia,12/18/2021,Yearly
s42138,Lucas Miller,18,Other,India,7/21/2021,Monthly
s42139,Ethan Miller,19,Other,UK,10/19/2022,Monthly
s42140,Isabella Walker,46,Male,India,1/5/2022,Free
s42141,Meera Smith,25,Other,India,1/27/2019,Monthly
s42142,Aanya Verma,58,Male,USA,11/1/2022,Free
s42143,Amelia Davis,26,Other,Australia,3/30/2022,Free
s42144,Amelia Moore,25,Female,Germany,2/24/2022,Monthly
s42145,Ethan Thomas,18,Other,USA,4/17/2019,Free
s42146,Noah Patel,20,Other,India,5/16/2021,Yearly
s42147,Zara Clark,31,Female,Germany,10/17/2020,Free
s42148,Riya Martin,41,Female,UK,7/2/2021,Yearly
s42149,Lucas Walker,24,Male,UK,2/29/2020,Monthly
s42150,Noah Wilson,42,Male,UK,6/15/2019,Free
s42151,Sophia Verma,18,Female,USA,11/8/2019,Monthly
s42152,Vihaan Taylor,24,Other,Germany,5/8/2021,Free
s42153,Karan Patel,24,Other,Australia,11/2/2019,Monthly
s42154,Olivia Clark,46,Female,UK,2/16/2021,Yearly
s42155,Mia Sharma,31,Male,UK,9/24/2022,Free
s42156,Mia Miller,26,Male,Germany,1/6/2021,Monthly
s42157,Mia Davis,62,Female,UK,12/9/2019,Free
s42158,Lucas Miller,23,Other,India,6/19/2021,Free
s42159,Amelia Clark,21,Female,UK,10/8/2022,Monthly
s42160,Karan Clark,19,Male,Germany,5/21/2022,Monthly
s42161,Amelia Miller,21,Other,Canada,3/8/2022,Free
s42162,Mia Davis,20,Male,Australia,4/18/2022,Yearly
s42163,Amelia Davis,21,Female,UK,1/5/2022,Free
s42164,Sophia Walker,43,Female,Australia,9/30/2022,Free
s42165,Olivia Sharma,23,Other,USA,1/21/2022,Free
s42166,Amelia Singh,52,Other,Australia,7/5/2020,Free
s42167,Zara Brown,18,Other,USA,5/6/2021,Monthly
s42168,Meera Sharma,33,Other,USA,7/11/2022,Yearly
s42169,Amelia Verma,18,Male,Germany,9/11/2021,Monthly
s42170,Meera Brown,30,Male,Canada,8/8/2021,Yearly
s42171,Liam Anderson,27,Male,USA,9/5/2020,Free
s42172,Ethan Davis,23,Female,Canada,4/23/2022,Free
s42173,Sophia Thomas,23,Male,Canada,1/3/2022,Free
s42174,Zara Patel,32,Female,USA,11/19/2020,Free
s42175,Mia Clark,19,Female,Germany,5/21/2021,Monthly
s42176,Benjamin Hall,26,Other,Germany,3/31/2020,Free
s42177,Olivia Clark,21,Male,Canada,10/11/2019,Free
s42178,Noah Taylor,23,Female,Canada,3/19/2022,Monthly
s42179,Riya Thomas,34,Female,USA,4/28/2022,Yearly
s42180,Noah Thomas,46,Male,UK,10/3/2019,Yearly
s42181,Aanya Miller,66,Male,Canada,2/13/2021,Free
s42182,Lucas Brown,23,Female,Germany,5/15/2021,Monthly
s42183,Olivia Lee,38,Male,UK,12/25/2019,Free
s42184,Aarav Wilson,41,Other,USA,9/27/2020,Monthly
s42185,Vihaan Hall,18,Other,Australia,6/22/2021,Yearly
s42186,Amelia Hall,21,Female,Canada,12/8/2020,Free
s42187,Meera Brown,24,Female,USA,11/21/2021,Yearly
s42188,Aarav Patel,19,Male,Australia,3/29/2019,Free
s42189,Emma Lewis,19,Other,Germany,12/23/2022,Free
s42190,Olivia Brown,50,Other,Germany,5/20/2020,Yearly
s42191,Eva Verma,20,Female,India,5/21/2020,Free
s42192,Olivia Anderson,34,Female,Germany,7/2/2022,Yearly
s42193,Benjamin Lewis,20,Other,Canada,3/27/2020,Yearly
s42194,Emma Miller,31,Other,Canada,10/10/2021,Monthly
s42195,Karan Anderson,51,Other,USA,12/6/2022,Monthly
s42196,Benjamin Patel,31,Male,Canada,8/1/2019,Free
s42197,Ethan Smith,27,Other,Australia,12/30/2019,Monthly
s42198,Karan Verma,34,Female,Canada,3/4/2021,Yearly
s42199,Karan Davis,47,Other,USA,6/12/2021,Yearly
s42200,Isabella Clark,67,Male,Germany,6/25/2021,Free
s42201,Vihaan Patel,31,Other,USA,3/10/2022,Free
s42202,Aarav Lewis,33,Female,Australia,1/30/2022,Free
s42203,Liam Patel,27,Female,Canada,5/15/2019,Yearly
s42204,Aarav Moore,24,Female,India,9/11/2022,Free
s42205,Mia Hall,48,Male,Canada,5/21/2022,Yearly
s42206,Vihaan Johnson,22,Other,Germany,4/24/2021,Monthly
s42207,Liam Thomas,33,Male,Canada,9/18/2021,Free
s42208,Eva Hall,18,Male,UK,1/13/2019,Monthly
s42209,Riya Taylor,24,Female,Canada,8/21/2019,Free
s42210,Mia Martin,45,Female,Germany,8/10/2019,Monthly
s42211,Liam Walker,27,Male,Canada,6/4/2020,Yearly
s42212,Meera Taylor,37,Female,Canada,3/28/2019,Monthly
s42213,Riya Davis,27,Other,UK,4/14/2021,Yearly
s42214,Aarav Wilson,27,Female,Germany,8/16/2020,Free
s42215,Benjamin Clark,20,Female,Canada,5/28/2021,Monthly
s42216,Mia Hall,19,Female,USA,8/29/2021,Free
s42217,Eva Walker,21,Other,Canada,8/28/2020,Yearly
s42218,Meera Sharma,23,Other,India,9/21/2019,Free
s42219,Noah Taylor,18,Female,UK,11/25/2019,Yearly
s42220,Sophia Smith,22,Male,UK,10/28/2021,Free
s42221,Lucas Lewis,24,Male,Canada,7/25/2022,Free
s42222,Emma Thomas,62,Female,Germany,7/27/2022,Free
s42223,Eva Walker,43,Other,Germany,1/12/2022,Free
s42224,Arjun Clark,23,Female,UK,8/21/2019,Monthly
s42225,Aanya Lee,45,Male,USA,5/25/2020,Monthly
s42226,Zara Miller,19,Female,Canada,2/22/2021,Yearly
s42227,Karan Brown,43,Female,Canada,7/15/2022,Yearly
s42228,Amelia Taylor,19,Male,USA,1/17/2021,Monthly
s42229,Isabella Lewis,21,Other,Canada,9/7/2022,Free
s42230,Aanya Lewis,26,Other,USA,9/22/2021,Yearly
s42231,Riya Verma,56,Female,Australia,11/5/2022,Yearly
s42232,Ethan Miller,32,Other,UK,7/8/2022,Yearly
s42233,Aanya Taylor,37,Other,Germany,5/24/2020,Monthly
s42234,Lucas Thomas,23,Other,India,8/27/2019,Free
s42235,Riya Clark,63,Other,Germany,11/17/2020,Monthly
s42236,Emma Lewis,22,Male,UK,4/22/2021,Free
s42237,Noah Miller,27,Male,Australia,1/20/2022,Free
s42238,Olivia Lewis,24,Male,USA,4/19/2019,Free
s42239,Amelia Davis,21,Female,USA,2/3/2021,Monthly
s42240,Vihaan Verma,48,Female,UK,5/31/2021,Monthly
s42241,Aarav Singh,35,Female,UK,8/14/2020,Free
s42242,Amelia Clark,28,Other,UK,6/18/2019,Monthly
s42243,Zara Anderson,26,Female,Germany,6/27/2019,Monthly
s42244,Noah Hall,23,Other,Australia,2/19/2020,Yearly
s42245,Benjamin Verma,40,Female,UK,8/23/2019,Monthly
s42246,Sophia Taylor,21,Other,Germany,11/15/2020,Monthly
s42247,Mia Johnson,47,Female,India,5/4/2021,Free
s42248,Zara Miller,24,Other,Australia,3/11/2021,Monthly
s42249,Vihaan Singh,19,Male,UK,10/22/2022,Monthly
s42250,Aarav Hall,24,Other,India,10/3/2020,Free
s42251,Benjamin Taylor,24,Other,USA,5/21/2022,Free
s42252,Zara Thomas,19,Female,USA,8/6/2021,Free
s42253,Arjun Sharma,20,Female,USA,4/25/2021,Yearly
s42254,Emma Smith,34,Female,USA,7/13/2022,Yearly
s42255,Olivia Sharma,20,Female,Canada,12/21/2019,Free
s42256,Sophia Lee,24,Female,Germany,11/28/2022,Free
s42257,Sophia Anderson,39,Other,India,12/1/2019,Yearly
s42258,Olivia Sharma,23,Other,USA,1/20/2020,Monthly
s42259,Mia Patel,26,Female,USA,5/5/2022,Monthly
s42260,Aanya Davis,52,Male,UK,2/23/2020,Free
s42261,Ethan Sharma,38,Male,India,9/23/2019,Monthly
s42262,Aarav Taylor,26,Male,Australia,11/5/2021,Yearly
s42263,Riya Davis,30,Female,Canada,10/7/2022,Yearly
s42264,Arjun Verma,24,Male,USA,4/21/2020,Free
s42265,Riya Wilson,27,Female,Germany,9/2/2021,Free
s42266,Isabella Clark,21,Male,Canada,4/27/2019,Monthly
s42267,Benjamin Martin,21,Other,Australia,4/26/2021,Monthly
s42268,Isabella Walker,20,Male,UK,11/30/2020,Yearly
s42269,Benjamin Wilson,19,Female,Australia,11/20/2019,Yearly
s42270,Noah Hall,40,Other,Canada,12/13/2020,Monthly
s42271,Lucas Clark,39,Female,Australia,6/30/2019,Yearly
s42272,Mia Moore,31,Female,India,3/9/2022,Free
s42273,Aanya Brown,22,Male,UK,8/9/2019,Monthly
s42274,Lucas Anderson,25,Other,Germany,11/20/2019,Free
s42275,Emma Brown,19,Other,Canada,10/10/2022,Monthly
s42276,Olivia Martin,47,Female,Canada,4/28/2022,Free
s42277,Vihaan Verma,26,Female,Germany,1/6/2019,Monthly
s42278,Emma Anderson,36,Male,USA,10/21/2019,Yearly
s42279,Eva Lee,47,Female,India,5/18/2021,Yearly
s42280,Karan Thomas,62,Female,India,2/24/2019,Monthly
s42281,Karan Moore,19,Female,India,8/29/2022,Yearly
s42282,Riya Johnson,18,Female,Canada,6/28/2019,Free
s42283,Vihaan Johnson,66,Other,Canada,6/18/2020,Monthly
s42284,Mia Smith,36,Other,USA,5/15/2022,Monthly
s42285,Noah Patel,23,Female,Canada,1/29/2019,Yearly
s42286,Lucas Johnson,22,Other,India,3/4/2019,Free
s42287,Benjamin Wilson,55,Male,USA,3/14/2022,Monthly
s42288,Arjun Clark,24,Male,India,6/30/2022,Free
s42289,Sophia Johnson,22,Female,India,5/12/2019,Yearly
s42290,Aanya Verma,36,Other,USA,12/17/2022,Free
s42291,Zara Singh,25,Male,UK,3/16/2021,Yearly
s42292,Aarav Brown,25,Female,India,2/5/2021,Yearly
s42293,Liam Hall,26,Male,India,7/18/2020,Monthly
s42294,Isabella Miller,65,Female,USA,9/11/2020,Monthly
s42295,Benjamin Walker,43,Male,Germany,2/28/2019,Yearly
s42296,Amelia Smith,26,Other,Australia,5/26/2020,Yearly
s42297,Mia Martin,33,Other,Australia,6/6/2019,Free
s42298,Amelia Lewis,31,Male,Canada,9/17/2019,Monthly
s42299,Sophia Lewis,50,Female,Australia,3/15/2020,Yearly
s42300,Karan Moore,23,Other,Germany,9/7/2021,Monthly
s42301,Mia Singh,19,Male,USA,7/8/2020,Yearly
s42302,Mia Clark,26,Female,UK,4/5/2022,Monthly
s42303,Meera Sharma,26,Other,Canada,12/7/2021,Yearly
s42304,Benjamin Verma,41,Female,Germany,5/22/2019,Free
s42305,Aanya Clark,23,Other,India,2/12/2022,Yearly
s42306,Vihaan Lewis,48,Male,Australia,8/21/2022,Monthly
s42307,Riya Miller,19,Other,India,2/16/2019,Yearly
s42308,Zara Sharma,21,Male,India,7/23/2020,Monthly
s42309,Noah Lee,38,Female,Germany,7/24/2019,Free
s42310,Amelia Singh,43,Male,USA,12/1/2019,Monthly
s42311,Noah Brown,23,Male,Canada,7/5/2021,Monthly
s42312,Olivia Sharma,22,Female,Germany,3/28/2022,Yearly
s42313,Liam Sharma,35,Other,Canada,8/20/2020,Yearly
s42314,Riya Clark,40,Female,UK,7/12/2022,Free
s42315,Eva Walker,23,Other,Germany,8/26/2021,Free
s42316,Noah Miller,29,Male,India,5/15/2021,Yearly
s42317,Karan Anderson,24,Other,India,1/28/2021,Monthly
s42318,Riya Sharma,22,Female,Germany,2/27/2021,Yearly
s42319,Eva Taylor,62,Female,India,8/6/2021,Free
s42320,Ethan Lewis,31,Female,Canada,9/16/2021,Free
s42321,Eva Thomas,36,Female,USA,3/29/2022,Free
s42322,Aanya Davis,26,Male,Australia,1/18/2022,Monthly
s42323,Benjamin Miller,49,Female,Germany,4/5/2019,Free
s42324,Mia Anderson,29,Other,UK,4/3/2019,Monthly
s42325,Riya Lewis,35,Male,Australia,1/16/2022,Monthly
s42326,Isabella Singh,59,Other,Germany,11/7/2020,Free
s42327,Isabella Moore,27,Other,Australia,7/31/2021,Yearly
s42328,Arjun Thomas,18,Other,UK,10/13/2022,Free
s42329,Liam Anderson,35,Other,Germany,7/2/2020,Yearly
s42330,Arjun Moore,65,Other,USA,9/28/2022,Free
s42331,Eva Anderson,24,Male,USA,3/15/2021,Yearly
s42332,Zara Smith,20,Other,India,6/1/2019,Yearly
s42333,Isabella Singh,21,Female,India,2/17/2019,Monthly
s42334,Sophia Anderson,24,Male,USA,11/30/2021,Free
s42335,Emma Singh,44,Female,UK,6/7/2019,Yearly
s42336,Eva Davis,31,Female,Germany,6/25/2020,Yearly
s42337,Meera Taylor,21,Other,Germany,6/3/2020,Free
s42338,Aarav Clark,45,Female,UK,3/11/2020,Yearly
s42339,Sophia Sharma,26,Other,UK,3/18/2022,Monthly
s42340,Amelia Martin,22,Male,USA,8/5/2020,Free
s42341,Arjun Johnson,26,Other,USA,9/4/2019,Yearly
s42342,Ethan Moore,24,Other,Germany,12/29/2019,Monthly
s42343,Benjamin Taylor,24,Male,Germany,11/17/2022,Free
s42344,Aanya Moore,27,Other,UK,5/7/2022,Yearly
s42345,Liam Lewis,41,Other,Germany,3/3/2020,Monthly
s42346,Aarav Wilson,26,Female,India,8/21/2021,Monthly
s42347,Benjamin Walker,50,Male,Canada,6/9/2019,Monthly
s42348,Ethan Thomas,21,Male,Germany,5/19/2021,Monthly
s42349,Benjamin Smith,20,Female,Canada,4/14/2019,Yearly
s42350,Ethan Anderson,18,Other,UK,5/24/2019,Free
s42351,Emma Johnson,30,Male,Germany,5/19/2020,Free
s42352,Mia Miller,45,Female,India,9/5/2019,Yearly
s42353,Amelia Patel,19,Female,UK,8/20/2020,Free
s42354,Benjamin Anderson,20,Other,India,1/13/2021,Monthly
s42355,Olivia Johnson,25,Other,Australia,9/17/2022,Monthly
s42356,Riya Smith,54,Female,Germany,10/5/2019,Yearly
s42357,Benjamin Verma,41,Female,Germany,4/24/2022,Yearly
s42358,Noah Patel,23,Male,Australia,1/3/2022,Monthly
s42359,Meera Anderson,20,Other,UK,4/17/2022,Monthly
s42360,Amelia Thomas,18,Male,UK,2/2/2022,Free
s42361,Olivia Walker,53,Other,Australia,6/15/2019,Free
s42362,Aarav Moore,62,Other,Canada,8/22/2022,Yearly
s42363,Amelia Hall,23,Other,Germany,6/24/2022,Monthly
s42364,Emma Walker,26,Female,India,1/15/2022,Yearly
s42365,Riya Singh,26,Female,Germany,6/24/2022,Free
s42366,Amelia Hall,25,Other,Canada,3/26/2019,Yearly
s42367,Arjun Taylor,48,Female,UK,9/30/2021,Yearly
s42368,Liam Sharma,23,Male,Canada,3/21/2021,Yearly
s42369,Benjamin Verma,20,Male,Australia,12/28/2021,Free
s42370,Benjamin Walker,22,Male,India,11/21/2021,Free
s42371,Lucas Walker,26,Other,Canada,4/21/2019,Yearly
s42372,Amelia Brown,25,Female,UK,5/12/2022,Monthly
s42373,Zara Johnson,29,Female,India,9/6/2021,Monthly
s42374,Benjamin Smith,35,Male,India,1/6/2021,Yearly
s42375,Liam Singh,47,Male,Germany,3/23/2021,Yearly
s42376,Benjamin Verma,54,Other,Canada,8/10/2019,Yearly
s42377,Amelia Martin,20,Female,Canada,10/2/2022,Yearly
s42378,Vihaan Verma,26,Female,UK,9/10/2021,Free
s42379,Emma Smith,18,Male,UK,9/19/2022,Monthly
s42380,Meera Lewis,24,Male,India,11/9/2021,Free
s42381,Isabella Thomas,22,Female,UK,6/22/2020,Monthly
s42382,Benjamin Brown,29,Female,Australia,8/22/2020,Monthly
s42383,Amelia Smith,45,Female,India,11/30/2019,Monthly
s42384,Emma Lewis,34,Female,India,8/2/2022,Yearly
s42385,Karan Singh,20,Female,UK,3/10/2020,Yearly
s42386,Riya Walker,46,Other,UK,12/24/2022,Yearly
s42387,Meera Lewis,39,Female,Australia,10/19/2021,Free
s42388,Mia Miller,36,Female,Canada,11/9/2019,Yearly
s42389,Lucas Clark,58,Other,India,8/2/2019,Yearly
s42390,Ethan Thomas,20,Female,USA,6/13/2020,Monthly
s42391,Meera Taylor,44,Female,Germany,2/14/2020,Free
s42392,Aarav Anderson,44,Male,India,7/25/2021,Free
s42393,Emma Miller,26,Male,Germany,12/14/2021,Monthly
s42394,Riya Clark,18,Other,USA,7/6/2021,Free
s42395,Ethan Anderson,21,Male,Germany,7/29/2019,Monthly
s42396,Vihaan Martin,50,Female,Canada,9/6/2022,Free
s42397,Eva Taylor,21,Male,USA,4/26/2022,Yearly
s42398,Noah Martin,65,Female,Germany,8/30/2019,Yearly
s42399,Lucas Walker,27,Female,Canada,11/13/2020,Yearly
s42400,Karan Davis,33,Other,India,11/28/2019,Yearly
s42401,Olivia Hall,27,Male,India,8/24/2022,Yearly
s42402,Amelia Martin,27,Male,Canada,7/12/2019,Free
s42403,Isabella Hall,27,Male,Germany,7/29/2021,Monthly
s42404,Riya Clark,24,Male,Canada,11/14/2020,Free
s42405,Aanya Anderson,23,Other,UK,1/16/2020,Yearly
s42406,Riya Hall,37,Other,Canada,5/31/2022,Yearly
s42407,Liam Walker,28,Male,Australia,3/3/2021,Monthly
s42408,Mia Sharma,42,Male,Germany,12/22/2021,Yearly
s42409,Olivia Singh,25,Other,Germany,1/31/2021,Monthly
s42410,Ethan Wilson,22,Male,Germany,8/10/2019,Free
s42411,Liam Verma,18,Male,Australia,4/15/2020,Free
s42412,Karan Smith,23,Male,Australia,9/14/2019,Yearly
s42413,Vihaan Brown,19,Other,UK,7/18/2020,Free
s42414,Benjamin Lewis,19,Male,UK,4/28/2020,Yearly
s42415,Ethan Verma,55,Male,Canada,10/23/2022,Free
s42416,Benjamin Martin,26,Female,UK,12/14/2020,Free
s42417,Mia Johnson,34,Other,USA,6/8/2019,Monthly
s42418,Sophia Wilson,24,Female,Canada,12/5/2022,Monthly
s42419,Benjamin Moore,42,Other,Australia,5/27/2019,Free
s42420,Emma Davis,28,Female,Australia,4/18/2020,Monthly
s42421,Liam Verma,50,Male,India,2/17/2019,Yearly
s42422,Zara Martin,25,Other,UK,2/25/2019,Monthly
s42423,Benjamin Thomas,36,Female,Canada,11/18/2021,Monthly
s42424,Karan Hall,63,Other,UK,12/3/2020,Monthly
s42425,Aarav Wilson,23,Male,Germany,9/22/2021,Yearly
s42426,Zara Davis,42,Male,India,7/23/2020,Yearly
s42427,Ethan Johnson,59,Male,Canada,1/28/2021,Yearly
s42428,Noah Lee,34,Male,Australia,3/25/2019,Monthly
s42429,Karan Moore,19,Other,USA,8/6/2020,Yearly
s42430,Lucas Hall,46,Male,Canada,6/17/2022,Monthly
s42431,Lucas Verma,53,Other,USA,12/19/2020,Monthly
s42432,Aanya Singh,22,Male,Germany,3/25/2019,Free
s42433,Olivia Martin,44,Male,Australia,4/20/2022,Free
s42434,Benjamin Hall,57,Female,Germany,10/1/2022,Free
s42435,Zara Lee,43,Male,Canada,9/4/2022,Monthly
s42436,Amelia Moore,38,Other,Germany,2/7/2020,Monthly
s42437,Aarav Lewis,20,Female,UK,12/3/2021,Free
s42438,Ethan Lee,35,Other,USA,11/1/2022,Free
s42439,Karan Brown,29,Male,Australia,11/22/2020,Monthly
s42440,Liam Walker,21,Male,Canada,12/11/2019,Monthly
s42441,Emma Lee,21,Other,India,8/31/2021,Yearly
s42442,Meera Brown,22,Male,India,4/12/2021,Monthly
s42443,Isabella Sharma,49,Other,Germany,8/10/2020,Monthly
s42444,Emma Anderson,61,Male,Germany,9/7/2020,Monthly
s42445,Meera Walker,40,Other,India,6/13/2019,Free
s42446,Aanya Verma,26,Female,Germany,7/6/2022,Yearly
s42447,Olivia Patel,36,Male,USA,6/26/2022,Free
s42448,Aanya Sharma,21,Female,India,7/19/2021,Yearly
s42449,Zara Walker,28,Other,UK,12/23/2019,Free
s42450,Meera Wilson,25,Female,Germany,12/27/2020,Yearly
s42451,Eva Lewis,20,Other,UK,3/29/2020,Yearly
s42452,Noah Sharma,41,Female,USA,2/28/2020,Monthly
s42453,Emma Wilson,20,Other,UK,7/29/2020,Yearly
s42454,Vihaan Wilson,18,Female,UK,1/7/2020,Free
s42455,Mia Singh,27,Female,Australia,10/2/2022,Yearly
s42456,Riya Verma,40,Male,UK,10/29/2021,Monthly
s42457,Arjun Miller,27,Male,Australia,9/3/2019,Yearly
s42458,Olivia Brown,23,Female,Australia,12/28/2020,Yearly
s42459,Sophia Anderson,24,Other,USA,6/4/2020,Free
s42460,Meera Verma,30,Other,Canada,6/29/2020,Free
s42461,Lucas Singh,27,Female,USA,11/12/2021,Yearly
s42462,Noah Anderson,65,Male,UK,4/17/2019,Monthly
s42463,Arjun Anderson,21,Other,Australia,1/8/2022,Free
s42464,Arjun Martin,45,Female,Australia,7/12/2022,Yearly
s42465,Vihaan Moore,66,Male,UK,3/28/2021,Monthly
s42466,Benjamin Thomas,43,Other,India,10/4/2019,Monthly
s42467,Emma Smith,39,Other,Australia,1/13/2020,Free
s42468,Lucas Lee,56,Male,Australia,5/18/2021,Yearly
s42469,Sophia Martin,27,Female,UK,6/16/2019,Monthly
s42470,Noah Martin,27,Male,Australia,12/27/2022,Free
s42471,Olivia Clark,18,Male,Australia,4/9/2020,Free
s42472,Aanya Walker,25,Male,USA,5/7/2020,Yearly
s42473,Olivia Thomas,25,Male,Australia,3/1/2020,Monthly
s42474,Aanya Anderson,32,Female,India,9/15/2020,Yearly
s42475,Aanya Singh,20,Other,Germany,1/3/2019,Yearly
s42476,Emma Thomas,42,Female,UK,2/27/2019,Monthly
s42477,Benjamin Smith,53,Male,Australia,7/25/2019,Yearly
s42478,Sophia Davis,35,Male,Australia,10/25/2022,Monthly
s42479,Ethan Lewis,47,Other,Canada,10/22/2019,Yearly
s42480,Isabella Walker,65,Other,Germany,1/26/2019,Yearly
s42481,Olivia Thomas,26,Other,Canada,8/18/2020,Free
s42482,Riya Sharma,18,Male,UK,5/4/2020,Free
s42483,Aanya Johnson,32,Female,UK,10/4/2022,Free
s42484,Ethan Patel,23,Male,USA,8/29/2019,Yearly
s42485,Arjun Singh,41,Male,Germany,3/22/2019,Monthly
s42486,Mia Johnson,29,Male,Canada,9/21/2019,Yearly
s42487,Amelia Thomas,39,Other,Canada,2/14/2022,Yearly
s42488,Noah Patel,22,Other,USA,1/4/2021,Free
s42489,Olivia Moore,28,Other,Australia,5/20/2020,Free
s42490,Benjamin Moore,25,Other,Australia,3/29/2022,Yearly
s42491,Arjun Martin,31,Male,Canada,8/31/2022,Yearly
s42492,Eva Walker,58,Female,Germany,8/10/2022,Yearly
s42493,Lucas Smith,51,Other,Australia,7/24/2020,Yearly
s42494,Karan Anderson,47,Other,USA,11/24/2020,Monthly
s42495,Noah Lee,20,Other,Canada,5/26/2020,Monthly
s42496,Aarav Singh,22,Male,Canada,10/29/2022,Monthly
s42497,Noah Moore,23,Other,Australia,7/3/2021,Monthly
s42498,Emma Wilson,67,Female,Germany,3/18/2019,Monthly
s42499,Olivia Hall,18,Male,India,3/3/2020,Monthly
s42500,Meera Smith,39,Male,Canada,7/12/2022,Free
s42501,Aarav Walker,26,Female,India,6/12/2019,Free
s42502,Eva Lee,22,Female,India,10/5/2020,Monthly
s42503,Amelia Wilson,27,Other,USA,9/6/2020,Monthly
s42504,Zara Patel,21,Other,Australia,5/22/2021,Yearly
s42505,Emma Hall,33,Other,UK,3/9/2020,Yearly
s42506,Zara Lee,61,Male,Canada,5/5/2021,Free
s42507,Vihaan Walker,34,Male,Canada,2/24/2020,Free
s42508,Olivia Hall,22,Other,Germany,6/9/2022,Yearly
s42509,Mia Sharma,19,Male,Australia,5/1/2021,Yearly
s42510,Noah Singh,25,Female,India,4/10/2019,Free
s42511,Lucas Lee,33,Female,USA,1/5/2020,Monthly
s42512,Karan Verma,19,Other,UK,3/4/2021,Free
s42513,Benjamin Taylor,20,Male,Canada,11/6/2021,Monthly
s42514,Isabella Moore,24,Male,Germany,5/15/2019,Monthly
s42515,Arjun Smith,53,Male,USA,3/13/2022,Monthly
s42516,Ethan Brown,22,Male,Australia,2/27/2022,Monthly
s42517,Benjamin Sharma,41,Male,USA,1/3/2019,Yearly
s42518,Riya Patel,38,Other,USA,8/15/2022,Yearly
s42519,Sophia Wilson,30,Other,Australia,11/12/2021,Free
s42520,Liam Thomas,21,Male,USA,4/3/2019,Yearly
s42521,Noah Clark,50,Other,India,9/18/2019,Yearly
s42522,Lucas Sharma,22,Male,Germany,8/13/2022,Yearly
s42523,Noah Sharma,20,Other,India,10/26/2020,Monthly
s42524,Benjamin Patel,20,Other,USA,11/20/2019,Monthly
s42525,Benjamin Sharma,18,Other,USA,5/3/2019,Yearly
s42526,Isabella Singh,60,Male,UK,8/21/2020,Free
s42527,Riya Miller,67,Male,India,10/23/2020,Monthly
s42528,Meera Smith,55,Female,USA,11/7/2019,Monthly
s42529,Karan Johnson,19,Male,Australia,2/4/2020,Monthly
s42530,Benjamin Verma,18,Female,Australia,6/16/2020,Yearly
s42531,Meera Clark,21,Female,Germany,12/26/2019,Monthly
s42532,Lucas Lewis,34,Other,UK,10/6/2020,Yearly
s42533,Riya Singh,18,Female,Germany,1/15/2019,Yearly
s42534,Zara Smith,42,Other,UK,11/28/2020,Free
s42535,Arjun Anderson,33,Other,India,10/6/2019,Monthly
s42536,Mia Lewis,18,Other,Canada,2/1/2020,Monthly
s42537,Karan Miller,47,Male,USA,6/18/2022,Monthly
s42538,Karan Davis,23,Male,USA,3/14/2022,Yearly
s42539,Eva Clark,24,Other,Canada,3/31/2021,Yearly
s42540,Karan Taylor,21,Other,Germany,2/24/2020,Free
s42541,Meera Clark,18,Female,UK,5/15/2020,Monthly
s42542,Aarav Hall,22,Male,India,9/29/2022,Yearly
s42543,Riya Anderson,31,Female,Germany,9/25/2022,Free
s42544,Zara Smith,62,Other,India,9/11/2020,Free
s42545,Isabella Smith,33,Male,Australia,4/16/2019,Free
s42546,Vihaan Clark,25,Male,Germany,8/22/2019,Monthly
s42547,Sophia Hall,27,Male,Canada,9/4/2021,Yearly
s42548,Aarav Miller,44,Male,Australia,4/22/2022,Free
s42549,Lucas Lewis,25,Male,USA,3/4/2020,Monthly
s42550,Meera Lee,21,Male,Canada,9/30/2021,Monthly
s42551,Benjamin Davis,36,Other,Germany,8/24/2021,Free
s42552,Aanya Thomas,50,Male,Canada,1/5/2021,Yearly
s42553,Emma Patel,20,Male,UK,4/9/2022,Free
s42554,Meera Lee,46,Female,Germany,5/31/2019,Free
s42555,Riya Patel,19,Female,India,1/3/2020,Free
s42556,Eva Brown,37,Other,India,1/6/2022,Yearly
s42557,Aanya Smith,19,Female,Australia,9/1/2019,Free
s42558,Ethan Sharma,27,Female,USA,2/21/2022,Free
s42559,Arjun Brown,27,Female,USA,2/23/2022,Free
s42560,Vihaan Moore,24,Male,India,6/12/2022,Free
s42561,Emma Anderson,21,Other,UK,4/30/2020,Yearly
s42562,Aarav Lewis,51,Male,UK,5/16/2019,Monthly
s42563,Benjamin Moore,18,Other,UK,8/20/2019,Yearly
s42564,Karan Martin,21,Female,India,7/2/2019,Monthly
s42565,Aarav Johnson,23,Female,UK,3/22/2022,Monthly
s42566,Emma Wilson,37,Male,USA,10/15/2021,Monthly
s42567,Lucas Miller,27,Female,India,9/18/2021,Monthly
s42568,Benjamin Lee,22,Male,USA,5/12/2021,Yearly
s42569,Isabella Wilson,31,Female,India,10/7/2022,Monthly
s42570,Mia Walker,18,Other,Germany,10/25/2019,Free
s42571,Ethan Hall,43,Other,India,8/1/2022,Free
s42572,Meera Davis,27,Male,UK,1/13/2019,Free
s42573,Zara Walker,27,Female,Canada,7/9/2020,Monthly
s42574,Emma Singh,36,Other,Canada,7/30/2022,Monthly
s42575,Olivia Davis,45,Male,Canada,4/25/2019,Free
s42576,Ethan Anderson,24,Other,USA,5/9/2020,Free
s42577,Arjun Brown,28,Female,India,3/17/2021,Monthly
s42578,Eva Johnson,38,Female,UK,7/2/2019,Free
s42579,Benjamin Sharma,41,Other,India,10/28/2019,Yearly
s42580,Eva Clark,22,Female,Germany,7/19/2021,Yearly
s42581,Zara Davis,25,Female,India,5/27/2022,Monthly
s42582,Aanya Walker,56,Other,Canada,7/31/2020,Free
s42583,Eva Johnson,29,Male,USA,1/29/2019,Free
s42584,Arjun Martin,26,Female,USA,2/27/2021,Free
s42585,Lucas Brown,31,Male,Canada,12/18/2019,Yearly
s42586,Karan Hall,43,Female,Canada,12/15/2019,Monthly
s42587,Amelia Taylor,50,Male,UK,12/4/2022,Yearly
s42588,Liam Anderson,47,Other,Canada,11/23/2021,Free
s42589,Noah Singh,42,Male,Germany,10/12/2020,Free
s42590,Noah Lee,21,Male,Canada,8/22/2019,Free
s42591,Zara Brown,26,Other,Canada,3/30/2021,Monthly
s42592,Vihaan Smith,23,Male,Germany,8/21/2019,Yearly
s42593,Karan Moore,44,Other,Australia,10/8/2019,Monthly
s42594,Emma Walker,38,Other,Canada,11/6/2021,Monthly
s42595,Zara Wilson,46,Other,Canada,2/16/2019,Monthly
s42596,Eva Lewis,22,Male,USA,12/13/2019,Monthly
s42597,Sophia Wilson,30,Female,Germany,7/24/2022,Yearly
s42598,Liam Johnson,21,Male,Australia,12/19/2019,Free
s42599,Benjamin Sharma,24,Male,USA,1/10/2019,Yearly
s42600,Aarav Walker,21,Female,USA,12/2/2021,Yearly
s42601,Meera Singh,27,Other,USA,7/20/2019,Yearly
s42602,Arjun Johnson,23,Male,UK,10/19/2019,Yearly
s42603,Benjamin Johnson,21,Male,UK,3/4/2020,Yearly
s42604,Liam Patel,53,Female,Germany,9/5/2020,Free
s42605,Karan Clark,50,Female,Canada,12/12/2019,Monthly
s42606,Karan Martin,24,Female,Canada,12/14/2019,Yearly
s42607,Ethan Wilson,27,Female,India,10/6/2022,Monthly
s42608,Lucas Verma,25,Other,India,5/22/2020,Free
s42609,Olivia Johnson,25,Female,UK,11/2/2021,Yearly
s42610,Riya Singh,27,Male,Germany,1/10/2019,Free
s42611,Lucas Patel,19,Other,UK,3/14/2020,Monthly
s42612,Isabella Smith,23,Female,India,8/25/2019,Yearly
s42613,Mia Anderson,22,Other,Canada,1/10/2020,Monthly
s42614,Mia Verma,26,Other,Australia,12/21/2021,Free
s42615,Aarav Martin,44,Male,USA,5/24/2020,Yearly
s42616,Noah Lee,28,Male,India,1/22/2019,Monthly
s42617,Aanya Thomas,35,Female,Australia,9/24/2022,Yearly
s42618,Lucas Brown,31,Other,Australia,8/17/2021,Yearly
s42619,Eva Davis,25,Male,Canada,12/26/2022,Monthly
s42620,Noah Johnson,33,Other,Germany,12/12/2021,Monthly
s42621,Ethan Thomas,34,Female,Germany,2/12/2022,Monthly
s42622,Aarav Clark,25,Male,Canada,4/26/2019,Yearly
s42623,Noah Taylor,23,Male,UK,5/27/2019,Free
s42624,Karan Smith,41,Female,Canada,1/2/2022,Yearly
s42625,Sophia Lee,19,Other,Germany,7/13/2019,Yearly
s42626,Emma Thomas,23,Other,India,9/8/2021,Free
s42627,Isabella Wilson,27,Female,USA,2/28/2021,Monthly
s42628,Aarav Hall,35,Female,Germany,7/7/2020,Yearly
s42629,Mia Clark,33,Female,Canada,2/16/2022,Monthly
s42630,Olivia Smith,41,Other,Australia,8/4/2019,Yearly
s42631,Olivia Miller,42,Female,Germany,10/29/2022,Yearly
s42632,Lucas Moore,58,Other,Australia,6/23/2019,Yearly
s42633,Arjun Miller,19,Other,USA,12/20/2021,Yearly
s42634,Vihaan Verma,30,Male,Canada,8/13/2021,Monthly
s42635,Olivia Hall,27,Other,USA,1/3/2022,Yearly
s42636,Eva Walker,24,Other,India,6/12/2022,Free
s42637,Sophia Johnson,24,Female,India,8/4/2021,Free
s42638,Sophia Smith,20,Female,UK,12/25/2020,Free
s42639,Ethan Sharma,23,Male,Germany,9/26/2020,Yearly
s42640,Noah Patel,27,Male,India,6/22/2022,Yearly
s42641,Zara Sharma,21,Female,Germany,3/21/2019,Monthly
s42642,Amelia Thomas,20,Other,UK,5/20/2019,Monthly
s42643,Mia Miller,20,Male,Germany,1/13/2020,Yearly
s42644,Benjamin Walker,19,Female,India,10/6/2020,Free
s42645,Sophia Davis,26,Male,USA,6/22/2021,Yearly
s42646,Arjun Moore,27,Male,Australia,11/25/2020,Monthly
s42647,Arjun Walker,31,Female,Australia,11/17/2019,Yearly
s42648,Olivia Taylor,56,Male,Germany,2/24/2019,Yearly
s42649,Ethan Lee,34,Female,India,11/18/2021,Monthly
s42650,Olivia Johnson,41,Female,UK,2/23/2020,Monthly
s42651,Lucas Verma,27,Male,Australia,12/23/2021,Monthly
s42652,Zara Sharma,24,Male,Canada,1/28/2019,Free
s42653,Aarav Davis,36,Other,UK,9/20/2021,Monthly
s42654,Noah Verma,36,Female,India,1/16/2022,Free
s42655,Isabella Walker,25,Other,India,4/28/2020,Free
s42656,Amelia Martin,24,Other,Canada,6/9/2021,Yearly
s42657,Riya Johnson,26,Female,Australia,12/13/2019,Free
s42658,Karan Hall,22,Male,Germany,6/26/2022,Monthly
s42659,Amelia Singh,23,Female,USA,3/12/2021,Free
s42660,Lucas Thomas,19,Other,UK,2/25/2021,Yearly
s42661,Lucas Singh,19,Male,India,7/4/2021,Free
s42662,Karan Patel,23,Other,Canada,6/16/2022,Yearly
s42663,Emma Johnson,41,Male,India,10/18/2019,Free
s42664,Sophia Taylor,20,Male,India,10/6/2019,Yearly
s42665,Vihaan Walker,18,Other,Germany,4/13/2019,Free
s42666,Mia Martin,51,Female,Canada,1/10/2019,Free
s42667,Amelia Thomas,24,Female,Australia,5/10/2021,Free
s42668,Isabella Johnson,32,Male,Australia,6/30/2021,Yearly
s42669,Ethan Johnson,37,Male,Australia,4/26/2019,Monthly
s42670,Mia Hall,37,Female,Germany,3/31/2022,Monthly
s42671,Lucas Moore,30,Male,Australia,2/26/2022,Free
s42672,Sophia Davis,32,Female,Germany,10/16/2022,Yearly
s42673,Vihaan Miller,28,Female,Canada,6/10/2021,Monthly
s42674,Mia Thomas,49,Other,UK,9/3/2022,Monthly
s42675,Zara Patel,43,Female,Germany,9/7/2020,Monthly
s42676,Benjamin Lewis,21,Other,India,8/6/2021,Free
s42677,Amelia Sharma,21,Other,India,4/21/2021,Yearly
s42678,Arjun Moore,32,Other,Canada,9/12/2022,Yearly
s42679,Isabella Brown,24,Female,Australia,9/22/2020,Monthly
s42680,Riya Patel,48,Other,India,3/20/2022,Yearly
s42681,Ethan Walker,27,Male,UK,6/4/2021,Free
s42682,Karan Anderson,24,Female,India,12/14/2022,Monthly
s42683,Sophia Smith,21,Male,Canada,8/13/2021,Yearly
s42684,Aarav Lee,56,Female,Canada,2/3/2022,Free
s42685,Liam Johnson,56,Female,Australia,4/11/2022,Free
s42686,Sophia Brown,25,Female,Australia,8/11/2020,Yearly
s42687,Sophia Brown,44,Female,Germany,8/18/2022,Monthly
s42688,Noah Thomas,38,Male,Germany,2/1/2021,Free
s42689,Eva Lewis,19,Female,UK,4/8/2022,Monthly
s42690,Olivia Sharma,47,Female,Canada,6/19/2020,Free
s42691,Olivia Patel,44,Other,Australia,10/20/2019,Free
s42692,Olivia Taylor,27,Other,UK,12/28/2021,Free
s42693,Liam Patel,25,Female,Canada,10/7/2019,Monthly
s42694,Aanya Brown,19,Female,Australia,4/23/2022,Yearly
s42695,Noah Walker,39,Other,Canada,8/27/2021,Free
s42696,Emma Clark,19,Male,Australia,2/16/2019,Monthly
s42697,Zara Moore,27,Male,UK,11/5/2020,Free
s42698,Olivia Smith,27,Female,Canada,9/27/2021,Free
s42699,Riya Clark,27,Male,UK,1/2/2019,Free
s42700,Karan Verma,20,Other,USA,6/18/2022,Free
s42701,Lucas Patel,21,Male,USA,8/10/2021,Yearly
s42702,Noah Verma,42,Other,USA,2/1/2020,Free
s42703,Mia Clark,21,Other,Canada,4/4/2019,Monthly
s42704,Aanya Moore,18,Other,Germany,6/22/2019,Free
s42705,Aanya Davis,23,Other,USA,1/25/2019,Monthly
s42706,Liam Moore,36,Female,Germany,2/13/2019,Free
s42707,Lucas Clark,43,Male,India,4/14/2020,Monthly
s42708,Aanya Patel,28,Female,UK,8/2/2020,Free
s42709,Benjamin Patel,18,Male,Australia,9/2/2021,Yearly
s42710,Ethan Hall,26,Male,USA,11/5/2019,Yearly
s42711,Olivia Smith,21,Female,Germany,5/26/2021,Monthly
s42712,Liam Lee,20,Female,Germany,1/24/2022,Free
s42713,Emma Singh,40,Female,Germany,5/20/2020,Monthly
s42714,Eva Davis,18,Other,Canada,3/18/2020,Free
s42715,Eva Patel,37,Female,Canada,11/29/2021,Yearly
s42716,Ethan Sharma,32,Female,Canada,11/29/2021,Free
s42717,Arjun Brown,26,Male,Germany,8/20/2021,Monthly
s42718,Isabella Moore,41,Male,UK,6/11/2019,Monthly
s42719,Vihaan Anderson,21,Other,Australia,4/10/2022,Monthly
s42720,Meera Verma,24,Female,Canada,1/10/2022,Monthly
s42721,Sophia Verma,33,Other,Australia,2/12/2020,Free
s42722,Emma Sharma,18,Male,Australia,10/22/2019,Yearly
s42723,Eva Moore,38,Female,Australia,3/17/2022,Yearly
s42724,Emma Anderson,30,Male,UK,8/25/2019,Yearly
s42725,Ethan Thomas,24,Female,Canada,2/13/2022,Monthly
s42726,Liam Walker,34,Male,Australia,10/5/2020,Free
s42727,Zara Patel,27,Male,India,2/4/2021,Free
s42728,Arjun Miller,45,Female,Australia,10/17/2020,Free
s42729,Riya Thomas,43,Female,UK,4/4/2022,Monthly
s42730,Mia Smith,42,Female,UK,2/4/2020,Yearly
s42731,Isabella Patel,45,Other,Germany,3/11/2021,Monthly
s42732,Lucas Lewis,24,Female,India,3/27/2020,Monthly
s42733,Olivia Johnson,28,Male,UK,5/4/2019,Free
s42734,Sophia Moore,43,Female,Australia,8/26/2019,Yearly
s42735,Isabella Wilson,18,Female,Canada,8/4/2020,Free
s42736,Aanya Clark,42,Male,Germany,8/19/2022,Free
s42737,Amelia Walker,45,Male,Canada,1/1/2021,Yearly
s42738,Isabella Lewis,19,Female,Germany,9/12/2021,Free
s42739,Lucas Miller,40,Female,UK,7/5/2022,Free
s42740,Aanya Hall,22,Other,Germany,1/8/2022,Free
s42741,Sophia Moore,19,Female,India,10/23/2019,Monthly
s42742,Ethan Davis,22,Female,Australia,11/26/2022,Yearly
s42743,Emma Verma,41,Other,Australia,10/9/2020,Yearly
s42744,Emma Verma,24,Other,Australia,6/17/2021,Monthly
s42745,Lucas Smith,20,Other,Australia,4/26/2020,Monthly
s42746,Eva Anderson,43,Female,Germany,8/17/2020,Free
s42747,Arjun Verma,29,Male,Germany,9/15/2019,Monthly
s42748,Emma Smith,18,Female,India,10/8/2022,Monthly
s42749,Isabella Johnson,36,Other,India,9/5/2022,Monthly
s42750,Emma Walker,52,Male,USA,8/9/2020,Yearly
s42751,Aanya Brown,30,Other,Australia,6/21/2022,Yearly
s42752,Lucas Smith,18,Female,USA,11/16/2019,Monthly
s42753,Aarav Brown,24,Other,Germany,3/22/2021,Yearly
s42754,Noah Martin,38,Male,USA,5/21/2020,Monthly
s42755,Riya Miller,61,Female,Australia,5/4/2020,Free
s42756,Amelia Smith,47,Female,USA,9/30/2022,Yearly
s42757,Sophia Lewis,20,Other,USA,3/25/2021,Monthly
s42758,Aanya Anderson,37,Male,UK,8/11/2019,Yearly
s42759,Sophia Davis,26,Other,Australia,9/24/2020,Yearly
s42760,Arjun Walker,19,Male,India,3/19/2020,Monthly
s42761,Sophia Brown,61,Other,UK,12/6/2021,Yearly
s42762,Mia Anderson,27,Female,Australia,3/3/2019,Monthly
s42763,Olivia Taylor,25,Male,Australia,6/22/2020,Monthly
s42764,Riya Verma,18,Male,Canada,6/7/2021,Yearly
s42765,Sophia Johnson,24,Male,Germany,6/1/2021,Yearly
s42766,Noah Sharma,53,Male,Germany,2/4/2020,Yearly
s42767,Eva Lee,37,Other,Australia,9/2/2022,Free
s42768,Benjamin Lee,19,Male,USA,1/8/2020,Yearly
s42769,Olivia Singh,48,Other,Canada,4/27/2020,Monthly
s42770,Aanya Martin,18,Female,Canada,6/11/2021,Monthly
s42771,Mia Lewis,44,Other,Germany,3/7/2022,Monthly
s42772,Aanya Patel,34,Other,UK,12/9/2022,Free
s42773,Aarav Thomas,22,Male,India,2/1/2022,Monthly
s42774,Meera Martin,24,Other,Australia,11/20/2020,Yearly
s42775,Karan Sharma,23,Male,UK,3/22/2019,Monthly
s42776,Eva Lewis,26,Female,UK,5/16/2022,Yearly
s42777,Riya Wilson,20,Male,Germany,11/21/2020,Monthly
s42778,Riya Moore,47,Female,Germany,9/28/2021,Monthly
s42779,Aanya Johnson,47,Male,UK,11/18/2019,Free
s42780,Amelia Hall,20,Male,Canada,6/22/2021,Yearly
s42781,Benjamin Smith,31,Female,Canada,8/28/2019,Monthly
s42782,Karan Hall,20,Other,USA,12/23/2020,Monthly
s42783,Aanya Patel,23,Male,Canada,5/4/2019,Monthly
s42784,Karan Patel,27,Female,India,12/26/2022,Monthly
s42785,Karan Sharma,18,Female,Germany,9/11/2019,Monthly
s42786,Riya Patel,44,Male,Australia,10/9/2021,Monthly
s42787,Vihaan Lee,26,Male,USA,9/20/2020,Monthly
s42788,Sophia Taylor,23,Male,Germany,10/7/2021,Yearly
s42789,Vihaan Johnson,22,Male,UK,7/23/2019,Free
s42790,Olivia Sharma,19,Other,UK,4/25/2019,Monthly
s42791,Mia Martin,21,Female,India,3/27/2022,Yearly
s42792,Isabella Moore,34,Other,UK,5/30/2020,Yearly
s42793,Vihaan Verma,40,Male,UK,3/26/2019,Monthly
s42794,Isabella Moore,36,Male,India,1/12/2022,Monthly
s42795,Arjun Johnson,36,Male,UK,7/13/2021,Free
s42796,Arjun Moore,19,Male,Australia,4/8/2022,Free
s42797,Vihaan Clark,60,Male,Germany,12/2/2022,Free
s42798,Isabella Hall,20,Male,India,3/18/2019,Yearly
s42799,Olivia Verma,27,Male,Australia,7/2/2022,Free
s42800,Zara Smith,45,Other,Germany,4/18/2019,Free
s42801,Olivia Walker,28,Other,India,4/5/2021,Monthly
s42802,Arjun Anderson,66,Female,UK,4/14/2020,Free
s42803,Aanya Miller,38,Male,Germany,4/22/2021,Monthly
s42804,Noah Thomas,47,Male,USA,7/25/2022,Monthly
s42805,Isabella Smith,44,Male,UK,6/23/2019,Monthly
s42806,Arjun Lewis,37,Male,India,1/21/2020,Free
s42807,Mia Sharma,47,Other,Australia,9/8/2022,Yearly
s42808,Noah Taylor,58,Female,UK,11/6/2020,Free
s42809,Benjamin Clark,27,Other,Germany,10/1/2020,Free
s42810,Emma Lewis,39,Other,Canada,9/5/2020,Yearly
s42811,Liam Lewis,19,Female,Germany,12/29/2019,Free
s42812,Sophia Patel,24,Female,Australia,11/23/2020,Yearly
s42813,Sophia Clark,29,Other,Australia,1/20/2022,Monthly
s42814,Benjamin Sharma,25,Other,UK,1/18/2020,Monthly
s42815,Ethan Brown,26,Other,USA,5/24/2019,Monthly
s42816,Aanya Smith,33,Other,India,4/19/2022,Free
s42817,Emma Johnson,47,Male,UK,10/7/2022,Monthly
s42818,Lucas Hall,29,Other,UK,8/31/2019,Yearly
s42819,Benjamin Johnson,18,Other,India,4/5/2019,Monthly
s42820,Zara Wilson,22,Female,India,11/10/2020,Yearly
s42821,Ethan Singh,25,Other,Australia,9/19/2019,Free
s42822,Mia Hall,30,Other,Australia,4/13/2021,Free
s42823,Eva Thomas,37,Male,UK,6/16/2021,Free
s42824,Aanya Patel,22,Female,Germany,3/1/2020,Yearly
s42825,Karan Hall,22,Other,USA,12/4/2019,Yearly
s42826,Sophia Miller,32,Other,Canada,3/29/2021,Free
s42827,Mia Clark,29,Female,Germany,6/14/2020,Yearly
s42828,Arjun Moore,25,Female,USA,3/20/2020,Monthly
s42829,Eva Sharma,23,Female,UK,5/9/2022,Free
s42830,Arjun Taylor,24,Female,UK,8/24/2020,Yearly
s42831,Liam Brown,39,Other,Germany,3/19/2022,Free
s42832,Vihaan Moore,22,Female,India,1/28/2021,Free
s42833,Benjamin Brown,19,Other,Australia,8/8/2020,Monthly
s42834,Riya Walker,21,Female,India,11/20/2021,Monthly
s42835,Karan Singh,18,Female,Canada,7/6/2022,Free
s42836,Benjamin Moore,37,Female,India,7/13/2021,Monthly
s42837,Riya Singh,43,Male,USA,4/10/2022,Monthly
s42838,Karan Davis,43,Female,USA,7/30/2020,Yearly
s42839,Ethan Walker,56,Other,USA,10/20/2020,Yearly
s42840,Emma Lee,49,Female,Canada,10/7/2021,Free
s42841,Aarav Clark,19,Male,Canada,9/19/2022,Monthly
s42842,Aanya Patel,25,Male,Canada,11/12/2022,Free
s42843,Zara Miller,39,Male,UK,11/3/2019,Free
s42844,Vihaan Moore,37,Other,Germany,9/18/2022,Free
s42845,Karan Hall,32,Female,UK,11/10/2022,Monthly
s42846,Lucas Miller,27,Male,Germany,9/27/2021,Yearly
s42847,Lucas Martin,25,Male,Canada,7/27/2020,Yearly
s42848,Arjun Martin,27,Male,Germany,3/28/2021,Free
s42849,Isabella Sharma,66,Male,USA,8/26/2021,Free
s42850,Aarav Wilson,24,Other,Australia,6/24/2019,Free
s42851,Vihaan Singh,64,Other,USA,8/20/2020,Free
s42852,Liam Johnson,20,Other,Germany,7/13/2020,Free
s42853,Sophia Miller,24,Female,Germany,6/11/2020,Yearly
s42854,Aanya Martin,25,Female,India,9/2/2020,Free
s42855,Liam Anderson,47,Male,India,4/22/2021,Yearly
s42856,Riya Davis,63,Female,India,4/5/2022,Free
s42857,Mia Miller,25,Female,India,5/16/2021,Monthly
s42858,Isabella Lewis,45,Male,India,3/28/2021,Monthly
s42859,Karan Anderson,25,Other,India,7/6/2020,Monthly
s42860,Emma Patel,46,Other,Germany,10/6/2020,Monthly
s42861,Zara Patel,40,Other,India,10/25/2022,Monthly
s42862,Amelia Smith,66,Male,India,10/2/2021,Free
s42863,Lucas Clark,22,Other,India,3/13/2022,Free
s42864,Aarav Singh,20,Other,Germany,9/25/2019,Free
s42865,Lucas Hall,27,Male,Germany,12/19/2020,Yearly
s42866,Meera Johnson,20,Male,Australia,11/9/2019,Monthly
s42867,Eva Moore,26,Male,India,1/21/2021,Yearly
s42868,Meera Wilson,20,Other,USA,5/31/2022,Monthly
s42869,Karan Miller,22,Male,UK,11/10/2021,Yearly
s42870,Sophia Sharma,44,Female,Canada,4/26/2022,Monthly
s42871,Amelia Anderson,23,Male,India,3/2/2019,Yearly
s42872,Aanya Martin,54,Male,Canada,12/13/2022,Monthly
s42873,Isabella Davis,22,Other,Australia,5/24/2019,Free
s42874,Olivia Martin,22,Male,India,12/17/2021,Monthly
s42875,Meera Clark,27,Male,India,12/16/2022,Free
s42876,Karan Taylor,25,Male,Australia,3/1/2020,Yearly
s42877,Meera Miller,26,Male,Australia,6/7/2022,Monthly
s42878,Emma Patel,24,Female,USA,3/21/2021,Yearly
s42879,Meera Clark,18,Other,USA,5/27/2020,Free
s42880,Riya Thomas,50,Other,USA,1/6/2022,Free
s42881,Aanya Johnson,38,Other,USA,1/9/2019,Yearly
s42882,Liam Moore,20,Female,Canada,3/3/2021,Free
s42883,Vihaan Davis,27,Male,Canada,7/6/2021,Yearly
s42884,Liam Miller,31,Female,Germany,8/5/2022,Monthly
s42885,Meera Verma,19,Female,Australia,6/3/2021,Yearly
s42886,Emma Miller,55,Male,UK,11/27/2020,Monthly
s42887,Ethan Johnson,35,Other,India,7/5/2019,Monthly
s42888,Sophia Clark,32,Female,Germany,8/10/2021,Monthly
s42889,Arjun Moore,24,Male,India,5/15/2022,Yearly
s42890,Emma Martin,25,Other,UK,11/18/2021,Yearly
s42891,Riya Walker,18,Other,India,3/13/2022,Yearly
s42892,Sophia Thomas,25,Male,India,12/11/2022,Monthly
s42893,Lucas Brown,27,Female,Canada,1/12/2021,Yearly
s42894,Meera Lee,20,Female,Canada,5/26/2022,Free
s42895,Eva Wilson,23,Other,Australia,10/25/2019,Yearly
s42896,Meera Patel,33,Other,USA,7/6/2022,Monthly
s42897,Emma Davis,21,Female,Australia,12/20/2019,Monthly
s42898,Vihaan Lee,26,Male,USA,4/28/2022,Monthly
s42899,Vihaan Clark,20,Male,India,8/30/2021,Monthly
s42900,Meera Singh,41,Other,Canada,3/20/2019,Free
s42901,Emma Verma,22,Male,Germany,2/17/2021,Yearly
s42902,Isabella Thomas,23,Female,Australia,4/27/2021,Monthly
s42903,Eva Clark,22,Female,Australia,6/18/2019,Free
s42904,Lucas Wilson,26,Other,Australia,9/7/2019,Monthly
s42905,Amelia Miller,44,Male,Germany,5/15/2020,Free
s42906,Aanya Moore,22,Male,UK,11/16/2022,Yearly
s42907,Aarav Hall,26,Other,Canada,4/12/2021,Monthly
s42908,Eva Martin,38,Other,UK,7/21/2022,Yearly
s42909,Aarav Walker,36,Male,Germany,2/2/2021,Yearly
s42910,Riya Brown,20,Other,UK,12/5/2019,Free
s42911,Ethan Verma,41,Female,USA,10/28/2019,Monthly
s42912,Emma Wilson,20,Female,India,8/30/2019,Monthly
s42913,Olivia Clark,18,Female,Germany,1/23/2019,Free
s42914,Benjamin Verma,21,Other,India,9/19/2020,Yearly
s42915,Mia Wilson,23,Male,Germany,7/6/2021,Monthly
s42916,Aarav Singh,19,Female,UK,9/14/2021,Monthly
s42917,Mia Verma,37,Female,Australia,5/14/2019,Free
s42918,Emma Walker,19,Female,India,6/15/2019,Yearly
s42919,Aanya Anderson,27,Male,UK,3/16/2019,Monthly
s42920,Liam Smith,44,Other,Canada,10/22/2020,Yearly
s42921,Liam Clark,23,Other,Canada,6/16/2019,Monthly
s42922,Emma Sharma,25,Other,UK,11/25/2019,Free
s42923,Aarav Thomas,19,Female,UK,6/1/2022,Free
s42924,Olivia Hall,33,Male,India,12/7/2019,Monthly
s42925,Liam Anderson,19,Other,USA,4/19/2022,Free
s42926,Ethan Walker,47,Female,India,10/3/2022,Free
s42927,Amelia Lewis,32,Female,India,7/29/2019,Free
s42928,Meera Davis,18,Male,Canada,7/30/2022,Monthly
s42929,Lucas Lee,23,Male,Germany,6/4/2020,Free
s42930,Olivia Walker,21,Female,USA,5/7/2021,Free
s42931,Isabella Verma,40,Female,Canada,5/13/2020,Free
s42932,Olivia Smith,50,Male,UK,12/28/2022,Yearly
s42933,Isabella Hall,27,Male,USA,10/7/2020,Free
s42934,Zara Lee,27,Male,UK,1/25/2022,Monthly
s42935,Meera Clark,21,Male,USA,4/4/2022,Yearly
s42936,Isabella Clark,36,Female,Germany,1/17/2021,Yearly
s42937,Arjun Taylor,25,Other,UK,11/21/2019,Yearly
s42938,Arjun Brown,49,Other,USA,9/10/2020,Free
s42939,Eva Moore,40,Other,Canada,4/27/2019,Yearly
s42940,Aanya Anderson,39,Female,Australia,5/17/2020,Yearly
s42941,Ethan Sharma,61,Other,USA,9/22/2021,Monthly
s42942,Emma Brown,22,Other,Germany,4/4/2019,Yearly
s42943,Arjun Martin,18,Male,Australia,1/5/2019,Free
s42944,Eva Johnson,38,Other,USA,10/6/2021,Monthly
s42945,Noah Walker,20,Other,Germany,4/30/2020,Free
s42946,Liam Walker,22,Male,Canada,10/18/2019,Free
s42947,Ethan Anderson,40,Male,Germany,8/22/2019,Monthly
s42948,Noah Verma,56,Other,USA,5/20/2019,Yearly
s42949,Sophia Lewis,18,Other,Canada,2/14/2019,Monthly
s42950,Amelia Singh,42,Other,India,11/12/2021,Monthly
s42951,Arjun Taylor,26,Other,USA,9/30/2019,Yearly
s42952,Olivia Smith,27,Other,Australia,1/27/2020,Yearly
s42953,Lucas Johnson,18,Male,Australia,4/3/2021,Yearly
s42954,Eva Taylor,19,Female,Germany,4/1/2020,Yearly
s42955,Meera Moore,22,Male,Canada,3/6/2019,Monthly
s42956,Amelia Patel,21,Other,Germany,8/8/2022,Monthly
s42957,Amelia Davis,20,Female,Canada,7/26/2022,Free
s42958,Zara Patel,32,Female,UK,12/24/2022,Free
s42959,Benjamin Moore,43,Female,Germany,10/16/2022,Free
s42960,Arjun Brown,23,Female,Germany,7/19/2021,Yearly
s42961,Benjamin Patel,65,Other,Canada,4/19/2020,Yearly
s42962,Isabella Johnson,21,Other,USA,12/22/2021,Yearly
s42963,Lucas Johnson,25,Male,India,10/19/2021,Yearly
s42964,Zara Johnson,23,Male,Australia,8/3/2019,Free
s42965,Benjamin Smith,25,Other,Germany,9/14/2021,Free
s42966,Emma Sharma,32,Male,Australia,12/30/2021,Yearly
s42967,Ethan Clark,32,Female,Australia,8/1/2021,Yearly
s42968,Isabella Verma,42,Female,USA,9/7/2022,Yearly
s42969,Meera Thomas,25,Female,Canada,8/9/2022,Yearly
s42970,Karan Martin,44,Male,India,9/29/2020,Yearly
s42971,Riya Johnson,27,Other,India,1/7/2022,Free
s42972,Emma Taylor,54,Other,Canada,4/30/2019,Monthly
s42973,Vihaan Moore,33,Female,Canada,4/7/2020,Monthly
s42974,Sophia Walker,28,Male,India,11/29/2021,Free
s42975,Amelia Sharma,27,Other,UK,2/13/2021,Yearly
s42976,Aanya Walker,45,Male,India,6/20/2019,Yearly
s42977,Lucas Thomas,38,Other,Australia,12/9/2022,Free
s42978,Emma Miller,38,Other,India,8/29/2019,Yearly
s42979,Vihaan Singh,27,Male,UK,1/3/2020,Monthly
s42980,Sophia Martin,27,Male,India,10/21/2022,Free
s42981,Lucas Hall,26,Female,UK,3/22/2021,Free
s42982,Arjun Miller,18,Other,India,2/6/2021,Yearly
s42983,Riya Walker,23,Other,Canada,7/26/2021,Yearly
s42984,Meera Walker,26,Female,Australia,9/16/2019,Yearly
s42985,Aarav Wilson,24,Male,UK,4/2/2022,Monthly
s42986,Benjamin Smith,27,Female,USA,7/13/2022,Free
s42987,Aanya Patel,39,Other,Germany,10/6/2019,Yearly
s42988,Noah Thomas,25,Female,Germany,1/2/2021,Free
s42989,Mia Wilson,23,Female,USA,7/18/2021,Yearly
s42990,Karan Singh,43,Other,USA,1/6/2021,Yearly
s42991,Mia Walker,36,Other,India,9/9/2022,Monthly
s42992,Amelia Singh,20,Other,India,3/11/2020,Yearly
s42993,Mia Moore,20,Female,UK,3/14/2021,Yearly
s42994,Aanya Lee,25,Male,India,11/29/2021,Monthly
s42995,Lucas Wilson,19,Male,Canada,11/10/2022,Monthly
s42996,Liam Singh,19,Other,UK,9/7/2021,Monthly
s42997,Ethan Hall,22,Male,USA,10/28/2021,Monthly
s42998,Meera Wilson,22,Male,Germany,2/10/2021,Monthly
s42999,Aanya Moore,25,Other,UK,6/16/2021,Free
s43000,Arjun Lewis,24,Other,USA,5/17/2022,Free
s43001,Ethan Walker,24,Other,Canada,9/30/2022,Free
s43002,Aanya Singh,19,Male,USA,12/22/2021,Yearly
s43003,Liam Martin,18,Other,UK,10/4/2022,Free
s43004,Amelia Martin,24,Male,India,11/14/2022,Monthly
s43005,Olivia Clark,34,Female,USA,10/26/2022,Free
s43006,Liam Thomas,41,Other,Canada,9/29/2020,Free
s43007,Emma Verma,23,Other,Canada,7/23/2019,Yearly
s43008,Amelia Hall,45,Female,India,1/24/2021,Yearly
s43009,Zara Lewis,22,Other,Germany,7/31/2020,Free
s43010,Olivia Brown,41,Male,UK,11/16/2021,Monthly
s43011,Meera Moore,29,Male,Germany,5/5/2019,Monthly
s43012,Emma Lee,19,Male,Australia,9/18/2021,Yearly
s43013,Mia Johnson,26,Male,Canada,3/4/2020,Yearly
s43014,Arjun Martin,23,Female,Germany,9/23/2020,Yearly
s43015,Eva Lewis,41,Male,Canada,6/24/2022,Yearly
s43016,Liam Lee,61,Other,Canada,8/28/2022,Free
s43017,Karan Lee,32,Female,Canada,7/25/2021,Free
s43018,Noah Martin,23,Female,Germany,5/1/2022,Free
s43019,Zara Lee,24,Female,Canada,7/17/2021,Monthly
s43020,Lucas Moore,26,Male,Germany,8/28/2020,Yearly
s43021,Karan Moore,51,Male,UK,1/28/2020,Free
s43022,Aanya Smith,22,Other,India,9/2/2019,Monthly
s43023,Emma Singh,18,Female,Canada,11/9/2019,Yearly
s43024,Lucas Patel,47,Female,Canada,9/22/2020,Monthly
s43025,Lucas Wilson,26,Female,India,5/9/2021,Free
s43026,Lucas Taylor,56,Female,Canada,7/11/2019,Free
s43027,Arjun Taylor,38,Male,UK,8/3/2019,Free
s43028,Arjun Hall,27,Other,India,6/15/2019,Free
s43029,Vihaan Johnson,26,Female,Canada,4/15/2021,Monthly
s43030,Aarav Wilson,55,Male,India,8/20/2022,Monthly
s43031,Liam Brown,27,Female,Canada,6/12/2020,Monthly
s43032,Riya Davis,26,Other,USA,8/17/2019,Free
s43033,Ethan Thomas,18,Female,Australia,9/25/2020,Yearly
s43034,Olivia Moore,51,Other,Australia,3/5/2019,Yearly
s43035,Vihaan Brown,24,Male,Germany,11/25/2019,Free
s43036,Karan Wilson,23,Female,Germany,3/3/2020,Yearly
s43037,Riya Singh,22,Other,Australia,10/3/2022,Monthly
s43038,Vihaan Martin,27,Other,India,10/16/2020,Free
s43039,Riya Lewis,34,Other,UK,10/3/2020,Yearly
s43040,Lucas Lee,26,Male,USA,4/14/2020,Monthly
s43041,Arjun Verma,32,Female,USA,7/23/2022,Free
s43042,Riya Verma,20,Male,Australia,9/17/2020,Free
s43043,Olivia Johnson,19,Male,USA,4/1/2020,Free
s43044,Aarav Clark,23,Male,Canada,8/12/2020,Yearly
s43045,Karan Anderson,60,Male,USA,10/13/2022,Free
s43046,Benjamin Davis,36,Other,Germany,8/11/2021,Monthly
s43047,Zara Moore,67,Female,Germany,12/5/2020,Monthly
s43048,Isabella Hall,26,Other,Australia,10/2/2019,Free
s43049,Sophia Miller,32,Female,Australia,8/24/2021,Yearly
s43050,Lucas Patel,24,Female,UK,5/26/2021,Free
s43051,Lucas Clark,18,Other,Australia,3/15/2019,Yearly
s43052,Sophia Hall,39,Male,Canada,6/14/2019,Free
s43053,Noah Anderson,21,Male,Australia,9/11/2022,Free
s43054,Amelia Walker,26,Other,Australia,11/8/2019,Free
s43055,Eva Miller,30,Female,India,1/14/2019,Free
s43056,Ethan Lewis,67,Other,USA,9/9/2021,Free
s43057,Emma Taylor,18,Male,UK,12/7/2021,Yearly
s43058,Vihaan Anderson,27,Female,UK,1/14/2019,Yearly
s43059,Isabella Smith,26,Male,UK,9/2/2020,Yearly
s43060,Meera Taylor,18,Other,Australia,4/15/2021,Yearly
s43061,Riya Moore,39,Male,UK,8/2/2021,Free
s43062,Riya Hall,18,Other,Canada,11/26/2020,Yearly
s43063,Aanya Wilson,22,Male,Canada,1/3/2022,Monthly
s43064,Liam Moore,25,Male,Canada,3/18/2019,Free
s43065,Aanya Moore,27,Male,UK,6/6/2022,Yearly
s43066,Benjamin Clark,45,Male,UK,7/14/2021,Free
s43067,Aarav Wilson,26,Male,India,6/24/2020,Monthly
s43068,Lucas Martin,27,Other,Germany,9/20/2021,Yearly
s43069,Benjamin Anderson,19,Female,Canada,4/18/2021,Monthly
s43070,Riya Moore,41,Male,Germany,8/24/2020,Free
s43071,Vihaan Walker,26,Other,Germany,6/11/2021,Yearly
s43072,Vihaan Moore,31,Female,India,3/16/2019,Free
s43073,Lucas Verma,24,Male,Canada,7/10/2021,Free
s43074,Lucas Smith,23,Male,India,4/17/2019,Free
s43075,Vihaan Miller,22,Female,Australia,12/19/2022,Free
s43076,Ethan Hall,19,Other,Canada,3/5/2019,Yearly
s43077,Sophia Walker,32,Male,Germany,1/11/2019,Free
s43078,Noah Davis,47,Male,India,12/1/2021,Yearly
s43079,Mia Moore,30,Male,USA,12/14/2019,Yearly
s43080,Meera Moore,26,Other,Canada,2/24/2019,Free
s43081,Karan Brown,28,Other,Australia,5/20/2020,Monthly
s43082,Arjun Verma,58,Male,USA,9/27/2021,Monthly
s43083,Ethan Wilson,26,Other,Australia,6/16/2021,Monthly
s43084,Zara Clark,41,Other,India,1/21/2020,Monthly
s43085,Aanya Lewis,30,Male,USA,8/2/2022,Monthly
s43086,Emma Miller,34,Male,India,1/27/2022,Free
s43087,Isabella Hall,24,Male,Canada,11/8/2020,Free
s43088,Karan Verma,18,Female,UK,6/9/2021,Free
s43089,Mia Walker,35,Other,India,12/9/2020,Yearly
s43090,Aarav Singh,19,Male,UK,4/6/2022,Free
s43091,Emma Brown,26,Male,Germany,1/5/2019,Free
s43092,Arjun Hall,32,Other,Australia,5/10/2020,Monthly
s43093,Noah Brown,24,Other,USA,6/20/2019,Yearly
s43094,Benjamin Wilson,25,Male,UK,8/29/2022,Monthly
s43095,Olivia Martin,32,Female,UK,6/3/2019,Free
s43096,Liam Smith,21,Female,USA,12/9/2019,Yearly
s43097,Meera Smith,42,Female,Australia,9/10/2019,Free
s43098,Mia Thomas,44,Male,India,10/1/2021,Monthly
s43099,Aanya Davis,20,Male,Australia,6/2/2021,Free
s43100,Sophia Sharma,21,Other,India,3/17/2020,Yearly
s43101,Isabella Taylor,25,Male,USA,11/8/2019,Free
s43102,Eva Verma,24,Female,India,5/1/2020,Monthly
s43103,Eva Moore,25,Male,India,1/5/2021,Monthly
s43104,Isabella Martin,21,Other,Australia,7/11/2022,Free
s43105,Isabella Walker,27,Female,India,12/27/2022,Free
s43106,Olivia Patel,54,Other,Germany,8/20/2022,Yearly
s43107,Aanya Wilson,21,Female,Canada,9/29/2019,Monthly
s43108,Karan Brown,20,Male,Canada,6/16/2020,Yearly
s43109,Aarav Verma,29,Male,Canada,12/6/2019,Monthly
s43110,Meera Anderson,34,Female,India,10/26/2020,Free
s43111,Olivia Wilson,27,Female,Canada,6/24/2021,Free
s43112,Riya Lewis,22,Female,Australia,1/27/2022,Monthly
s43113,Eva Lewis,24,Female,Canada,3/18/2019,Yearly
s43114,Zara Hall,33,Female,Canada,7/15/2021,Monthly
s43115,Olivia Miller,21,Other,India,1/14/2021,Monthly
s43116,Isabella Sharma,26,Other,UK,7/8/2020,Monthly
s43117,Zara Verma,61,Male,USA,10/25/2021,Yearly
s43118,Karan Moore,24,Female,India,1/22/2020,Free
s43119,Olivia Martin,24,Female,Germany,3/11/2021,Yearly
s43120,Riya Singh,47,Female,Canada,8/10/2021,Yearly
s43121,Emma Verma,22,Other,India,4/15/2021,Free
s43122,Aanya Smith,26,Other,Canada,11/22/2021,Monthly
s43123,Meera Miller,47,Other,Germany,2/13/2022,Free
s43124,Eva Patel,40,Male,Australia,6/22/2019,Monthly
s43125,Vihaan Moore,24,Female,Germany,12/16/2019,Free
s43126,Isabella Wilson,22,Female,UK,5/10/2019,Free
s43127,Aarav Wilson,24,Female,USA,12/21/2022,Yearly
s43128,Liam Taylor,19,Other,Germany,3/23/2019,Monthly
s43129,Lucas Sharma,19,Female,USA,5/26/2019,Yearly
s43130,Sophia Singh,63,Male,Australia,11/24/2020,Yearly
s43131,Riya Walker,19,Male,Canada,9/18/2020,Free
s43132,Lucas Hall,21,Female,Canada,5/8/2021,Yearly
s43133,Vihaan Anderson,21,Other,Australia,12/7/2019,Monthly
s43134,Ethan Miller,23,Other,Australia,4/12/2019,Yearly
s43135,Sophia Thomas,18,Male,India,5/22/2022,Monthly
s43136,Noah Lewis,41,Female,Australia,10/14/2020,Yearly
s43137,Arjun Miller,19,Male,Australia,10/25/2019,Yearly
s43138,Karan Lewis,27,Other,Australia,2/27/2021,Monthly
s43139,Riya Miller,35,Male,Australia,5/12/2021,Free
s43140,Olivia Lee,36,Other,India,10/5/2022,Free
s43141,Mia Lee,18,Female,Canada,7/2/2022,Free
s43142,Isabella Miller,25,Male,UK,1/17/2022,Free
s43143,Noah Lewis,23,Male,USA,5/22/2020,Yearly
s43144,Sophia Brown,27,Male,Canada,1/8/2022,Yearly
s43145,Arjun Martin,21,Female,UK,6/21/2019,Monthly
s43146,Lucas Walker,45,Female,Germany,1/1/2019,Monthly
s43147,Aarav Wilson,47,Male,Canada,6/4/2022,Free
s43148,Karan Lee,48,Male,UK,10/30/2021,Monthly
s43149,Sophia Miller,18,Other,Germany,11/12/2020,Monthly
s43150,Ethan Thomas,18,Other,UK,1/23/2020,Free
s43151,Ethan Verma,33,Other,India,11/4/2019,Monthly
s43152,Karan Johnson,33,Other,Canada,2/14/2019,Monthly
s43153,Arjun Smith,25,Other,UK,4/20/2022,Free
s43154,Emma Sharma,61,Male,USA,8/1/2021,Yearly
s43155,Sophia Davis,31,Female,Canada,3/14/2020,Monthly
s43156,Vihaan Smith,20,Other,Australia,8/9/2019,Yearly
s43157,Arjun Lee,27,Female,Germany,3/7/2020,Yearly
s43158,Aanya Davis,22,Female,India,8/15/2021,Yearly
s43159,Noah Smith,67,Male,USA,8/17/2019,Free
s43160,Aanya Martin,40,Other,USA,7/10/2019,Yearly
s43161,Arjun Brown,34,Female,UK,4/3/2020,Free
s43162,Isabella Smith,65,Female,Germany,12/3/2021,Monthly
s43163,Arjun Clark,60,Female,Australia,12/12/2020,Monthly
s43164,Vihaan Martin,21,Female,Australia,8/10/2020,Yearly
s43165,Karan Moore,56,Female,Canada,10/28/2020,Free
s43166,Amelia Singh,52,Male,Germany,8/11/2019,Yearly
s43167,Sophia Smith,23,Male,UK,12/19/2019,Monthly
s43168,Ethan Moore,22,Male,Canada,10/19/2020,Monthly
s43169,Lucas Thomas,27,Other,UK,8/17/2019,Free
s43170,Aarav Thomas,21,Other,UK,3/25/2019,Yearly
s43171,Lucas Singh,20,Male,India,12/1/2020,Free
s43172,Arjun Davis,22,Male,Germany,6/22/2019,Yearly
s43173,Zara Moore,23,Male,India,9/22/2020,Monthly
s43174,Eva Brown,23,Female,Australia,7/13/2021,Free
s43175,Ethan Davis,49,Other,USA,1/5/2022,Monthly
s43176,Zara Patel,65,Male,Australia,9/14/2019,Free
s43177,Noah Anderson,26,Female,UK,12/7/2021,Monthly
s43178,Meera Thomas,38,Male,UK,6/6/2022,Yearly
s43179,Aanya Lewis,39,Female,USA,5/28/2020,Free
s43180,Aarav Sharma,25,Female,Germany,1/28/2020,Monthly
s43181,Eva Lee,26,Female,India,8/24/2019,Monthly
s43182,Amelia Moore,25,Male,Canada,7/27/2019,Yearly
s43183,Aarav Davis,33,Male,Australia,12/22/2019,Monthly
s43184,Sophia Lee,24,Female,Australia,7/11/2020,Monthly
s43185,Vihaan Hall,27,Other,UK,6/15/2019,Free
s43186,Liam Walker,64,Male,Canada,6/11/2019,Yearly
s43187,Emma Johnson,66,Female,Australia,4/23/2019,Free
s43188,Zara Miller,31,Male,Canada,10/3/2019,Free
s43189,Eva Sharma,27,Female,UK,1/20/2019,Yearly
s43190,Zara Brown,20,Female,Canada,11/22/2020,Free
s43191,Aanya Thomas,33,Male,USA,4/20/2019,Free
s43192,Aanya Davis,23,Female,Germany,11/17/2020,Yearly
s43193,Aanya Davis,21,Female,India,9/21/2021,Monthly
s43194,Mia Lee,19,Male,India,4/4/2020,Yearly
s43195,Riya Sharma,21,Other,India,11/5/2021,Yearly
s43196,Noah Davis,27,Other,UK,1/3/2019,Yearly
s43197,Olivia Singh,22,Male,Australia,7/12/2019,Yearly
s43198,Riya Hall,23,Other,USA,6/5/2021,Monthly
s43199,Noah Davis,40,Male,UK,6/2/2019,Free
s43200,Noah Hall,22,Other,India,7/29/2022,Yearly
s43201,Zara Thomas,53,Male,UK,7/10/2020,Monthly
s43202,Liam Martin,44,Other,India,4/12/2021,Free
s43203,Olivia Verma,42,Female,Germany,5/4/2021,Monthly
s43204,Emma Moore,21,Other,USA,7/12/2022,Monthly
s43205,Aarav Smith,33,Male,India,5/3/2021,Yearly
s43206,Emma Verma,21,Male,Germany,10/30/2021,Free
s43207,Benjamin Moore,24,Female,Canada,9/26/2021,Yearly
s43208,Noah Johnson,20,Other,Australia,10/14/2022,Monthly
s43209,Isabella Verma,26,Other,India,4/13/2021,Free
s43210,Zara Patel,53,Male,India,6/5/2021,Free
s43211,Aanya Taylor,21,Female,UK,5/29/2021,Yearly
s43212,Arjun Martin,18,Other,Germany,1/6/2021,Monthly
s43213,Aanya Hall,45,Other,India,7/9/2020,Free
s43214,Ethan Verma,24,Female,Australia,5/5/2020,Free
s43215,Sophia Davis,23,Male,Germany,9/8/2020,Monthly
s43216,Sophia Walker,38,Male,India,4/10/2020,Yearly
s43217,Vihaan Johnson,21,Male,USA,6/14/2020,Free
s43218,Eva Patel,19,Other,USA,5/19/2022,Monthly
s43219,Vihaan Thomas,28,Female,Canada,3/18/2019,Free
s43220,Lucas Taylor,32,Male,Germany,2/25/2019,Monthly
s43221,Olivia Sharma,18,Other,USA,5/21/2022,Yearly
s43222,Arjun Davis,47,Male,Germany,3/6/2022,Yearly
s43223,Olivia Hall,23,Female,India,10/7/2022,Yearly
s43224,Arjun Hall,21,Other,Canada,5/21/2022,Yearly
s43225,Sophia Sharma,20,Male,Australia,2/25/2020,Monthly
s43226,Mia Brown,27,Female,Australia,8/12/2021,Monthly
s43227,Benjamin Patel,27,Female,UK,12/21/2019,Free
s43228,Zara Anderson,21,Male,USA,10/27/2021,Free
s43229,Ethan Lewis,27,Male,Australia,4/22/2019,Yearly
s43230,Meera Thomas,41,Female,Germany,12/27/2019,Free
s43231,Aanya Wilson,25,Female,USA,6/1/2021,Yearly
s43232,Zara Johnson,23,Other,UK,1/20/2019,Yearly
s43233,Olivia Hall,29,Other,Germany,5/5/2022,Monthly
s43234,Sophia Singh,24,Other,Canada,10/9/2020,Yearly
s43235,Amelia Brown,26,Female,Germany,2/11/2019,Monthly
s43236,Aanya Brown,19,Female,India,3/23/2020,Monthly
s43237,Liam Lewis,29,Male,India,12/30/2019,Free
s43238,Aarav Hall,26,Female,Canada,6/23/2019,Monthly
s43239,Isabella Lee,22,Male,UK,8/5/2021,Monthly
s43240,Aanya Taylor,22,Other,India,8/4/2020,Monthly
s43241,Emma Wilson,44,Male,USA,12/6/2020,Yearly
s43242,Sophia Anderson,21,Female,Germany,4/28/2022,Monthly
s43243,Vihaan Walker,41,Female,Canada,2/5/2022,Free
s43244,Aarav Lee,26,Other,Germany,6/16/2021,Free
s43245,Zara Thomas,21,Female,Germany,3/26/2021,Free
s43246,Sophia Miller,24,Male,UK,5/20/2019,Monthly
s43247,Lucas Singh,38,Male,Australia,3/7/2019,Free
s43248,Sophia Verma,35,Other,UK,4/29/2022,Monthly
s43249,Vihaan Lee,64,Other,Germany,5/12/2019,Free
s43250,Aanya Smith,46,Female,Canada,8/12/2022,Free
s43251,Amelia Wilson,26,Female,India,8/9/2021,Monthly
s43252,Aarav Miller,28,Female,India,11/27/2019,Free
s43253,Eva Clark,22,Female,Australia,1/9/2021,Free
s43254,Meera Walker,59,Male,USA,5/11/2020,Free
s43255,Isabella Thomas,22,Female,Germany,7/26/2021,Monthly
s43256,Mia Verma,26,Female,Australia,6/24/2021,Yearly
s43257,Meera Clark,22,Female,UK,9/28/2022,Free
s43258,Zara Miller,18,Other,USA,4/12/2022,Monthly
s43259,Ethan Smith,26,Other,UK,12/17/2020,Yearly
s43260,Eva Brown,21,Male,USA,6/2/2020,Yearly
s43261,Aanya Brown,28,Male,Canada,6/9/2021,Free
s43262,Vihaan Anderson,18,Other,India,12/3/2020,Yearly
s43263,Arjun Verma,52,Other,Australia,11/2/2020,Yearly
s43264,Liam Singh,20,Female,Germany,2/20/2020,Monthly
s43265,Emma Moore,20,Female,UK,9/17/2022,Free
s43266,Arjun Walker,35,Other,Australia,1/9/2021,Free
s43267,Aanya Martin,23,Female,India,5/23/2022,Yearly
s43268,Riya Davis,24,Male,Australia,2/26/2019,Free
s43269,Meera Anderson,36,Female,UK,3/25/2019,Yearly
s43270,Sophia Johnson,19,Other,India,6/4/2019,Monthly
s43271,Amelia Anderson,35,Female,India,11/10/2021,Monthly
s43272,Benjamin Lewis,39,Other,Germany,8/13/2020,Yearly
s43273,Isabella Smith,44,Male,UK,12/25/2022,Monthly
s43274,Lucas Smith,21,Female,UK,12/12/2022,Monthly
s43275,Mia Johnson,21,Female,Australia,2/28/2021,Yearly
s43276,Vihaan Walker,22,Female,India,7/3/2022,Free
s43277,Isabella Sharma,22,Female,Canada,6/12/2022,Yearly
s43278,Aarav Patel,37,Female,Australia,9/21/2022,Yearly
s43279,Mia Hall,24,Male,India,6/9/2022,Free
s43280,Emma Verma,26,Male,India,3/30/2020,Yearly
s43281,Eva Anderson,35,Female,Canada,1/23/2020,Free
s43282,Karan Miller,26,Other,UK,8/26/2020,Monthly
s43283,Karan Patel,24,Male,USA,6/18/2021,Monthly
s43284,Aarav Thomas,21,Female,UK,5/6/2020,Monthly
s43285,Amelia Miller,43,Other,UK,3/20/2022,Monthly
s43286,Meera Sharma,47,Female,Germany,7/15/2022,Free
s43287,Isabella Hall,45,Other,India,1/31/2020,Free
s43288,Sophia Moore,32,Other,Australia,9/30/2020,Free
s43289,Meera Moore,29,Other,Germany,11/1/2020,Free
s43290,Ethan Lewis,44,Other,UK,7/6/2020,Yearly
s43291,Sophia Martin,24,Other,Australia,5/13/2020,Monthly
s43292,Amelia Singh,21,Other,Australia,10/18/2021,Yearly
s43293,Noah Johnson,20,Female,Australia,1/19/2021,Free
s43294,Karan Hall,40,Male,Australia,5/26/2022,Yearly
s43295,Vihaan Johnson,34,Other,UK,10/6/2022,Yearly
s43296,Ethan Wilson,35,Other,Canada,12/16/2020,Monthly
s43297,Olivia Brown,38,Other,Germany,7/14/2021,Free
s43298,Amelia Taylor,67,Female,India,7/25/2019,Monthly
s43299,Aarav Moore,18,Other,Australia,6/12/2022,Yearly
s43300,Emma Anderson,22,Other,UK,10/4/2020,Yearly
s43301,Zara Patel,24,Other,India,3/20/2019,Monthly
s43302,Meera Singh,19,Other,Germany,3/28/2019,Yearly
s43303,Liam Davis,43,Other,Australia,12/9/2020,Yearly
s43304,Karan Verma,44,Male,Germany,8/22/2021,Monthly
s43305,Zara Patel,48,Other,India,9/30/2020,Yearly
s43306,Isabella Taylor,46,Female,Germany,11/24/2022,Yearly
s43307,Olivia Verma,23,Female,Canada,12/16/2021,Free
s43308,Noah Miller,23,Male,Australia,12/18/2019,Monthly
s43309,Olivia Walker,24,Female,Australia,1/7/2020,Free
s43310,Noah Walker,18,Other,UK,9/28/2022,Free
s43311,Lucas Patel,26,Male,Canada,12/29/2021,Yearly
s43312,Sophia Sharma,33,Female,India,2/9/2022,Yearly
s43313,Zara Taylor,46,Other,Canada,12/29/2022,Yearly
s43314,Benjamin Lewis,28,Female,USA,3/19/2021,Monthly
s43315,Eva Smith,58,Other,Germany,3/27/2019,Yearly
s43316,Aanya Johnson,22,Other,Germany,6/12/2020,Free
s43317,Benjamin Moore,24,Male,Canada,8/24/2022,Monthly
s43318,Riya Sharma,18,Other,India,1/30/2022,Free
s43319,Noah Singh,31,Other,UK,3/6/2019,Free
s43320,Liam Brown,45,Male,USA,6/8/2021,Monthly
s43321,Arjun Taylor,22,Female,India,6/6/2021,Monthly
s43322,Lucas Walker,22,Other,India,5/25/2021,Free
s43323,Benjamin Lewis,43,Male,Canada,10/22/2021,Free
s43324,Lucas Verma,30,Other,Germany,8/10/2021,Monthly
s43325,Riya Martin,21,Male,USA,1/27/2019,Monthly
s43326,Emma Moore,25,Male,Australia,5/29/2020,Free
s43327,Benjamin Martin,43,Other,USA,6/25/2019,Monthly
s43328,Liam Wilson,38,Other,UK,3/27/2019,Free
s43329,Olivia Moore,35,Other,Australia,5/14/2019,Monthly
s43330,Noah Brown,18,Other,UK,4/23/2019,Yearly
s43331,Emma Sharma,25,Female,USA,8/16/2022,Monthly
s43332,Vihaan Smith,50,Other,Australia,7/11/2020,Yearly
s43333,Liam Wilson,21,Female,Germany,1/25/2021,Monthly
s43334,Amelia Anderson,21,Other,India,10/21/2019,Yearly
s43335,Riya Martin,26,Male,UK,10/2/2021,Free
s43336,Ethan Sharma,26,Female,USA,7/20/2022,Yearly
s43337,Benjamin Hall,20,Other,Canada,11/14/2020,Monthly
s43338,Zara Lewis,19,Male,India,9/20/2020,Free
s43339,Emma Martin,33,Male,Canada,8/20/2020,Monthly
s43340,Vihaan Davis,18,Other,Canada,3/19/2020,Yearly
s43341,Mia Sharma,26,Male,Australia,5/4/2020,Yearly
s43342,Meera Thomas,26,Other,India,4/11/2022,Free
s43343,Isabella Smith,26,Male,USA,10/2/2019,Yearly
s43344,Karan Johnson,24,Other,USA,3/22/2019,Free
s43345,Sophia Clark,27,Female,Canada,1/3/2021,Yearly
s43346,Olivia Brown,22,Female,Australia,1/24/2020,Free
s43347,Isabella Hall,25,Male,UK,1/18/2019,Monthly
s43348,Olivia Moore,29,Other,Australia,7/13/2021,Monthly
s43349,Aanya Wilson,24,Male,UK,12/26/2020,Monthly
s43350,Mia Thomas,46,Female,Canada,10/28/2021,Monthly
s43351,Sophia Moore,28,Other,Germany,12/27/2021,Yearly
s43352,Eva Martin,22,Female,India,7/23/2020,Monthly
s43353,Aanya Lee,47,Female,Canada,7/7/2021,Yearly
s43354,Liam Davis,58,Female,India,6/22/2019,Free
s43355,Emma Patel,24,Female,Australia,1/18/2021,Yearly
s43356,Liam Lewis,22,Male,UK,8/3/2019,Free
s43357,Riya Miller,20,Male,UK,4/13/2019,Monthly
s43358,Liam Moore,39,Male,Australia,10/8/2022,Monthly
s43359,Arjun Lewis,25,Male,USA,4/14/2020,Free
s43360,Riya Moore,23,Other,Australia,4/14/2019,Yearly
s43361,Emma Anderson,25,Other,UK,2/3/2019,Yearly
s43362,Zara Patel,19,Male,Canada,8/14/2019,Yearly
s43363,Riya Clark,61,Other,Australia,5/3/2022,Yearly
s43364,Riya Lewis,23,Female,UK,12/21/2019,Free
s43365,Vihaan Verma,24,Male,USA,8/2/2020,Free
s43366,Sophia Thomas,32,Female,Germany,9/26/2020,Yearly
s43367,Ethan Lewis,34,Female,UK,11/5/2022,Monthly
s43368,Aarav Anderson,59,Female,UK,8/3/2019,Yearly
s43369,Meera Sharma,21,Male,Australia,11/13/2020,Monthly
s43370,Amelia Miller,20,Female,Canada,6/2/2019,Monthly
s43371,Emma Lee,19,Other,Germany,2/28/2020,Monthly
s43372,Ethan Taylor,25,Female,UK,1/23/2021,Monthly
s43373,Aarav Hall,20,Female,USA,10/9/2019,Free
s43374,Ethan Sharma,27,Female,India,2/1/2021,Free
s43375,Noah Hall,22,Female,Australia,11/7/2019,Free
s43376,Lucas Clark,48,Other,USA,5/9/2021,Free
s43377,Lucas Lee,56,Female,Canada,3/29/2020,Free
s43378,Lucas Lee,19,Female,UK,5/16/2020,Yearly
s43379,Karan Hall,25,Female,India,1/24/2022,Monthly
s43380,Karan Walker,46,Male,UK,12/17/2022,Free
s43381,Sophia Wilson,25,Other,Canada,12/23/2021,Monthly
s43382,Noah Moore,27,Female,India,9/17/2021,Monthly
s43383,Karan Moore,40,Other,Germany,7/29/2022,Free
s43384,Eva Davis,38,Other,Australia,1/21/2022,Monthly
s43385,Ethan Lewis,41,Male,India,8/10/2021,Yearly
s43386,Isabella Smith,18,Male,Germany,6/25/2022,Yearly
s43387,Amelia Wilson,34,Other,Canada,5/31/2019,Free
s43388,Aarav Sharma,35,Male,USA,7/29/2021,Free
s43389,Vihaan Smith,19,Other,Australia,1/22/2022,Monthly
s43390,Eva Smith,29,Female,Canada,6/11/2020,Yearly
s43391,Mia Sharma,27,Female,Germany,7/22/2021,Yearly
s43392,Benjamin Miller,30,Other,Australia,2/2/2021,Free
s43393,Karan Wilson,21,Other,Australia,10/19/2019,Monthly
s43394,Arjun Taylor,25,Male,Australia,11/25/2021,Monthly
s43395,Mia Anderson,29,Other,Canada,9/24/2021,Free
s43396,Amelia Martin,20,Other,Germany,4/11/2020,Yearly
s43397,Arjun Martin,41,Other,USA,2/17/2019,Monthly
s43398,Riya Davis,41,Male,India,3/30/2020,Free
s43399,Mia Lewis,24,Other,Canada,8/17/2021,Free
s43400,Amelia Verma,23,Female,Germany,11/16/2022,Free
s43401,Aanya Wilson,67,Other,Australia,6/14/2021,Yearly
s43402,Emma Anderson,31,Female,UK,9/19/2020,Monthly
s43403,Noah Johnson,36,Other,USA,10/17/2019,Free
s43404,Meera Moore,44,Male,USA,3/30/2022,Monthly
s43405,Benjamin Taylor,26,Female,UK,4/6/2020,Free
s43406,Ethan Miller,18,Male,Canada,8/2/2020,Free
s43407,Sophia Clark,46,Male,USA,6/30/2022,Free
s43408,Vihaan Moore,29,Female,USA,3/8/2019,Yearly
s43409,Riya Wilson,18,Male,USA,3/1/2021,Yearly
s43410,Zara Taylor,26,Female,Australia,7/21/2021,Monthly
s43411,Lucas Hall,44,Other,USA,3/23/2020,Free
s43412,Liam Thomas,27,Male,Germany,1/13/2022,Monthly
s43413,Arjun Johnson,27,Male,USA,12/5/2021,Monthly
s43414,Lucas Sharma,38,Male,USA,11/27/2019,Yearly
s43415,Arjun Davis,21,Female,India,6/19/2022,Monthly
s43416,Meera Walker,38,Male,Australia,10/1/2020,Free
s43417,Mia Moore,24,Other,Australia,3/7/2022,Yearly
s43418,Karan Lee,23,Male,Australia,6/11/2020,Monthly
s43419,Mia Thomas,22,Male,USA,4/8/2019,Free
s43420,Zara Martin,21,Other,Canada,5/22/2022,Monthly
s43421,Isabella Hall,20,Other,Australia,9/21/2020,Free
s43422,Riya Patel,18,Other,Canada,3/31/2022,Free
s43423,Vihaan Hall,65,Other,UK,8/11/2019,Yearly
s43424,Eva Martin,21,Other,UK,5/27/2020,Monthly
s43425,Amelia Sharma,26,Other,Canada,12/15/2019,Yearly
s43426,Eva Sharma,26,Other,USA,7/3/2021,Free
s43427,Amelia Thomas,32,Other,Australia,6/25/2019,Monthly
s43428,Sophia Brown,18,Female,Germany,9/27/2020,Monthly
s43429,Ethan Lewis,48,Other,India,7/1/2019,Monthly
s43430,Karan Patel,34,Female,India,9/13/2020,Free
s43431,Liam Lee,35,Female,India,6/12/2019,Free
s43432,Emma Davis,44,Male,Germany,6/15/2022,Yearly
s43433,Lucas Davis,46,Male,Canada,2/16/2019,Yearly
s43434,Lucas Miller,45,Other,UK,5/7/2019,Monthly
s43435,Riya Hall,38,Female,Germany,4/20/2021,Yearly
s43436,Arjun Walker,47,Female,Canada,6/13/2020,Yearly
s43437,Noah Miller,27,Female,UK,9/5/2022,Yearly
s43438,Isabella Thomas,21,Male,USA,2/17/2019,Monthly
s43439,Aanya Anderson,39,Male,Canada,11/4/2019,Yearly
s43440,Arjun Brown,31,Other,UK,12/27/2020,Monthly
s43441,Zara Miller,42,Other,Germany,10/9/2022,Yearly
s43442,Amelia Hall,22,Female,Germany,10/23/2020,Yearly
s43443,Emma Lee,27,Female,Australia,5/23/2020,Yearly
s43444,Sophia Miller,43,Male,USA,8/11/2019,Monthly
s43445,Noah Lee,21,Other,UK,6/17/2020,Free
s43446,Aanya Sharma,52,Female,USA,10/20/2021,Free
s43447,Riya Sharma,18,Female,Canada,3/9/2021,Free
s43448,Noah Smith,57,Female,USA,4/12/2021,Monthly
s43449,Olivia Walker,45,Male,Australia,7/7/2021,Free
s43450,Ethan Clark,18,Male,Canada,9/2/2020,Free
s43451,Benjamin Clark,24,Female,Canada,1/27/2021,Yearly
s43452,Amelia Davis,59,Male,UK,4/25/2020,Free
s43453,Aarav Lewis,30,Male,India,9/1/2019,Free
s43454,Eva Miller,19,Female,Germany,9/2/2021,Free
s43455,Zara Sharma,21,Other,Germany,1/31/2022,Monthly
s43456,Aarav Martin,18,Other,Australia,7/21/2019,Yearly
s43457,Arjun Martin,19,Male,USA,12/7/2019,Free
s43458,Aanya Taylor,28,Other,Germany,6/27/2020,Monthly
s43459,Benjamin Brown,22,Other,Canada,6/6/2019,Yearly
s43460,Lucas Taylor,19,Male,Australia,4/15/2019,Yearly
s43461,Lucas Patel,22,Female,USA,11/25/2021,Free
s43462,Mia Thomas,22,Male,Australia,2/24/2019,Free
s43463,Noah Thomas,23,Other,Australia,10/24/2019,Free
s43464,Mia Martin,25,Male,Australia,3/20/2020,Monthly
s43465,Lucas Miller,22,Other,Germany,7/17/2019,Free
s43466,Vihaan Sharma,55,Male,Australia,11/21/2022,Monthly
s43467,Ethan Smith,32,Female,India,6/10/2020,Monthly
s43468,Mia Patel,18,Female,India,4/8/2021,Monthly
s43469,Mia Taylor,21,Female,India,6/14/2020,Free
s43470,Arjun Verma,22,Female,Canada,10/28/2022,Free
s43471,Meera Hall,66,Other,Germany,9/1/2022,Yearly
s43472,Lucas Thomas,50,Female,Australia,2/9/2021,Monthly
s43473,Emma Taylor,24,Female,USA,12/12/2021,Yearly
s43474,Zara Hall,30,Male,USA,4/10/2021,Monthly
s43475,Isabella Sharma,57,Female,UK,12/7/2019,Free
s43476,Ethan Lewis,23,Other,Canada,5/26/2019,Free
s43477,Olivia Hall,22,Other,UK,4/26/2022,Free
s43478,Meera Walker,41,Female,Australia,11/23/2019,Free
s43479,Aarav Taylor,21,Female,Canada,11/24/2021,Free
s43480,Meera Singh,25,Male,UK,5/14/2022,Monthly
s43481,Amelia Miller,27,Male,Germany,6/8/2022,Free
s43482,Mia Smith,22,Other,India,1/26/2019,Free
s43483,Eva Moore,35,Male,Australia,3/10/2022,Monthly
s43484,Arjun Moore,25,Male,Canada,7/10/2021,Free
s43485,Olivia Lee,60,Other,India,5/22/2022,Free
s43486,Meera Anderson,26,Male,India,3/16/2020,Free
s43487,Meera Clark,27,Female,UK,4/19/2021,Free
s43488,Emma Thomas,20,Other,USA,11/10/2019,Free
s43489,Noah Lee,18,Male,Germany,9/13/2022,Monthly
s43490,Aarav Miller,44,Other,USA,2/26/2022,Monthly
s43491,Emma Singh,22,Other,USA,8/9/2019,Monthly
s43492,Arjun Verma,18,Other,India,1/23/2019,Free
s43493,Amelia Brown,54,Female,India,9/27/2019,Monthly
s43494,Aanya Johnson,26,Female,USA,3/23/2019,Monthly
s43495,Zara Sharma,27,Other,UK,3/31/2021,Yearly
s43496,Zara Miller,24,Female,USA,11/10/2022,Free
s43497,Isabella Patel,19,Other,USA,2/4/2022,Yearly
s43498,Mia Taylor,18,Female,Germany,4/30/2022,Free
s43499,Liam Anderson,20,Male,Australia,10/23/2019,Yearly
s43500,Amelia Taylor,34,Female,India,8/19/2022,Yearly
s43501,Mia Thomas,35,Male,Canada,3/8/2020,Monthly
s43502,Zara Anderson,21,Female,Australia,1/14/2022,Monthly
s43503,Zara Verma,21,Female,USA,12/21/2022,Monthly
s43504,Vihaan Martin,28,Other,India,5/4/2020,Monthly
s43505,Karan Lee,26,Male,Canada,10/31/2019,Monthly
s43506,Noah Moore,44,Male,Australia,12/1/2019,Free
s43507,Mia Miller,27,Male,Germany,9/24/2022,Monthly
s43508,Liam Johnson,25,Other,UK,6/19/2020,Free
s43509,Zara Lewis,20,Other,UK,3/22/2019,Free
s43510,Vihaan Lewis,18,Female,Canada,8/31/2020,Monthly
s43511,Eva Lee,18,Other,India,6/14/2021,Monthly
s43512,Meera Brown,20,Other,UK,10/16/2019,Yearly
s43513,Vihaan Hall,31,Female,India,5/27/2019,Yearly
s43514,Aanya Patel,30,Female,USA,3/15/2021,Free
s43515,Amelia Johnson,42,Male,USA,2/2/2021,Yearly
s43516,Eva Miller,27,Other,USA,7/22/2022,Yearly
s43517,Arjun Miller,26,Female,Canada,1/23/2019,Yearly
s43518,Zara Taylor,44,Male,Germany,9/16/2021,Free
s43519,Ethan Hall,46,Male,Germany,7/13/2020,Monthly
s43520,Olivia Brown,30,Other,Canada,7/22/2019,Monthly
s43521,Amelia Wilson,20,Male,Germany,8/14/2019,Yearly
s43522,Isabella Thomas,32,Male,Germany,3/30/2022,Free
s43523,Olivia Moore,21,Female,USA,11/5/2021,Monthly
s43524,Meera Walker,18,Male,Canada,12/9/2021,Yearly
s43525,Liam Smith,42,Other,India,10/28/2022,Free
s43526,Amelia Lewis,29,Other,India,1/20/2019,Yearly
s43527,Zara Miller,21,Female,UK,2/15/2020,Yearly
s43528,Liam Moore,22,Female,Canada,11/13/2022,Monthly
s43529,Riya Anderson,27,Female,UK,6/9/2021,Free
s43530,Meera Smith,26,Female,Canada,9/9/2019,Free
s43531,Benjamin Davis,54,Other,Germany,10/26/2022,Yearly
s43532,Meera Johnson,43,Female,India,9/28/2020,Yearly
s43533,Mia Lewis,27,Female,Canada,7/11/2022,Yearly
s43534,Mia Davis,39,Other,Germany,3/15/2021,Monthly
s43535,Eva Hall,18,Other,Germany,8/2/2021,Monthly
s43536,Liam Lewis,19,Female,UK,10/13/2021,Yearly
s43537,Karan Lewis,26,Female,Australia,7/17/2020,Free
s43538,Vihaan Walker,21,Female,Australia,12/7/2021,Free
s43539,Noah Smith,23,Female,USA,5/28/2021,Free
s43540,Emma Sharma,44,Other,Australia,7/22/2019,Yearly
s43541,Zara Lewis,20,Other,UK,12/15/2020,Yearly
s43542,Benjamin Moore,60,Male,Canada,11/1/2020,Monthly
s43543,Zara Martin,22,Male,UK,4/17/2020,Monthly
s43544,Benjamin Hall,35,Male,USA,9/5/2019,Yearly
s43545,Sophia Singh,21,Female,Canada,8/5/2022,Free
s43546,Emma Moore,48,Other,Australia,9/24/2019,Monthly
s43547,Riya Martin,18,Female,Canada,5/1/2020,Monthly
s43548,Aanya Taylor,25,Other,USA,3/15/2021,Yearly
s43549,Eva Brown,33,Other,UK,2/21/2020,Yearly
s43550,Eva Anderson,44,Other,Germany,10/3/2020,Monthly
s43551,Sophia Clark,50,Female,UK,1/30/2020,Monthly
s43552,Arjun Patel,32,Male,USA,5/9/2022,Yearly
s43553,Ethan Moore,21,Female,Canada,9/20/2021,Free
s43554,Amelia Thomas,26,Other,USA,6/12/2021,Free
s43555,Noah Martin,44,Male,India,1/16/2021,Free
s43556,Aarav Davis,47,Male,USA,2/28/2021,Monthly
s43557,Benjamin Singh,20,Female,India,4/2/2021,Monthly
s43558,Isabella Taylor,62,Male,India,2/20/2020,Free
s43559,Sophia Martin,45,Female,Canada,10/27/2022,Free
s43560,Meera Walker,18,Other,Canada,5/29/2021,Yearly
s43561,Olivia Anderson,19,Female,UK,5/11/2021,Free
s43562,Lucas Clark,26,Other,Australia,1/11/2022,Monthly
s43563,Olivia Verma,34,Female,India,1/3/2019,Yearly
s43564,Ethan Brown,18,Other,Canada,5/9/2022,Yearly
s43565,Karan Miller,29,Male,Canada,3/7/2020,Free
s43566,Sophia Verma,26,Female,Canada,7/9/2021,Monthly
s43567,Sophia Davis,23,Female,Germany,5/4/2019,Monthly
s43568,Olivia Martin,32,Male,India,2/4/2022,Monthly
s43569,Ethan Thomas,52,Male,Canada,2/1/2022,Monthly
s43570,Emma Johnson,37,Female,Canada,3/16/2022,Yearly
s43571,Emma Hall,43,Male,UK,3/27/2022,Monthly
s43572,Noah Walker,59,Other,Canada,11/28/2019,Yearly
s43573,Mia Brown,19,Other,Australia,8/23/2022,Yearly
s43574,Arjun Anderson,39,Male,UK,3/23/2019,Monthly
s43575,Liam Hall,56,Female,USA,11/27/2022,Free
s43576,Amelia Brown,45,Female,Canada,7/26/2019,Free
s43577,Lucas Sharma,21,Other,India,4/29/2019,Free
s43578,Emma Sharma,24,Male,Germany,8/1/2019,Monthly
s43579,Sophia Moore,42,Other,USA,5/8/2020,Free
s43580,Vihaan Patel,24,Male,Canada,11/13/2022,Free
s43581,Lucas Martin,25,Other,Germany,10/19/2020,Yearly
s43582,Eva Brown,24,Female,UK,8/11/2021,Monthly
s43583,Vihaan Patel,24,Other,USA,3/21/2021,Free
s43584,Lucas Patel,43,Male,Canada,8/12/2019,Free
s43585,Emma Miller,23,Female,Canada,2/6/2021,Monthly
s43586,Eva Lee,24,Male,Germany,11/9/2019,Monthly
s43587,Sophia Martin,37,Male,UK,4/2/2020,Monthly
s43588,Isabella Wilson,34,Male,Australia,12/1/2019,Yearly
s43589,Eva Smith,45,Female,USA,7/27/2022,Free
s43590,Emma Clark,18,Male,India,12/20/2021,Monthly
s43591,Mia Lewis,25,Female,Canada,2/21/2020,Yearly
s43592,Mia Lee,27,Female,Australia,2/13/2022,Free
s43593,Lucas Lewis,30,Male,Australia,6/3/2022,Free
s43594,Sophia Thomas,23,Other,USA,1/3/2021,Monthly
s43595,Ethan Taylor,24,Male,Germany,1/19/2022,Free
s43596,Sophia Thomas,22,Other,UK,1/14/2019,Yearly
s43597,Meera Hall,27,Other,Canada,3/25/2021,Free
s43598,Eva Walker,67,Male,USA,7/31/2021,Free
s43599,Liam Johnson,26,Female,USA,8/27/2021,Monthly
s43600,Riya Johnson,24,Male,Germany,11/3/2020,Monthly
s43601,Riya Davis,24,Other,Germany,8/26/2020,Yearly
s43602,Amelia Clark,43,Female,UK,4/9/2019,Monthly
s43603,Aarav Lee,24,Female,UK,1/20/2021,Monthly
s43604,Eva Wilson,18,Male,Germany,2/24/2021,Free
s43605,Mia Hall,62,Male,USA,10/24/2019,Monthly
s43606,Arjun Lee,20,Other,USA,9/10/2021,Free
s43607,Meera Wilson,20,Other,Australia,4/23/2020,Free
s43608,Aanya Verma,42,Other,India,11/14/2022,Monthly
s43609,Emma Hall,66,Male,India,5/28/2019,Yearly
s43610,Lucas Thomas,25,Other,USA,9/6/2020,Free
s43611,Emma Lewis,28,Other,India,10/21/2019,Monthly
s43612,Vihaan Patel,19,Other,Germany,12/19/2019,Free
s43613,Zara Thomas,24,Male,India,7/2/2021,Yearly
s43614,Liam Singh,20,Female,Canada,3/23/2021,Free
s43615,Liam Taylor,20,Other,Germany,12/12/2022,Yearly
s43616,Noah Moore,23,Other,Canada,12/15/2021,Yearly
s43617,Benjamin Smith,22,Male,USA,7/26/2021,Yearly
s43618,Meera Wilson,18,Female,Australia,3/4/2022,Free
s43619,Vihaan Singh,19,Male,India,12/10/2021,Yearly
s43620,Aarav Davis,24,Other,UK,4/5/2021,Monthly
s43621,Sophia Clark,27,Other,Canada,4/15/2020,Free
s43622,Meera Patel,26,Other,USA,9/11/2021,Free
s43623,Benjamin Verma,26,Other,Australia,6/9/2022,Monthly
s43624,Benjamin Lee,29,Other,Canada,11/18/2021,Monthly
s43625,Benjamin Smith,23,Male,Germany,1/23/2020,Yearly
s43626,Isabella Walker,44,Other,USA,3/10/2020,Monthly
s43627,Aanya Martin,24,Male,Canada,6/20/2022,Monthly
s43628,Lucas Smith,27,Other,Australia,1/7/2020,Monthly
s43629,Emma Smith,30,Other,Germany,12/26/2022,Monthly
s43630,Arjun Davis,21,Female,Germany,8/30/2022,Monthly
s43631,Meera Thomas,28,Female,Germany,3/8/2019,Monthly
s43632,Benjamin Patel,23,Female,Canada,10/26/2021,Monthly
s43633,Aarav Lee,20,Female,Australia,10/24/2022,Monthly
s43634,Emma Miller,41,Other,Australia,8/19/2019,Free
s43635,Zara Clark,20,Female,UK,7/7/2022,Yearly
s43636,Amelia Thomas,20,Male,UK,7/8/2021,Yearly
s43637,Aanya Clark,45,Female,India,7/22/2021,Yearly
s43638,Amelia Johnson,19,Male,India,6/15/2020,Yearly
s43639,Meera Martin,20,Female,USA,10/1/2021,Yearly
s43640,Noah Wilson,19,Female,Germany,9/10/2019,Free
s43641,Noah Martin,22,Other,Canada,10/20/2021,Yearly
s43642,Eva Johnson,45,Male,UK,1/7/2019,Yearly
s43643,Eva Smith,23,Female,Australia,1/9/2019,Free
s43644,Mia Davis,23,Male,Germany,5/22/2022,Free
s43645,Ethan Clark,38,Other,USA,5/10/2020,Monthly
s43646,Riya Patel,44,Female,India,11/5/2022,Yearly
s43647,Benjamin Johnson,22,Male,Australia,7/8/2019,Free
s43648,Aarav Patel,18,Other,Germany,3/13/2022,Yearly
s43649,Emma Lewis,38,Female,Germany,6/12/2021,Yearly
s43650,Riya Singh,25,Male,India,7/23/2022,Monthly
s43651,Olivia Lewis,22,Other,UK,4/20/2022,Monthly
s43652,Liam Patel,22,Female,Germany,12/8/2019,Free
s43653,Isabella Clark,22,Female,UK,11/22/2022,Yearly
s43654,Riya Wilson,18,Other,Australia,1/18/2021,Free
s43655,Mia Walker,23,Other,Canada,6/2/2020,Yearly
s43656,Mia Walker,23,Female,India,2/9/2022,Yearly
s43657,Ethan Singh,37,Male,Canada,6/2/2020,Free
s43658,Karan Sharma,56,Female,Germany,6/3/2019,Free
s43659,Lucas Hall,20,Other,USA,8/9/2020,Monthly
s43660,Sophia Davis,25,Other,USA,10/16/2022,Monthly
s43661,Sophia Martin,31,Male,UK,4/22/2021,Free
s43662,Eva Brown,18,Female,USA,10/9/2022,Yearly
s43663,Liam Lee,26,Male,Australia,5/17/2020,Free
s43664,Eva Walker,26,Male,Germany,12/27/2019,Monthly
s43665,Vihaan Davis,26,Female,India,5/31/2019,Free
s43666,Liam Davis,33,Female,USA,2/7/2020,Free
s43667,Arjun Verma,26,Female,Germany,6/9/2019,Monthly
s43668,Arjun Lewis,53,Other,Canada,6/1/2019,Yearly
s43669,Isabella Davis,31,Male,UK,5/17/2019,Yearly
s43670,Vihaan Anderson,64,Female,Canada,3/22/2021,Monthly
s43671,Lucas Anderson,18,Female,Canada,8/10/2022,Yearly
s43672,Vihaan Smith,26,Male,Germany,4/21/2019,Monthly
s43673,Vihaan Hall,31,Female,USA,12/16/2022,Yearly
s43674,Lucas Moore,22,Male,Germany,3/26/2019,Free
s43675,Zara Davis,27,Female,India,5/10/2020,Monthly
s43676,Sophia Walker,23,Other,Germany,1/10/2021,Free
s43677,Benjamin Smith,26,Other,USA,11/12/2019,Free
s43678,Ethan Brown,26,Male,Australia,7/6/2020,Free
s43679,Amelia Wilson,26,Female,UK,1/12/2021,Free
s43680,Ethan Johnson,26,Male,USA,10/5/2022,Monthly
s43681,Eva Walker,24,Other,Germany,2/23/2019,Monthly
s43682,Aarav Sharma,42,Female,Germany,1/14/2020,Yearly
s43683,Eva Sharma,22,Male,Australia,4/4/2020,Yearly
s43684,Vihaan Singh,24,Female,UK,1/14/2022,Monthly
s43685,Vihaan Wilson,27,Female,Germany,4/25/2019,Monthly
s43686,Arjun Anderson,23,Other,Germany,1/9/2021,Free
s43687,Aarav Lee,37,Female,Germany,9/5/2022,Monthly
s43688,Ethan Brown,19,Other,Australia,6/5/2021,Monthly
s43689,Eva Thomas,19,Male,Canada,12/2/2019,Yearly
s43690,Benjamin Johnson,47,Other,Canada,10/24/2022,Yearly
s43691,Olivia Thomas,38,Male,UK,5/14/2020,Yearly
s43692,Meera Hall,44,Other,India,6/20/2019,Yearly
s43693,Liam Sharma,59,Female,Australia,12/18/2019,Monthly
s43694,Riya Davis,22,Female,India,1/30/2021,Yearly
s43695,Riya Clark,23,Other,Germany,1/25/2020,Monthly
s43696,Karan Clark,28,Male,USA,8/29/2022,Yearly
s43697,Emma Hall,19,Other,UK,4/18/2020,Yearly
s43698,Arjun Anderson,18,Female,India,12/21/2021,Free
s43699,Aarav Sharma,21,Other,USA,12/31/2020,Free
s43700,Emma Walker,24,Other,Canada,12/8/2020,Monthly
s43701,Noah Anderson,62,Male,UK,3/14/2022,Free
s43702,Arjun Patel,32,Other,Germany,7/26/2020,Yearly
s43703,Liam Davis,45,Male,USA,3/6/2020,Yearly
s43704,Lucas Moore,23,Male,UK,7/25/2022,Monthly
s43705,Lucas Thomas,36,Male,Germany,4/26/2022,Free
s43706,Ethan Singh,46,Other,India,3/9/2021,Free
s43707,Sophia Lee,43,Female,Canada,7/2/2022,Yearly
s43708,Olivia Taylor,25,Male,India,8/10/2019,Monthly
s43709,Isabella Miller,59,Female,Australia,12/30/2019,Monthly
s43710,Ethan Moore,30,Other,USA,4/21/2021,Monthly
s43711,Sophia Lee,20,Male,UK,2/28/2022,Free
s43712,Aarav Martin,22,Male,UK,8/14/2020,Monthly
s43713,Arjun Miller,45,Other,Australia,6/7/2020,Yearly
s43714,Sophia Smith,28,Female,Germany,7/5/2022,Yearly
s43715,Liam Davis,21,Other,Canada,7/30/2022,Monthly
s43716,Amelia Sharma,22,Other,Canada,3/25/2019,Free
s43717,Eva Taylor,30,Other,UK,9/29/2021,Monthly
s43718,Benjamin Johnson,53,Female,USA,3/2/2022,Monthly
s43719,Vihaan Smith,22,Female,USA,9/3/2021,Monthly
s43720,Karan Hall,23,Other,Germany,10/12/2020,Yearly
s43721,Isabella Miller,43,Female,USA,1/13/2021,Monthly
s43722,Benjamin Miller,42,Male,India,4/14/2021,Free
s43723,Arjun Taylor,38,Female,Germany,11/12/2022,Free
s43724,Liam Lee,27,Male,India,2/3/2021,Monthly
s43725,Lucas Brown,20,Male,Australia,10/12/2019,Monthly
s43726,Liam Johnson,22,Other,USA,8/1/2019,Free
s43727,Liam Taylor,21,Other,Canada,5/21/2021,Free
s43728,Liam Davis,21,Female,UK,6/11/2021,Monthly
s43729,Ethan Walker,42,Other,USA,2/22/2021,Yearly
s43730,Aanya Patel,29,Female,USA,5/3/2021,Free
s43731,Ethan Patel,18,Other,USA,4/26/2019,Monthly
s43732,Emma Moore,25,Other,India,9/9/2021,Monthly
s43733,Karan Lewis,18,Other,Australia,7/13/2019,Free
s43734,Noah Taylor,20,Male,Australia,9/27/2020,Yearly
s43735,Vihaan Verma,38,Other,UK,6/8/2019,Yearly
s43736,Vihaan Wilson,18,Male,India,6/17/2021,Free
s43737,Emma Singh,26,Other,UK,9/14/2019,Free
s43738,Emma Smith,26,Male,Australia,2/28/2020,Yearly
s43739,Meera Singh,46,Male,USA,9/5/2022,Yearly
s43740,Olivia Brown,40,Other,Canada,6/4/2020,Yearly
s43741,Ethan Martin,46,Female,USA,5/6/2022,Free
s43742,Noah Taylor,46,Male,USA,6/3/2020,Free
s43743,Karan Anderson,22,Female,Canada,3/11/2019,Monthly
s43744,Zara Smith,18,Other,Australia,11/8/2021,Monthly
s43745,Karan Walker,24,Male,Germany,12/27/2020,Free
s43746,Lucas Walker,21,Female,Germany,5/2/2019,Monthly
s43747,Ethan Taylor,18,Female,Australia,9/2/2021,Yearly
s43748,Ethan Martin,40,Other,USA,2/14/2019,Monthly
s43749,Zara Walker,41,Other,India,8/6/2020,Yearly
s43750,Eva Hall,19,Other,India,12/25/2020,Monthly
s43751,Emma Hall,58,Male,Australia,1/3/2022,Monthly
s43752,Sophia Walker,23,Other,Australia,10/8/2019,Yearly
s43753,Riya Lewis,45,Male,Australia,6/19/2019,Free
s43754,Arjun Thomas,22,Female,UK,3/7/2020,Monthly
s43755,Meera Taylor,22,Other,Canada,10/22/2020,Free
s43756,Arjun Lewis,51,Male,USA,12/23/2020,Yearly
s43757,Vihaan Smith,24,Male,USA,5/30/2020,Monthly
s43758,Liam Taylor,21,Female,Canada,7/4/2020,Yearly
s43759,Liam Hall,41,Female,USA,10/7/2019,Free
s43760,Riya Johnson,26,Male,Canada,10/31/2019,Monthly
s43761,Liam Hall,49,Female,USA,3/21/2022,Yearly
s43762,Vihaan Verma,26,Other,Australia,4/6/2019,Free
s43763,Aarav Verma,38,Male,Australia,3/19/2022,Free
s43764,Ethan Taylor,56,Male,Canada,11/11/2021,Free
s43765,Meera Miller,21,Other,India,9/7/2019,Free
s43766,Sophia Lewis,23,Other,USA,9/22/2020,Yearly
s43767,Meera Lewis,42,Male,Australia,6/2/2022,Free
s43768,Olivia Davis,44,Male,India,3/18/2021,Yearly
s43769,Riya Davis,21,Female,Germany,6/29/2020,Yearly
s43770,Eva Martin,36,Male,USA,11/25/2019,Free
s43771,Eva Lee,37,Other,USA,5/7/2022,Yearly
s43772,Mia Lewis,33,Female,Australia,5/27/2019,Monthly
s43773,Liam Davis,24,Other,USA,2/16/2020,Monthly
s43774,Eva Johnson,29,Other,Germany,9/3/2019,Monthly
s43775,Isabella Martin,23,Other,Germany,9/13/2020,Free
s43776,Olivia Smith,22,Female,Australia,7/29/2019,Monthly
s43777,Amelia Patel,38,Female,India,8/21/2019,Free
s43778,Meera Martin,26,Male,USA,1/27/2019,Yearly
s43779,Riya Thomas,23,Male,Germany,8/27/2021,Monthly
s43780,Aarav Verma,52,Male,Canada,2/1/2019,Monthly
s43781,Isabella Lee,26,Female,UK,2/27/2022,Monthly
s43782,Sophia Sharma,27,Male,USA,2/13/2020,Yearly
s43783,Aarav Lee,22,Female,UK,5/4/2019,Free
s43784,Vihaan Thomas,19,Female,USA,11/15/2021,Yearly
s43785,Mia Patel,19,Female,Australia,8/23/2022,Yearly
s43786,Sophia Walker,20,Other,Germany,3/23/2019,Free
s43787,Aarav Clark,27,Other,Germany,10/24/2021,Yearly
s43788,Liam Patel,26,Female,Canada,9/29/2021,Free
s43789,Eva Miller,18,Female,Germany,12/27/2022,Free
s43790,Meera Miller,51,Female,India,7/14/2022,Monthly
s43791,Lucas Brown,25,Male,India,10/21/2021,Yearly
s43792,Zara Hall,32,Male,Canada,2/14/2021,Monthly
s43793,Amelia Taylor,60,Female,India,2/28/2020,Free
s43794,Meera Moore,27,Male,Canada,10/18/2020,Monthly
s43795,Aarav Davis,59,Male,UK,2/25/2022,Free
s43796,Zara Taylor,44,Other,Canada,3/12/2022,Free
s43797,Sophia Moore,40,Female,Australia,8/21/2022,Monthly
s43798,Riya Smith,18,Other,UK,8/14/2020,Yearly
s43799,Meera Miller,22,Female,UK,11/25/2020,Yearly
s43800,Zara Lewis,26,Male,USA,12/4/2021,Yearly
s43801,Eva Anderson,18,Female,Australia,4/13/2020,Yearly
s43802,Meera Walker,28,Female,Canada,3/28/2022,Monthly
s43803,Vihaan Martin,33,Other,Australia,7/3/2019,Yearly
s43804,Mia Wilson,45,Female,UK,2/23/2019,Yearly
s43805,Mia Clark,38,Male,India,4/14/2021,Monthly
s43806,Ethan Thomas,18,Male,Canada,5/16/2022,Free
s43807,Aarav Hall,37,Male,Germany,9/17/2021,Monthly
s43808,Karan Anderson,20,Other,USA,7/26/2021,Free
s43809,Zara Smith,63,Female,USA,3/31/2021,Free
s43810,Olivia Martin,20,Female,Germany,6/5/2021,Yearly
s43811,Emma Brown,19,Male,USA,9/10/2019,Yearly
s43812,Lucas Hall,20,Male,Australia,11/29/2020,Free
s43813,Zara Miller,19,Other,Canada,9/20/2021,Free
s43814,Karan Moore,59,Female,USA,7/26/2021,Free
s43815,Emma Wilson,22,Male,India,7/11/2020,Yearly
s43816,Isabella Lewis,19,Other,India,3/7/2022,Free
s43817,Liam Walker,39,Female,Germany,10/6/2021,Monthly
s43818,Olivia Lewis,18,Female,UK,1/18/2020,Yearly
s43819,Isabella Johnson,46,Male,India,8/26/2022,Yearly
s43820,Aarav Verma,26,Other,UK,7/6/2019,Yearly
s43821,Emma Taylor,26,Other,Canada,2/28/2022,Free
s43822,Emma Lewis,18,Other,Australia,5/16/2019,Free
s43823,Arjun Johnson,21,Male,USA,10/19/2022,Yearly
s43824,Isabella Davis,27,Other,Germany,2/4/2022,Free
s43825,Benjamin Moore,25,Other,UK,6/19/2022,Yearly
s43826,Riya Martin,32,Other,Canada,9/11/2019,Free
s43827,Isabella Walker,18,Male,UK,3/13/2019,Monthly
s43828,Emma Verma,20,Male,Germany,2/11/2020,Yearly
s43829,Zara Martin,26,Other,UK,10/5/2020,Monthly
s43830,Meera Verma,47,Male,Canada,12/28/2022,Yearly
s43831,Olivia Smith,38,Female,Australia,1/11/2022,Monthly
s43832,Benjamin Brown,27,Female,India,7/30/2022,Free
s43833,Zara Patel,25,Other,UK,9/4/2019,Monthly
s43834,Mia Hall,29,Female,UK,6/19/2020,Yearly
s43835,Aarav Martin,20,Other,Canada,10/22/2022,Monthly
s43836,Meera Anderson,21,Other,Australia,8/24/2020,Free
s43837,Meera Lee,24,Female,Germany,12/21/2019,Monthly
s43838,Eva Sharma,21,Female,Australia,9/1/2022,Free
s43839,Eva Clark,46,Female,India,10/4/2021,Free
s43840,Lucas Martin,28,Other,India,9/27/2021,Monthly
s43841,Sophia Brown,27,Male,Australia,7/11/2019,Free
s43842,Benjamin Thomas,49,Female,Canada,11/8/2021,Monthly
s43843,Aanya Hall,26,Other,USA,9/17/2021,Monthly
s43844,Mia Sharma,19,Female,Canada,12/3/2021,Monthly
s43845,Lucas Walker,20,Male,Canada,7/30/2022,Yearly
s43846,Aanya Johnson,24,Female,UK,9/11/2019,Yearly
s43847,Zara Taylor,39,Male,Germany,12/29/2019,Free
s43848,Eva Singh,18,Female,Canada,9/19/2019,Free
s43849,Benjamin Sharma,22,Male,India,1/18/2020,Free
s43850,Isabella Smith,18,Female,UK,9/3/2021,Yearly
s43851,Sophia Singh,20,Female,UK,5/3/2022,Yearly
s43852,Eva Lewis,18,Male,USA,9/19/2021,Yearly
s43853,Benjamin Moore,21,Male,USA,7/30/2019,Monthly
s43854,Vihaan Miller,18,Female,USA,1/13/2022,Monthly
s43855,Olivia Johnson,22,Other,Canada,7/20/2020,Free
s43856,Isabella Singh,45,Male,Germany,4/16/2021,Free
s43857,Vihaan Anderson,24,Other,Australia,12/5/2019,Monthly
s43858,Riya Brown,38,Female,UK,11/22/2019,Free
s43859,Liam Thomas,18,Other,India,3/26/2021,Yearly
s43860,Mia Lewis,23,Male,USA,4/15/2022,Free
s43861,Amelia Thomas,39,Male,UK,3/16/2019,Monthly
s43862,Karan Walker,40,Male,Germany,5/13/2020,Yearly
s43863,Arjun Hall,21,Male,Australia,6/8/2020,Yearly
s43864,Sophia Clark,43,Other,USA,12/26/2020,Monthly
s43865,Arjun Hall,22,Male,USA,7/1/2019,Monthly
s43866,Liam Brown,26,Male,UK,9/2/2019,Free
s43867,Benjamin Hall,48,Female,USA,7/31/2021,Monthly
s43868,Lucas Patel,19,Male,Germany,6/3/2021,Yearly
s43869,Ethan Wilson,23,Female,Canada,1/6/2019,Yearly
s43870,Eva Miller,39,Male,Australia,2/23/2019,Monthly
s43871,Olivia Smith,25,Female,India,9/15/2022,Yearly
s43872,Karan Patel,58,Female,Australia,3/25/2020,Monthly
s43873,Liam Brown,45,Male,Australia,2/8/2019,Yearly
s43874,Amelia Brown,38,Male,India,9/18/2021,Yearly
s43875,Meera Lewis,31,Male,UK,11/6/2021,Free
s43876,Zara Verma,36,Male,Canada,11/24/2019,Yearly
s43877,Aanya Clark,33,Male,Australia,3/5/2020,Yearly
s43878,Benjamin Lewis,39,Female,India,3/30/2021,Yearly
s43879,Liam Patel,44,Male,UK,1/23/2020,Monthly
s43880,Zara Davis,29,Other,USA,7/24/2021,Free
s43881,Arjun Clark,21,Other,UK,7/31/2019,Monthly
s43882,Karan Lee,34,Male,Germany,10/2/2022,Monthly
s43883,Lucas Wilson,38,Other,Germany,10/16/2019,Yearly
s43884,Lucas Lee,18,Female,Germany,6/13/2020,Monthly
s43885,Eva Wilson,26,Female,Australia,5/31/2021,Free
s43886,Sophia Moore,38,Female,USA,3/17/2022,Yearly
s43887,Liam Moore,22,Male,UK,2/17/2019,Free
s43888,Aarav Lee,26,Female,Germany,8/20/2019,Yearly
s43889,Karan Johnson,20,Male,Canada,2/21/2020,Monthly
s43890,Sophia Thomas,44,Other,India,4/12/2020,Monthly
s43891,Amelia Clark,25,Male,Germany,6/9/2022,Yearly
s43892,Noah Singh,25,Female,Australia,9/4/2019,Monthly
s43893,Zara Wilson,18,Female,Germany,1/22/2022,Yearly
s43894,Ethan Moore,58,Female,Australia,12/29/2022,Yearly
s43895,Benjamin Thomas,22,Male,UK,6/17/2022,Yearly
s43896,Vihaan Walker,25,Female,UK,11/23/2022,Monthly
s43897,Eva Patel,21,Other,Germany,1/6/2021,Yearly
s43898,Ethan Smith,21,Female,UK,7/15/2019,Free
s43899,Riya Lee,22,Other,Canada,12/6/2022,Free
s43900,Eva Walker,18,Female,Germany,6/22/2020,Monthly
s43901,Ethan Martin,18,Male,Germany,5/9/2021,Monthly
s43902,Benjamin Davis,21,Other,Germany,5/16/2020,Yearly
s43903,Sophia Moore,34,Female,Germany,12/6/2019,Monthly
s43904,Noah Lewis,21,Female,India,1/19/2019,Monthly
s43905,Zara Walker,25,Female,Australia,4/2/2020,Free
s43906,Lucas Brown,61,Female,Canada,10/30/2021,Yearly
s43907,Mia Anderson,28,Male,Canada,8/2/2019,Monthly
s43908,Arjun Moore,23,Female,Australia,2/15/2020,Monthly
s43909,Noah Hall,27,Other,Australia,11/28/2020,Monthly
s43910,Liam Davis,18,Other,USA,8/1/2020,Monthly
s43911,Emma Anderson,40,Other,Germany,8/4/2020,Monthly
s43912,Zara Clark,24,Male,Australia,8/11/2022,Yearly
s43913,Eva Verma,26,Male,India,5/24/2021,Yearly
s43914,Aanya Martin,22,Other,USA,10/13/2021,Yearly
s43915,Benjamin Johnson,34,Female,UK,11/1/2022,Free
s43916,Mia Thomas,29,Male,Germany,4/17/2020,Monthly
s43917,Sophia Thomas,36,Female,Canada,3/1/2021,Monthly
s43918,Lucas Singh,56,Female,Australia,7/7/2022,Free
s43919,Aanya Miller,43,Other,Australia,1/27/2021,Yearly
s43920,Zara Singh,20,Female,Australia,7/18/2021,Yearly
s43921,Eva Martin,24,Male,India,8/1/2021,Monthly
s43922,Emma Brown,27,Female,Australia,11/7/2022,Yearly
s43923,Aarav Anderson,21,Female,Australia,5/13/2021,Free
s43924,Riya Walker,26,Female,Canada,5/29/2021,Monthly
s43925,Riya Clark,57,Female,UK,11/13/2019,Monthly
s43926,Sophia Lewis,58,Male,India,9/29/2022,Monthly
s43927,Isabella Taylor,22,Female,Germany,12/16/2019,Monthly
s43928,Riya Johnson,47,Other,UK,2/15/2022,Monthly
s43929,Liam Patel,23,Female,Australia,8/26/2020,Monthly
s43930,Karan Hall,20,Female,Canada,10/12/2020,Monthly
s43931,Aarav Johnson,26,Male,UK,7/17/2019,Monthly
s43932,Zara Lee,21,Female,Canada,4/4/2020,Monthly
s43933,Ethan Thomas,24,Female,Germany,5/7/2019,Free
s43934,Benjamin Sharma,26,Other,Canada,1/18/2021,Free
s43935,Vihaan Brown,21,Female,UK,2/19/2021,Yearly
s43936,Zara Davis,29,Other,USA,9/16/2020,Monthly
s43937,Meera Johnson,19,Male,India,11/21/2021,Monthly
s43938,Aanya Johnson,20,Male,India,8/5/2022,Free
s43939,Olivia Lee,19,Female,Australia,8/10/2020,Yearly
s43940,Aanya Verma,23,Female,UK,8/12/2021,Free
s43941,Meera Moore,22,Other,Australia,8/28/2022,Yearly
s43942,Mia Moore,21,Male,UK,5/2/2019,Monthly
s43943,Arjun Wilson,23,Female,Canada,5/5/2019,Free
s43944,Isabella Singh,33,Male,UK,11/26/2021,Yearly
s43945,Isabella Lee,19,Female,USA,1/30/2020,Monthly
s43946,Liam Sharma,24,Female,USA,11/20/2022,Monthly
s43947,Zara Wilson,19,Female,UK,8/8/2021,Monthly
s43948,Arjun Lewis,24,Female,USA,3/16/2020,Monthly
s43949,Sophia Anderson,21,Male,India,8/19/2022,Yearly
s43950,Sophia Sharma,20,Male,Germany,9/27/2019,Yearly
s43951,Emma Hall,22,Male,USA,8/26/2020,Monthly
s43952,Arjun Smith,36,Male,Australia,5/7/2022,Free
s43953,Lucas Walker,37,Male,UK,5/19/2020,Yearly
s43954,Liam Miller,36,Other,USA,6/3/2020,Monthly
s43955,Benjamin Lee,44,Other,USA,4/16/2019,Free
s43956,Isabella Thomas,43,Male,Germany,7/16/2020,Yearly
s43957,Zara Taylor,34,Female,Germany,1/31/2019,Monthly
s43958,Zara Hall,32,Female,UK,11/28/2019,Free
s43959,Karan Walker,20,Male,USA,10/15/2022,Free
s43960,Vihaan Johnson,26,Other,Australia,4/27/2021,Free
s43961,Olivia Thomas,46,Female,UK,3/24/2022,Yearly
s43962,Mia Singh,46,Other,India,10/6/2019,Yearly
s43963,Olivia Walker,28,Other,USA,11/7/2022,Free
s43964,Emma Patel,22,Female,Canada,5/31/2022,Yearly
s43965,Liam Thomas,21,Male,Australia,9/9/2022,Monthly
s43966,Amelia Clark,18,Female,Australia,2/1/2021,Yearly
s43967,Zara Thomas,29,Other,Australia,2/9/2019,Free
s43968,Lucas Walker,26,Female,UK,8/11/2019,Monthly
s43969,Mia Walker,25,Female,Germany,1/7/2020,Yearly
s43970,Isabella Walker,24,Female,Canada,2/15/2019,Monthly
s43971,Arjun Thomas,27,Male,Canada,11/7/2022,Yearly
s43972,Vihaan Hall,64,Male,Australia,2/6/2022,Yearly
s43973,Riya Lee,27,Male,Canada,4/3/2021,Monthly
s43974,Zara Patel,61,Female,India,8/14/2021,Monthly
s43975,Aanya Anderson,28,Female,Canada,10/12/2019,Yearly
s43976,Isabella Taylor,30,Male,Canada,6/18/2021,Free
s43977,Emma Sharma,62,Other,Australia,5/20/2020,Monthly
s43978,Karan Johnson,35,Other,Australia,1/24/2022,Yearly
s43979,Aarav Clark,29,Male,USA,10/28/2019,Monthly
s43980,Amelia Miller,32,Male,Australia,11/2/2022,Yearly
s43981,Ethan Verma,22,Male,India,3/22/2019,Free
s43982,Olivia Hall,32,Female,UK,3/24/2019,Free
s43983,Arjun Lewis,25,Female,USA,2/6/2021,Free
s43984,Benjamin Taylor,18,Male,Germany,4/5/2021,Free
s43985,Aarav Anderson,33,Female,Germany,11/1/2020,Monthly
s43986,Mia Hall,22,Other,Australia,6/27/2020,Free
s43987,Isabella Lewis,48,Other,India,8/21/2020,Yearly
s43988,Riya Brown,62,Male,Germany,8/6/2020,Free
s43989,Aanya Moore,65,Other,India,5/11/2021,Free
s43990,Eva Verma,21,Male,Germany,4/8/2020,Free
s43991,Mia Brown,38,Female,UK,12/10/2021,Yearly
s43992,Zara Martin,27,Other,USA,11/15/2020,Yearly
s43993,Lucas Walker,41,Male,Australia,3/9/2020,Monthly
s43994,Meera Walker,21,Male,USA,10/13/2019,Free
s43995,Liam Smith,23,Other,Australia,7/16/2021,Monthly
s43996,Sophia Lee,21,Other,Canada,11/4/2021,Yearly
s43997,Isabella Lee,20,Other,Canada,10/12/2020,Yearly
s43998,Lucas Walker,22,Male,UK,10/25/2022,Monthly
s43999,Aanya Anderson,24,Other,Germany,4/27/2020,Yearly
s44000,Emma Lee,35,Other,India,7/19/2022,Yearly
s44001,Meera Verma,25,Male,Australia,9/29/2022,Monthly
s44002,Aanya Taylor,49,Female,Germany,7/18/2021,Yearly
s44003,Amelia Wilson,31,Female,Australia,12/12/2020,Yearly
s44004,Vihaan Brown,19,Other,India,12/15/2020,Free
s44005,Isabella Brown,32,Other,USA,9/23/2019,Monthly
s44006,Eva Verma,47,Female,Canada,9/16/2019,Yearly
s44007,Aarav Moore,22,Male,UK,10/12/2019,Free
s44008,Sophia Sharma,66,Male,Germany,4/29/2019,Monthly
s44009,Karan Lewis,46,Other,Germany,10/2/2021,Yearly
s44010,Meera Hall,32,Other,USA,2/2/2021,Monthly
s44011,Meera Sharma,66,Female,UK,12/28/2022,Monthly
s44012,Lucas Moore,21,Male,Australia,12/13/2020,Free
s44013,Eva Lewis,24,Other,USA,7/8/2019,Free
s44014,Meera Taylor,47,Other,Canada,8/25/2019,Yearly
s44015,Noah Hall,34,Female,India,1/6/2021,Monthly
s44016,Vihaan Anderson,22,Female,UK,12/17/2020,Monthly
s44017,Benjamin Wilson,25,Male,USA,12/30/2019,Yearly
s44018,Ethan Martin,21,Other,Australia,4/12/2021,Free
s44019,Aanya Thomas,20,Male,India,10/29/2021,Monthly
s44020,Liam Taylor,62,Female,Canada,7/11/2022,Monthly
s44021,Ethan Clark,23,Other,UK,1/28/2021,Monthly
s44022,Vihaan Davis,20,Other,UK,1/24/2020,Monthly
s44023,Vihaan Lee,24,Female,USA,10/24/2022,Yearly
s44024,Isabella Martin,25,Female,Canada,9/9/2019,Free
s44025,Emma Taylor,25,Male,Canada,4/23/2022,Free
s44026,Noah Lee,23,Female,India,11/11/2021,Monthly
s44027,Ethan Patel,20,Other,Germany,11/11/2020,Yearly
s44028,Isabella Walker,26,Male,USA,2/13/2019,Monthly
s44029,Arjun Wilson,22,Female,USA,6/25/2022,Free
s44030,Eva Davis,47,Male,India,12/27/2019,Free
s44031,Vihaan Taylor,33,Female,Canada,4/1/2019,Free
s44032,Liam Brown,25,Other,USA,6/22/2019,Monthly
s44033,Aanya Moore,26,Female,Germany,8/5/2019,Monthly
s44034,Eva Hall,21,Other,India,11/28/2019,Yearly
s44035,Noah Smith,39,Male,USA,1/6/2020,Free
s44036,Noah Lewis,25,Other,UK,6/7/2020,Monthly
s44037,Olivia Miller,20,Male,India,1/22/2019,Free
s44038,Emma Miller,26,Female,Canada,4/9/2019,Monthly
s44039,Ethan Moore,37,Male,Australia,9/15/2022,Monthly
s44040,Eva Brown,22,Other,Canada,7/28/2019,Free
s44041,Aanya Anderson,51,Other,Canada,5/24/2020,Monthly
s44042,Noah Walker,23,Male,USA,1/10/2022,Monthly
s44043,Liam Davis,19,Male,Australia,1/5/2021,Free
s44044,Amelia Taylor,34,Female,UK,7/18/2020,Monthly
s44045,Sophia Wilson,18,Other,Australia,12/30/2022,Free
s44046,Riya Smith,22,Male,UK,6/10/2021,Free
s44047,Vihaan Singh,39,Male,Germany,11/18/2022,Free
s44048,Lucas Walker,25,Other,UK,6/3/2021,Monthly
s44049,Amelia Thomas,23,Other,USA,1/20/2021,Yearly
s44050,Emma Clark,27,Other,UK,2/17/2019,Free
s44051,Emma Thomas,22,Other,India,12/13/2019,Free
s44052,Ethan Hall,26,Female,India,6/24/2021,Yearly
s44053,Karan Smith,65,Female,USA,7/20/2019,Monthly
s44054,Karan Taylor,45,Female,USA,3/12/2019,Yearly
s44055,Benjamin Johnson,18,Other,Germany,8/19/2021,Yearly
s44056,Arjun Anderson,46,Male,India,11/8/2022,Free
s44057,Meera Davis,27,Female,India,11/3/2019,Monthly
s44058,Zara Wilson,57,Female,India,6/10/2021,Monthly
s44059,Isabella Patel,57,Female,Canada,9/5/2021,Yearly
s44060,Karan Moore,25,Other,India,7/16/2019,Free
s44061,Vihaan Clark,45,Other,USA,6/27/2019,Yearly
s44062,Lucas Johnson,55,Other,USA,7/14/2020,Free
s44063,Liam Lee,41,Other,Canada,9/27/2019,Monthly
s44064,Noah Verma,40,Other,Australia,5/16/2019,Monthly
s44065,Arjun Sharma,35,Female,UK,4/7/2021,Yearly
s44066,Aanya Lewis,21,Other,Canada,11/16/2022,Yearly
s44067,Meera Miller,45,Other,India,7/29/2020,Monthly
s44068,Arjun Brown,24,Other,India,8/11/2021,Monthly
s44069,Sophia Hall,60,Other,Germany,8/15/2022,Yearly
s44070,Zara Brown,22,Other,USA,6/19/2019,Free
s44071,Noah Sharma,53,Female,Australia,6/14/2019,Free
s44072,Zara Thomas,26,Female,UK,9/4/2022,Yearly
s44073,Ethan Johnson,28,Other,USA,8/11/2022,Monthly
s44074,Emma Smith,46,Male,Canada,10/31/2021,Monthly
s44075,Noah Lewis,21,Male,Canada,4/22/2022,Monthly
s44076,Aanya Martin,24,Other,UK,11/26/2022,Free
s44077,Mia Walker,28,Male,India,8/29/2021,Yearly
s44078,Noah Wilson,20,Other,Germany,1/16/2020,Free
s44079,Meera Smith,47,Male,Australia,6/20/2021,Monthly
s44080,Riya Wilson,38,Other,India,3/4/2022,Monthly
s44081,Olivia Martin,52,Male,Australia,6/27/2020,Free
s44082,Ethan Walker,38,Other,USA,11/3/2020,Free
s44083,Amelia Moore,60,Other,Germany,6/30/2020,Free
s44084,Mia Brown,43,Female,UK,3/29/2019,Monthly
s44085,Amelia Thomas,18,Other,Germany,8/13/2019,Yearly
s44086,Emma Smith,52,Female,Canada,10/23/2022,Free
s44087,Vihaan Martin,21,Male,Germany,12/2/2021,Yearly
s44088,Aanya Taylor,27,Other,India,10/7/2021,Monthly
s44089,Vihaan Wilson,43,Other,India,11/3/2021,Free
s44090,Eva Walker,27,Male,India,5/6/2021,Free
s44091,Riya Thomas,21,Male,India,6/27/2019,Monthly
s44092,Karan Singh,57,Male,Canada,7/18/2022,Free
s44093,Aanya Lee,23,Female,Germany,5/31/2021,Free
s44094,Karan Johnson,20,Male,Germany,7/31/2022,Free
s44095,Olivia Johnson,18,Female,UK,12/19/2022,Yearly
s44096,Ethan Lee,20,Female,India,9/26/2021,Monthly
s44097,Zara Verma,26,Female,USA,8/21/2019,Yearly
s44098,Sophia Hall,38,Male,Germany,6/23/2022,Free
s44099,Arjun Patel,42,Female,Canada,11/30/2021,Free
s44100,Isabella Sharma,27,Male,Australia,3/10/2020,Free
s44101,Amelia Clark,18,Other,Canada,8/3/2021,Free
s44102,Olivia Brown,19,Female,UK,7/5/2019,Monthly
s44103,Liam Moore,46,Other,UK,1/23/2019,Yearly
s44104,Lucas Walker,19,Male,Australia,11/6/2022,Monthly
s44105,Vihaan Hall,40,Other,USA,2/9/2021,Free
s44106,Meera Thomas,20,Female,Australia,9/14/2021,Free
s44107,Olivia Miller,18,Female,Canada,5/31/2019,Yearly
s44108,Aanya Taylor,25,Other,India,11/10/2019,Free
s44109,Arjun Brown,19,Other,Australia,11/7/2021,Monthly
s44110,Aanya Wilson,53,Female,Australia,1/27/2020,Yearly
s44111,Arjun Wilson,21,Other,USA,11/19/2022,Yearly
s44112,Meera Sharma,20,Female,UK,7/10/2022,Free
s44113,Amelia Patel,36,Female,Germany,8/13/2021,Monthly
s44114,Aanya Singh,30,Male,Germany,1/7/2019,Free
s44115,Vihaan Lee,42,Male,India,4/21/2020,Yearly
s44116,Aanya Miller,31,Male,USA,7/7/2020,Monthly
s44117,Amelia Davis,23,Male,USA,10/21/2020,Monthly
s44118,Benjamin Lee,48,Female,Australia,6/20/2022,Free
s44119,Eva Patel,18,Female,Australia,1/13/2020,Yearly
s44120,Liam Clark,23,Female,Australia,11/17/2022,Free
s44121,Aanya Miller,37,Other,India,7/29/2021,Yearly
s44122,Noah Lee,27,Female,UK,4/8/2019,Yearly
s44123,Noah Anderson,27,Other,Canada,4/9/2019,Free
s44124,Aanya Thomas,21,Female,India,3/4/2021,Yearly
s44125,Ethan Miller,43,Other,Canada,2/21/2019,Yearly
s44126,Riya Verma,25,Male,India,12/6/2020,Yearly
s44127,Ethan Anderson,30,Male,Germany,1/13/2019,Monthly
s44128,Benjamin Patel,38,Male,USA,4/7/2020,Free
s44129,Sophia Brown,21,Female,USA,12/23/2020,Yearly
s44130,Sophia Martin,24,Other,Germany,10/7/2019,Free
s44131,Aarav Hall,20,Other,Germany,1/9/2021,Free
s44132,Meera Clark,18,Other,Canada,1/16/2021,Free
s44133,Meera Lee,18,Other,USA,3/14/2019,Yearly
s44134,Aanya Hall,41,Other,UK,4/11/2022,Yearly
s44135,Eva Verma,25,Male,Canada,3/6/2020,Monthly
s44136,Amelia Taylor,44,Other,Canada,5/27/2022,Monthly
s44137,Ethan Miller,34,Female,Germany,2/21/2022,Monthly
s44138,Isabella Patel,27,Other,Australia,11/5/2019,Monthly
s44139,Emma Martin,34,Female,USA,7/11/2021,Free
s44140,Eva Lewis,32,Female,USA,2/14/2021,Yearly
s44141,Lucas Taylor,19,Other,Germany,2/26/2021,Monthly
s44142,Amelia Wilson,20,Other,Australia,9/26/2019,Free
s44143,Mia Thomas,21,Male,India,10/16/2019,Monthly
s44144,Lucas Moore,55,Other,India,5/11/2021,Yearly
s44145,Noah Verma,32,Male,Canada,7/2/2020,Monthly
s44146,Meera Clark,60,Other,USA,5/23/2020,Yearly
s44147,Isabella Sharma,24,Female,Germany,8/2/2019,Yearly
s44148,Arjun Miller,21,Other,UK,6/11/2019,Free
s44149,Noah Thomas,18,Male,India,12/13/2021,Yearly
s44150,Olivia Patel,21,Other,India,2/7/2021,Monthly
s44151,Meera Singh,20,Male,USA,8/10/2019,Yearly
s44152,Mia Wilson,21,Male,Australia,11/7/2022,Yearly
s44153,Aarav Lewis,37,Female,India,3/23/2019,Monthly
s44154,Benjamin Patel,26,Female,India,4/4/2019,Monthly
s44155,Arjun Moore,41,Female,Canada,8/19/2019,Free
s44156,Vihaan Anderson,21,Female,Germany,3/31/2020,Free
s44157,Olivia Sharma,54,Male,Germany,11/20/2019,Monthly
s44158,Meera Wilson,32,Other,India,3/30/2020,Yearly
s44159,Sophia Brown,25,Male,Canada,5/25/2022,Monthly
s44160,Benjamin Taylor,36,Male,Canada,8/2/2019,Yearly
s44161,Emma Clark,24,Female,Australia,1/31/2020,Free
s44162,Liam Patel,24,Female,Australia,1/16/2020,Monthly
s44163,Isabella Taylor,21,Female,Canada,2/13/2022,Monthly
s44164,Vihaan Johnson,24,Female,Germany,5/13/2022,Free
s44165,Olivia Walker,18,Other,Canada,12/26/2021,Free
s44166,Lucas Miller,21,Other,UK,2/9/2021,Monthly
s44167,Zara Patel,20,Female,Germany,5/4/2020,Yearly
s44168,Arjun Lee,29,Other,India,7/15/2020,Free
s44169,Ethan Sharma,42,Male,India,5/21/2020,Yearly
s44170,Vihaan Smith,26,Male,USA,7/27/2022,Yearly
s44171,Mia Verma,25,Male,Australia,2/15/2020,Yearly
s44172,Aarav Wilson,19,Other,USA,4/6/2021,Monthly
s44173,Mia Patel,23,Female,Germany,1/5/2019,Yearly
s44174,Zara Singh,44,Male,UK,9/13/2019,Monthly
s44175,Karan Moore,64,Male,Australia,7/22/2022,Yearly
s44176,Vihaan Lee,28,Male,USA,10/9/2020,Free
s44177,Eva Patel,27,Female,India,11/10/2019,Free
s44178,Olivia Brown,29,Other,Germany,2/10/2020,Free
s44179,Benjamin Anderson,46,Other,UK,9/9/2020,Free
s44180,Eva Verma,35,Male,UK,4/21/2020,Monthly
s44181,Meera Hall,22,Female,Australia,12/22/2020,Free
s44182,Emma Lee,28,Other,USA,9/8/2020,Free
s44183,Zara Wilson,18,Other,Canada,11/27/2019,Monthly
s44184,Ethan Patel,23,Male,Australia,7/22/2020,Monthly
s44185,Vihaan Walker,51,Female,Germany,5/30/2020,Free
s44186,Sophia Davis,64,Male,UK,3/7/2021,Monthly
s44187,Vihaan Miller,23,Male,UK,7/27/2020,Monthly
s44188,Amelia Hall,47,Other,Germany,4/29/2019,Monthly
s44189,Ethan Singh,45,Male,USA,6/6/2020,Monthly
s44190,Mia Johnson,66,Male,India,6/23/2022,Free
s44191,Eva Thomas,25,Female,Australia,11/6/2022,Yearly
s44192,Liam Davis,22,Other,India,12/9/2021,Free
s44193,Riya Lewis,27,Male,UK,12/16/2019,Monthly
s44194,Liam Martin,32,Other,Canada,2/12/2020,Free
s44195,Zara Moore,27,Other,Germany,1/25/2021,Free
s44196,Eva Thomas,24,Male,Germany,12/12/2021,Monthly
s44197,Olivia Walker,27,Other,India,3/31/2022,Free
s44198,Zara Patel,27,Male,India,7/30/2022,Monthly
s44199,Isabella Moore,39,Other,Canada,4/11/2022,Free
s44200,Aanya Brown,34,Other,UK,2/26/2020,Free
s44201,Isabella Smith,27,Female,Canada,6/13/2020,Monthly
s44202,Sophia Verma,47,Male,USA,4/2/2020,Yearly
s44203,Olivia Sharma,32,Male,USA,12/6/2021,Yearly
s44204,Riya Miller,30,Other,UK,3/6/2019,Yearly
s44205,Aanya Johnson,55,Other,India,1/28/2020,Monthly
s44206,Aanya Walker,24,Other,Canada,10/29/2022,Monthly
s44207,Sophia Smith,19,Other,India,11/19/2021,Monthly
s44208,Arjun Hall,57,Male,Canada,2/5/2021,Monthly
s44209,Ethan Walker,27,Other,Germany,8/18/2022,Yearly
s44210,Aarav Davis,65,Male,Germany,2/26/2022,Free
s44211,Benjamin Brown,27,Female,Germany,9/6/2019,Yearly
s44212,Ethan Sharma,32,Other,Germany,10/24/2022,Monthly
s44213,Aarav Davis,46,Male,India,8/28/2022,Yearly
s44214,Liam Verma,27,Other,India,7/24/2022,Free
s44215,Lucas Singh,38,Male,India,5/31/2019,Monthly
s44216,Emma Patel,18,Male,India,8/5/2021,Yearly
s44217,Arjun Hall,21,Other,Australia,7/19/2019,Free
s44218,Karan Patel,27,Other,USA,4/23/2021,Monthly
s44219,Meera Moore,26,Female,India,11/25/2019,Yearly
s44220,Zara Miller,31,Other,Canada,10/18/2019,Monthly
s44221,Eva Sharma,27,Male,Germany,3/25/2021,Free
s44222,Amelia Johnson,33,Male,Canada,11/26/2019,Monthly
s44223,Lucas Verma,62,Male,Canada,10/2/2021,Free
s44224,Olivia Patel,43,Female,USA,2/9/2019,Yearly
s44225,Ethan Sharma,29,Female,India,3/3/2022,Yearly
s44226,Karan Verma,19,Other,Canada,1/31/2021,Monthly
s44227,Amelia Singh,19,Female,Canada,7/10/2022,Yearly
s44228,Meera Moore,19,Female,Australia,2/8/2020,Free
s44229,Karan Singh,53,Female,Australia,1/20/2019,Free
s44230,Mia Thomas,36,Male,Germany,4/1/2021,Monthly
s44231,Lucas Sharma,47,Male,UK,3/4/2019,Yearly
s44232,Mia Lewis,30,Male,India,8/3/2022,Monthly
s44233,Karan Lee,23,Male,USA,2/24/2022,Monthly
s44234,Amelia Lewis,50,Female,Canada,10/10/2019,Yearly
s44235,Emma Johnson,32,Other,USA,7/28/2021,Yearly
s44236,Sophia Patel,37,Female,Australia,11/30/2020,Monthly
s44237,Liam Smith,60,Female,India,3/6/2020,Free
s44238,Liam Thomas,42,Male,UK,2/26/2019,Yearly
s44239,Riya Brown,25,Female,USA,10/29/2020,Free
s44240,Riya Hall,22,Female,India,3/12/2020,Free
s44241,Sophia Thomas,24,Male,Germany,7/25/2020,Free
s44242,Sophia Martin,18,Female,UK,11/26/2020,Yearly
s44243,Mia Davis,28,Female,Australia,1/24/2019,Free
s44244,Emma Lee,21,Male,UK,10/14/2022,Yearly
s44245,Arjun Taylor,24,Other,Australia,11/3/2019,Free
s44246,Ethan Thomas,27,Other,Australia,1/18/2021,Monthly
s44247,Lucas Taylor,24,Other,USA,9/27/2019,Yearly
s44248,Liam Moore,55,Male,India,12/22/2021,Yearly
s44249,Mia Taylor,29,Male,India,5/6/2021,Free
s44250,Eva Lewis,49,Other,Germany,6/29/2020,Monthly
s44251,Emma Brown,32,Other,UK,8/7/2019,Monthly
s44252,Arjun Davis,67,Male,India,3/8/2019,Monthly
s44253,Emma Davis,25,Male,Germany,9/14/2022,Yearly
s44254,Isabella Smith,23,Male,Australia,9/24/2021,Yearly
s44255,Aarav Davis,23,Male,USA,9/29/2019,Free
s44256,Sophia Hall,36,Female,USA,4/17/2019,Free
s44257,Emma Anderson,21,Male,Australia,6/2/2022,Free
s44258,Lucas Walker,20,Other,Australia,7/18/2022,Free
s44259,Mia Martin,23,Female,Australia,7/17/2022,Yearly
s44260,Aanya Anderson,35,Other,Australia,6/10/2020,Free
s44261,Emma Moore,39,Female,UK,2/11/2020,Free
s44262,Mia Miller,24,Other,Germany,7/24/2019,Yearly
s44263,Karan Singh,42,Female,Canada,8/22/2019,Free
s44264,Mia Davis,20,Female,USA,10/7/2020,Yearly
s44265,Isabella Clark,19,Female,UK,8/6/2021,Free
s44266,Benjamin Clark,25,Male,USA,12/21/2022,Yearly
s44267,Meera Davis,18,Other,Canada,10/8/2021,Free
s44268,Zara Martin,60,Male,Canada,11/25/2020,Monthly
s44269,Arjun Martin,24,Other,Australia,7/22/2022,Yearly
s44270,Eva Walker,27,Female,UK,1/11/2020,Free
s44271,Aarav Davis,20,Other,Germany,4/25/2019,Free
s44272,Amelia Lewis,59,Female,Australia,1/17/2020,Yearly
s44273,Benjamin Lewis,21,Female,UK,4/15/2019,Free
s44274,Meera Lee,19,Female,Australia,7/8/2021,Yearly
s44275,Ethan Singh,44,Other,USA,12/8/2021,Free
s44276,Karan Johnson,20,Female,UK,1/16/2019,Free
s44277,Sophia Lee,28,Other,USA,4/17/2021,Monthly
s44278,Lucas Johnson,23,Female,India,11/30/2019,Free
s44279,Olivia Wilson,54,Male,Canada,10/13/2020,Monthly
s44280,Sophia Lewis,53,Female,Australia,7/9/2019,Yearly
s44281,Mia Moore,36,Other,Australia,9/3/2020,Yearly
s44282,Ethan Anderson,24,Female,Canada,1/12/2019,Yearly
s44283,Mia Walker,26,Female,USA,12/29/2020,Free
s44284,Mia Lewis,21,Other,India,1/18/2021,Monthly
s44285,Amelia Moore,33,Other,USA,3/27/2019,Free
s44286,Amelia Walker,18,Male,UK,5/15/2020,Free
s44287,Mia Wilson,18,Female,UK,10/27/2022,Monthly
s44288,Benjamin Smith,23,Female,India,7/16/2021,Monthly
s44289,Sophia Johnson,26,Other,USA,5/7/2022,Monthly
s44290,Arjun Martin,18,Female,Australia,10/31/2022,Yearly
s44291,Aanya Walker,32,Female,UK,7/18/2019,Yearly
s44292,Sophia Lewis,19,Male,India,1/5/2020,Free
s44293,Noah Brown,26,Other,Germany,12/17/2022,Monthly
s44294,Aarav Lewis,44,Female,UK,4/23/2021,Yearly
s44295,Aanya Lee,56,Other,Australia,5/19/2020,Free
s44296,Amelia Sharma,18,Male,Germany,10/13/2020,Monthly
s44297,Benjamin Moore,23,Female,India,5/15/2021,Monthly
s44298,Benjamin Lewis,24,Other,UK,5/24/2022,Yearly
s44299,Riya Lee,37,Other,Australia,9/8/2019,Yearly
s44300,Riya Singh,22,Female,Canada,1/23/2022,Free
s44301,Karan Hall,29,Female,Australia,2/3/2021,Free
s44302,Olivia Patel,20,Female,UK,4/17/2020,Yearly
s44303,Riya Verma,34,Male,Australia,10/7/2022,Yearly
s44304,Vihaan Clark,22,Other,Australia,2/26/2021,Yearly
s44305,Noah Verma,42,Female,Germany,12/30/2021,Monthly
s44306,Vihaan Taylor,24,Other,Canada,9/20/2021,Free
s44307,Noah Patel,24,Female,Australia,12/19/2019,Monthly
s44308,Lucas Smith,35,Female,UK,12/11/2022,Yearly
s44309,Arjun Clark,48,Male,Germany,12/20/2021,Yearly
s44310,Noah Martin,63,Female,Canada,2/16/2020,Monthly
s44311,Arjun Singh,24,Male,Canada,6/6/2019,Free
s44312,Mia Walker,45,Female,UK,1/29/2020,Free
s44313,Arjun Davis,21,Female,Canada,1/22/2022,Monthly
s44314,Aarav Singh,23,Other,India,8/21/2020,Free
s44315,Mia Brown,37,Female,Canada,12/11/2019,Free
s44316,Aarav Wilson,27,Male,UK,6/6/2020,Free
s44317,Benjamin Miller,27,Male,USA,4/29/2022,Yearly
s44318,Karan Verma,26,Other,India,4/11/2019,Monthly
s44319,Vihaan Miller,24,Female,Germany,5/30/2022,Free
s44320,Mia Lee,27,Male,Australia,9/22/2019,Monthly
s44321,Eva Brown,21,Female,Australia,10/24/2020,Yearly
s44322,Zara Martin,28,Male,UK,4/15/2022,Free
s44323,Arjun Davis,35,Other,Canada,3/27/2021,Yearly
s44324,Liam Thomas,22,Male,UK,2/22/2019,Monthly
s44325,Riya Walker,27,Female,UK,8/30/2021,Monthly
s44326,Meera Lewis,29,Female,Germany,2/21/2022,Monthly
s44327,Meera Davis,22,Male,Germany,7/5/2021,Monthly
s44328,Sophia Moore,22,Other,USA,12/7/2020,Yearly
s44329,Riya Clark,30,Male,Australia,3/22/2019,Monthly
s44330,Aanya Brown,25,Other,Germany,6/5/2021,Free
s44331,Aarav Taylor,45,Female,India,12/18/2020,Free
s44332,Karan Verma,42,Female,India,6/22/2019,Free
s44333,Meera Brown,23,Female,USA,7/3/2021,Free
s44334,Arjun Martin,34,Female,Germany,3/1/2021,Free
s44335,Ethan Wilson,38,Female,USA,9/6/2019,Monthly
s44336,Benjamin Johnson,34,Female,USA,5/28/2022,Yearly
s44337,Zara Davis,19,Female,Australia,1/28/2020,Free
s44338,Noah Martin,21,Male,UK,4/24/2022,Yearly
s44339,Olivia Clark,29,Other,Canada,8/25/2020,Yearly
s44340,Emma Singh,38,Male,UK,7/23/2021,Yearly
s44341,Isabella Davis,26,Male,USA,8/20/2019,Free
s44342,Aarav Anderson,20,Other,Germany,5/27/2021,Monthly
s44343,Riya Davis,23,Male,USA,6/19/2021,Free
s44344,Ethan Walker,27,Other,Australia,1/29/2022,Free
s44345,Ethan Johnson,25,Male,Canada,9/12/2022,Free
s44346,Karan Martin,27,Male,Germany,8/31/2020,Yearly
s44347,Amelia Sharma,18,Male,India,5/14/2019,Monthly
s44348,Sophia Sharma,34,Female,Germany,5/28/2022,Free
s44349,Liam Lewis,26,Female,Canada,1/17/2022,Free
s44350,Aarav Sharma,67,Female,Australia,5/10/2022,Yearly
s44351,Arjun Lee,19,Male,USA,6/2/2020,Yearly
s44352,Eva Miller,22,Female,USA,8/31/2022,Yearly
s44353,Meera Davis,47,Male,Germany,5/10/2021,Yearly
s44354,Mia Clark,22,Other,India,9/29/2020,Yearly
s44355,Aanya Brown,21,Female,UK,10/12/2020,Monthly
s44356,Ethan Brown,26,Female,India,12/13/2019,Monthly
s44357,Eva Brown,22,Male,Canada,6/20/2020,Free
s44358,Ethan Walker,25,Female,Canada,11/17/2022,Yearly
s44359,Arjun Moore,26,Other,Germany,4/10/2019,Free
s44360,Riya Brown,23,Other,UK,12/21/2019,Monthly
s44361,Mia Thomas,23,Other,USA,5/19/2022,Free
s44362,Ethan Singh,23,Other,India,12/11/2022,Monthly
s44363,Zara Clark,54,Male,India,1/7/2021,Free
s44364,Liam Walker,21,Other,USA,5/20/2020,Monthly
s44365,Benjamin Thomas,21,Male,Germany,3/7/2019,Yearly
s44366,Eva Smith,20,Male,Australia,12/27/2019,Yearly
s44367,Karan Thomas,27,Female,Germany,10/17/2022,Yearly
s44368,Isabella Lewis,22,Male,Canada,5/7/2021,Monthly
s44369,Riya Lee,44,Female,UK,7/9/2019,Monthly
s44370,Olivia Anderson,53,Male,UK,4/12/2022,Yearly
s44371,Karan Brown,22,Male,India,2/19/2022,Free
s44372,Liam Singh,26,Male,UK,5/19/2019,Yearly
s44373,Amelia Walker,27,Female,Canada,7/25/2020,Yearly
s44374,Aanya Martin,19,Male,UK,1/1/2022,Monthly
s44375,Amelia Moore,24,Other,Australia,5/28/2020,Free
s44376,Ethan Thomas,22,Male,Germany,12/6/2020,Yearly
s44377,Karan Thomas,26,Female,Canada,2/25/2022,Monthly
s44378,Lucas Hall,24,Female,Australia,6/12/2019,Monthly
s44379,Karan Miller,46,Male,India,3/21/2019,Yearly
s44380,Isabella Miller,36,Female,India,7/13/2019,Yearly
s44381,Sophia Walker,35,Female,Australia,9/25/2019,Monthly
s44382,Vihaan Martin,40,Female,India,12/15/2020,Free
s44383,Isabella Walker,43,Female,Australia,2/21/2019,Yearly
s44384,Eva Lewis,28,Other,Australia,12/15/2019,Monthly
s44385,Eva Lee,25,Male,Canada,5/2/2020,Free
s44386,Aanya Davis,26,Other,Canada,7/31/2022,Monthly
s44387,Amelia Davis,19,Female,USA,4/2/2020,Monthly
s44388,Olivia Brown,23,Male,Canada,1/9/2022,Monthly
s44389,Riya Walker,19,Male,Germany,11/9/2020,Free
s44390,Zara Lewis,23,Male,Germany,12/4/2022,Free
s44391,Olivia Singh,19,Male,Canada,12/20/2021,Yearly
s44392,Mia Patel,25,Female,Canada,4/16/2019,Free
s44393,Zara Taylor,23,Female,USA,5/7/2020,Yearly
s44394,Lucas Brown,23,Female,UK,7/9/2022,Monthly
s44395,Liam Verma,23,Female,Germany,11/15/2021,Yearly
s44396,Eva Smith,21,Male,Canada,2/24/2020,Monthly
s44397,Emma Walker,27,Male,Australia,6/16/2021,Free
s44398,Amelia Johnson,33,Other,Germany,4/28/2020,Free
s44399,Meera Miller,37,Other,Australia,7/18/2021,Monthly
s44400,Isabella Smith,19,Female,Canada,11/15/2019,Free
s44401,Riya Walker,26,Female,UK,10/4/2020,Free
s44402,Riya Hall,36,Other,Canada,3/9/2020,Free
s44403,Lucas Taylor,21,Male,Canada,5/25/2022,Monthly
s44404,Meera Johnson,23,Male,USA,11/19/2019,Monthly
s44405,Vihaan Singh,22,Female,USA,9/16/2019,Monthly
s44406,Karan Patel,24,Other,Australia,8/15/2021,Monthly
s44407,Karan Brown,22,Male,India,1/1/2019,Monthly
s44408,Arjun Davis,21,Other,Australia,4/6/2019,Yearly
s44409,Meera Miller,56,Male,USA,6/6/2022,Free
s44410,Mia Wilson,18,Other,Canada,3/23/2019,Yearly
s44411,Eva Smith,66,Female,Germany,3/26/2021,Monthly
s44412,Karan Clark,22,Male,UK,3/18/2021,Yearly
s44413,Benjamin Taylor,18,Other,Australia,3/29/2022,Yearly
s44414,Lucas Brown,40,Male,India,4/23/2022,Monthly
s44415,Ethan Taylor,27,Male,UK,1/19/2019,Yearly
s44416,Olivia Brown,29,Female,Germany,6/27/2021,Yearly
s44417,Eva Wilson,34,Other,Canada,4/6/2021,Yearly
s44418,Amelia Lee,21,Other,Canada,9/25/2020,Yearly
s44419,Vihaan Sharma,25,Male,Germany,7/1/2019,Yearly
s44420,Lucas Smith,23,Other,Germany,10/25/2020,Yearly
s44421,Sophia Johnson,28,Male,Canada,10/5/2019,Yearly
s44422,Aanya Patel,23,Male,USA,10/18/2021,Monthly
s44423,Vihaan Anderson,41,Female,UK,6/1/2019,Free
s44424,Arjun Patel,25,Other,UK,10/8/2021,Free
s44425,Olivia Hall,23,Female,Germany,3/12/2022,Monthly
s44426,Sophia Smith,25,Male,USA,4/13/2019,Free
s44427,Riya Anderson,34,Female,USA,1/30/2021,Monthly
s44428,Olivia Patel,26,Male,Canada,6/24/2022,Monthly
s44429,Noah Thomas,27,Male,UK,9/29/2021,Free
s44430,Riya Clark,30,Male,Australia,10/4/2022,Free
s44431,Aarav Davis,39,Female,USA,8/25/2020,Free
s44432,Amelia Davis,26,Female,Canada,10/7/2019,Yearly
s44433,Karan Johnson,25,Female,India,2/15/2020,Monthly
s44434,Liam Lewis,21,Male,USA,3/12/2022,Free
s44435,Aarav Johnson,21,Female,Germany,10/22/2022,Monthly
s44436,Noah Anderson,20,Female,Germany,9/27/2020,Monthly
s44437,Isabella Verma,22,Other,USA,3/22/2020,Yearly
s44438,Isabella Walker,62,Other,Germany,11/28/2019,Monthly
s44439,Isabella Brown,23,Female,India,5/9/2021,Free
s44440,Liam Moore,21,Female,USA,3/6/2021,Free
s44441,Ethan Sharma,60,Female,Canada,6/11/2020,Monthly
s44442,Riya Smith,62,Female,Canada,3/29/2019,Free
s44443,Ethan Lee,18,Female,India,8/14/2022,Yearly
s44444,Aanya Martin,47,Female,India,3/7/2019,Monthly
s44445,Isabella Martin,23,Male,USA,8/28/2019,Yearly
s44446,Emma Verma,19,Other,Germany,12/22/2022,Monthly
s44447,Benjamin Singh,20,Female,Canada,3/31/2019,Yearly
s44448,Olivia Lewis,63,Other,Canada,3/20/2022,Monthly
s44449,Lucas Sharma,24,Male,Australia,9/16/2019,Yearly
s44450,Aarav Thomas,66,Other,USA,7/27/2022,Free
s44451,Karan Smith,25,Female,USA,3/8/2020,Monthly
s44452,Aarav Thomas,22,Male,Germany,2/3/2021,Yearly
s44453,Lucas Patel,24,Other,USA,10/7/2021,Yearly
s44454,Eva Clark,55,Other,Australia,8/11/2022,Monthly
s44455,Aarav Patel,33,Male,Germany,11/28/2019,Monthly
s44456,Emma Miller,22,Male,Germany,1/23/2021,Free
s44457,Emma Moore,20,Male,Australia,9/5/2019,Monthly
s44458,Benjamin Hall,29,Female,Germany,5/16/2019,Yearly
s44459,Sophia Lewis,34,Male,UK,7/3/2021,Monthly
s44460,Aarav Smith,44,Female,India,1/21/2021,Yearly
s44461,Lucas Walker,25,Other,UK,2/14/2022,Free
s44462,Emma Anderson,23,Other,UK,12/5/2022,Free
s44463,Arjun Singh,18,Other,USA,8/3/2019,Free
s44464,Olivia Patel,29,Male,UK,11/8/2021,Free
s44465,Karan Singh,19,Female,Australia,5/28/2020,Monthly
s44466,Karan Anderson,23,Male,Canada,12/16/2021,Yearly
s44467,Isabella Martin,40,Other,Germany,12/9/2021,Yearly
s44468,Noah Hall,19,Male,Australia,3/31/2021,Free
s44469,Mia Sharma,62,Male,UK,3/6/2022,Free
s44470,Eva Miller,22,Female,Australia,7/13/2022,Free
s44471,Arjun Singh,18,Male,Germany,7/28/2021,Free
s44472,Vihaan Thomas,44,Male,India,2/25/2021,Free
s44473,Isabella Smith,32,Other,Australia,3/25/2020,Yearly
s44474,Aarav Moore,19,Male,India,10/2/2021,Monthly
s44475,Zara Lewis,42,Other,USA,7/21/2021,Monthly
s44476,Benjamin Hall,21,Other,Germany,10/30/2020,Free
s44477,Karan Wilson,28,Female,Germany,11/8/2020,Monthly
s44478,Karan Johnson,34,Female,USA,10/1/2020,Monthly
s44479,Mia Lee,45,Female,Germany,8/10/2022,Monthly
s44480,Arjun Sharma,19,Female,Australia,6/26/2019,Free
s44481,Amelia Singh,26,Male,UK,4/19/2020,Monthly
s44482,Zara Wilson,24,Male,Canada,6/10/2021,Free
s44483,Lucas Moore,21,Other,Australia,12/1/2020,Free
s44484,Noah Anderson,23,Male,Australia,11/17/2019,Yearly
s44485,Benjamin Verma,24,Male,India,5/4/2019,Yearly
s44486,Olivia Hall,27,Male,USA,9/18/2020,Monthly
s44487,Ethan Sharma,34,Male,Canada,6/24/2020,Monthly
s44488,Meera Taylor,19,Other,Canada,10/16/2022,Monthly
s44489,Zara Wilson,40,Other,Australia,1/15/2020,Monthly
s44490,Zara Martin,50,Female,India,6/6/2021,Free
s44491,Riya Lee,22,Female,Australia,9/11/2020,Yearly
s44492,Emma Moore,36,Other,Canada,4/13/2022,Yearly
s44493,Karan Johnson,18,Female,Germany,9/29/2019,Monthly
s44494,Benjamin Hall,21,Other,Germany,9/13/2021,Yearly
s44495,Mia Verma,22,Male,UK,5/29/2022,Monthly
s44496,Eva Smith,43,Male,Canada,5/8/2020,Free
s44497,Vihaan Miller,22,Other,USA,5/20/2021,Free
s44498,Ethan Singh,40,Male,Germany,5/12/2021,Free
s44499,Sophia Clark,40,Other,USA,9/6/2020,Free
s44500,Lucas Clark,21,Other,Canada,9/8/2019,Yearly
s44501,Mia Walker,24,Male,Germany,2/12/2021,Free
s44502,Olivia Walker,20,Female,India,1/13/2021,Monthly
s44503,Lucas Lewis,23,Female,Australia,9/19/2021,Free
s44504,Vihaan Verma,26,Male,USA,10/23/2020,Monthly
s44505,Arjun Johnson,24,Other,Canada,12/27/2019,Yearly
s44506,Olivia Davis,26,Male,USA,9/22/2020,Monthly
s44507,Liam Lee,26,Other,USA,5/1/2022,Yearly
s44508,Vihaan Hall,26,Male,Canada,4/29/2022,Free
s44509,Ethan Brown,24,Female,Australia,2/11/2020,Yearly
s44510,Sophia Anderson,20,Other,India,9/5/2021,Monthly
s44511,Sophia Smith,19,Female,USA,9/7/2020,Free
s44512,Mia Sharma,21,Male,Canada,8/16/2021,Yearly
s44513,Eva Lee,23,Male,USA,9/22/2022,Yearly
s44514,Meera Lewis,31,Other,India,1/5/2021,Free
s44515,Benjamin Sharma,25,Other,UK,8/7/2022,Monthly
s44516,Noah Miller,21,Male,Australia,2/12/2021,Yearly
s44517,Noah Lewis,26,Male,USA,10/4/2020,Yearly
s44518,Lucas Sharma,21,Other,Germany,3/20/2020,Monthly
s44519,Amelia Verma,58,Female,Canada,12/28/2019,Yearly
s44520,Ethan Davis,32,Other,UK,9/17/2022,Yearly
s44521,Meera Davis,22,Other,UK,6/27/2019,Monthly
s44522,Meera Wilson,24,Male,Australia,8/3/2020,Monthly
s44523,Karan Sharma,26,Other,Germany,3/30/2022,Yearly
s44524,Amelia Moore,20,Male,India,9/16/2019,Yearly
s44525,Aanya Martin,28,Male,UK,11/3/2020,Monthly
s44526,Arjun Martin,18,Male,USA,9/11/2021,Monthly
s44527,Amelia Thomas,18,Male,Canada,12/28/2019,Yearly
s44528,Meera Moore,27,Male,Australia,5/9/2021,Free
s44529,Benjamin Sharma,20,Female,UK,7/8/2019,Yearly
s44530,Emma Hall,25,Other,Australia,1/3/2020,Monthly
s44531,Vihaan Walker,24,Female,Australia,8/26/2022,Monthly
s44532,Sophia Thomas,22,Female,USA,1/8/2019,Free
s44533,Sophia Brown,24,Female,Germany,3/5/2022,Yearly
s44534,Amelia Wilson,21,Female,India,1/29/2022,Yearly
s44535,Sophia Johnson,60,Male,Australia,10/3/2019,Free
s44536,Meera Lewis,40,Female,UK,2/10/2020,Free
s44537,Lucas Davis,26,Other,Canada,6/6/2021,Monthly
s44538,Aanya Martin,25,Other,Australia,6/7/2021,Monthly
s44539,Lucas Verma,21,Male,Germany,8/7/2022,Free
s44540,Mia Lee,25,Other,UK,6/2/2019,Yearly
s44541,Riya Verma,45,Other,Australia,7/21/2022,Yearly
s44542,Zara Taylor,26,Female,India,4/11/2021,Free
s44543,Karan Thomas,25,Other,India,7/7/2019,Free
s44544,Emma Brown,27,Male,Canada,2/28/2021,Yearly
s44545,Olivia Taylor,23,Female,Canada,2/9/2019,Free
s44546,Zara Singh,67,Female,USA,11/21/2022,Yearly
s44547,Arjun Hall,22,Other,USA,1/26/2019,Free
s44548,Karan Lewis,26,Male,India,1/11/2022,Yearly
s44549,Lucas Miller,61,Other,UK,5/5/2021,Yearly
s44550,Isabella Lewis,64,Male,Canada,9/17/2020,Monthly
s44551,Arjun Singh,19,Male,USA,7/16/2022,Free
s44552,Mia Hall,38,Male,India,7/16/2022,Free
s44553,Aarav Verma,25,Male,USA,8/2/2021,Monthly
s44554,Vihaan Taylor,33,Male,UK,9/23/2019,Free
s44555,Aanya Brown,20,Other,USA,11/5/2021,Monthly
s44556,Benjamin Sharma,25,Male,India,10/2/2022,Free
s44557,Ethan Hall,43,Other,Australia,9/7/2020,Monthly
s44558,Arjun Lewis,22,Other,UK,4/7/2022,Monthly
s44559,Aanya Johnson,29,Female,Australia,3/20/2020,Yearly
s44560,Meera Verma,29,Other,Canada,5/14/2019,Yearly
s44561,Mia Hall,27,Other,Australia,10/3/2021,Monthly
s44562,Benjamin Johnson,62,Other,Germany,4/6/2022,Free
s44563,Amelia Brown,24,Female,UK,7/22/2019,Monthly
s44564,Lucas Anderson,19,Female,India,10/25/2019,Yearly
s44565,Liam Sharma,22,Male,India,10/8/2020,Monthly
s44566,Aarav Brown,31,Male,UK,10/27/2021,Yearly
s44567,Olivia Sharma,41,Male,India,1/2/2019,Free
s44568,Amelia Davis,25,Female,Canada,11/12/2019,Free
s44569,Sophia Moore,56,Female,Canada,5/27/2021,Yearly
s44570,Liam Walker,21,Female,Canada,10/27/2020,Monthly
s44571,Amelia Smith,18,Other,Canada,10/4/2020,Monthly
s44572,Riya Taylor,24,Other,Australia,12/13/2019,Monthly
s44573,Meera Lewis,41,Other,Australia,2/24/2021,Yearly
s44574,Isabella Patel,43,Male,UK,5/1/2019,Yearly
s44575,Zara Sharma,45,Female,Australia,1/27/2020,Free
s44576,Aanya Walker,41,Female,UK,2/10/2019,Free
s44577,Sophia Wilson,20,Other,Germany,3/19/2020,Monthly
s44578,Mia Miller,40,Male,India,10/14/2021,Yearly
s44579,Olivia Brown,25,Other,UK,12/23/2021,Free
s44580,Aanya Taylor,22,Male,Canada,9/25/2019,Free
s44581,Liam Anderson,20,Male,Canada,3/4/2022,Free
s44582,Emma Lewis,25,Male,India,6/25/2022,Monthly
s44583,Isabella Brown,23,Male,Australia,8/2/2020,Monthly
s44584,Olivia Smith,27,Male,India,3/7/2021,Yearly
s44585,Isabella Davis,61,Other,Australia,7/9/2019,Free
s44586,Riya Miller,60,Female,Canada,7/15/2022,Yearly
s44587,Aarav Davis,34,Other,India,9/28/2019,Yearly
s44588,Aanya Lee,41,Male,Canada,1/22/2019,Free
s44589,Eva Brown,47,Other,India,6/13/2021,Yearly
s44590,Ethan Singh,25,Other,USA,7/24/2021,Free
s44591,Arjun Patel,22,Other,USA,1/18/2022,Monthly
s44592,Mia Taylor,66,Other,USA,11/30/2022,Yearly
s44593,Meera Taylor,36,Other,Australia,1/2/2020,Yearly
s44594,Karan Clark,40,Male,Australia,5/21/2019,Monthly
s44595,Sophia Davis,23,Female,USA,10/24/2022,Monthly
s44596,Emma Thomas,41,Male,Canada,4/5/2022,Yearly
s44597,Aanya Davis,56,Male,UK,10/23/2022,Yearly
s44598,Mia Johnson,22,Other,USA,4/7/2020,Yearly
s44599,Emma Johnson,20,Male,UK,2/8/2020,Yearly
s44600,Meera Singh,21,Male,Australia,12/25/2021,Free
s44601,Benjamin Sharma,67,Female,India,11/23/2019,Free
s44602,Sophia Martin,51,Female,USA,6/3/2021,Yearly
s44603,Aarav Hall,26,Female,UK,2/11/2019,Yearly
s44604,Arjun Wilson,27,Male,UK,5/31/2022,Yearly
s44605,Meera Wilson,41,Female,Australia,8/3/2019,Monthly
s44606,Amelia Sharma,50,Female,Canada,8/27/2021,Free
s44607,Aanya Johnson,25,Female,Germany,4/25/2022,Monthly
s44608,Benjamin Taylor,22,Other,USA,4/6/2022,Free
s44609,Lucas Moore,24,Female,UK,9/5/2022,Yearly
s44610,Lucas Johnson,45,Male,UK,4/2/2021,Monthly
s44611,Noah Martin,21,Other,India,5/3/2021,Yearly
s44612,Zara Johnson,55,Male,UK,6/30/2020,Yearly
s44613,Riya Wilson,22,Other,India,11/14/2020,Yearly
s44614,Isabella Lewis,22,Female,Germany,10/29/2020,Yearly
s44615,Meera Hall,21,Male,UK,9/24/2019,Free
s44616,Meera Taylor,37,Male,Australia,1/26/2022,Yearly
s44617,Sophia Brown,30,Female,India,1/24/2019,Free
s44618,Arjun Wilson,18,Other,USA,2/27/2019,Free
s44619,Lucas Sharma,41,Other,Canada,4/14/2021,Monthly
s44620,Ethan Verma,24,Female,USA,10/29/2021,Monthly
s44621,Karan Martin,47,Male,Germany,9/11/2019,Monthly
s44622,Karan Verma,18,Other,USA,6/22/2019,Yearly
s44623,Lucas Singh,23,Female,USA,1/23/2020,Yearly
s44624,Liam Brown,23,Male,Germany,1/29/2020,Monthly
s44625,Amelia Hall,27,Female,UK,5/29/2022,Monthly
s44626,Ethan Wilson,27,Male,Germany,11/27/2019,Monthly
s44627,Vihaan Lee,43,Male,India,8/21/2022,Monthly
s44628,Riya Martin,23,Other,India,9/18/2020,Free
s44629,Riya Anderson,26,Male,USA,2/7/2022,Yearly
s44630,Noah Taylor,19,Other,USA,1/17/2019,Yearly
s44631,Benjamin Anderson,26,Other,Australia,10/30/2022,Monthly
s44632,Olivia Taylor,29,Other,Germany,5/8/2022,Monthly
s44633,Liam Patel,40,Male,India,6/14/2021,Free
s44634,Meera Hall,58,Other,India,1/27/2020,Yearly
s44635,Riya Singh,65,Male,India,3/29/2020,Free
s44636,Lucas Lewis,22,Female,USA,3/26/2022,Free
s44637,Riya Martin,19,Male,India,1/6/2021,Free
s44638,Amelia Brown,43,Male,India,1/5/2022,Free
s44639,Ethan Sharma,22,Male,USA,5/17/2021,Yearly
s44640,Aarav Wilson,66,Other,USA,5/14/2021,Yearly
s44641,Vihaan Moore,25,Male,UK,9/28/2019,Monthly
s44642,Amelia Martin,19,Other,Canada,6/28/2020,Monthly
s44643,Isabella Smith,18,Male,USA,3/15/2020,Monthly
s44644,Vihaan Lee,41,Male,India,2/2/2021,Monthly
s44645,Olivia Walker,30,Other,India,10/19/2019,Free
s44646,Aarav Wilson,18,Other,USA,2/5/2020,Yearly
s44647,Riya Martin,52,Male,UK,12/12/2022,Free
s44648,Riya Thomas,22,Other,Germany,8/18/2021,Monthly
s44649,Meera Smith,41,Female,UK,6/25/2019,Monthly
s44650,Noah Davis,23,Male,Australia,1/8/2020,Monthly
s44651,Isabella Johnson,18,Other,UK,4/23/2022,Free
s44652,Aanya Wilson,38,Female,UK,11/21/2020,Monthly
s44653,Lucas Miller,61,Female,Canada,1/2/2021,Yearly
s44654,Noah Miller,23,Other,Germany,10/29/2019,Monthly
s44655,Isabella Thomas,22,Other,Germany,3/30/2019,Monthly
s44656,Emma Taylor,26,Male,USA,2/16/2019,Free
s44657,Olivia Wilson,35,Female,USA,4/12/2021,Monthly
s44658,Arjun Walker,18,Female,USA,5/23/2020,Monthly
s44659,Ethan Johnson,26,Male,UK,12/7/2022,Monthly
s44660,Lucas Anderson,27,Male,Germany,8/18/2021,Monthly
s44661,Arjun Clark,35,Other,USA,1/18/2022,Free
s44662,Emma Davis,32,Male,Germany,9/23/2019,Yearly
s44663,Emma Verma,60,Female,Australia,5/5/2022,Monthly
s44664,Benjamin Miller,19,Female,Canada,7/30/2019,Yearly
s44665,Aarav Lee,59,Female,USA,6/3/2022,Yearly
s44666,Aanya Thomas,20,Female,USA,3/4/2022,Yearly
s44667,Benjamin Johnson,31,Female,Germany,5/11/2020,Yearly
s44668,Noah Hall,23,Male,Germany,4/17/2019,Monthly
s44669,Eva Anderson,29,Male,UK,4/28/2021,Free
s44670,Mia Thomas,26,Female,USA,1/3/2020,Free
s44671,Zara Davis,37,Female,Canada,10/22/2022,Monthly
s44672,Riya Brown,45,Other,Germany,11/20/2019,Monthly
s44673,Karan Anderson,25,Female,Germany,5/28/2020,Yearly
s44674,Karan Lee,22,Female,Germany,9/10/2022,Free
s44675,Aarav Walker,24,Male,Canada,11/6/2019,Free
s44676,Zara Patel,41,Female,Germany,11/2/2020,Free
s44677,Olivia Martin,29,Male,UK,2/25/2019,Yearly
s44678,Olivia Taylor,42,Other,Canada,1/16/2022,Free
s44679,Meera Brown,26,Male,UK,12/25/2022,Free
s44680,Zara Lewis,21,Female,Germany,8/18/2019,Free
s44681,Amelia Brown,24,Other,USA,2/18/2019,Monthly
s44682,Aarav Davis,22,Male,UK,5/7/2021,Yearly
s44683,Olivia Sharma,20,Male,Germany,11/29/2021,Monthly
s44684,Vihaan Davis,53,Female,Germany,4/18/2020,Monthly
s44685,Meera Singh,35,Male,Germany,3/30/2020,Monthly
s44686,Liam Anderson,27,Male,Australia,12/17/2021,Yearly
s44687,Benjamin Moore,58,Other,Canada,12/11/2020,Free
s44688,Noah Clark,29,Male,USA,5/8/2021,Free
s44689,Eva Lee,67,Male,UK,8/30/2019,Free
s44690,Mia Lee,20,Female,Canada,5/22/2022,Free
s44691,Karan Wilson,51,Female,UK,8/25/2019,Yearly
s44692,Noah Smith,66,Female,USA,6/5/2020,Yearly
s44693,Aanya Wilson,35,Other,Canada,4/16/2019,Monthly
s44694,Aanya Davis,19,Female,Canada,6/17/2020,Free
s44695,Noah Singh,55,Male,USA,4/21/2020,Free
s44696,Liam Taylor,32,Female,USA,5/25/2020,Yearly
s44697,Olivia Anderson,29,Male,Canada,6/17/2020,Monthly
s44698,Riya Clark,65,Female,UK,12/6/2019,Monthly
s44699,Sophia Anderson,25,Other,Germany,7/11/2019,Monthly
s44700,Isabella Walker,20,Other,USA,8/22/2022,Monthly
s44701,Amelia Hall,29,Male,USA,11/20/2021,Monthly
s44702,Lucas Lee,28,Female,Canada,8/27/2020,Yearly
s44703,Aanya Hall,35,Female,India,12/22/2020,Monthly
s44704,Benjamin Taylor,26,Male,USA,8/4/2021,Yearly
s44705,Meera Lee,23,Male,UK,11/1/2022,Free
s44706,Liam Smith,18,Other,Canada,8/18/2021,Free
s44707,Emma Clark,26,Other,India,1/8/2021,Yearly
s44708,Liam Wilson,27,Male,UK,10/27/2022,Yearly
s44709,Emma Walker,46,Other,Australia,7/9/2019,Monthly
s44710,Arjun Singh,19,Female,Australia,3/10/2020,Monthly
s44711,Emma Miller,20,Male,Canada,2/8/2022,Free
s44712,Eva Thomas,62,Male,UK,7/28/2021,Free
s44713,Zara Moore,19,Other,Australia,7/17/2021,Monthly
s44714,Amelia Brown,22,Female,USA,12/13/2019,Yearly
s44715,Noah Anderson,30,Female,India,6/11/2021,Free
s44716,Benjamin Thomas,52,Other,Canada,5/18/2020,Monthly
s44717,Benjamin Brown,18,Male,Germany,5/8/2022,Monthly
s44718,Eva Walker,27,Male,USA,8/14/2022,Yearly
s44719,Amelia Singh,19,Female,Germany,1/17/2020,Free
s44720,Vihaan Singh,27,Male,USA,10/9/2022,Free
s44721,Meera Sharma,42,Female,Canada,3/10/2021,Monthly
s44722,Karan Walker,22,Female,Australia,11/11/2020,Yearly
s44723,Aarav Taylor,22,Female,Germany,7/21/2021,Free
s44724,Sophia Walker,24,Other,USA,9/23/2021,Yearly
s44725,Amelia Miller,26,Male,Canada,7/12/2022,Free
s44726,Emma Sharma,20,Male,Germany,11/21/2020,Yearly
s44727,Benjamin Taylor,55,Other,USA,6/25/2020,Monthly
s44728,Eva Lewis,19,Female,Australia,5/7/2021,Free
s44729,Lucas Singh,25,Other,India,9/28/2021,Free
s44730,Noah Sharma,18,Female,Australia,4/7/2021,Yearly
s44731,Liam Miller,18,Female,Canada,3/9/2019,Yearly
s44732,Arjun Verma,20,Female,Germany,4/16/2019,Yearly
s44733,Olivia Verma,36,Male,Canada,2/3/2022,Free
s44734,Olivia Miller,42,Other,Canada,5/4/2019,Yearly
s44735,Emma Thomas,27,Male,UK,6/28/2019,Monthly
s44736,Mia Lee,20,Other,India,5/22/2020,Free
s44737,Lucas Singh,20,Female,Germany,2/15/2019,Free
s44738,Aarav Walker,40,Male,Canada,3/17/2022,Free
s44739,Vihaan Taylor,26,Other,Germany,9/15/2022,Free
s44740,Mia Walker,22,Male,UK,8/17/2019,Free
s44741,Meera Hall,26,Female,India,2/19/2019,Free
s44742,Arjun Thomas,20,Male,UK,9/8/2019,Monthly
s44743,Sophia Verma,27,Male,India,8/19/2019,Monthly
s44744,Karan Martin,18,Female,USA,7/29/2019,Yearly
s44745,Olivia Martin,29,Male,Germany,9/28/2020,Monthly
s44746,Zara Brown,25,Female,Canada,2/1/2019,Monthly
s44747,Riya Smith,19,Female,UK,3/31/2022,Free
s44748,Aanya Brown,23,Female,Australia,10/29/2020,Yearly
s44749,Isabella Davis,31,Female,India,4/8/2020,Free
s44750,Mia Miller,54,Female,UK,1/31/2022,Free
s44751,Isabella Thomas,36,Other,Australia,8/30/2020,Monthly
s44752,Lucas Brown,25,Female,USA,9/15/2019,Free
s44753,Emma Johnson,33,Other,UK,9/4/2022,Yearly
s44754,Arjun Miller,23,Male,India,5/30/2019,Monthly
s44755,Zara Thomas,25,Female,UK,6/21/2021,Free
s44756,Aarav Verma,25,Male,UK,10/1/2021,Yearly
s44757,Noah Hall,60,Male,USA,3/3/2020,Monthly
s44758,Zara Smith,19,Other,Germany,1/25/2022,Yearly
s44759,Lucas Thomas,26,Female,UK,2/19/2019,Free
s44760,Meera Lewis,19,Male,Australia,9/2/2019,Monthly
s44761,Zara Sharma,29,Male,Canada,1/24/2019,Free
s44762,Karan Martin,27,Other,Canada,5/22/2021,Monthly
s44763,Isabella Lewis,21,Other,USA,7/29/2020,Yearly
s44764,Riya Clark,46,Male,Germany,8/30/2019,Monthly
s44765,Riya Patel,29,Male,Australia,12/13/2020,Monthly
s44766,Aanya Lewis,50,Other,USA,1/27/2020,Monthly
s44767,Emma Anderson,23,Male,UK,3/17/2019,Monthly
s44768,Ethan Johnson,24,Female,UK,1/31/2021,Yearly
s44769,Aarav Wilson,66,Female,Australia,12/31/2019,Monthly
s44770,Benjamin Thomas,26,Male,Canada,8/11/2019,Free
s44771,Noah Sharma,20,Female,USA,12/4/2021,Free
s44772,Benjamin Thomas,28,Male,Canada,3/10/2019,Monthly
s44773,Emma Hall,39,Other,India,10/30/2020,Monthly
s44774,Aanya Lee,38,Other,Canada,2/5/2021,Yearly
s44775,Emma Clark,26,Male,UK,4/12/2022,Monthly
s44776,Olivia Miller,40,Female,India,10/23/2021,Yearly
s44777,Emma Patel,27,Female,Canada,1/12/2021,Yearly
s44778,Isabella Thomas,20,Female,Australia,7/11/2019,Monthly
s44779,Meera Thomas,25,Male,Australia,5/30/2019,Monthly
s44780,Benjamin Singh,31,Female,Australia,4/13/2019,Yearly
s44781,Mia Lee,29,Female,UK,12/1/2022,Monthly
s44782,Emma Davis,22,Other,Germany,9/6/2019,Free
s44783,Isabella Johnson,36,Male,India,9/19/2020,Monthly
s44784,Arjun Hall,65,Female,USA,10/24/2022,Yearly
s44785,Riya Taylor,43,Male,USA,3/5/2019,Free
s44786,Eva Anderson,40,Male,USA,11/22/2020,Monthly
s44787,Karan Lee,36,Other,Germany,10/11/2020,Yearly
s44788,Eva Wilson,20,Other,Australia,3/25/2021,Monthly
s44789,Sophia Patel,35,Female,UK,4/8/2022,Free
s44790,Aarav Clark,31,Female,Germany,6/11/2019,Monthly
s44791,Aanya Anderson,20,Male,USA,3/10/2020,Free
s44792,Emma Moore,29,Female,Canada,2/7/2020,Yearly
s44793,Isabella Taylor,18,Female,Australia,10/3/2021,Free
s44794,Arjun Singh,34,Male,Canada,9/29/2019,Free
s44795,Mia Clark,34,Female,USA,8/27/2021,Free
s44796,Aanya Miller,40,Other,Canada,11/20/2022,Free
s44797,Emma Johnson,41,Female,Germany,12/19/2021,Monthly
s44798,Meera Davis,23,Other,Canada,11/10/2019,Free
s44799,Amelia Martin,42,Female,Germany,12/12/2021,Free
s44800,Amelia Smith,22,Male,Canada,8/21/2020,Yearly
s44801,Lucas Taylor,47,Female,Australia,7/28/2019,Free
s44802,Vihaan Johnson,19,Other,Canada,6/26/2020,Yearly
s44803,Ethan Clark,21,Other,UK,10/18/2020,Monthly
s44804,Zara Smith,18,Female,USA,8/24/2019,Yearly
s44805,Lucas Taylor,23,Female,Canada,3/22/2022,Yearly
s44806,Meera Thomas,34,Other,UK,5/31/2019,Monthly
s44807,Eva Walker,19,Other,Germany,4/13/2019,Yearly
s44808,Sophia Miller,50,Other,Germany,11/16/2022,Yearly
s44809,Sophia Martin,36,Male,USA,3/25/2019,Yearly
s44810,Sophia Johnson,45,Female,USA,8/1/2019,Yearly
s44811,Olivia Singh,39,Female,Germany,6/13/2019,Monthly
s44812,Meera Wilson,49,Male,Germany,3/30/2020,Monthly
s44813,Liam Walker,26,Male,Australia,11/17/2021,Free
s44814,Emma Johnson,20,Other,Australia,5/25/2019,Yearly
s44815,Benjamin Taylor,36,Female,Germany,11/9/2019,Free
s44816,Mia Taylor,38,Female,Germany,11/20/2020,Free
s44817,Vihaan Brown,46,Female,UK,2/21/2021,Monthly
s44818,Amelia Thomas,21,Female,USA,2/3/2019,Free
s44819,Karan Lee,21,Female,USA,11/22/2021,Monthly
s44820,Zara Moore,29,Male,Australia,11/10/2019,Monthly
s44821,Karan Smith,21,Male,Canada,9/19/2019,Free
s44822,Isabella Verma,20,Female,UK,1/12/2021,Yearly
s44823,Amelia Thomas,35,Female,Germany,2/21/2022,Yearly
s44824,Emma Johnson,48,Male,USA,2/19/2019,Monthly
s44825,Aarav Wilson,60,Male,Germany,4/27/2019,Yearly
s44826,Lucas Patel,46,Male,USA,7/31/2021,Free
s44827,Benjamin Verma,23,Female,UK,11/3/2020,Yearly
s44828,Amelia Lee,39,Other,India,3/28/2020,Free
s44829,Meera Davis,19,Other,Germany,10/3/2022,Free
s44830,Liam Thomas,61,Male,Germany,2/5/2022,Free
s44831,Riya Brown,61,Male,UK,9/18/2022,Yearly
s44832,Aarav Smith,22,Female,UK,5/26/2020,Yearly
s44833,Vihaan Anderson,20,Male,Canada,4/25/2022,Free
s44834,Meera Johnson,27,Male,India,9/27/2019,Free
s44835,Amelia Davis,25,Female,UK,8/22/2020,Monthly
s44836,Emma Taylor,24,Other,Australia,1/16/2020,Free
s44837,Benjamin Singh,57,Other,Germany,11/5/2022,Yearly
s44838,Vihaan Moore,24,Other,Australia,8/27/2022,Monthly
s44839,Noah Miller,20,Male,India,10/15/2019,Free
s44840,Lucas Moore,24,Female,Australia,10/29/2021,Monthly
s44841,Amelia Patel,63,Male,India,4/2/2019,Yearly
s44842,Eva Brown,30,Other,UK,9/9/2022,Monthly
s44843,Vihaan Hall,42,Male,Australia,11/23/2021,Monthly
s44844,Meera Walker,59,Female,Canada,7/14/2021,Free
s44845,Amelia Walker,58,Male,Germany,8/25/2022,Free
s44846,Olivia Walker,25,Male,Germany,4/6/2022,Monthly
s44847,Emma Thomas,40,Female,Germany,8/24/2020,Monthly
s44848,Lucas Brown,19,Female,Australia,1/26/2019,Yearly
s44849,Aanya Smith,33,Other,India,8/14/2021,Monthly
s44850,Ethan Singh,33,Male,UK,3/10/2021,Yearly
s44851,Riya Miller,46,Other,USA,2/9/2019,Yearly
s44852,Karan Walker,19,Other,Australia,11/16/2021,Monthly
s44853,Lucas Walker,33,Other,Australia,6/17/2022,Yearly
s44854,Olivia Patel,26,Other,UK,9/3/2021,Monthly
s44855,Zara Hall,19,Female,India,3/15/2020,Yearly
s44856,Ethan Lewis,44,Female,USA,9/18/2022,Monthly
s44857,Vihaan Johnson,22,Female,Canada,10/14/2019,Free
s44858,Olivia Miller,51,Female,UK,2/13/2019,Yearly
s44859,Olivia Walker,21,Other,USA,11/22/2021,Monthly
s44860,Mia Walker,22,Female,UK,3/1/2020,Monthly
s44861,Isabella Walker,63,Other,Australia,6/21/2022,Free
s44862,Olivia Moore,24,Female,Germany,5/12/2020,Yearly
s44863,Olivia Martin,22,Female,India,1/24/2019,Yearly
s44864,Zara Patel,25,Female,UK,5/24/2021,Yearly
s44865,Ethan Martin,24,Other,UK,1/1/2022,Monthly
s44866,Isabella Miller,62,Female,Australia,12/12/2020,Monthly
s44867,Lucas Miller,43,Female,UK,10/12/2021,Free
s44868,Eva Brown,32,Female,USA,4/12/2022,Free
s44869,Zara Moore,19,Female,Germany,11/1/2019,Free
s44870,Isabella Clark,27,Male,Australia,8/2/2020,Yearly
s44871,Ethan Patel,23,Female,Germany,12/20/2022,Free
s44872,Emma Smith,18,Male,Germany,2/2/2021,Free
s44873,Zara Martin,40,Male,Australia,5/24/2022,Monthly
s44874,Sophia Taylor,35,Female,India,9/19/2020,Free
s44875,Riya Lee,18,Male,Germany,8/3/2020,Free
s44876,Aarav Verma,23,Male,India,4/9/2020,Free
s44877,Zara Moore,27,Male,Australia,11/4/2020,Monthly
s44878,Mia Lee,24,Male,India,1/15/2021,Monthly
s44879,Amelia Thomas,19,Other,UK,4/16/2019,Free
s44880,Benjamin Thomas,52,Other,India,7/12/2022,Yearly
s44881,Riya Sharma,37,Female,Canada,3/26/2021,Free
s44882,Emma Lewis,26,Female,USA,5/13/2021,Free
s44883,Zara Lewis,27,Female,Australia,10/24/2021,Yearly
s44884,Karan Lewis,26,Female,Germany,9/2/2022,Free
s44885,Noah Verma,60,Female,USA,9/23/2019,Monthly
s44886,Liam Lewis,40,Other,Canada,2/24/2021,Free
s44887,Karan Moore,33,Other,UK,8/23/2022,Free
s44888,Aanya Wilson,19,Other,USA,5/6/2021,Free
s44889,Aarav Miller,22,Female,UK,2/24/2021,Monthly
s44890,Aarav Davis,45,Male,Germany,3/17/2019,Monthly
s44891,Aarav Taylor,46,Other,USA,7/12/2022,Yearly
s44892,Benjamin Hall,36,Other,Australia,12/1/2020,Free
s44893,Meera Moore,37,Male,India,8/28/2021,Free
s44894,Noah Verma,41,Other,Canada,6/5/2022,Free
s44895,Sophia Smith,36,Female,India,5/2/2020,Free
s44896,Zara Moore,62,Male,Canada,9/17/2020,Yearly
s44897,Aanya Moore,39,Male,Canada,12/28/2021,Yearly
s44898,Ethan Moore,19,Female,Germany,7/17/2020,Monthly
s44899,Arjun Moore,27,Other,India,6/1/2021,Yearly
s44900,Riya Anderson,23,Female,USA,7/31/2019,Monthly
s44901,Arjun Walker,34,Male,Germany,8/23/2020,Monthly
s44902,Aanya Clark,18,Male,USA,1/5/2020,Monthly
s44903,Lucas Moore,24,Female,USA,6/6/2020,Yearly
s44904,Aanya Walker,27,Male,Australia,8/21/2019,Yearly
s44905,Benjamin Walker,67,Female,Germany,4/25/2019,Yearly
s44906,Riya Wilson,21,Female,USA,3/3/2020,Monthly
s44907,Isabella Martin,40,Female,Australia,11/10/2021,Yearly
s44908,Noah Lee,21,Other,Canada,9/14/2019,Yearly
s44909,Olivia Walker,19,Other,Australia,12/15/2021,Monthly
s44910,Aanya Clark,19,Female,Australia,10/18/2021,Monthly
s44911,Ethan Anderson,20,Female,Canada,1/18/2022,Yearly
s44912,Isabella Hall,20,Female,Canada,3/5/2022,Monthly
s44913,Zara Miller,25,Male,UK,1/9/2021,Yearly
s44914,Aanya Davis,61,Female,Germany,3/19/2020,Monthly
s44915,Karan Verma,22,Male,UK,4/24/2021,Yearly
s44916,Olivia Lee,26,Female,Germany,7/31/2022,Monthly
s44917,Vihaan Smith,34,Male,Canada,9/18/2019,Yearly
s44918,Sophia Clark,18,Male,Germany,5/20/2020,Yearly
s44919,Sophia Martin,23,Male,Australia,8/29/2022,Free
s44920,Aarav Smith,22,Other,Australia,5/20/2021,Monthly
s44921,Arjun Clark,21,Male,India,3/13/2019,Yearly
s44922,Emma Lee,31,Other,Canada,2/16/2019,Monthly
s44923,Ethan Singh,18,Male,India,11/4/2021,Yearly
s44924,Olivia Singh,18,Male,Germany,7/31/2022,Monthly
s44925,Benjamin Moore,26,Female,Germany,5/27/2022,Free
s44926,Riya Singh,59,Other,Canada,7/20/2019,Yearly
s44927,Riya Miller,24,Other,Australia,4/27/2019,Monthly
s44928,Riya Johnson,28,Male,UK,2/17/2019,Free
s44929,Aarav Martin,56,Female,USA,2/19/2021,Monthly
s44930,Eva Sharma,27,Other,India,9/30/2021,Free
s44931,Aarav Hall,21,Male,Australia,3/25/2021,Monthly
s44932,Isabella Walker,32,Female,Germany,12/26/2020,Monthly
s44933,Liam Patel,25,Other,USA,3/22/2020,Free
s44934,Mia Lee,43,Female,Australia,9/16/2021,Free
s44935,Meera Wilson,18,Female,Australia,8/29/2020,Yearly
s44936,Benjamin Hall,18,Male,UK,10/9/2021,Yearly
s44937,Liam Davis,22,Female,Canada,1/28/2022,Yearly
s44938,Lucas Lewis,24,Female,India,6/15/2020,Free
s44939,Arjun Walker,44,Male,India,4/11/2022,Yearly
s44940,Noah Patel,43,Female,Canada,11/10/2020,Free
s44941,Sophia Sharma,35,Male,India,10/17/2021,Free
s44942,Noah Walker,39,Male,India,6/27/2019,Free
s44943,Amelia Anderson,26,Male,Germany,12/22/2022,Yearly
s44944,Emma Smith,21,Male,India,4/13/2022,Yearly
s44945,Benjamin Miller,42,Male,Canada,10/3/2019,Yearly
s44946,Lucas Anderson,39,Male,UK,12/8/2019,Yearly
s44947,Zara Johnson,35,Other,Canada,9/9/2021,Yearly
s44948,Riya Martin,25,Female,India,9/24/2020,Free
s44949,Mia Miller,31,Female,Germany,4/2/2021,Yearly
s44950,Mia Hall,22,Other,Canada,10/4/2019,Yearly
s44951,Aarav Johnson,25,Male,Canada,4/24/2020,Yearly
s44952,Sophia Patel,19,Male,USA,1/6/2021,Monthly
s44953,Benjamin Singh,18,Male,Germany,1/1/2020,Yearly
s44954,Emma Hall,27,Female,UK,9/19/2022,Yearly
s44955,Ethan Wilson,23,Female,India,2/15/2019,Monthly
s44956,Olivia Moore,24,Female,UK,6/12/2022,Monthly
s44957,Aanya Taylor,19,Female,India,10/11/2020,Monthly
s44958,Liam Clark,22,Other,India,1/13/2020,Monthly
s44959,Zara Singh,55,Other,Australia,2/17/2022,Yearly
s44960,Liam Clark,31,Male,Canada,1/15/2019,Monthly
s44961,Arjun Thomas,22,Male,Canada,12/25/2020,Yearly
s44962,Isabella Miller,18,Other,Germany,1/28/2020,Monthly
s44963,Mia Wilson,29,Other,USA,7/9/2020,Monthly
s44964,Eva Martin,47,Male,UK,5/12/2019,Yearly
s44965,Sophia Brown,42,Male,Germany,1/3/2019,Yearly
s44966,Noah Johnson,23,Female,USA,2/17/2021,Yearly
s44967,Ethan Smith,36,Female,Australia,5/4/2020,Free
s44968,Vihaan Brown,38,Male,Canada,4/19/2019,Monthly
s44969,Mia Martin,21,Other,UK,9/12/2022,Free
s44970,Lucas Johnson,44,Other,Canada,4/13/2022,Monthly
s44971,Eva Johnson,40,Male,Australia,3/18/2022,Monthly
s44972,Riya Lee,21,Male,India,7/13/2021,Free
s44973,Eva Wilson,23,Female,Australia,1/21/2022,Yearly
s44974,Mia Miller,43,Other,Australia,4/13/2020,Monthly
s44975,Amelia Lewis,27,Other,Australia,1/20/2019,Monthly
s44976,Arjun Singh,25,Female,Australia,2/27/2020,Monthly
s44977,Aarav Moore,24,Other,Australia,3/4/2021,Yearly
s44978,Zara Martin,18,Other,Canada,6/4/2021,Free
s44979,Emma Miller,21,Female,Germany,7/19/2021,Yearly
s44980,Noah Johnson,18,Other,Germany,10/4/2019,Free
s44981,Emma Hall,18,Male,Germany,8/18/2022,Yearly
s44982,Emma Davis,21,Male,Canada,6/8/2021,Monthly
s44983,Vihaan Patel,18,Other,USA,7/28/2020,Monthly
s44984,Ethan Taylor,25,Male,UK,11/11/2022,Yearly
s44985,Sophia Martin,26,Male,India,4/11/2020,Monthly
s44986,Isabella Hall,37,Male,India,1/23/2020,Yearly
s44987,Benjamin Taylor,20,Other,UK,7/23/2021,Yearly
s44988,Arjun Walker,23,Female,Australia,7/6/2020,Monthly
s44989,Aarav Patel,27,Other,Canada,2/17/2022,Free
s44990,Isabella Moore,46,Female,UK,7/13/2019,Monthly
s44991,Liam Verma,25,Male,Australia,9/24/2021,Monthly
s44992,Aarav Johnson,26,Other,Canada,10/4/2020,Free
s44993,Noah Patel,27,Male,UK,11/7/2022,Yearly
s44994,Mia Wilson,20,Other,Canada,10/4/2022,Monthly
s44995,Isabella Singh,37,Male,Australia,10/9/2022,Monthly
s44996,Aanya Johnson,19,Other,UK,7/18/2022,Yearly
s44997,Karan Moore,34,Male,USA,6/7/2020,Free
s44998,Meera Miller,49,Male,Germany,11/2/2020,Monthly
s44999,Lucas Davis,25,Female,Germany,6/18/2019,Yearly
s45000,Lucas Moore,18,Other,Australia,1/16/2020,Monthly
s45001,Sophia Smith,30,Male,USA,2/13/2021,Monthly
s45002,Aanya Hall,25,Other,UK,11/12/2019,Free
s45003,Sophia Hall,24,Female,Australia,12/30/2021,Free
s45004,Zara Singh,20,Male,UK,6/4/2021,Yearly
s45005,Aarav Johnson,27,Female,Canada,12/17/2019,Monthly
s45006,Riya Wilson,18,Female,India,6/4/2021,Free
s45007,Meera Brown,23,Other,India,6/29/2019,Monthly
s45008,Sophia Hall,24,Male,UK,7/10/2020,Monthly
s45009,Liam Verma,21,Female,Canada,8/17/2022,Monthly
s45010,Arjun Anderson,21,Female,Germany,7/25/2020,Monthly
s45011,Aarav Thomas,20,Male,USA,12/18/2021,Free
s45012,Zara Moore,26,Other,Germany,11/2/2021,Free
s45013,Vihaan Lewis,24,Female,India,1/20/2022,Monthly
s45014,Riya Brown,65,Female,UK,11/16/2022,Monthly
s45015,Riya Singh,20,Other,Canada,7/23/2020,Monthly
s45016,Riya Walker,20,Male,India,4/6/2019,Yearly
s45017,Mia Moore,18,Male,Canada,7/21/2020,Yearly
s45018,Aanya Miller,21,Female,Australia,5/8/2021,Free
s45019,Aarav Hall,27,Other,UK,11/21/2019,Free
s45020,Vihaan Lee,20,Female,Australia,7/18/2020,Free
s45021,Sophia Sharma,42,Male,Australia,11/28/2022,Monthly
s45022,Liam Moore,47,Other,India,5/27/2020,Free
s45023,Emma Lewis,27,Male,UK,4/24/2021,Free
s45024,Riya Taylor,22,Male,UK,10/8/2019,Monthly
s45025,Meera Wilson,41,Male,Australia,7/28/2019,Free
s45026,Vihaan Wilson,23,Female,Germany,4/11/2019,Free
s45027,Emma Anderson,23,Male,Australia,9/8/2021,Free
s45028,Meera Walker,41,Female,India,6/5/2020,Free
s45029,Lucas Sharma,36,Male,Australia,12/16/2022,Yearly
s45030,Aanya Lewis,22,Other,Canada,11/20/2020,Free
s45031,Arjun Brown,32,Other,UK,7/29/2022,Free
s45032,Ethan Lee,27,Other,Australia,5/18/2020,Yearly
s45033,Vihaan Singh,24,Female,Germany,8/16/2020,Monthly
s45034,Karan Miller,42,Other,Canada,11/15/2020,Monthly
s45035,Arjun Lewis,36,Female,Germany,6/15/2022,Yearly
s45036,Amelia Lee,19,Male,Canada,9/27/2021,Monthly
s45037,Lucas Moore,52,Male,Canada,1/20/2021,Yearly
s45038,Aarav Singh,25,Female,India,3/4/2020,Yearly
s45039,Zara Hall,34,Female,Germany,7/13/2021,Free
s45040,Liam Lee,18,Female,Canada,11/28/2021,Yearly
s45041,Emma Hall,23,Male,India,12/23/2021,Free
s45042,Isabella Clark,30,Male,UK,3/1/2019,Monthly
s45043,Aanya Johnson,63,Female,India,9/29/2021,Monthly
s45044,Benjamin Hall,66,Male,UK,12/6/2021,Yearly
s45045,Ethan Wilson,20,Female,Australia,3/14/2022,Yearly
s45046,Riya Moore,27,Male,India,11/30/2022,Monthly
s45047,Ethan Patel,20,Male,Canada,5/28/2021,Yearly
s45048,Mia Walker,20,Female,Australia,10/28/2021,Yearly
s45049,Karan Hall,32,Other,Germany,6/14/2022,Yearly
s45050,Mia Hall,25,Male,UK,12/25/2020,Monthly
s45051,Aarav Thomas,36,Male,USA,7/26/2022,Yearly
s45052,Mia Wilson,27,Female,USA,5/4/2019,Free
s45053,Isabella Hall,50,Female,UK,4/27/2020,Yearly
s45054,Lucas Wilson,31,Male,Germany,2/3/2022,Yearly
s45055,Sophia Patel,25,Female,UK,3/3/2019,Free
s45056,Olivia Miller,40,Female,India,1/27/2021,Yearly
s45057,Arjun Clark,51,Female,Australia,10/2/2021,Free
s45058,Zara Clark,42,Other,UK,4/17/2022,Free
s45059,Vihaan Sharma,18,Other,Canada,3/9/2020,Free
s45060,Mia Singh,26,Female,India,4/3/2021,Yearly
s45061,Karan Verma,20,Male,UK,8/21/2022,Yearly
s45062,Noah Taylor,20,Male,USA,6/7/2019,Free
s45063,Ethan Wilson,44,Female,Australia,2/16/2021,Free
s45064,Noah Singh,43,Male,USA,9/23/2022,Free
s45065,Amelia Walker,58,Other,Canada,10/2/2022,Yearly
s45066,Benjamin Verma,24,Female,Canada,7/13/2022,Monthly
s45067,Mia Lee,24,Male,Australia,10/21/2021,Monthly
s45068,Sophia Wilson,35,Other,Germany,12/28/2019,Monthly
s45069,Benjamin Lewis,20,Female,UK,9/1/2021,Monthly
s45070,Ethan Wilson,36,Other,USA,9/21/2019,Free
s45071,Arjun Walker,26,Other,Germany,6/15/2022,Monthly
s45072,Lucas Hall,20,Other,USA,2/15/2022,Free
s45073,Eva Walker,46,Other,Canada,3/7/2022,Monthly
s45074,Liam Patel,23,Male,Australia,11/13/2022,Yearly
s45075,Amelia Verma,65,Male,USA,3/30/2020,Yearly
s45076,Karan Johnson,21,Other,Canada,8/20/2021,Yearly
s45077,Ethan Johnson,36,Other,UK,11/30/2019,Yearly
s45078,Mia Miller,48,Other,UK,1/7/2021,Yearly
s45079,Benjamin Martin,27,Other,India,9/15/2021,Free
s45080,Liam Taylor,38,Female,Germany,10/29/2021,Free
s45081,Arjun Moore,23,Other,UK,1/21/2022,Monthly
s45082,Riya Wilson,40,Male,India,6/8/2020,Free
s45083,Lucas Hall,27,Female,UK,10/4/2021,Yearly
s45084,Ethan Brown,24,Male,UK,7/10/2020,Monthly
s45085,Aarav Verma,18,Other,Australia,5/18/2022,Free
s45086,Olivia Walker,23,Female,USA,8/20/2019,Free
s45087,Amelia Miller,23,Other,Germany,4/17/2022,Yearly
s45088,Liam Thomas,19,Other,Canada,9/5/2021,Yearly
s45089,Benjamin Miller,20,Male,USA,9/7/2022,Yearly
s45090,Aanya Patel,26,Other,UK,3/11/2020,Yearly
s45091,Eva Singh,41,Female,Canada,12/15/2021,Free
s45092,Aanya Smith,24,Other,USA,3/1/2020,Monthly
s45093,Aanya Taylor,60,Male,UK,7/23/2022,Yearly
s45094,Mia Hall,65,Other,Germany,7/30/2020,Yearly
s45095,Isabella Walker,62,Female,Australia,7/12/2020,Free
s45096,Benjamin Johnson,37,Female,USA,7/22/2019,Yearly
s45097,Liam Walker,41,Other,Australia,4/23/2022,Free
s45098,Emma Martin,23,Other,Australia,1/20/2020,Free
s45099,Amelia Lewis,43,Male,India,12/10/2019,Free
s45100,Zara Smith,27,Other,Australia,5/16/2021,Monthly
s45101,Noah Taylor,30,Female,Australia,3/17/2022,Monthly
s45102,Arjun Patel,25,Other,UK,7/25/2020,Yearly
s45103,Vihaan Lee,40,Female,India,3/14/2021,Yearly
s45104,Liam Sharma,20,Female,Canada,6/18/2020,Yearly
s45105,Emma Walker,30,Other,USA,10/21/2019,Free
s45106,Riya Martin,21,Other,Germany,6/28/2021,Yearly
s45107,Aarav Moore,51,Male,USA,4/1/2021,Free
s45108,Olivia Smith,25,Male,Germany,6/15/2021,Monthly
s45109,Isabella Clark,67,Male,UK,2/22/2021,Monthly
s45110,Aarav Patel,34,Male,Canada,5/2/2019,Free
s45111,Riya Martin,26,Female,India,2/7/2019,Monthly
s45112,Eva Taylor,32,Female,Australia,2/13/2021,Monthly
s45113,Isabella Smith,47,Male,Canada,1/2/2020,Monthly
s45114,Karan Taylor,40,Female,USA,1/31/2020,Monthly
s45115,Mia Lewis,37,Female,Canada,7/18/2019,Free
s45116,Liam Lewis,46,Male,USA,6/2/2020,Yearly
s45117,Ethan Verma,19,Male,Canada,2/19/2022,Monthly
s45118,Vihaan Anderson,22,Male,Australia,9/21/2022,Monthly
s45119,Amelia Johnson,19,Male,USA,12/21/2020,Yearly
s45120,Karan Patel,20,Male,Canada,4/20/2022,Yearly
s45121,Noah Smith,27,Female,USA,8/23/2022,Monthly
s45122,Ethan Sharma,31,Male,UK,2/22/2022,Free
s45123,Lucas Patel,20,Female,Canada,8/14/2019,Monthly
s45124,Mia Taylor,23,Female,India,12/30/2021,Free
s45125,Aarav Davis,20,Female,Australia,3/21/2020,Yearly
s45126,Noah Clark,54,Other,Canada,10/15/2019,Yearly
s45127,Karan Walker,27,Female,USA,8/28/2022,Yearly
s45128,Mia Johnson,46,Other,USA,2/23/2022,Monthly
s45129,Benjamin Singh,26,Male,Germany,2/22/2019,Free
s45130,Vihaan Lee,29,Male,India,1/5/2021,Monthly
s45131,Sophia Wilson,26,Female,UK,5/9/2020,Monthly
s45132,Benjamin Hall,21,Female,Germany,12/9/2021,Free
s45133,Arjun Taylor,24,Female,India,12/2/2019,Free
s45134,Sophia Moore,62,Female,Germany,8/22/2022,Free
s45135,Emma Sharma,30,Other,Germany,4/17/2019,Monthly
s45136,Aarav Clark,40,Female,Australia,3/11/2022,Yearly
s45137,Aarav Brown,21,Female,Canada,3/29/2019,Monthly
s45138,Meera Thomas,23,Other,India,6/3/2020,Free
s45139,Noah Davis,19,Other,USA,1/14/2021,Free
s45140,Zara Lee,65,Male,Canada,10/31/2019,Free
s45141,Vihaan Thomas,19,Female,Australia,6/14/2022,Monthly
s45142,Eva Smith,20,Other,India,6/1/2021,Yearly
s45143,Amelia Sharma,61,Other,Australia,1/14/2020,Free
s45144,Sophia Lee,37,Female,USA,9/1/2021,Yearly
s45145,Arjun Davis,56,Male,Germany,9/19/2020,Monthly
s45146,Riya Wilson,21,Male,Canada,1/6/2020,Monthly
s45147,Aarav Clark,19,Male,USA,11/20/2019,Free
s45148,Lucas Wilson,39,Male,USA,1/16/2022,Free
s45149,Emma Smith,25,Female,UK,10/10/2019,Monthly
s45150,Karan Patel,22,Female,India,6/30/2022,Yearly
s45151,Noah Brown,26,Other,Germany,3/11/2022,Monthly
s45152,Amelia Moore,23,Other,India,12/11/2021,Yearly
s45153,Lucas Anderson,65,Female,USA,4/26/2021,Yearly
s45154,Aarav Taylor,37,Other,UK,4/17/2020,Yearly
s45155,Lucas Moore,38,Female,USA,8/26/2022,Monthly
s45156,Karan Anderson,26,Other,Germany,3/28/2021,Yearly
s45157,Riya Clark,66,Female,Germany,6/13/2021,Monthly
s45158,Liam Wilson,33,Other,UK,7/16/2020,Free
s45159,Ethan Johnson,18,Other,USA,11/8/2020,Monthly
s45160,Ethan Lewis,22,Male,Germany,12/27/2021,Monthly
s45161,Noah Brown,23,Male,Australia,1/31/2019,Yearly
s45162,Sophia Singh,18,Female,UK,8/5/2022,Monthly
s45163,Ethan Lewis,46,Other,India,4/5/2020,Free
s45164,Arjun Lee,23,Other,India,4/2/2020,Monthly
s45165,Arjun Clark,24,Female,Canada,5/3/2021,Free
s45166,Riya Moore,67,Female,Canada,10/4/2019,Monthly
s45167,Liam Clark,47,Female,UK,11/3/2020,Free
s45168,Amelia Thomas,25,Male,UK,6/9/2022,Free
s45169,Benjamin Clark,27,Male,UK,4/23/2020,Yearly
s45170,Zara Taylor,18,Other,UK,1/3/2022,Monthly
s45171,Olivia Patel,18,Male,Canada,8/5/2019,Free
s45172,Amelia Moore,35,Male,Australia,9/10/2019,Monthly
s45173,Amelia Lewis,54,Male,India,7/30/2020,Yearly
s45174,Zara Lewis,21,Male,USA,12/14/2020,Yearly
s45175,Karan Martin,19,Male,Canada,10/25/2022,Free
s45176,Riya Clark,31,Female,Canada,7/14/2019,Free
s45177,Ethan Hall,31,Male,Australia,6/21/2019,Free
s45178,Isabella Miller,22,Other,Canada,2/1/2020,Monthly
s45179,Aarav Lewis,25,Female,India,9/13/2021,Free
s45180,Sophia Davis,27,Male,Canada,4/30/2020,Monthly
s45181,Arjun Singh,27,Female,India,10/7/2019,Free
s45182,Meera Brown,44,Female,Australia,12/2/2022,Yearly
s45183,Sophia Moore,24,Male,Canada,12/19/2021,Free
s45184,Meera Walker,20,Male,USA,7/5/2020,Yearly
s45185,Emma Moore,35,Male,Germany,4/16/2019,Free
s45186,Ethan Taylor,19,Male,India,5/19/2021,Yearly
s45187,Arjun Taylor,30,Other,UK,5/2/2020,Monthly
s45188,Meera Brown,22,Male,Australia,11/9/2019,Yearly
s45189,Ethan Anderson,25,Male,Australia,12/15/2021,Monthly
s45190,Benjamin Davis,23,Other,UK,5/12/2020,Yearly
s45191,Vihaan Verma,23,Other,Germany,2/18/2019,Free
s45192,Isabella Johnson,39,Male,Germany,10/14/2022,Yearly
s45193,Mia Taylor,18,Male,India,1/12/2022,Yearly
s45194,Noah Brown,34,Other,Germany,2/28/2022,Free
s45195,Aarav Brown,47,Other,UK,3/10/2022,Yearly
s45196,Zara Miller,18,Female,UK,3/31/2020,Yearly
s45197,Benjamin Clark,45,Other,Canada,8/16/2020,Yearly
s45198,Meera Taylor,25,Male,Australia,8/30/2021,Monthly
s45199,Riya Singh,29,Other,India,7/30/2021,Yearly
s45200,Noah Clark,37,Female,India,9/9/2021,Monthly
s45201,Meera Johnson,20,Female,Germany,4/18/2021,Free
s45202,Benjamin Anderson,25,Male,India,9/6/2022,Yearly
s45203,Noah Lee,39,Male,UK,10/8/2021,Yearly
s45204,Aanya Brown,21,Female,Germany,5/15/2019,Yearly
s45205,Lucas Miller,19,Other,Canada,10/14/2021,Free
s45206,Amelia Lewis,22,Male,Australia,8/4/2022,Free
s45207,Ethan Miller,36,Other,UK,12/28/2021,Free
s45208,Aarav Verma,41,Male,UK,10/25/2021,Free
s45209,Ethan Hall,25,Male,USA,11/11/2020,Monthly
s45210,Emma Brown,23,Female,Australia,9/23/2021,Free
s45211,Meera Brown,22,Male,Australia,11/13/2019,Yearly
s45212,Olivia Patel,28,Female,UK,3/31/2019,Free
s45213,Emma Lewis,24,Female,Australia,9/29/2020,Yearly
s45214,Vihaan Sharma,20,Female,Germany,10/15/2022,Monthly
s45215,Vihaan Patel,51,Male,India,1/5/2020,Yearly
s45216,Mia Moore,18,Other,USA,2/6/2019,Yearly
s45217,Meera Moore,41,Male,UK,3/6/2020,Free
s45218,Emma Thomas,49,Female,Canada,12/15/2021,Yearly
s45219,Vihaan Sharma,18,Female,India,5/28/2022,Yearly
s45220,Arjun Lewis,49,Other,India,1/2/2021,Free
s45221,Ethan Brown,24,Female,Australia,5/7/2021,Free
s45222,Zara Thomas,43,Female,USA,10/3/2019,Monthly
s45223,Noah Sharma,34,Other,USA,3/14/2019,Monthly
s45224,Ethan Johnson,65,Other,India,8/20/2019,Yearly
s45225,Vihaan Brown,38,Female,USA,3/9/2020,Monthly
s45226,Riya Clark,22,Female,USA,11/29/2022,Free
s45227,Aanya Clark,19,Female,Canada,3/21/2022,Yearly
s45228,Arjun Anderson,25,Other,India,6/21/2020,Yearly
s45229,Zara Lee,21,Other,India,3/25/2020,Yearly
s45230,Ethan Davis,20,Female,Germany,12/21/2020,Free
s45231,Noah Hall,20,Male,Germany,6/11/2021,Monthly
s45232,Mia Walker,26,Other,India,11/21/2019,Monthly
s45233,Sophia Anderson,28,Female,UK,8/30/2019,Yearly
s45234,Riya Thomas,25,Female,Germany,8/9/2020,Free
s45235,Mia Johnson,22,Other,Australia,9/9/2019,Free
s45236,Aanya Verma,25,Female,Australia,8/11/2019,Free
s45237,Mia Martin,20,Male,Germany,9/2/2021,Monthly
s45238,Aarav Lewis,40,Other,Canada,11/9/2022,Free
s45239,Mia Miller,33,Other,UK,5/6/2022,Monthly
s45240,Karan Patel,26,Female,Germany,6/8/2021,Monthly
s45241,Arjun Verma,20,Male,India,7/7/2019,Free
s45242,Amelia Walker,18,Female,USA,7/25/2022,Free
s45243,Noah Moore,21,Male,Canada,10/3/2022,Free
s45244,Olivia Anderson,23,Female,USA,2/14/2019,Monthly
s45245,Zara Thomas,24,Female,India,6/18/2022,Monthly
s45246,Lucas Miller,20,Female,UK,7/13/2019,Free
s45247,Amelia Walker,21,Other,Germany,2/11/2022,Monthly
s45248,Emma Sharma,60,Female,USA,10/2/2022,Free
s45249,Ethan Brown,45,Male,India,4/10/2022,Monthly
s45250,Lucas Lee,19,Female,UK,12/8/2022,Yearly
s45251,Sophia Walker,21,Male,India,1/28/2019,Free
s45252,Benjamin Davis,31,Other,Canada,4/5/2019,Yearly
s45253,Meera Anderson,43,Male,India,11/24/2020,Monthly
s45254,Sophia Brown,58,Male,India,10/18/2021,Monthly
s45255,Arjun Moore,25,Female,India,7/8/2020,Monthly
s45256,Karan Walker,22,Other,USA,4/30/2021,Free
s45257,Karan Davis,25,Male,India,4/9/2022,Monthly
s45258,Noah Anderson,24,Female,UK,12/22/2021,Yearly
s45259,Zara Patel,21,Other,USA,1/10/2020,Yearly
s45260,Emma Walker,23,Male,India,12/26/2020,Monthly
s45261,Karan Wilson,27,Male,USA,8/21/2021,Free
s45262,Liam Sharma,56,Female,USA,4/20/2020,Yearly
s45263,Vihaan Taylor,21,Female,India,3/29/2022,Monthly
s45264,Amelia Martin,43,Female,Germany,10/16/2021,Yearly
s45265,Meera Miller,24,Male,Germany,11/1/2020,Free
s45266,Zara Patel,47,Male,UK,3/22/2021,Yearly
s45267,Benjamin Lee,23,Male,Australia,5/9/2021,Monthly
s45268,Olivia Smith,22,Female,UK,12/8/2020,Free
s45269,Benjamin Taylor,44,Other,UK,12/28/2022,Yearly
s45270,Karan Hall,45,Female,UK,9/9/2022,Free
s45271,Liam Sharma,24,Female,Canada,8/13/2021,Yearly
s45272,Mia Clark,35,Female,UK,2/24/2022,Monthly
s45273,Riya Martin,24,Male,UK,12/19/2020,Free
s45274,Arjun Davis,52,Female,USA,11/2/2021,Monthly
s45275,Meera Wilson,36,Other,Germany,5/3/2021,Monthly
s45276,Lucas Miller,18,Male,Germany,6/2/2022,Free
s45277,Liam Patel,46,Other,UK,4/23/2021,Free
s45278,Mia Lee,18,Male,UK,1/22/2020,Monthly
s45279,Ethan Johnson,25,Male,USA,4/30/2022,Free
s45280,Benjamin Clark,27,Male,Australia,8/25/2019,Monthly
s45281,Noah Johnson,24,Male,Canada,4/15/2019,Monthly
s45282,Mia Davis,25,Other,UK,9/24/2021,Free
s45283,Aarav Singh,22,Female,Canada,2/5/2020,Free
s45284,Mia Walker,49,Female,Australia,10/30/2020,Yearly
s45285,Sophia Sharma,27,Female,UK,6/6/2021,Monthly
s45286,Arjun Patel,25,Other,USA,7/27/2019,Monthly
s45287,Ethan Hall,26,Other,UK,1/28/2019,Free
s45288,Riya Lewis,33,Female,Australia,4/16/2019,Free
s45289,Aarav Verma,24,Other,Canada,7/31/2021,Yearly
s45290,Lucas Anderson,27,Male,India,1/31/2021,Free
s45291,Mia Walker,40,Male,Germany,12/12/2021,Yearly
s45292,Meera Brown,32,Male,India,9/8/2021,Monthly
s45293,Eva Wilson,56,Female,UK,10/13/2019,Monthly
s45294,Eva Sharma,22,Male,Canada,12/15/2020,Yearly
s45295,Amelia Sharma,54,Female,Germany,10/13/2020,Yearly
s45296,Amelia Singh,31,Female,Germany,8/26/2021,Yearly
s45297,Riya Singh,28,Male,USA,7/25/2020,Free
s45298,Emma Lewis,21,Other,USA,10/31/2021,Yearly
s45299,Arjun Taylor,19,Female,India,7/13/2022,Yearly
s45300,Riya Walker,20,Other,USA,5/31/2022,Free
s45301,Vihaan Wilson,23,Other,Canada,7/30/2021,Monthly
s45302,Mia Sharma,33,Female,UK,2/12/2019,Monthly
s45303,Ethan Verma,22,Male,Australia,8/1/2021,Monthly
s45304,Meera Walker,23,Other,USA,2/8/2019,Yearly
s45305,Aanya Davis,44,Female,UK,11/22/2020,Monthly
s45306,Eva Verma,19,Male,Australia,9/6/2021,Free
s45307,Liam Moore,27,Female,Australia,4/16/2019,Yearly
s45308,Noah Sharma,41,Other,Germany,6/26/2020,Free
s45309,Noah Smith,31,Female,USA,12/19/2022,Free
s45310,Zara Wilson,24,Female,Canada,7/31/2021,Yearly
s45311,Karan Wilson,36,Other,UK,6/27/2020,Monthly
s45312,Eva Verma,38,Female,USA,8/13/2019,Free
s45313,Arjun Davis,19,Other,India,11/18/2019,Yearly
s45314,Karan Johnson,21,Male,Germany,3/5/2022,Free
s45315,Sophia Taylor,23,Female,Australia,11/14/2019,Monthly
s45316,Benjamin Patel,19,Other,UK,3/3/2022,Yearly
s45317,Lucas Brown,27,Male,USA,10/1/2021,Monthly
s45318,Karan Moore,22,Female,UK,4/24/2019,Yearly
s45319,Noah Clark,23,Male,USA,1/3/2019,Free
s45320,Zara Lewis,46,Male,Canada,5/28/2021,Monthly
s45321,Aarav Wilson,53,Other,Germany,1/21/2019,Free
s45322,Zara Verma,65,Male,India,1/8/2021,Yearly
s45323,Ethan Moore,40,Male,Canada,11/2/2021,Monthly
s45324,Lucas Miller,18,Male,UK,9/8/2021,Monthly
s45325,Eva Singh,20,Female,USA,10/18/2019,Free
s45326,Emma Walker,19,Other,Germany,10/16/2022,Free
s45327,Sophia Singh,19,Female,India,11/27/2021,Yearly
s45328,Emma Brown,62,Female,Germany,5/28/2021,Monthly
s45329,Ethan Walker,44,Female,Canada,3/18/2021,Free
s45330,Arjun Clark,18,Female,Australia,8/16/2020,Yearly
s45331,Eva Davis,37,Female,Australia,11/1/2019,Free
s45332,Eva Hall,57,Male,Canada,4/10/2020,Yearly
s45333,Vihaan Singh,19,Male,USA,8/6/2021,Monthly
s45334,Riya Davis,26,Other,Australia,5/15/2022,Yearly
s45335,Amelia Smith,27,Other,USA,11/29/2019,Monthly
s45336,Noah Sharma,46,Male,India,10/17/2020,Yearly
s45337,Lucas Clark,18,Male,Canada,8/9/2019,Free
s45338,Lucas Moore,20,Male,UK,11/15/2019,Yearly
s45339,Riya Verma,24,Male,Germany,3/13/2019,Yearly
s45340,Mia Miller,25,Other,USA,2/2/2021,Yearly
s45341,Isabella Lee,31,Male,Australia,4/19/2019,Monthly
s45342,Aarav Verma,25,Other,Australia,2/2/2019,Monthly
s45343,Aanya Taylor,19,Female,India,10/13/2019,Yearly
s45344,Riya Hall,20,Female,Australia,6/20/2021,Yearly
s45345,Vihaan Brown,29,Other,Australia,9/24/2020,Monthly
s45346,Olivia Johnson,24,Male,India,3/27/2019,Yearly
s45347,Ethan Smith,33,Other,Australia,7/12/2022,Monthly
s45348,Emma Taylor,27,Other,Germany,10/4/2021,Monthly
s45349,Noah Lee,24,Male,Canada,1/4/2022,Free
s45350,Aarav Johnson,20,Female,Canada,5/26/2022,Free
s45351,Emma Davis,37,Other,Germany,11/26/2021,Monthly
s45352,Vihaan Davis,22,Female,UK,10/27/2022,Yearly
s45353,Riya Taylor,23,Female,USA,11/28/2022,Free
s45354,Emma Taylor,18,Other,Australia,9/12/2020,Monthly
s45355,Mia Singh,59,Female,USA,12/27/2022,Yearly
s45356,Mia Brown,44,Other,USA,6/18/2021,Monthly
s45357,Meera Miller,26,Female,Canada,6/29/2022,Yearly
s45358,Amelia Brown,26,Female,Canada,8/30/2021,Free
s45359,Olivia Verma,66,Other,UK,11/2/2020,Yearly
s45360,Sophia Verma,55,Male,USA,8/11/2021,Monthly
s45361,Zara Verma,19,Other,Germany,1/9/2019,Yearly
s45362,Olivia Thomas,25,Other,USA,9/29/2021,Yearly
s45363,Eva Taylor,26,Female,Canada,10/13/2020,Free
s45364,Emma Singh,47,Female,Canada,11/11/2020,Monthly
s45365,Eva Johnson,31,Other,India,2/4/2021,Monthly
s45366,Arjun Miller,20,Other,Australia,1/12/2022,Monthly
s45367,Karan Wilson,32,Female,Australia,10/30/2019,Free
s45368,Riya Patel,21,Female,Germany,8/29/2022,Yearly
s45369,Noah Hall,19,Male,Australia,6/14/2022,Yearly
s45370,Vihaan Anderson,19,Female,Australia,12/28/2019,Yearly
s45371,Isabella Davis,18,Male,USA,12/25/2022,Yearly
s45372,Amelia Singh,29,Male,Germany,9/10/2021,Free
s45373,Mia Clark,28,Female,India,12/1/2020,Monthly
s45374,Olivia Lewis,20,Other,Australia,5/24/2021,Free
s45375,Isabella Smith,27,Other,Germany,5/1/2020,Free
s45376,Vihaan Lewis,37,Other,USA,12/8/2022,Yearly
s45377,Arjun Walker,21,Male,UK,12/26/2019,Monthly
s45378,Aanya Lee,63,Other,USA,7/5/2019,Free
s45379,Mia Martin,25,Other,UK,5/26/2021,Free
s45380,Aarav Singh,30,Male,USA,8/20/2019,Yearly
s45381,Olivia Moore,27,Female,Australia,1/1/2020,Free
s45382,Mia Clark,27,Female,India,12/14/2021,Monthly
s45383,Olivia Smith,25,Female,UK,10/20/2022,Free
s45384,Eva Clark,25,Female,Australia,12/27/2019,Free
s45385,Amelia Miller,41,Male,India,8/12/2022,Free
s45386,Lucas Davis,67,Female,USA,7/6/2019,Yearly
s45387,Eva Thomas,27,Female,Canada,9/9/2020,Monthly
s45388,Liam Moore,46,Female,UK,12/13/2021,Free
s45389,Zara Johnson,25,Female,Australia,1/20/2022,Free
s45390,Amelia Miller,21,Female,India,7/14/2020,Yearly
s45391,Mia Davis,45,Male,India,4/22/2021,Free
s45392,Meera Smith,35,Male,Canada,10/7/2020,Free
s45393,Karan Walker,25,Male,Germany,3/7/2019,Yearly
s45394,Olivia Anderson,33,Female,UK,9/8/2022,Free
s45395,Riya Lewis,26,Male,Germany,7/31/2021,Monthly
s45396,Ethan Hall,19,Other,Germany,5/21/2022,Free
s45397,Aarav Walker,27,Other,UK,7/5/2022,Monthly
s45398,Zara Singh,25,Female,Germany,10/17/2022,Yearly
s45399,Riya Thomas,64,Male,Germany,8/22/2021,Yearly
s45400,Karan Brown,21,Other,UK,4/10/2021,Monthly
s45401,Eva Brown,33,Female,Canada,3/16/2019,Free
s45402,Zara Davis,23,Other,USA,5/10/2019,Monthly
s45403,Amelia Moore,23,Other,Canada,4/25/2020,Monthly
s45404,Isabella Johnson,20,Male,USA,10/4/2022,Monthly
s45405,Vihaan Verma,22,Male,USA,8/28/2019,Yearly
s45406,Mia Walker,18,Female,Germany,1/8/2019,Yearly
s45407,Lucas Martin,28,Other,UK,5/20/2021,Free
s45408,Zara Lee,22,Male,Canada,4/28/2019,Free
s45409,Karan Clark,18,Other,Canada,10/21/2022,Monthly
s45410,Noah Thomas,32,Female,USA,12/18/2020,Monthly
s45411,Zara Martin,27,Female,USA,3/4/2019,Yearly
s45412,Eva Sharma,32,Other,Germany,5/7/2021,Monthly
s45413,Lucas Davis,33,Male,Australia,11/11/2021,Free
s45414,Meera Smith,24,Other,UK,10/16/2021,Free
s45415,Olivia Taylor,24,Female,Australia,5/11/2022,Yearly
s45416,Mia Lee,19,Other,Germany,1/10/2020,Free
s45417,Mia Patel,33,Other,India,11/19/2021,Free
s45418,Benjamin Singh,58,Other,UK,4/24/2019,Yearly
s45419,Emma Patel,32,Other,Canada,6/19/2021,Yearly
s45420,Emma Clark,23,Female,USA,2/29/2020,Yearly
s45421,Benjamin Smith,18,Female,India,4/9/2020,Monthly
s45422,Vihaan Smith,40,Male,Germany,1/31/2021,Yearly
s45423,Olivia Miller,26,Female,USA,6/18/2019,Yearly
s45424,Zara Sharma,25,Male,Germany,7/8/2019,Monthly
s45425,Mia Davis,35,Male,UK,6/3/2019,Yearly
s45426,Vihaan Walker,44,Male,USA,9/20/2022,Free
s45427,Meera Singh,20,Female,UK,6/11/2021,Monthly
s45428,Eva Taylor,18,Female,Australia,6/9/2020,Yearly
s45429,Arjun Clark,24,Female,India,3/22/2019,Monthly
s45430,Lucas Moore,25,Male,Canada,12/7/2021,Monthly
s45431,Noah Brown,25,Female,Australia,8/12/2022,Yearly
s45432,Vihaan Singh,47,Male,India,7/19/2019,Monthly
s45433,Meera Singh,21,Female,Australia,7/17/2022,Yearly
s45434,Aanya Moore,57,Male,India,11/12/2019,Monthly
s45435,Isabella Patel,51,Female,Germany,5/11/2020,Monthly
s45436,Olivia Martin,19,Male,USA,1/26/2019,Yearly
s45437,Noah Martin,22,Male,UK,11/12/2022,Monthly
s45438,Aanya Sharma,27,Female,UK,1/21/2021,Free
s45439,Lucas Singh,34,Male,Australia,1/17/2021,Monthly
s45440,Emma Davis,18,Male,Canada,2/8/2020,Free
s45441,Mia Johnson,25,Female,UK,10/31/2022,Yearly
s45442,Sophia Clark,35,Female,USA,2/23/2019,Yearly
s45443,Aanya Johnson,53,Male,Canada,12/16/2019,Monthly
s45444,Liam Taylor,22,Female,India,12/25/2022,Yearly
s45445,Arjun Brown,64,Other,UK,5/24/2019,Monthly
s45446,Vihaan Taylor,24,Other,Canada,12/3/2019,Monthly
s45447,Arjun Walker,24,Other,USA,6/26/2019,Monthly
s45448,Arjun Patel,28,Male,USA,11/23/2019,Free
s45449,Olivia Taylor,33,Female,Australia,6/3/2020,Monthly
s45450,Riya Lee,19,Female,Canada,10/16/2022,Monthly
s45451,Noah Moore,42,Other,UK,10/2/2019,Yearly
s45452,Arjun Verma,27,Male,USA,1/31/2019,Free
s45453,Karan Patel,29,Female,Germany,1/25/2019,Monthly
s45454,Karan Johnson,21,Male,Canada,11/9/2019,Monthly
s45455,Ethan Miller,27,Female,UK,7/27/2022,Free
s45456,Vihaan Walker,27,Female,India,9/23/2019,Monthly
s45457,Arjun Brown,24,Other,USA,5/7/2021,Free
s45458,Lucas Thomas,37,Female,USA,12/4/2021,Monthly
s45459,Emma Verma,27,Other,UK,12/29/2022,Yearly
s45460,Lucas Thomas,27,Other,USA,2/15/2022,Yearly
s45461,Amelia Wilson,27,Male,UK,10/13/2020,Yearly
s45462,Meera Verma,22,Female,UK,1/10/2019,Free
s45463,Meera Taylor,26,Other,Australia,12/8/2019,Monthly
s45464,Mia Walker,24,Male,Germany,5/11/2020,Yearly
s45465,Emma Singh,27,Male,UK,8/12/2020,Yearly
s45466,Karan Moore,25,Other,India,10/24/2021,Free
s45467,Olivia Martin,27,Male,Germany,9/1/2021,Free
s45468,Sophia Anderson,27,Other,UK,1/13/2021,Free
s45469,Aarav Wilson,19,Male,UK,3/16/2019,Yearly
s45470,Aanya Lee,53,Other,USA,3/15/2022,Monthly
s45471,Amelia Davis,18,Male,USA,12/6/2020,Free
s45472,Mia Smith,28,Female,Canada,6/7/2019,Monthly
s45473,Amelia Walker,26,Male,USA,9/17/2019,Monthly
s45474,Emma Taylor,21,Male,Canada,4/10/2022,Free
s45475,Sophia Hall,20,Other,Australia,10/6/2022,Monthly
s45476,Eva Hall,41,Male,Australia,10/8/2021,Monthly
s45477,Sophia Thomas,24,Female,Canada,7/4/2022,Yearly
s45478,Noah Lewis,23,Other,UK,9/27/2019,Free
s45479,Riya Smith,20,Other,Australia,4/20/2020,Free
s45480,Lucas Verma,23,Female,USA,10/21/2021,Yearly
s45481,Eva Smith,18,Female,Canada,2/5/2022,Free
s45482,Emma Brown,25,Female,UK,1/25/2021,Yearly
s45483,Meera Lewis,22,Male,UK,4/5/2021,Monthly
s45484,Olivia Martin,19,Female,Canada,3/20/2019,Monthly
s45485,Benjamin Singh,20,Female,India,2/17/2020,Monthly
s45486,Sophia Walker,41,Female,Canada,3/23/2020,Free
s45487,Aanya Moore,45,Other,USA,8/13/2019,Free
s45488,Noah Smith,45,Female,Australia,1/6/2019,Free
s45489,Amelia Taylor,27,Male,India,7/8/2020,Monthly
s45490,Benjamin Miller,25,Female,USA,3/8/2019,Monthly
s45491,Olivia Anderson,25,Other,Germany,10/17/2021,Monthly
s45492,Meera Brown,46,Male,USA,7/1/2019,Monthly
s45493,Meera Martin,43,Other,India,2/22/2022,Free
s45494,Ethan Walker,42,Female,India,6/25/2022,Monthly
s45495,Vihaan Anderson,21,Other,Australia,2/28/2022,Yearly
s45496,Liam Hall,19,Female,Canada,5/18/2022,Monthly
s45497,Olivia Smith,27,Female,India,3/30/2021,Yearly
s45498,Amelia Hall,20,Female,Germany,7/14/2021,Yearly
s45499,Lucas Walker,30,Other,India,8/10/2020,Free
s45500,Meera Johnson,20,Male,Australia,10/8/2022,Yearly
s45501,Sophia Verma,40,Female,Australia,5/4/2020,Monthly
s45502,Meera Martin,21,Other,Canada,10/18/2020,Free
s45503,Riya Singh,20,Male,Australia,7/4/2020,Free
s45504,Benjamin Moore,48,Female,Canada,8/18/2022,Yearly
s45505,Ethan Sharma,22,Female,Australia,6/3/2021,Yearly
s45506,Karan Thomas,59,Male,UK,10/4/2022,Yearly
s45507,Olivia Martin,20,Other,UK,2/26/2021,Yearly
s45508,Isabella Martin,18,Female,USA,4/16/2020,Yearly
s45509,Ethan Anderson,21,Other,UK,4/17/2021,Yearly
s45510,Zara Martin,34,Female,Germany,9/15/2019,Yearly
s45511,Isabella Brown,21,Other,Germany,9/19/2020,Free
s45512,Arjun Singh,28,Other,India,9/18/2021,Yearly
s45513,Liam Johnson,28,Female,Australia,7/30/2019,Yearly
s45514,Mia Singh,29,Female,Germany,2/29/2020,Yearly
s45515,Amelia Martin,32,Other,Germany,9/21/2022,Monthly
s45516,Arjun Hall,18,Male,India,10/26/2020,Monthly
s45517,Sophia Miller,20,Other,USA,5/19/2019,Monthly
s45518,Noah Brown,28,Male,USA,5/18/2019,Free
s45519,Karan Hall,26,Male,UK,7/2/2022,Monthly
s45520,Eva Thomas,24,Other,USA,1/13/2022,Yearly
s45521,Karan Walker,31,Female,Australia,11/19/2020,Monthly
s45522,Karan Johnson,25,Female,UK,9/24/2019,Free
s45523,Meera Wilson,26,Other,USA,7/5/2021,Free
s45524,Benjamin Miller,18,Male,UK,7/22/2019,Free
s45525,Emma Thomas,32,Male,India,8/31/2021,Free
s45526,Olivia Smith,31,Other,Canada,1/13/2021,Yearly
s45527,Liam Wilson,36,Other,UK,3/20/2021,Monthly
s45528,Liam Martin,23,Male,USA,9/3/2019,Yearly
s45529,Benjamin Davis,26,Other,Australia,2/10/2019,Free
s45530,Vihaan Brown,25,Female,India,11/9/2019,Yearly
s45531,Karan Anderson,26,Other,UK,9/6/2019,Free
s45532,Karan Walker,22,Male,Canada,4/27/2021,Free
s45533,Zara Smith,21,Female,Canada,5/11/2021,Yearly
s45534,Emma Lee,18,Male,UK,5/30/2020,Free
s45535,Lucas Brown,24,Male,Canada,3/5/2022,Yearly
s45536,Aanya Martin,35,Male,Germany,1/10/2021,Free
s45537,Aanya Clark,19,Other,Canada,1/25/2019,Yearly
s45538,Riya Wilson,25,Male,Canada,3/9/2020,Free
s45539,Eva Anderson,46,Other,Australia,2/12/2020,Free
s45540,Ethan Wilson,27,Other,UK,3/11/2021,Free
s45541,Aanya Singh,27,Male,UK,8/6/2019,Monthly
s45542,Arjun Davis,26,Female,Canada,5/1/2020,Free
s45543,Benjamin Lewis,24,Female,USA,6/7/2022,Monthly
s45544,Lucas Miller,33,Other,UK,9/7/2020,Monthly
s45545,Olivia Clark,21,Female,UK,10/31/2020,Free
s45546,Aanya Wilson,44,Female,India,5/15/2021,Monthly
s45547,Arjun Brown,28,Other,Australia,10/27/2020,Yearly
s45548,Ethan Verma,26,Female,USA,5/27/2021,Monthly
s45549,Lucas Lewis,27,Male,Canada,10/26/2020,Monthly
s45550,Meera Patel,20,Other,India,7/5/2020,Free
s45551,Mia Hall,39,Other,Germany,11/12/2021,Free
s45552,Isabella Wilson,25,Male,USA,2/8/2022,Yearly
s45553,Karan Lee,43,Female,USA,3/18/2019,Monthly
s45554,Ethan Thomas,50,Other,UK,6/25/2020,Monthly
s45555,Karan Davis,38,Male,Australia,7/15/2020,Free
s45556,Lucas Smith,22,Other,Australia,6/14/2021,Monthly
s45557,Arjun Lewis,25,Female,Australia,11/24/2019,Free
s45558,Isabella Miller,20,Female,Australia,4/18/2022,Free
s45559,Liam Hall,22,Male,India,1/10/2019,Yearly
s45560,Isabella Thomas,47,Female,Canada,8/23/2021,Monthly
s45561,Amelia Patel,27,Other,Australia,12/18/2022,Monthly
s45562,Lucas Clark,27,Male,UK,9/1/2022,Free
s45563,Isabella Patel,27,Female,UK,7/10/2022,Free
s45564,Sophia Lee,18,Male,Germany,6/6/2020,Yearly
s45565,Karan Davis,25,Female,India,7/4/2022,Monthly
s45566,Ethan Walker,26,Other,UK,2/19/2022,Monthly
s45567,Karan Miller,22,Male,UK,11/8/2021,Monthly
s45568,Emma Taylor,38,Male,UK,12/29/2021,Monthly
s45569,Riya Hall,19,Male,USA,7/4/2019,Yearly
s45570,Meera Verma,43,Female,Australia,9/11/2021,Monthly
s45571,Karan Walker,54,Female,India,9/30/2020,Yearly
s45572,Sophia Walker,27,Male,India,2/9/2022,Free
s45573,Aarav Miller,25,Female,Australia,6/20/2019,Yearly
s45574,Riya Davis,21,Female,USA,6/28/2022,Yearly
s45575,Sophia Lee,20,Other,Canada,2/15/2022,Yearly
s45576,Meera Thomas,23,Female,USA,1/16/2021,Yearly
s45577,Riya Clark,21,Male,USA,8/28/2021,Monthly
s45578,Ethan Miller,26,Other,Germany,12/23/2019,Monthly
s45579,Zara Smith,47,Other,UK,1/7/2022,Yearly
s45580,Isabella Wilson,28,Male,Canada,9/13/2019,Free
s45581,Ethan Hall,23,Female,USA,10/2/2022,Free
s45582,Lucas Brown,22,Female,India,10/20/2019,Monthly
s45583,Liam Singh,26,Other,Canada,7/16/2022,Yearly
s45584,Zara Wilson,47,Male,Germany,10/26/2019,Free
s45585,Liam Moore,40,Other,Germany,9/19/2019,Monthly
s45586,Noah Sharma,38,Other,UK,1/12/2022,Monthly
s45587,Riya Singh,49,Male,USA,5/13/2019,Monthly
s45588,Meera Sharma,21,Male,India,6/19/2020,Yearly
s45589,Aarav Clark,21,Male,India,8/2/2020,Yearly
s45590,Karan Johnson,40,Male,Canada,5/21/2019,Yearly
s45591,Olivia Walker,27,Other,UK,11/21/2022,Free
s45592,Mia Wilson,46,Other,Germany,4/29/2021,Free
s45593,Isabella Johnson,20,Female,Canada,2/28/2021,Monthly
s45594,Eva Moore,64,Other,USA,7/23/2019,Free
s45595,Riya Walker,22,Female,Germany,1/30/2020,Yearly
s45596,Benjamin Clark,30,Female,USA,12/1/2020,Monthly
s45597,Aarav Wilson,20,Female,India,10/7/2021,Free
s45598,Noah Patel,37,Male,India,2/6/2022,Monthly
s45599,Arjun Sharma,38,Female,USA,6/24/2021,Monthly
s45600,Emma Thomas,25,Female,India,8/7/2019,Yearly
s45601,Ethan Verma,21,Female,Australia,7/1/2020,Yearly
s45602,Zara Thomas,26,Other,India,10/31/2019,Yearly
s45603,Olivia Johnson,63,Male,Germany,12/20/2022,Monthly
s45604,Benjamin Wilson,24,Male,Germany,6/8/2022,Yearly
s45605,Olivia Miller,45,Female,UK,6/9/2021,Yearly
s45606,Lucas Patel,19,Other,India,12/7/2021,Yearly
s45607,Sophia Wilson,57,Male,Australia,9/27/2021,Yearly
s45608,Lucas Davis,25,Other,India,2/6/2022,Yearly
s45609,Sophia Moore,25,Male,UK,9/6/2021,Yearly
s45610,Meera Moore,24,Male,UK,2/11/2022,Monthly
s45611,Zara Patel,20,Male,USA,7/24/2020,Yearly
s45612,Meera Verma,30,Female,Germany,6/23/2022,Monthly
s45613,Mia Lewis,20,Male,UK,6/25/2020,Yearly
s45614,Benjamin Hall,33,Other,Australia,10/30/2022,Monthly
s45615,Arjun Anderson,52,Female,Australia,7/16/2022,Free
s45616,Sophia Walker,18,Female,UK,10/27/2022,Monthly
s45617,Benjamin Smith,28,Female,USA,8/10/2019,Monthly
s45618,Ethan Martin,21,Female,Australia,12/20/2019,Yearly
s45619,Riya Patel,20,Other,UK,10/2/2020,Free
s45620,Meera Smith,21,Female,USA,6/8/2019,Yearly
s45621,Aanya Moore,64,Female,Australia,1/7/2021,Monthly
s45622,Karan Johnson,26,Other,UK,2/26/2022,Monthly
s45623,Ethan Sharma,21,Male,Canada,6/4/2021,Monthly
s45624,Meera Miller,24,Other,USA,3/20/2019,Free
s45625,Noah Patel,24,Male,Australia,3/9/2021,Free
s45626,Eva Hall,26,Female,Australia,3/5/2020,Monthly
s45627,Noah Davis,18,Female,UK,7/4/2021,Monthly
s45628,Ethan Johnson,26,Female,Germany,2/6/2021,Monthly
s45629,Eva Martin,24,Female,UK,2/15/2020,Monthly
s45630,Noah Miller,20,Other,Australia,12/14/2021,Free
s45631,Benjamin Thomas,39,Other,Canada,5/24/2020,Free
s45632,Emma Lewis,46,Other,India,3/25/2021,Monthly
s45633,Aarav Taylor,18,Male,Canada,8/4/2022,Free
s45634,Aanya Johnson,21,Female,UK,1/7/2021,Yearly
s45635,Sophia Thomas,42,Male,USA,12/13/2019,Free
s45636,Riya Verma,29,Female,Australia,1/13/2021,Yearly
s45637,Sophia Taylor,19,Male,Germany,8/18/2020,Monthly
s45638,Zara Thomas,20,Female,India,10/4/2022,Monthly
s45639,Zara Wilson,22,Female,India,11/27/2022,Free
s45640,Lucas Verma,57,Other,UK,1/15/2019,Yearly
s45641,Emma Johnson,41,Other,UK,11/19/2021,Yearly
s45642,Eva Lee,41,Male,India,9/6/2022,Monthly
s45643,Sophia Wilson,27,Other,Australia,1/5/2019,Yearly
s45644,Amelia Davis,35,Other,India,10/12/2022,Monthly
s45645,Sophia Johnson,21,Female,Canada,3/16/2020,Free
s45646,Liam Smith,39,Male,UK,12/7/2019,Free
s45647,Sophia Walker,24,Male,USA,2/10/2022,Free
s45648,Sophia Smith,30,Male,USA,7/7/2019,Monthly
s45649,Zara Thomas,47,Male,Germany,9/10/2020,Free
s45650,Vihaan Brown,27,Other,Canada,8/1/2022,Yearly
s45651,Ethan Wilson,34,Male,UK,5/14/2022,Monthly
s45652,Emma Singh,24,Male,Australia,8/13/2022,Monthly
s45653,Aanya Clark,38,Other,UK,6/27/2021,Yearly
s45654,Emma Davis,27,Female,UK,11/10/2020,Yearly
s45655,Meera Wilson,40,Female,Canada,8/11/2020,Yearly
s45656,Mia Hall,43,Male,USA,4/11/2020,Yearly
s45657,Sophia Sharma,67,Other,Canada,4/23/2019,Monthly
s45658,Aarav Miller,28,Male,Australia,10/13/2021,Monthly
s45659,Sophia Smith,22,Male,UK,2/25/2022,Monthly
s45660,Meera Miller,28,Female,USA,9/11/2021,Yearly
s45661,Emma Verma,41,Female,Australia,11/6/2019,Monthly
s45662,Riya Verma,26,Other,Canada,7/15/2019,Monthly
s45663,Ethan Wilson,22,Male,UK,10/1/2020,Monthly
s45664,Lucas Lee,22,Female,Germany,8/31/2022,Free
s45665,Aarav Sharma,19,Female,Germany,9/23/2022,Yearly
s45666,Sophia Anderson,22,Female,USA,2/25/2020,Yearly
s45667,Olivia Taylor,63,Other,India,9/22/2020,Free
s45668,Benjamin Anderson,20,Other,Australia,9/1/2020,Free
s45669,Lucas Davis,29,Male,Germany,4/18/2019,Monthly
s45670,Aanya Patel,48,Female,India,11/25/2022,Yearly
s45671,Isabella Clark,48,Male,UK,5/12/2021,Yearly
s45672,Olivia Thomas,20,Male,UK,1/12/2020,Monthly
s45673,Noah Thomas,22,Other,India,1/19/2022,Monthly
s45674,Lucas Walker,37,Other,Germany,5/14/2021,Monthly
s45675,Aanya Anderson,27,Other,Germany,1/24/2019,Free
s45676,Liam Singh,22,Female,USA,12/1/2022,Monthly
s45677,Noah Lee,18,Female,UK,8/28/2019,Monthly
s45678,Eva Moore,24,Other,Australia,9/8/2021,Free
s45679,Ethan Anderson,27,Other,Germany,4/21/2022,Yearly
s45680,Emma Lee,67,Other,USA,3/20/2022,Yearly
s45681,Riya Sharma,50,Female,Germany,4/22/2021,Free
s45682,Eva Smith,23,Male,UK,12/11/2019,Free
s45683,Liam Singh,27,Other,Australia,12/24/2022,Yearly
s45684,Karan Clark,59,Other,Canada,4/14/2021,Monthly
s45685,Noah Wilson,32,Other,UK,8/15/2022,Monthly
s45686,Lucas Verma,27,Male,USA,1/9/2019,Free
s45687,Sophia Verma,21,Other,India,6/20/2021,Yearly
s45688,Lucas Brown,40,Female,USA,11/21/2019,Free
s45689,Riya Smith,26,Female,India,4/14/2019,Free
s45690,Isabella Singh,29,Female,USA,12/24/2022,Monthly
s45691,Arjun Singh,47,Female,Germany,7/3/2022,Yearly
s45692,Isabella Sharma,43,Female,Germany,11/15/2021,Yearly
s45693,Zara Moore,18,Female,Germany,6/25/2021,Monthly
s45694,Vihaan Hall,19,Other,UK,11/29/2022,Monthly
s45695,Isabella Thomas,24,Other,Germany,10/24/2021,Monthly
s45696,Arjun Walker,32,Male,Germany,7/11/2021,Monthly
s45697,Arjun Walker,29,Male,India,3/9/2021,Yearly
s45698,Riya Smith,18,Other,USA,3/12/2022,Monthly
s45699,Aarav Miller,24,Male,Germany,10/12/2019,Yearly
s45700,Vihaan Sharma,22,Male,Germany,3/14/2022,Monthly
s45701,Lucas Smith,28,Male,USA,8/11/2021,Monthly
s45702,Amelia Taylor,23,Other,Germany,10/29/2019,Monthly
s45703,Aarav Patel,25,Female,Australia,9/11/2021,Monthly
s45704,Liam Sharma,61,Male,India,9/9/2021,Free
s45705,Karan Singh,42,Female,Canada,2/24/2021,Yearly
s45706,Aarav Martin,21,Female,Germany,1/26/2022,Monthly
s45707,Ethan Martin,41,Other,USA,11/2/2021,Free
s45708,Benjamin Singh,18,Female,UK,3/5/2022,Monthly
s45709,Mia Verma,32,Other,Germany,12/13/2019,Free
s45710,Sophia Verma,33,Other,India,5/19/2022,Monthly
s45711,Isabella Moore,42,Male,Canada,5/14/2021,Yearly
s45712,Emma Sharma,20,Male,Germany,2/8/2021,Free
s45713,Sophia Verma,20,Female,Australia,12/10/2022,Monthly
s45714,Vihaan Taylor,46,Female,UK,8/12/2021,Monthly
s45715,Meera Walker,44,Male,Germany,12/16/2019,Yearly
s45716,Karan Davis,19,Other,Germany,6/13/2020,Yearly
s45717,Arjun Taylor,24,Female,Germany,12/4/2021,Free
s45718,Liam Sharma,50,Male,Australia,5/20/2022,Yearly
s45719,Liam Anderson,21,Female,Canada,6/7/2021,Free
s45720,Zara Wilson,19,Other,UK,9/1/2019,Yearly
s45721,Amelia Wilson,20,Other,India,2/6/2022,Monthly
s45722,Noah Lee,23,Other,UK,12/28/2022,Free
s45723,Riya Davis,57,Male,Australia,9/22/2022,Monthly
s45724,Aarav Davis,20,Female,Canada,11/15/2021,Free
s45725,Riya Hall,23,Female,UK,1/30/2022,Monthly
s45726,Lucas Verma,43,Male,Canada,5/27/2020,Free
s45727,Emma Anderson,26,Male,USA,10/26/2019,Free
s45728,Benjamin Taylor,27,Female,Canada,2/19/2022,Monthly
s45729,Zara Thomas,27,Other,Germany,6/18/2019,Monthly
s45730,Lucas Johnson,38,Male,USA,1/21/2021,Free
s45731,Olivia Hall,27,Male,USA,5/22/2019,Yearly
s45732,Benjamin Clark,20,Female,Australia,9/25/2020,Yearly
s45733,Noah Thomas,24,Other,UK,6/10/2022,Yearly
s45734,Mia Thomas,26,Female,Australia,8/21/2022,Monthly
s45735,Isabella Lewis,34,Female,Australia,1/22/2022,Free
s45736,Olivia Wilson,29,Male,UK,10/21/2022,Free
s45737,Emma Sharma,22,Other,Canada,5/27/2020,Free
s45738,Meera Martin,54,Female,USA,7/15/2022,Yearly
s45739,Emma Martin,26,Female,India,4/23/2022,Yearly
s45740,Arjun Hall,28,Male,Australia,3/18/2021,Monthly
s45741,Ethan Sharma,33,Male,USA,10/14/2020,Yearly
s45742,Olivia Brown,27,Male,India,1/30/2019,Yearly
s45743,Liam Walker,27,Other,India,5/4/2022,Monthly
s45744,Vihaan Davis,25,Other,UK,10/2/2021,Free
s45745,Lucas Wilson,18,Other,India,1/4/2022,Yearly
s45746,Benjamin Lee,19,Other,UK,7/8/2022,Free
s45747,Noah Thomas,26,Other,Australia,12/23/2020,Free
s45748,Sophia Davis,28,Other,UK,2/6/2022,Monthly
s45749,Emma Patel,31,Female,Germany,4/12/2020,Free
s45750,Amelia Lee,18,Female,USA,10/28/2022,Yearly
s45751,Eva Martin,27,Other,Canada,9/17/2020,Monthly
s45752,Noah Singh,25,Female,UK,10/30/2019,Monthly
s45753,Aanya Smith,35,Male,Canada,11/7/2022,Monthly
s45754,Mia Singh,18,Male,USA,3/27/2020,Monthly
s45755,Aanya Verma,20,Other,UK,7/23/2019,Yearly
s45756,Riya Taylor,60,Male,India,12/13/2021,Free
s45757,Eva Anderson,26,Female,Germany,6/30/2020,Monthly
s45758,Mia Verma,23,Male,Canada,3/14/2022,Yearly
s45759,Vihaan Lee,24,Female,Canada,12/3/2021,Monthly
s45760,Eva Brown,19,Other,USA,5/22/2021,Yearly
s45761,Noah Sharma,22,Female,Canada,11/24/2021,Monthly
s45762,Zara Moore,41,Female,Canada,8/22/2022,Yearly
s45763,Isabella Brown,25,Female,Australia,2/23/2020,Free
s45764,Arjun Clark,19,Other,USA,5/1/2022,Monthly
s45765,Amelia Patel,27,Other,UK,5/6/2019,Free
s45766,Aanya Verma,60,Female,USA,11/22/2020,Monthly
s45767,Eva Moore,19,Female,UK,2/9/2021,Free
s45768,Sophia Thomas,36,Other,Australia,11/29/2019,Monthly
s45769,Aanya Wilson,22,Male,Australia,3/9/2022,Free
s45770,Olivia Brown,43,Male,USA,4/20/2020,Yearly
s45771,Sophia Taylor,21,Male,India,2/26/2021,Free
s45772,Aanya Patel,46,Other,USA,3/12/2022,Yearly
s45773,Riya Sharma,46,Other,Australia,10/24/2019,Monthly
s45774,Sophia Johnson,23,Female,Canada,9/17/2021,Yearly
s45775,Vihaan Lewis,43,Female,Australia,10/20/2019,Monthly
s45776,Olivia Singh,42,Other,Canada,9/7/2020,Free
s45777,Riya Johnson,49,Male,USA,11/28/2020,Free
s45778,Karan Lee,46,Other,Australia,1/13/2021,Free
s45779,Vihaan Wilson,22,Other,Australia,5/29/2019,Monthly
s45780,Sophia Thomas,36,Female,UK,2/22/2022,Yearly
s45781,Aanya Thomas,27,Other,Australia,8/31/2021,Monthly
s45782,Sophia Brown,20,Other,UK,1/2/2021,Monthly
s45783,Eva Lewis,35,Male,Canada,11/24/2021,Monthly
s45784,Amelia Hall,24,Other,Germany,12/14/2019,Yearly
s45785,Mia Singh,38,Female,India,2/12/2022,Free
s45786,Zara Martin,29,Female,Australia,1/31/2019,Free
s45787,Aarav Wilson,18,Male,Germany,6/10/2019,Monthly
s45788,Ethan Hall,26,Other,Australia,2/24/2022,Free
s45789,Aanya Wilson,51,Female,USA,2/11/2021,Yearly
s45790,Liam Lewis,23,Other,Canada,6/17/2022,Monthly
s45791,Sophia Johnson,40,Other,Canada,11/24/2021,Yearly
s45792,Lucas Lewis,43,Other,Australia,6/8/2022,Yearly
s45793,Amelia Martin,36,Other,Canada,10/26/2019,Free
s45794,Noah Sharma,28,Other,Australia,3/4/2019,Monthly
s45795,Liam Thomas,18,Male,India,8/31/2019,Free
s45796,Sophia Miller,21,Female,India,7/30/2021,Yearly
s45797,Zara Verma,18,Other,USA,4/25/2022,Monthly
s45798,Isabella Patel,25,Female,Canada,6/21/2020,Free
s45799,Emma Singh,21,Male,USA,12/3/2020,Monthly
s45800,Zara Smith,22,Other,Canada,1/23/2020,Yearly
s45801,Aarav Lewis,38,Male,USA,6/23/2022,Monthly
s45802,Noah Johnson,18,Other,USA,10/14/2020,Free
s45803,Zara Verma,19,Male,USA,7/8/2022,Free
s45804,Isabella Walker,22,Other,UK,7/19/2020,Yearly
s45805,Eva Clark,32,Male,UK,12/14/2021,Free
s45806,Isabella Davis,24,Female,Germany,8/12/2019,Yearly
s45807,Meera Anderson,45,Male,USA,2/13/2019,Free
s45808,Benjamin Wilson,62,Male,USA,10/18/2021,Monthly
s45809,Riya Sharma,50,Male,India,1/11/2022,Yearly
s45810,Olivia Anderson,22,Other,India,6/19/2022,Free
s45811,Eva Wilson,23,Other,Germany,10/19/2019,Free
s45812,Ethan Patel,25,Male,India,8/19/2022,Yearly
s45813,Isabella Moore,46,Female,Australia,11/17/2021,Free
s45814,Benjamin Walker,67,Male,UK,4/28/2022,Yearly
s45815,Meera Brown,23,Female,Canada,4/25/2020,Monthly
s45816,Aanya Lewis,50,Male,Germany,12/22/2020,Free
s45817,Vihaan Verma,26,Female,USA,4/8/2022,Yearly
s45818,Sophia Singh,26,Other,Germany,9/30/2022,Monthly
s45819,Riya Lewis,26,Other,USA,12/31/2020,Yearly
s45820,Lucas Hall,27,Female,UK,2/1/2020,Yearly
s45821,Eva Verma,52,Male,Australia,10/25/2020,Free
s45822,Olivia Verma,34,Male,UK,3/23/2019,Free
s45823,Amelia Clark,25,Female,India,7/12/2021,Monthly
s45824,Eva Anderson,27,Male,Australia,8/19/2020,Monthly
s45825,Zara Smith,25,Male,Australia,5/23/2019,Monthly
s45826,Ethan Johnson,21,Male,India,7/9/2022,Yearly
s45827,Ethan Brown,18,Male,UK,3/31/2020,Free
s45828,Noah Brown,20,Other,India,6/6/2019,Yearly
s45829,Lucas Wilson,18,Female,Germany,10/22/2020,Yearly
s45830,Noah Smith,40,Other,USA,4/13/2019,Monthly
s45831,Olivia Lee,21,Other,USA,1/24/2020,Free
s45832,Ethan Taylor,23,Male,Canada,3/15/2022,Monthly
s45833,Emma Clark,42,Other,UK,8/2/2021,Free
s45834,Eva Smith,24,Male,Canada,3/26/2020,Free
s45835,Aanya Sharma,26,Female,India,7/26/2020,Monthly
s45836,Noah Hall,26,Male,India,12/23/2020,Free
s45837,Riya Patel,24,Other,Germany,5/24/2020,Yearly
s45838,Karan Patel,20,Male,Germany,1/15/2022,Monthly
s45839,Isabella Miller,43,Male,Australia,8/10/2019,Free
s45840,Vihaan Miller,19,Male,Canada,11/29/2020,Monthly
s45841,Benjamin Johnson,21,Other,India,11/10/2021,Yearly
s45842,Benjamin Sharma,20,Other,Australia,8/14/2021,Monthly
s45843,Aarav Anderson,21,Female,Germany,1/10/2019,Monthly
s45844,Meera Sharma,40,Male,Canada,3/21/2020,Yearly
s45845,Isabella Hall,25,Male,Australia,10/13/2021,Monthly
s45846,Amelia Johnson,20,Other,Canada,12/24/2020,Monthly
s45847,Arjun Smith,18,Other,Canada,1/2/2022,Monthly
s45848,Aanya Lewis,66,Male,Germany,5/13/2020,Yearly
s45849,Noah Lee,20,Female,Canada,1/3/2019,Free
s45850,Amelia Miller,67,Female,Australia,9/2/2020,Monthly
s45851,Aanya Smith,28,Other,USA,5/29/2022,Yearly
s45852,Vihaan Clark,18,Other,USA,9/29/2021,Yearly
s45853,Olivia Thomas,47,Other,Australia,6/11/2022,Yearly
s45854,Olivia Miller,27,Female,UK,4/8/2019,Monthly
s45855,Sophia Anderson,41,Male,Canada,6/30/2020,Yearly
s45856,Ethan Clark,20,Female,India,2/9/2022,Free
s45857,Emma Smith,19,Male,UK,2/6/2021,Free
s45858,Mia Thomas,24,Other,USA,10/31/2022,Free
s45859,Lucas Verma,45,Female,Australia,9/27/2021,Free
s45860,Sophia Walker,60,Other,India,8/15/2019,Monthly
s45861,Olivia Sharma,25,Female,Germany,7/28/2021,Monthly
s45862,Karan Clark,24,Male,India,5/7/2022,Free
s45863,Meera Johnson,20,Male,Canada,7/28/2021,Free
s45864,Aarav Patel,64,Female,UK,8/6/2019,Monthly
s45865,Arjun Moore,43,Female,Australia,10/2/2022,Free
s45866,Riya Patel,48,Male,USA,9/15/2020,Yearly
s45867,Aanya Miller,24,Other,Canada,1/25/2022,Yearly
s45868,Arjun Davis,22,Male,UK,6/27/2021,Monthly
s45869,Mia Wilson,27,Female,USA,3/14/2019,Monthly
s45870,Zara Moore,21,Male,Germany,12/11/2021,Yearly
s45871,Karan Davis,39,Female,Canada,3/22/2020,Free
s45872,Sophia Verma,29,Other,India,4/14/2019,Free
s45873,Arjun Miller,29,Female,Germany,5/31/2021,Yearly
s45874,Emma Moore,29,Male,India,4/7/2020,Monthly
s45875,Emma Thomas,64,Female,Germany,3/5/2020,Monthly
s45876,Isabella Patel,65,Male,Canada,3/11/2022,Free
s45877,Amelia Walker,26,Other,Canada,4/20/2021,Yearly
s45878,Liam Brown,33,Other,UK,6/18/2022,Free
s45879,Sophia Smith,20,Male,Canada,7/17/2019,Free
s45880,Meera Wilson,39,Other,Australia,10/17/2019,Yearly
s45881,Ethan Clark,46,Female,UK,8/16/2021,Monthly
s45882,Eva Hall,20,Other,India,1/8/2020,Monthly
s45883,Benjamin Lee,43,Male,UK,10/26/2019,Monthly
s45884,Lucas Lee,19,Male,India,5/26/2021,Yearly
s45885,Mia Smith,39,Male,UK,12/21/2020,Free
s45886,Vihaan Clark,23,Male,Australia,7/29/2021,Monthly
s45887,Lucas Wilson,19,Male,India,4/7/2020,Monthly
s45888,Arjun Johnson,43,Other,Germany,8/25/2020,Free
s45889,Riya Sharma,25,Female,Australia,8/16/2020,Monthly
s45890,Zara Clark,46,Female,India,12/28/2022,Monthly
s45891,Noah Hall,23,Female,Australia,7/17/2021,Yearly
s45892,Liam Smith,18,Other,UK,9/20/2022,Free
s45893,Eva Verma,40,Female,UK,7/16/2021,Monthly
s45894,Arjun Davis,19,Female,India,10/25/2022,Yearly
s45895,Vihaan Smith,24,Other,Germany,11/27/2019,Monthly
s45896,Ethan Brown,19,Female,India,8/4/2021,Free
s45897,Mia Clark,25,Other,India,6/18/2022,Free
s45898,Ethan Singh,45,Other,Australia,10/21/2019,Monthly
s45899,Meera Moore,18,Other,India,7/1/2022,Yearly
s45900,Aarav Moore,24,Female,Australia,10/27/2020,Yearly
s45901,Emma Miller,59,Female,Germany,7/1/2020,Free
s45902,Aarav Taylor,26,Other,USA,1/20/2019,Yearly
s45903,Aarav Davis,43,Other,India,10/18/2019,Monthly
s45904,Liam Anderson,22,Male,Germany,8/11/2019,Monthly
s45905,Vihaan Johnson,19,Female,USA,12/25/2021,Free
s45906,Mia Smith,47,Other,Canada,9/11/2019,Yearly
s45907,Ethan Davis,23,Female,USA,3/3/2019,Free
s45908,Liam Patel,24,Other,UK,3/10/2020,Monthly
s45909,Ethan Brown,20,Other,Germany,1/22/2021,Free
s45910,Amelia Hall,23,Other,Germany,12/12/2020,Free
s45911,Aarav Sharma,26,Male,India,7/15/2022,Monthly
s45912,Liam Hall,26,Other,Germany,10/20/2022,Free
s45913,Mia Brown,26,Other,Canada,7/24/2019,Free
s45914,Noah Anderson,21,Female,Germany,4/2/2022,Free
s45915,Mia Johnson,26,Male,Canada,7/25/2021,Monthly
s45916,Aarav Singh,57,Male,Canada,3/30/2019,Free
s45917,Karan Verma,29,Female,UK,4/23/2022,Free
s45918,Karan Taylor,20,Female,Australia,12/4/2020,Yearly
s45919,Olivia Clark,23,Female,USA,2/28/2021,Free
s45920,Riya Anderson,31,Other,Canada,9/11/2020,Yearly
s45921,Mia Thomas,27,Male,Germany,5/4/2020,Monthly
s45922,Olivia Clark,32,Female,Canada,11/11/2021,Free
s45923,Emma Brown,65,Male,Germany,4/17/2022,Yearly
s45924,Mia Lewis,41,Male,USA,1/23/2020,Monthly
s45925,Karan Sharma,26,Male,Canada,8/30/2020,Monthly
s45926,Sophia Walker,23,Female,India,11/11/2020,Free
s45927,Olivia Thomas,37,Other,India,6/9/2019,Yearly
s45928,Ethan Smith,29,Female,Canada,2/11/2019,Yearly
s45929,Riya Verma,25,Male,USA,7/19/2020,Free
s45930,Zara Patel,34,Female,USA,11/15/2020,Monthly
s45931,Arjun Brown,20,Other,India,6/26/2020,Monthly
s45932,Sophia Singh,22,Male,UK,3/3/2020,Free
s45933,Ethan Brown,18,Other,India,3/12/2019,Free
s45934,Arjun Davis,34,Male,Canada,11/21/2019,Monthly
s45935,Riya Thomas,25,Male,Australia,5/16/2022,Monthly
s45936,Karan Lee,37,Female,Germany,4/19/2020,Monthly
s45937,Meera Brown,36,Female,Australia,6/9/2019,Free
s45938,Lucas Singh,23,Other,UK,6/4/2020,Yearly
s45939,Aarav Lewis,27,Female,UK,7/19/2022,Yearly
s45940,Liam Singh,44,Male,UK,9/8/2022,Monthly
s45941,Benjamin Miller,48,Female,Australia,1/4/2019,Yearly
s45942,Olivia Taylor,32,Female,USA,4/1/2019,Yearly
s45943,Isabella Clark,24,Male,India,3/25/2021,Monthly
s45944,Liam Clark,29,Other,Canada,1/18/2022,Yearly
s45945,Arjun Lee,19,Male,USA,9/24/2022,Monthly
s45946,Meera Sharma,35,Other,Canada,5/3/2021,Free
s45947,Arjun Sharma,32,Female,Australia,9/14/2019,Free
s45948,Eva Lewis,19,Male,India,5/5/2019,Free
s45949,Karan Clark,23,Male,USA,4/17/2022,Yearly
s45950,Amelia Miller,21,Male,UK,6/19/2021,Yearly
s45951,Meera Johnson,45,Female,Australia,11/13/2021,Free
s45952,Isabella Clark,39,Other,Canada,3/3/2021,Yearly
s45953,Riya Davis,46,Male,USA,9/10/2019,Monthly
s45954,Emma Patel,27,Other,India,2/28/2020,Yearly
s45955,Aanya Thomas,45,Other,Germany,6/4/2022,Free
s45956,Zara Singh,49,Female,India,3/31/2019,Free
s45957,Riya Davis,29,Male,India,3/16/2020,Yearly
s45958,Sophia Moore,18,Female,UK,12/18/2021,Monthly
s45959,Noah Sharma,34,Male,India,10/21/2020,Free
s45960,Sophia Moore,26,Female,Canada,5/27/2022,Monthly
s45961,Aanya Verma,44,Male,Canada,7/3/2020,Yearly
s45962,Liam Lee,26,Other,USA,11/5/2020,Free
s45963,Mia Singh,43,Other,Germany,10/24/2020,Monthly
s45964,Liam Martin,52,Other,Germany,10/16/2020,Yearly
s45965,Vihaan Taylor,21,Other,India,3/13/2019,Monthly
s45966,Zara Clark,26,Male,Canada,8/2/2022,Monthly
s45967,Eva Johnson,19,Other,Canada,11/12/2019,Yearly
s45968,Isabella Verma,39,Male,UK,2/6/2021,Monthly
s45969,Lucas Davis,36,Male,USA,2/15/2019,Free
s45970,Noah Wilson,37,Other,USA,10/29/2022,Free
s45971,Eva Taylor,20,Other,India,5/13/2019,Monthly
s45972,Amelia Wilson,25,Female,Canada,4/22/2022,Yearly
s45973,Emma Sharma,22,Other,India,5/20/2022,Monthly
s45974,Karan Anderson,20,Male,UK,5/5/2020,Monthly
s45975,Emma Sharma,20,Male,Germany,6/7/2019,Free
s45976,Karan Sharma,25,Other,India,6/2/2019,Yearly
s45977,Aanya Moore,39,Other,Germany,4/21/2020,Monthly
s45978,Zara Walker,23,Other,Canada,12/14/2019,Yearly
s45979,Eva Thomas,33,Other,Canada,9/3/2021,Free
s45980,Eva Lewis,24,Female,UK,2/17/2020,Free
s45981,Emma Clark,21,Male,USA,10/9/2021,Monthly
s45982,Liam Anderson,23,Other,India,1/16/2020,Monthly
s45983,Ethan Patel,22,Male,India,3/2/2022,Monthly
s45984,Sophia Martin,26,Other,Australia,7/15/2021,Yearly
s45985,Aanya Davis,26,Other,UK,3/30/2021,Yearly
s45986,Liam Anderson,34,Female,Canada,12/9/2021,Free
s45987,Isabella Davis,26,Other,UK,10/8/2020,Yearly
s45988,Vihaan Sharma,33,Female,UK,12/21/2020,Free
s45989,Aanya Singh,45,Female,Canada,1/25/2020,Monthly
s45990,Aarav Johnson,47,Male,UK,2/27/2022,Yearly
s45991,Amelia Thomas,36,Female,Australia,12/8/2020,Free
s45992,Riya Sharma,26,Other,Australia,9/6/2019,Free
s45993,Sophia Martin,19,Female,Australia,9/25/2021,Monthly
s45994,Isabella Martin,52,Other,Germany,4/7/2022,Yearly
s45995,Aarav Taylor,41,Other,Canada,7/15/2022,Free
s45996,Mia Clark,34,Male,Australia,4/28/2019,Free
s45997,Benjamin Davis,23,Other,Canada,5/26/2019,Yearly
s45998,Karan Taylor,54,Other,USA,4/30/2022,Free
s45999,Aarav Sharma,43,Female,Canada,1/24/2021,Monthly
s46000,Amelia Taylor,19,Other,USA,10/2/2022,Monthly
s46001,Aarav Clark,25,Male,Australia,2/5/2019,Yearly
s46002,Vihaan Verma,20,Other,India,12/6/2019,Free
s46003,Isabella Thomas,39,Male,India,6/11/2019,Yearly
s46004,Arjun Patel,34,Male,UK,5/14/2019,Monthly
s46005,Amelia Patel,25,Male,USA,6/17/2019,Free
s46006,Olivia Singh,23,Other,Australia,9/8/2020,Yearly
s46007,Sophia Davis,34,Male,India,4/14/2022,Monthly
s46008,Liam Lee,20,Other,India,3/6/2019,Yearly
s46009,Liam Walker,47,Female,UK,11/18/2021,Yearly
s46010,Liam Johnson,19,Male,Australia,4/5/2021,Monthly
s46011,Vihaan Taylor,24,Female,USA,1/22/2021,Free
s46012,Zara Patel,41,Other,Canada,10/4/2020,Yearly
s46013,Aanya Clark,67,Male,Canada,10/29/2022,Free
s46014,Meera Hall,21,Male,USA,6/3/2022,Yearly
s46015,Ethan Davis,18,Other,Canada,11/13/2021,Monthly
s46016,Meera Singh,18,Female,Germany,9/14/2021,Free
s46017,Benjamin Thomas,25,Male,Australia,10/17/2022,Yearly
s46018,Meera Miller,60,Female,UK,9/29/2022,Monthly
s46019,Aanya Lee,47,Other,Australia,3/22/2021,Free
s46020,Sophia Anderson,20,Male,USA,2/1/2019,Free
s46021,Zara Clark,22,Female,UK,12/5/2020,Free
s46022,Sophia Moore,22,Other,Australia,3/16/2022,Monthly
s46023,Noah Lee,58,Other,India,10/30/2019,Free
s46024,Aarav Verma,19,Male,UK,5/12/2021,Free
s46025,Aarav Smith,47,Other,Australia,10/28/2019,Yearly
s46026,Arjun Lewis,25,Female,Germany,3/16/2022,Monthly
s46027,Aanya Miller,19,Male,Germany,3/7/2019,Yearly
s46028,Eva Taylor,22,Male,USA,3/13/2021,Yearly
s46029,Lucas Lee,60,Female,Canada,1/27/2022,Yearly
s46030,Aanya Martin,52,Other,India,1/20/2019,Free
s46031,Ethan Smith,24,Female,USA,3/10/2022,Yearly
s46032,Arjun Johnson,18,Male,Germany,7/17/2019,Free
s46033,Lucas Lee,27,Male,Germany,10/27/2020,Monthly
s46034,Benjamin Anderson,24,Female,India,5/3/2019,Free
s46035,Benjamin Anderson,40,Other,Canada,6/18/2020,Yearly
s46036,Olivia Thomas,21,Other,India,1/17/2019,Yearly
s46037,Mia Sharma,21,Other,Australia,2/10/2020,Monthly
s46038,Aarav Taylor,24,Female,USA,3/8/2021,Monthly
s46039,Olivia Sharma,23,Other,Germany,12/24/2021,Monthly
s46040,Noah Patel,27,Other,UK,4/8/2022,Free
s46041,Noah Wilson,22,Female,India,4/5/2020,Yearly
s46042,Isabella Clark,24,Male,Germany,1/28/2022,Free
s46043,Noah Wilson,25,Other,UK,2/26/2019,Monthly
s46044,Olivia Taylor,18,Female,UK,10/2/2020,Monthly
s46045,Aanya Johnson,23,Female,UK,12/8/2020,Free
s46046,Isabella Johnson,19,Female,Germany,4/4/2022,Yearly
s46047,Karan Wilson,22,Male,Australia,11/19/2020,Free
s46048,Arjun Martin,20,Other,India,10/12/2021,Monthly
s46049,Karan Patel,45,Other,Germany,4/27/2022,Free
s46050,Noah Singh,26,Female,Australia,4/29/2019,Yearly
s46051,Amelia Davis,18,Male,Canada,6/15/2020,Yearly
s46052,Mia Walker,66,Female,UK,8/15/2021,Monthly
s46053,Liam Lee,23,Female,UK,1/25/2021,Yearly
s46054,Mia Clark,27,Other,UK,1/15/2019,Monthly
s46055,Sophia Patel,34,Male,USA,6/7/2022,Monthly
s46056,Emma Walker,22,Male,Canada,1/14/2020,Free
s46057,Mia Walker,26,Other,Germany,5/21/2020,Monthly
s46058,Ethan Johnson,42,Female,Canada,4/14/2019,Monthly
s46059,Meera Martin,42,Female,Germany,11/22/2022,Yearly
s46060,Meera Moore,51,Female,Australia,7/28/2020,Monthly
s46061,Amelia Davis,20,Male,Australia,2/18/2022,Yearly
s46062,Meera Martin,27,Other,USA,9/14/2020,Yearly
s46063,Riya Johnson,28,Female,Canada,1/24/2019,Free
s46064,Aarav Walker,21,Female,UK,6/24/2021,Free
s46065,Karan Anderson,38,Other,Australia,11/5/2020,Free
s46066,Vihaan Anderson,43,Male,Australia,2/21/2021,Free
s46067,Ethan Walker,40,Female,Germany,5/4/2019,Monthly
s46068,Lucas Patel,27,Other,India,11/14/2021,Monthly
s46069,Sophia Singh,25,Female,Canada,5/19/2022,Monthly
s46070,Sophia Singh,24,Other,Australia,5/15/2020,Yearly
s46071,Vihaan Lewis,20,Female,USA,7/26/2019,Yearly
s46072,Amelia Johnson,24,Male,USA,5/25/2020,Yearly
s46073,Riya Patel,26,Male,Australia,8/27/2022,Yearly
s46074,Lucas Taylor,67,Male,UK,9/20/2021,Monthly
s46075,Emma Walker,59,Male,India,4/27/2019,Free
s46076,Noah Martin,19,Female,India,2/26/2019,Yearly
s46077,Isabella Patel,21,Male,Australia,1/3/2021,Monthly
s46078,Zara Taylor,27,Female,UK,10/18/2022,Monthly
s46079,Liam Thomas,26,Other,Canada,6/24/2021,Free
s46080,Amelia Singh,42,Male,Australia,3/16/2021,Free
s46081,Isabella Lee,49,Female,Australia,9/4/2019,Free
s46082,Meera Lewis,25,Other,Canada,2/7/2022,Yearly
s46083,Aanya Moore,22,Other,Canada,4/7/2022,Yearly
s46084,Riya Johnson,31,Female,Germany,1/15/2019,Free
s46085,Karan Martin,19,Other,Germany,4/12/2021,Free
s46086,Noah Clark,29,Female,Australia,7/17/2021,Yearly
s46087,Benjamin Lewis,65,Other,UK,10/25/2022,Yearly
s46088,Isabella Brown,18,Male,Germany,4/16/2021,Monthly
s46089,Amelia Hall,27,Female,India,12/6/2022,Yearly
s46090,Meera Patel,55,Other,Germany,1/11/2019,Yearly
s46091,Zara Anderson,28,Male,USA,1/1/2021,Free
s46092,Riya Wilson,41,Male,Canada,6/6/2019,Free
s46093,Benjamin Smith,28,Other,Australia,2/6/2021,Yearly
s46094,Emma Sharma,19,Female,Germany,1/7/2020,Monthly
s46095,Riya Smith,20,Other,UK,12/28/2019,Yearly
s46096,Karan Verma,39,Male,India,2/12/2019,Yearly
s46097,Olivia Wilson,26,Female,India,7/12/2020,Free
s46098,Meera Thomas,48,Other,India,5/12/2019,Free
s46099,Isabella Anderson,58,Male,Canada,12/22/2020,Monthly
s46100,Amelia Patel,18,Other,Germany,1/26/2020,Monthly
s46101,Ethan Anderson,23,Other,UK,3/10/2021,Monthly
s46102,Emma Moore,39,Other,Germany,11/22/2020,Yearly
s46103,Emma Moore,26,Other,Canada,6/15/2022,Free
s46104,Benjamin Davis,34,Male,Australia,4/13/2020,Monthly
s46105,Benjamin Moore,30,Female,USA,6/8/2019,Yearly
s46106,Karan Thomas,19,Male,India,6/24/2022,Free
s46107,Arjun Moore,54,Male,India,4/13/2021,Free
s46108,Vihaan Davis,18,Other,Australia,4/22/2022,Monthly
s46109,Aarav Hall,27,Female,UK,10/17/2020,Free
s46110,Vihaan Davis,31,Other,Germany,3/7/2019,Monthly
s46111,Amelia Clark,41,Other,UK,9/10/2022,Free
s46112,Zara Singh,37,Other,USA,7/16/2022,Yearly
s46113,Riya Johnson,22,Other,USA,12/29/2019,Monthly
s46114,Aanya Walker,31,Female,India,11/20/2021,Free
s46115,Lucas Martin,25,Female,USA,3/20/2022,Yearly
s46116,Meera Walker,64,Female,USA,1/29/2022,Free
s46117,Aanya Lee,20,Male,Canada,12/24/2019,Monthly
s46118,Mia Verma,26,Other,Australia,10/14/2022,Yearly
s46119,Isabella Anderson,24,Male,Canada,11/14/2021,Yearly
s46120,Emma Verma,29,Female,UK,9/2/2020,Free
s46121,Arjun Sharma,18,Male,USA,2/26/2019,Monthly
s46122,Olivia Sharma,28,Male,Australia,3/22/2020,Yearly
s46123,Arjun Thomas,38,Female,USA,7/29/2019,Monthly
s46124,Eva Hall,18,Female,Australia,11/30/2022,Yearly
s46125,Ethan Verma,20,Other,UK,11/3/2021,Yearly
s46126,Eva Lewis,56,Female,Germany,11/25/2019,Yearly
s46127,Olivia Moore,43,Other,Australia,2/5/2022,Yearly
s46128,Arjun Thomas,37,Other,USA,8/2/2022,Yearly
s46129,Vihaan Davis,25,Female,India,1/7/2021,Monthly
s46130,Noah Martin,65,Female,Germany,10/11/2022,Monthly
s46131,Ethan Moore,23,Other,UK,7/26/2020,Monthly
s46132,Vihaan Thomas,43,Other,UK,11/7/2022,Free
s46133,Arjun Wilson,19,Female,India,9/4/2021,Monthly
s46134,Isabella Wilson,33,Female,India,9/20/2020,Yearly
s46135,Ethan Moore,19,Male,Australia,4/15/2021,Free
s46136,Riya Walker,27,Male,India,6/26/2020,Yearly
s46137,Aanya Lewis,21,Female,India,2/25/2019,Free
s46138,Karan Verma,35,Female,Germany,4/29/2019,Yearly
s46139,Isabella Davis,20,Male,India,6/14/2022,Free
s46140,Liam Clark,26,Other,Germany,12/14/2022,Monthly
s46141,Amelia Singh,48,Male,Canada,7/2/2022,Free
s46142,Olivia Patel,43,Female,UK,8/1/2021,Monthly
s46143,Noah Wilson,23,Female,Germany,1/11/2021,Monthly
s46144,Aanya Hall,37,Male,UK,6/10/2022,Free
s46145,Lucas Walker,26,Other,UK,7/4/2020,Free
s46146,Lucas Davis,38,Other,Germany,8/18/2021,Free
s46147,Vihaan Smith,63,Male,USA,7/23/2020,Yearly
s46148,Eva Davis,20,Female,India,9/24/2020,Free
s46149,Noah Lee,36,Male,Canada,8/26/2019,Monthly
s46150,Aarav Walker,27,Other,Australia,9/20/2020,Free
s46151,Aanya Hall,24,Female,USA,12/9/2022,Yearly
s46152,Olivia Singh,27,Other,Germany,5/31/2021,Monthly
s46153,Vihaan Brown,19,Male,Germany,6/8/2019,Monthly
s46154,Emma Anderson,22,Female,Canada,11/21/2019,Monthly
s46155,Liam Wilson,20,Female,UK,10/4/2022,Monthly
s46156,Riya Patel,18,Female,Australia,2/7/2019,Monthly
s46157,Liam Brown,21,Female,Canada,3/10/2020,Monthly
s46158,Arjun Davis,25,Other,India,10/6/2020,Free
s46159,Arjun Moore,23,Male,UK,10/4/2019,Yearly
s46160,Arjun Singh,40,Other,India,1/20/2019,Monthly
s46161,Amelia Smith,50,Female,UK,9/25/2022,Free
s46162,Zara Martin,32,Male,UK,8/17/2020,Monthly
s46163,Amelia Sharma,49,Female,India,7/5/2019,Monthly
s46164,Aarav Brown,21,Female,Canada,8/17/2021,Monthly
s46165,Vihaan Brown,42,Female,Australia,1/26/2021,Monthly
s46166,Aarav Clark,35,Other,UK,11/15/2021,Free
s46167,Isabella Wilson,18,Female,India,9/12/2019,Yearly
s46168,Olivia Hall,19,Female,USA,6/11/2019,Monthly
s46169,Arjun Davis,25,Male,Australia,9/21/2022,Free
s46170,Olivia Clark,59,Male,UK,2/26/2021,Free
s46171,Sophia Clark,20,Female,Germany,5/8/2019,Yearly
s46172,Sophia Singh,36,Other,Germany,10/5/2019,Yearly
s46173,Amelia Davis,23,Female,UK,5/24/2020,Monthly
s46174,Isabella Taylor,18,Other,UK,7/30/2022,Yearly
s46175,Sophia Lewis,27,Other,India,4/1/2021,Free
s46176,Arjun Sharma,23,Other,UK,3/4/2020,Free
s46177,Noah Taylor,23,Female,UK,2/21/2022,Monthly
s46178,Noah Verma,36,Other,Germany,1/8/2022,Monthly
s46179,Riya Johnson,19,Female,India,12/23/2022,Free
s46180,Lucas Singh,63,Male,Australia,6/25/2019,Free
s46181,Karan Miller,26,Male,Germany,6/23/2021,Free
s46182,Aarav Thomas,60,Female,Australia,11/2/2019,Yearly
s46183,Sophia Wilson,48,Male,USA,2/20/2021,Yearly
s46184,Amelia Martin,33,Female,India,3/14/2022,Yearly
s46185,Eva Wilson,22,Other,Canada,1/13/2022,Monthly
s46186,Riya Davis,50,Female,Canada,9/25/2019,Yearly
s46187,Vihaan Lewis,62,Male,India,5/15/2020,Yearly
s46188,Ethan Lee,25,Female,Canada,2/5/2019,Yearly
s46189,Vihaan Taylor,25,Female,Germany,6/12/2021,Monthly
s46190,Karan Miller,42,Other,India,1/17/2022,Yearly
s46191,Mia Lewis,21,Female,USA,9/7/2022,Free
s46192,Meera Lewis,55,Female,Australia,5/28/2022,Yearly
s46193,Aarav Wilson,27,Male,Canada,1/27/2022,Free
s46194,Vihaan Johnson,25,Other,India,1/15/2022,Monthly
s46195,Arjun Davis,21,Male,Australia,9/20/2021,Free
s46196,Arjun Lee,20,Female,Germany,5/5/2021,Monthly
s46197,Arjun Lewis,26,Other,India,2/14/2022,Yearly
s46198,Olivia Smith,22,Female,Australia,11/15/2020,Monthly
s46199,Amelia Lewis,18,Other,Australia,5/7/2019,Monthly
s46200,Vihaan Brown,23,Other,Australia,11/3/2020,Monthly
s46201,Aanya Thomas,28,Female,Australia,8/15/2021,Monthly
s46202,Liam Lee,64,Female,Australia,9/5/2021,Free
s46203,Sophia Brown,50,Female,UK,12/30/2022,Free
s46204,Aarav Sharma,26,Other,Germany,1/8/2022,Free
s46205,Ethan Martin,27,Other,USA,8/30/2020,Free
s46206,Ethan Sharma,27,Other,India,3/10/2019,Yearly
s46207,Lucas Martin,21,Female,Canada,7/17/2022,Monthly
s46208,Meera Lee,64,Male,Germany,2/18/2021,Monthly
s46209,Benjamin Johnson,29,Male,India,7/12/2019,Monthly
s46210,Riya Hall,21,Other,India,11/3/2021,Monthly
s46211,Riya Brown,42,Male,UK,7/23/2020,Monthly
s46212,Noah Martin,21,Female,Australia,6/2/2022,Yearly
s46213,Mia Brown,44,Female,Germany,1/8/2022,Monthly
s46214,Olivia Lewis,46,Male,Canada,7/30/2020,Yearly
s46215,Liam Moore,19,Male,UK,7/7/2021,Monthly
s46216,Sophia Patel,27,Other,USA,7/14/2020,Monthly
s46217,Emma Davis,36,Male,USA,9/30/2022,Yearly
s46218,Amelia Martin,23,Female,Canada,1/7/2020,Free
s46219,Emma Anderson,36,Female,USA,3/14/2022,Free
s46220,Meera Patel,29,Other,Germany,3/30/2021,Yearly
s46221,Amelia Wilson,23,Female,UK,9/29/2020,Free
s46222,Olivia Miller,34,Female,Germany,1/6/2020,Monthly
s46223,Vihaan Miller,18,Other,USA,12/3/2019,Monthly
s46224,Noah Taylor,23,Female,USA,8/18/2020,Free
s46225,Noah Clark,39,Other,India,9/4/2020,Free
s46226,Emma Walker,23,Female,India,1/2/2020,Monthly
s46227,Emma Lee,42,Other,Canada,3/3/2019,Monthly
s46228,Aarav Patel,65,Male,Germany,9/5/2019,Free
s46229,Vihaan Wilson,20,Other,UK,6/21/2021,Free
s46230,Aanya Taylor,39,Other,Canada,2/26/2021,Monthly
s46231,Zara Verma,26,Other,UK,11/20/2022,Free
s46232,Arjun Smith,22,Male,Germany,4/16/2020,Monthly
s46233,Ethan Lee,25,Other,Canada,11/14/2021,Monthly
s46234,Olivia Lewis,67,Male,Germany,12/14/2019,Free
s46235,Zara Miller,45,Male,UK,1/8/2019,Monthly
s46236,Karan Clark,20,Other,Canada,11/6/2020,Free
s46237,Vihaan Hall,21,Other,Germany,10/31/2021,Monthly
s46238,Aarav Martin,22,Female,Australia,7/7/2019,Free
s46239,Vihaan Singh,19,Other,UK,4/9/2022,Yearly
s46240,Zara Wilson,20,Male,Canada,11/18/2021,Free
s46241,Riya Johnson,23,Male,UK,5/11/2022,Free
s46242,Meera Clark,31,Other,USA,12/8/2020,Monthly
s46243,Ethan Walker,21,Male,Germany,7/30/2019,Yearly
s46244,Aanya Johnson,43,Female,USA,5/13/2020,Free
s46245,Noah Martin,47,Male,Canada,1/7/2019,Free
s46246,Meera Wilson,67,Other,Australia,4/20/2019,Yearly
s46247,Riya Walker,25,Other,UK,11/18/2021,Monthly
s46248,Isabella Wilson,22,Male,Canada,4/29/2022,Free
s46249,Amelia Lewis,32,Female,USA,5/3/2021,Yearly
s46250,Amelia Walker,19,Other,USA,5/7/2021,Free
s46251,Karan Smith,18,Other,Canada,11/25/2022,Yearly
s46252,Vihaan Wilson,43,Female,Canada,6/5/2020,Monthly
s46253,Karan Walker,42,Female,UK,10/7/2021,Monthly
s46254,Vihaan Miller,20,Other,India,1/24/2019,Yearly
s46255,Isabella Brown,27,Other,Australia,11/23/2020,Monthly
s46256,Zara Verma,44,Female,Germany,12/14/2020,Monthly
s46257,Liam Brown,30,Other,UK,7/5/2020,Yearly
s46258,Vihaan Verma,21,Male,Canada,6/29/2021,Free
s46259,Ethan Lewis,27,Other,UK,10/24/2022,Yearly
s46260,Karan Miller,25,Other,USA,7/8/2020,Monthly
s46261,Karan Johnson,18,Female,India,3/31/2021,Free
s46262,Riya Johnson,27,Female,USA,7/10/2021,Free
s46263,Karan Singh,26,Female,Canada,6/10/2021,Monthly
s46264,Emma Sharma,57,Other,India,3/23/2021,Monthly
s46265,Lucas Walker,20,Other,India,2/13/2022,Free
s46266,Mia Singh,25,Other,Canada,8/17/2022,Free
s46267,Ethan Smith,28,Male,Germany,6/13/2019,Yearly
s46268,Mia Johnson,22,Female,UK,8/13/2022,Monthly
s46269,Aanya Verma,45,Male,Germany,2/9/2020,Yearly
s46270,Emma Sharma,24,Male,India,2/27/2019,Monthly
s46271,Lucas Lee,23,Other,Canada,1/3/2021,Monthly
s46272,Liam Martin,37,Male,USA,9/16/2021,Yearly
s46273,Aanya Johnson,26,Female,Australia,7/22/2021,Yearly
s46274,Ethan Davis,22,Female,Australia,1/5/2019,Monthly
s46275,Lucas Sharma,35,Male,India,4/20/2020,Monthly
s46276,Ethan Anderson,38,Male,India,8/12/2021,Monthly
s46277,Olivia Thomas,20,Female,Germany,6/9/2022,Monthly
s46278,Liam Hall,38,Female,Germany,9/20/2021,Free
s46279,Sophia Brown,35,Female,USA,4/10/2019,Free
s46280,Sophia Lewis,18,Other,USA,10/5/2022,Yearly
s46281,Lucas Anderson,40,Female,USA,6/18/2020,Free
s46282,Zara Davis,30,Female,UK,1/29/2022,Yearly
s46283,Noah Smith,23,Other,Germany,10/26/2020,Yearly
s46284,Riya Lewis,20,Male,India,9/8/2021,Yearly
s46285,Lucas Lee,24,Other,India,4/1/2022,Yearly
s46286,Ethan Walker,66,Other,Canada,8/9/2020,Free
s46287,Emma Johnson,27,Male,USA,12/13/2019,Yearly
s46288,Benjamin Thomas,23,Other,USA,2/26/2022,Monthly
s46289,Aanya Lewis,25,Female,Germany,4/5/2020,Yearly
s46290,Lucas Clark,38,Male,USA,10/6/2019,Monthly
s46291,Arjun Wilson,26,Male,India,7/18/2021,Yearly
s46292,Vihaan Johnson,27,Female,India,10/19/2019,Free
s46293,Ethan Walker,24,Other,India,8/24/2022,Monthly
s46294,Arjun Anderson,24,Male,Germany,7/13/2021,Yearly
s46295,Sophia Hall,57,Female,USA,9/28/2022,Yearly
s46296,Vihaan Taylor,26,Other,India,7/5/2021,Yearly
s46297,Amelia Brown,47,Male,India,5/27/2021,Yearly
s46298,Eva Davis,21,Female,Australia,6/9/2019,Yearly
s46299,Benjamin Smith,20,Other,Canada,2/25/2020,Monthly
s46300,Lucas Taylor,25,Other,UK,6/25/2021,Yearly
s46301,Mia Miller,41,Other,USA,6/14/2019,Monthly
s46302,Mia Walker,27,Other,Canada,5/26/2022,Free
s46303,Eva Patel,18,Other,Australia,6/26/2021,Monthly
s46304,Amelia Taylor,46,Female,USA,7/20/2022,Monthly
s46305,Meera Hall,37,Other,UK,10/25/2021,Monthly
s46306,Sophia Johnson,18,Male,Canada,5/17/2021,Monthly
s46307,Olivia Singh,19,Male,USA,10/21/2021,Yearly
s46308,Benjamin Taylor,44,Female,USA,8/9/2020,Monthly
s46309,Karan Johnson,44,Other,India,2/16/2020,Monthly
s46310,Ethan Anderson,59,Other,UK,10/6/2021,Monthly
s46311,Eva Sharma,43,Female,India,9/22/2020,Monthly
s46312,Emma Lewis,27,Other,Germany,5/19/2022,Free
s46313,Aarav Johnson,36,Female,UK,2/23/2021,Yearly
s46314,Amelia Moore,19,Other,Germany,10/18/2020,Yearly
s46315,Lucas Sharma,19,Other,Australia,8/31/2019,Yearly
s46316,Sophia Martin,50,Other,Australia,6/28/2019,Yearly
s46317,Meera Clark,41,Male,USA,2/3/2022,Yearly
s46318,Mia Davis,23,Female,UK,2/20/2020,Free
s46319,Eva Lewis,25,Male,Canada,5/19/2019,Monthly
s46320,Liam Hall,26,Male,Australia,6/11/2021,Free
s46321,Vihaan Taylor,28,Female,UK,11/15/2022,Monthly
s46322,Aarav Brown,45,Male,UK,12/9/2022,Yearly
s46323,Isabella Walker,20,Female,USA,11/22/2019,Free
s46324,Lucas Lewis,44,Male,USA,12/5/2021,Yearly
s46325,Noah Martin,47,Other,UK,5/19/2021,Free
s46326,Arjun Smith,26,Male,India,1/12/2019,Monthly
s46327,Ethan Walker,37,Female,Canada,11/2/2021,Yearly
s46328,Sophia Moore,65,Male,UK,10/20/2022,Yearly
s46329,Olivia Clark,28,Female,UK,3/4/2021,Free
s46330,Zara Singh,47,Male,Germany,11/4/2021,Monthly
s46331,Ethan Davis,24,Other,Germany,9/30/2019,Monthly
s46332,Noah Taylor,27,Female,India,12/8/2021,Yearly
s46333,Benjamin Thomas,44,Male,India,1/20/2022,Monthly
s46334,Vihaan Clark,26,Female,Australia,7/21/2020,Yearly
s46335,Lucas Brown,44,Male,India,12/5/2021,Monthly
s46336,Mia Walker,25,Male,USA,5/28/2021,Yearly
s46337,Arjun Verma,23,Female,Australia,11/29/2019,Yearly
s46338,Liam Thomas,49,Other,India,9/10/2022,Monthly
s46339,Mia Davis,18,Female,India,6/21/2021,Monthly
s46340,Noah Moore,34,Male,USA,10/27/2020,Free
s46341,Lucas Brown,52,Male,Germany,11/8/2020,Free
s46342,Olivia Moore,52,Other,Germany,7/14/2020,Monthly
s46343,Emma Moore,36,Other,Australia,12/1/2020,Monthly
s46344,Amelia Walker,19,Male,USA,2/13/2019,Yearly
s46345,Olivia Brown,21,Male,USA,6/22/2022,Yearly
s46346,Vihaan Moore,26,Other,USA,6/6/2020,Monthly
s46347,Karan Wilson,21,Other,Canada,9/30/2022,Monthly
s46348,Noah Smith,55,Female,Germany,12/9/2020,Yearly
s46349,Vihaan Lewis,44,Female,UK,9/28/2022,Yearly
s46350,Karan Johnson,22,Female,India,1/21/2021,Yearly
s46351,Aarav Singh,27,Other,India,12/16/2022,Free
s46352,Ethan Clark,29,Female,UK,11/30/2021,Monthly
s46353,Sophia Wilson,42,Female,Germany,4/15/2021,Yearly
s46354,Aanya Singh,22,Other,Canada,8/28/2020,Free
s46355,Eva Moore,20,Male,UK,7/24/2022,Yearly
s46356,Lucas Davis,47,Female,Canada,12/14/2020,Free
s46357,Aanya Thomas,24,Other,UK,8/15/2021,Monthly
s46358,Meera Lee,41,Male,Germany,9/16/2020,Monthly
s46359,Zara Thomas,35,Male,UK,1/17/2020,Free
s46360,Eva Verma,20,Male,Australia,8/14/2019,Free
s46361,Liam Clark,26,Male,Canada,6/26/2019,Free
s46362,Karan Singh,19,Male,UK,4/28/2020,Free
s46363,Zara Taylor,36,Female,Germany,7/10/2020,Yearly
s46364,Ethan Brown,19,Female,India,7/3/2019,Free
s46365,Emma Davis,43,Male,USA,12/5/2021,Yearly
s46366,Isabella Lewis,19,Other,Australia,11/4/2019,Free
s46367,Mia Verma,28,Female,UK,8/12/2021,Free
s46368,Sophia Moore,26,Other,Canada,11/10/2022,Free
s46369,Meera Lewis,25,Female,Germany,4/1/2020,Free
s46370,Karan Davis,47,Female,Germany,2/1/2019,Monthly
s46371,Emma Anderson,41,Female,Germany,2/3/2019,Monthly
s46372,Eva Smith,25,Other,Canada,5/10/2022,Monthly
s46373,Aarav Hall,24,Female,India,3/2/2022,Monthly
s46374,Eva Walker,62,Other,Canada,6/16/2021,Free
s46375,Isabella Moore,25,Female,Canada,10/4/2020,Yearly
s46376,Emma Clark,26,Female,UK,5/28/2020,Monthly
s46377,Riya Thomas,35,Other,Germany,10/13/2022,Yearly
s46378,Emma Clark,24,Female,Germany,11/5/2019,Monthly
s46379,Zara Walker,24,Male,UK,12/24/2019,Free
s46380,Emma Sharma,26,Female,USA,1/17/2019,Free
s46381,Eva Thomas,24,Other,UK,11/1/2021,Monthly
s46382,Olivia Martin,67,Male,UK,1/22/2019,Free
s46383,Olivia Anderson,27,Male,India,7/30/2019,Yearly
s46384,Vihaan Brown,38,Female,Australia,4/17/2022,Free
s46385,Riya Sharma,21,Other,UK,9/10/2019,Free
s46386,Karan Verma,25,Male,India,9/24/2021,Free
s46387,Zara Lee,22,Other,Canada,9/15/2020,Yearly
s46388,Emma Lewis,62,Female,Australia,12/5/2019,Monthly
s46389,Emma Walker,26,Male,India,4/4/2022,Monthly
s46390,Aanya Johnson,22,Other,India,2/15/2021,Free
s46391,Amelia Moore,25,Other,Canada,6/19/2019,Yearly
s46392,Riya Smith,48,Male,Canada,7/5/2020,Free
s46393,Aarav Walker,25,Other,Australia,3/5/2020,Yearly
s46394,Olivia Johnson,50,Female,UK,3/5/2021,Monthly
s46395,Aarav Walker,62,Female,Australia,7/15/2022,Yearly
s46396,Arjun Martin,24,Other,UK,3/28/2021,Monthly
s46397,Zara Martin,24,Other,India,11/12/2020,Monthly
s46398,Aarav Moore,47,Male,Germany,7/4/2019,Free
s46399,Ethan Hall,24,Male,Australia,8/9/2022,Monthly
s46400,Arjun Clark,20,Male,UK,1/27/2020,Yearly
s46401,Riya Smith,46,Other,Germany,5/27/2021,Yearly
s46402,Zara Anderson,39,Female,India,7/16/2019,Monthly
s46403,Zara Brown,23,Male,Germany,5/30/2020,Free
s46404,Amelia Verma,24,Other,India,3/15/2022,Yearly
s46405,Aanya Anderson,20,Male,Canada,8/9/2019,Monthly
s46406,Olivia Hall,23,Female,Canada,2/29/2020,Monthly
s46407,Sophia Martin,21,Other,Germany,8/24/2021,Yearly
s46408,Arjun Walker,61,Male,India,2/27/2021,Yearly
s46409,Liam Walker,24,Male,USA,3/20/2022,Free
s46410,Isabella Taylor,23,Male,USA,9/27/2020,Free
s46411,Arjun Verma,33,Male,Germany,9/25/2022,Yearly
s46412,Benjamin Verma,54,Female,Canada,12/9/2022,Yearly
s46413,Noah Clark,22,Male,Canada,7/26/2022,Yearly
s46414,Benjamin Brown,53,Female,USA,9/17/2022,Monthly
s46415,Riya Walker,23,Male,USA,12/18/2020,Monthly
s46416,Benjamin Clark,23,Other,India,2/4/2021,Monthly
s46417,Riya Patel,25,Other,Canada,6/30/2019,Free
s46418,Zara Lee,56,Other,UK,10/25/2019,Monthly
s46419,Liam Singh,24,Male,Canada,5/29/2022,Free
s46420,Benjamin Smith,26,Male,Germany,5/28/2019,Monthly
s46421,Karan Johnson,41,Female,UK,1/16/2022,Free
s46422,Mia Sharma,45,Other,India,6/28/2022,Monthly
s46423,Lucas Thomas,25,Other,Canada,8/21/2020,Monthly
s46424,Karan Lee,25,Other,Australia,3/31/2022,Free
s46425,Olivia Wilson,24,Male,Germany,3/28/2022,Yearly
s46426,Emma Patel,42,Male,Germany,7/22/2021,Yearly
s46427,Riya Martin,35,Male,UK,10/24/2019,Monthly
s46428,Mia Walker,23,Female,USA,6/29/2021,Free
s46429,Riya Lee,37,Female,Germany,4/21/2022,Free
s46430,Arjun Verma,23,Other,Canada,3/23/2020,Monthly
s46431,Benjamin Walker,39,Other,India,5/2/2021,Free
s46432,Isabella Smith,23,Male,Canada,2/16/2022,Free
s46433,Lucas Walker,26,Male,USA,8/31/2019,Yearly
s46434,Ethan Davis,19,Other,India,10/2/2021,Free
s46435,Olivia Johnson,23,Male,UK,10/24/2022,Yearly
s46436,Olivia Smith,19,Female,Canada,11/6/2021,Monthly
s46437,Riya Moore,21,Other,Australia,12/15/2019,Monthly
s46438,Riya Hall,31,Male,Germany,12/20/2019,Free
s46439,Emma Hall,44,Male,Australia,6/4/2019,Monthly
s46440,Karan Davis,28,Other,Germany,4/13/2020,Monthly
s46441,Isabella Lewis,19,Female,Canada,6/13/2020,Monthly
s46442,Lucas Lee,20,Female,Germany,1/11/2021,Monthly
s46443,Arjun Clark,54,Male,USA,9/6/2019,Yearly
s46444,Amelia Miller,21,Male,India,6/24/2022,Free
s46445,Benjamin Martin,18,Male,Germany,12/16/2019,Yearly
s46446,Isabella Smith,22,Male,Germany,8/7/2021,Monthly
s46447,Sophia Martin,51,Female,Canada,8/8/2020,Yearly
s46448,Sophia Lee,24,Female,India,3/10/2020,Monthly
s46449,Aarav Sharma,25,Male,USA,10/7/2022,Yearly
s46450,Lucas Thomas,32,Female,India,3/6/2019,Yearly
s46451,Ethan Wilson,20,Female,India,3/14/2022,Free
s46452,Emma Davis,33,Male,Canada,10/18/2021,Free
s46453,Arjun Martin,20,Other,UK,6/7/2019,Free
s46454,Olivia Singh,29,Male,USA,1/3/2020,Monthly
s46455,Sophia Thomas,21,Other,India,8/28/2021,Yearly
s46456,Ethan Walker,63,Female,Australia,8/26/2022,Monthly
s46457,Vihaan Singh,23,Other,Germany,8/13/2021,Monthly
s46458,Aanya Verma,22,Male,India,2/12/2019,Monthly
s46459,Amelia Walker,26,Male,Germany,5/1/2021,Monthly
s46460,Lucas Moore,29,Male,Australia,1/23/2019,Free
s46461,Noah Clark,25,Other,Canada,1/15/2022,Monthly
s46462,Emma Johnson,29,Female,Canada,8/9/2019,Monthly
s46463,Ethan Moore,18,Other,USA,5/21/2022,Free
s46464,Benjamin Hall,26,Other,Canada,7/16/2021,Yearly
s46465,Aanya Clark,27,Female,USA,10/31/2022,Monthly
s46466,Aanya Moore,23,Other,Canada,9/25/2020,Free
s46467,Meera Brown,26,Male,Germany,4/6/2020,Monthly
s46468,Arjun Brown,21,Other,Australia,9/23/2020,Monthly
s46469,Eva Anderson,27,Male,USA,9/5/2020,Free
s46470,Lucas Moore,24,Other,Australia,7/21/2022,Yearly
s46471,Meera Singh,23,Other,India,5/22/2022,Free
s46472,Emma Moore,25,Other,Australia,1/1/2022,Free
s46473,Noah Lewis,44,Male,Canada,2/3/2021,Monthly
s46474,Aarav Moore,20,Female,India,1/20/2019,Free
s46475,Eva Moore,20,Female,Australia,4/16/2020,Yearly
s46476,Lucas Singh,27,Female,USA,3/22/2021,Free
s46477,Olivia Thomas,21,Other,Australia,5/16/2022,Yearly
s46478,Noah Johnson,31,Female,USA,8/3/2020,Yearly
s46479,Emma Walker,34,Male,Australia,8/24/2021,Free
s46480,Vihaan Singh,20,Male,Germany,8/28/2021,Yearly
s46481,Meera Anderson,23,Male,UK,1/2/2022,Monthly
s46482,Lucas Thomas,24,Female,USA,9/19/2021,Yearly
s46483,Aanya Sharma,30,Other,Germany,6/22/2022,Yearly
s46484,Eva Lee,43,Male,Canada,10/23/2022,Yearly
s46485,Noah Lewis,18,Female,UK,3/15/2021,Yearly
s46486,Aanya Clark,57,Female,Canada,3/18/2019,Free
s46487,Riya Lee,32,Male,Germany,2/8/2019,Yearly
s46488,Ethan Patel,21,Male,USA,4/29/2020,Monthly
s46489,Lucas Verma,39,Male,USA,1/13/2020,Yearly
s46490,Vihaan Smith,22,Other,USA,8/24/2019,Monthly
s46491,Benjamin Thomas,19,Male,USA,7/20/2022,Yearly
s46492,Aarav Smith,30,Male,Germany,11/29/2021,Free
s46493,Mia Patel,21,Other,Germany,11/27/2019,Yearly
s46494,Zara Patel,63,Male,Germany,8/13/2019,Yearly
s46495,Arjun Singh,18,Female,Australia,5/28/2021,Monthly
s46496,Aanya Patel,25,Other,UK,12/24/2020,Free
s46497,Aarav Johnson,41,Female,Germany,11/15/2019,Free
s46498,Eva Johnson,53,Other,India,6/9/2022,Monthly
s46499,Lucas Lewis,19,Other,India,3/7/2020,Free
s46500,Mia Singh,21,Female,Canada,5/28/2021,Free
s46501,Sophia Verma,19,Female,USA,4/21/2019,Yearly
s46502,Aarav Smith,43,Other,Canada,2/5/2019,Yearly
s46503,Aanya Miller,24,Female,Canada,5/26/2022,Free
s46504,Zara Singh,51,Female,UK,10/24/2020,Yearly
s46505,Riya Brown,46,Female,UK,3/5/2020,Yearly
s46506,Karan Smith,24,Female,USA,6/16/2020,Free
s46507,Riya Walker,23,Male,Australia,10/13/2022,Monthly
s46508,Sophia Patel,26,Female,Canada,3/2/2019,Yearly
s46509,Sophia Miller,63,Female,Australia,5/11/2020,Yearly
s46510,Arjun Walker,24,Male,Australia,12/4/2020,Yearly
s46511,Eva Anderson,23,Other,India,6/14/2020,Monthly
s46512,Mia Smith,27,Male,Australia,7/15/2019,Yearly
s46513,Aanya Taylor,33,Female,India,9/17/2020,Yearly
s46514,Riya Hall,23,Other,India,1/26/2019,Free
s46515,Mia Johnson,26,Female,Canada,6/15/2019,Yearly
s46516,Olivia Wilson,54,Female,USA,3/22/2020,Free
s46517,Noah Sharma,20,Male,Germany,7/28/2021,Yearly
s46518,Riya Davis,31,Female,Canada,1/5/2022,Monthly
s46519,Ethan Moore,22,Female,India,7/31/2022,Monthly
s46520,Benjamin Miller,22,Male,India,3/27/2019,Yearly
s46521,Liam Smith,52,Female,UK,1/14/2020,Monthly
s46522,Liam Verma,27,Male,UK,3/10/2021,Yearly
s46523,Olivia Anderson,43,Female,USA,2/22/2020,Monthly
s46524,Emma Verma,28,Male,India,9/2/2021,Yearly
s46525,Aarav Johnson,34,Other,Australia,11/5/2019,Monthly
s46526,Benjamin Thomas,19,Other,Germany,3/25/2022,Free
s46527,Isabella Smith,40,Male,Canada,7/28/2019,Free
s46528,Karan Martin,19,Male,USA,5/14/2021,Yearly
s46529,Vihaan Sharma,31,Male,Germany,12/21/2020,Free
s46530,Eva Miller,32,Other,Canada,3/6/2022,Monthly
s46531,Meera Walker,54,Male,Australia,9/27/2021,Monthly
s46532,Aarav Wilson,22,Other,UK,1/19/2020,Monthly
s46533,Emma Walker,20,Female,Australia,5/14/2019,Free
s46534,Ethan Clark,43,Female,Canada,10/20/2020,Free
s46535,Mia Thomas,26,Other,USA,6/6/2021,Yearly
s46536,Mia Wilson,23,Male,India,8/23/2022,Yearly
s46537,Isabella Taylor,38,Male,Australia,11/19/2020,Yearly
s46538,Eva Miller,27,Male,India,8/11/2019,Yearly
s46539,Meera Taylor,41,Male,UK,6/12/2019,Monthly
s46540,Liam Verma,46,Other,UK,6/10/2020,Free
s46541,Noah Martin,33,Female,Canada,6/9/2020,Yearly
s46542,Eva Singh,20,Female,USA,8/25/2019,Yearly
s46543,Emma Singh,26,Other,UK,4/30/2019,Free
s46544,Liam Lee,42,Male,USA,3/4/2019,Monthly
s46545,Zara Smith,27,Male,USA,11/26/2020,Yearly
s46546,Arjun Clark,39,Other,USA,2/5/2019,Yearly
s46547,Sophia Singh,52,Other,UK,12/11/2021,Free
s46548,Isabella Taylor,25,Male,India,4/24/2019,Free
s46549,Mia Taylor,18,Other,Australia,10/18/2020,Free
s46550,Vihaan Smith,18,Other,Canada,11/5/2019,Yearly
s46551,Vihaan Smith,20,Other,UK,6/18/2019,Free
s46552,Emma Clark,23,Female,UK,11/19/2022,Yearly
s46553,Karan Taylor,18,Female,Germany,2/4/2019,Monthly
s46554,Noah Hall,32,Female,India,3/29/2020,Yearly
s46555,Liam Moore,22,Other,UK,8/21/2022,Monthly
s46556,Isabella Anderson,36,Other,USA,7/13/2020,Monthly
s46557,Benjamin Lee,26,Male,Germany,12/12/2019,Yearly
s46558,Vihaan Smith,39,Other,India,8/7/2019,Free
s46559,Liam Walker,31,Male,Canada,3/29/2020,Free
s46560,Isabella Thomas,21,Male,USA,4/8/2020,Yearly
s46561,Mia Walker,37,Male,Germany,7/18/2022,Yearly
s46562,Mia Walker,42,Male,USA,11/2/2021,Yearly
s46563,Isabella Davis,25,Other,USA,7/9/2020,Free
s46564,Emma Thomas,26,Other,UK,11/5/2021,Free
s46565,Benjamin Lewis,18,Other,Germany,5/22/2019,Free
s46566,Aarav Lee,37,Female,Canada,6/26/2020,Monthly
s46567,Zara Patel,25,Other,Australia,3/24/2019,Free
s46568,Emma Wilson,23,Other,India,6/13/2022,Yearly
s46569,Emma Moore,22,Other,Germany,4/4/2020,Free
s46570,Vihaan Patel,20,Male,USA,12/27/2020,Yearly
s46571,Liam Smith,35,Female,India,6/29/2019,Monthly
s46572,Lucas Johnson,45,Male,Canada,5/15/2021,Monthly
s46573,Olivia Johnson,39,Male,India,10/13/2021,Yearly
s46574,Eva Taylor,39,Female,Germany,6/15/2020,Yearly
s46575,Meera Lewis,47,Other,Australia,8/4/2022,Monthly
s46576,Emma Lee,33,Male,Canada,1/6/2020,Free
s46577,Ethan Singh,25,Male,Canada,12/27/2020,Monthly
s46578,Noah Lewis,42,Female,Germany,4/8/2022,Monthly
s46579,Isabella Singh,26,Female,Australia,5/24/2019,Yearly
s46580,Olivia Miller,20,Other,Australia,12/3/2020,Yearly
s46581,Zara Patel,32,Male,Germany,12/13/2022,Free
s46582,Benjamin Martin,45,Male,Australia,9/23/2020,Free
s46583,Meera Lee,19,Male,India,4/16/2021,Free
s46584,Karan Taylor,32,Male,Canada,12/15/2020,Monthly
s46585,Meera Smith,26,Female,Australia,8/25/2022,Monthly
s46586,Eva Walker,40,Male,Germany,3/30/2019,Monthly
s46587,Olivia Sharma,19,Male,Australia,2/22/2022,Free
s46588,Aarav Lee,60,Female,USA,1/1/2020,Free
s46589,Aarav Verma,43,Female,Australia,3/7/2020,Free
s46590,Benjamin Clark,31,Female,Australia,2/6/2019,Monthly
s46591,Lucas Sharma,18,Other,Australia,12/25/2020,Monthly
s46592,Isabella Verma,21,Male,USA,7/24/2021,Monthly
s46593,Lucas Moore,27,Male,USA,12/15/2019,Monthly
s46594,Sophia Smith,46,Other,Canada,5/2/2019,Monthly
s46595,Sophia Taylor,19,Other,UK,12/14/2019,Free
s46596,Emma Patel,26,Male,India,11/6/2021,Free
s46597,Riya Hall,20,Female,Australia,1/19/2021,Yearly
s46598,Karan Sharma,20,Female,USA,11/2/2022,Yearly
s46599,Benjamin Verma,37,Other,UK,7/22/2022,Free
s46600,Ethan Smith,23,Other,Australia,1/30/2020,Yearly
s46601,Zara Thomas,23,Other,Australia,10/30/2022,Free
s46602,Lucas Anderson,27,Other,Australia,9/8/2019,Monthly
s46603,Meera Patel,24,Male,Australia,5/1/2020,Monthly
s46604,Riya Taylor,39,Female,UK,9/29/2020,Monthly
s46605,Mia Brown,53,Other,UK,7/24/2019,Monthly
s46606,Sophia Thomas,20,Other,India,5/21/2021,Free
s46607,Arjun Hall,41,Female,India,1/26/2021,Free
s46608,Vihaan Clark,20,Female,USA,10/25/2019,Monthly
s46609,Aarav Smith,55,Female,Germany,11/23/2021,Yearly
s46610,Karan Lee,62,Female,India,12/4/2020,Yearly
s46611,Amelia Martin,27,Male,USA,3/2/2022,Yearly
s46612,Amelia Davis,34,Other,UK,6/6/2019,Yearly
s46613,Liam Lee,65,Female,India,5/30/2022,Yearly
s46614,Vihaan Sharma,23,Other,UK,8/25/2021,Yearly
s46615,Vihaan Thomas,22,Male,Canada,12/19/2021,Yearly
s46616,Karan Verma,39,Male,USA,7/23/2022,Monthly
s46617,Benjamin Johnson,18,Other,Germany,4/28/2021,Monthly
s46618,Aanya Davis,23,Other,Australia,4/7/2021,Monthly
s46619,Eva Moore,24,Male,UK,5/21/2019,Free
s46620,Benjamin Sharma,27,Other,India,2/3/2019,Monthly
s46621,Noah Thomas,18,Other,Canada,11/12/2019,Yearly
s46622,Amelia Verma,23,Female,USA,10/15/2020,Free
s46623,Riya Singh,37,Male,Canada,7/3/2020,Monthly
s46624,Riya Lee,18,Female,Australia,11/11/2020,Monthly
s46625,Aanya Lee,19,Other,Australia,12/23/2021,Yearly
s46626,Zara Taylor,25,Female,Germany,1/29/2020,Yearly
s46627,Vihaan Taylor,39,Other,Germany,10/5/2021,Monthly
s46628,Lucas Patel,26,Other,Canada,6/27/2019,Yearly
s46629,Aanya Smith,25,Male,Canada,6/22/2021,Monthly
s46630,Aanya Patel,42,Male,USA,12/8/2019,Monthly
s46631,Noah Martin,35,Female,Canada,7/10/2022,Monthly
s46632,Noah Clark,30,Male,India,9/4/2022,Monthly
s46633,Aanya Johnson,21,Other,USA,7/9/2022,Yearly
s46634,Lucas Taylor,19,Other,USA,11/15/2019,Free
s46635,Liam Sharma,27,Female,Australia,6/7/2021,Yearly
s46636,Vihaan Martin,35,Female,UK,7/11/2022,Monthly
s46637,Sophia Wilson,23,Female,Germany,6/3/2020,Free
s46638,Riya Clark,20,Male,Australia,7/2/2022,Yearly
s46639,Aanya Hall,22,Female,Australia,11/17/2022,Monthly
s46640,Riya Verma,27,Female,USA,7/14/2021,Yearly
s46641,Emma Moore,34,Other,India,5/31/2019,Free
s46642,Liam Davis,26,Female,Germany,8/8/2020,Monthly
s46643,Arjun Lee,41,Female,UK,3/20/2021,Monthly
s46644,Lucas Wilson,31,Other,Germany,5/20/2020,Monthly
s46645,Isabella Clark,18,Other,Canada,9/18/2019,Free
s46646,Eva Taylor,22,Male,Australia,7/5/2021,Monthly
s46647,Aarav Clark,18,Other,Canada,9/17/2022,Yearly
s46648,Karan Johnson,47,Female,Germany,11/30/2021,Yearly
s46649,Lucas Lewis,23,Female,USA,1/1/2019,Free
s46650,Karan Taylor,39,Male,Canada,9/30/2022,Monthly
s46651,Sophia Johnson,35,Female,Germany,5/4/2020,Free
s46652,Noah Johnson,20,Male,Canada,10/11/2022,Yearly
s46653,Eva Taylor,50,Other,UK,11/25/2020,Free
s46654,Arjun Anderson,25,Female,Canada,5/10/2021,Free
s46655,Aarav Thomas,40,Other,Canada,8/26/2021,Yearly
s46656,Arjun Patel,25,Other,Germany,2/5/2019,Yearly
s46657,Noah Lee,35,Male,UK,12/20/2020,Monthly
s46658,Arjun Sharma,50,Male,Canada,5/29/2020,Yearly
s46659,Olivia Hall,18,Male,Canada,6/9/2021,Free
s46660,Meera Taylor,24,Male,UK,6/6/2019,Yearly
s46661,Amelia Clark,21,Male,Canada,7/6/2020,Free
s46662,Zara Wilson,42,Male,UK,1/25/2021,Monthly
s46663,Zara Smith,18,Male,Australia,1/14/2022,Yearly
s46664,Liam Sharma,18,Other,Australia,11/29/2022,Yearly
s46665,Meera Miller,18,Other,UK,3/1/2020,Yearly
s46666,Benjamin Hall,43,Male,USA,1/13/2020,Yearly
s46667,Riya Clark,21,Other,UK,8/7/2021,Yearly
s46668,Noah Anderson,32,Other,Germany,6/1/2019,Yearly
s46669,Ethan Patel,18,Other,India,8/26/2021,Free
s46670,Mia Miller,20,Other,USA,4/10/2020,Free
s46671,Eva Singh,27,Female,India,1/13/2021,Free
s46672,Isabella Sharma,38,Male,Australia,10/15/2019,Free
s46673,Olivia Lee,33,Female,Australia,6/28/2021,Monthly
s46674,Benjamin Johnson,22,Female,USA,11/3/2019,Monthly
s46675,Lucas Moore,33,Other,Canada,5/27/2020,Yearly
s46676,Eva Walker,54,Other,USA,12/22/2022,Yearly
s46677,Mia Smith,20,Female,India,1/26/2019,Yearly
s46678,Isabella Singh,24,Other,India,4/25/2022,Yearly
s46679,Emma Davis,18,Male,India,5/29/2020,Monthly
s46680,Isabella Sharma,19,Male,India,2/5/2020,Yearly
s46681,Vihaan Patel,21,Other,UK,7/13/2021,Yearly
s46682,Noah Patel,37,Other,Canada,8/26/2019,Yearly
s46683,Aarav Smith,66,Male,Canada,11/4/2022,Free
s46684,Vihaan Moore,20,Other,USA,12/5/2022,Free
s46685,Vihaan Miller,24,Other,Germany,5/20/2020,Monthly
s46686,Aanya Hall,18,Male,Australia,12/8/2019,Yearly
s46687,Mia Walker,41,Female,India,9/19/2020,Yearly
s46688,Benjamin Johnson,35,Male,USA,9/19/2022,Monthly
s46689,Eva Moore,22,Male,Canada,12/22/2022,Yearly
s46690,Ethan Sharma,21,Female,India,1/26/2022,Monthly
s46691,Arjun Sharma,23,Female,Germany,10/27/2020,Free
s46692,Isabella Hall,18,Female,India,12/25/2021,Free
s46693,Ethan Lewis,19,Male,Canada,8/18/2020,Free
s46694,Eva Hall,46,Male,India,9/22/2022,Monthly
s46695,Ethan Clark,40,Female,Canada,3/22/2020,Yearly
s46696,Amelia Singh,22,Male,Australia,3/8/2020,Free
s46697,Eva Moore,18,Other,Canada,5/14/2022,Monthly
s46698,Isabella Lewis,27,Male,UK,11/15/2022,Free
s46699,Amelia Taylor,43,Female,Australia,1/24/2021,Yearly
s46700,Ethan Singh,23,Female,USA,8/1/2022,Monthly
s46701,Amelia Smith,25,Male,USA,6/14/2021,Free
s46702,Aarav Hall,23,Female,USA,8/19/2020,Monthly
s46703,Eva Lee,22,Male,Germany,3/9/2019,Yearly
s46704,Liam Smith,53,Male,India,7/10/2022,Free
s46705,Ethan Martin,30,Male,Australia,9/22/2021,Yearly
s46706,Isabella Smith,23,Male,UK,9/3/2020,Yearly
s46707,Amelia Hall,22,Male,Germany,8/5/2021,Monthly
s46708,Benjamin Verma,21,Other,Canada,11/13/2020,Free
s46709,Amelia Brown,18,Other,Canada,9/25/2021,Free
s46710,Sophia Taylor,32,Male,Australia,11/6/2021,Yearly
s46711,Aanya Johnson,23,Other,UK,2/26/2020,Monthly
s46712,Noah Wilson,19,Other,UK,11/21/2019,Monthly
s46713,Vihaan Brown,46,Other,Germany,8/21/2019,Free
s46714,Liam Johnson,19,Male,USA,1/5/2021,Yearly
s46715,Sophia Moore,31,Male,Canada,10/29/2022,Yearly
s46716,Karan Hall,26,Male,Canada,5/21/2021,Yearly
s46717,Ethan Hall,19,Other,USA,7/21/2022,Free
s46718,Aarav Davis,33,Female,Canada,11/14/2022,Yearly
s46719,Vihaan Hall,34,Other,USA,4/13/2021,Free
s46720,Aanya Clark,22,Female,India,7/28/2019,Monthly
s46721,Zara Hall,66,Other,Germany,3/20/2020,Free
s46722,Olivia Verma,22,Other,Canada,7/6/2022,Yearly
s46723,Meera Walker,29,Other,India,4/11/2022,Monthly
s46724,Karan Verma,18,Female,UK,5/3/2019,Yearly
s46725,Vihaan Wilson,19,Female,Germany,2/23/2020,Free
s46726,Aanya Moore,26,Other,India,10/5/2021,Free
s46727,Eva Anderson,24,Other,Germany,7/3/2021,Monthly
s46728,Sophia Hall,50,Other,Germany,4/24/2021,Monthly
s46729,Eva Thomas,19,Female,Germany,3/24/2022,Free
s46730,Noah Davis,51,Male,Canada,8/15/2021,Free
s46731,Amelia Anderson,20,Other,UK,5/20/2022,Free
s46732,Amelia Miller,53,Female,Canada,1/30/2021,Free
s46733,Meera Anderson,25,Other,India,12/10/2019,Monthly
s46734,Noah Thomas,27,Female,Canada,8/29/2019,Yearly
s46735,Zara Johnson,40,Other,India,2/26/2021,Monthly
s46736,Vihaan Verma,34,Female,Australia,1/13/2021,Yearly
s46737,Aarav Clark,50,Female,Germany,12/31/2020,Yearly
s46738,Meera Lewis,21,Female,USA,7/1/2021,Monthly
s46739,Eva Smith,20,Female,Australia,12/27/2021,Monthly
s46740,Eva Clark,67,Male,Australia,3/27/2020,Yearly
s46741,Ethan Singh,22,Male,USA,3/24/2020,Monthly
s46742,Amelia Brown,37,Female,Germany,7/24/2021,Monthly
s46743,Ethan Martin,23,Female,India,5/1/2020,Yearly
s46744,Meera Thomas,20,Male,Germany,3/12/2020,Yearly
s46745,Isabella Anderson,22,Other,Australia,4/24/2019,Monthly
s46746,Eva Verma,22,Female,India,11/27/2019,Yearly
s46747,Liam Lee,36,Other,USA,12/9/2020,Yearly
s46748,Vihaan Davis,24,Female,USA,11/16/2020,Monthly
s46749,Olivia Johnson,23,Female,Australia,4/11/2021,Monthly
s46750,Emma Clark,27,Male,India,8/14/2021,Monthly
s46751,Benjamin Walker,26,Male,Germany,7/27/2022,Monthly
s46752,Isabella Thomas,24,Other,Australia,5/19/2019,Free
s46753,Olivia Davis,18,Female,Canada,10/3/2022,Yearly
s46754,Vihaan Davis,26,Other,Germany,6/11/2020,Monthly
s46755,Karan Singh,30,Other,Australia,8/2/2019,Yearly
s46756,Noah Thomas,24,Other,Australia,9/3/2020,Yearly
s46757,Amelia Walker,27,Other,UK,11/7/2022,Free
s46758,Mia Clark,23,Female,India,5/1/2019,Free
s46759,Noah Walker,27,Other,Canada,1/29/2019,Yearly
s46760,Sophia Johnson,20,Female,Germany,8/13/2020,Yearly
s46761,Ethan Taylor,20,Male,USA,10/10/2021,Yearly
s46762,Vihaan Miller,45,Male,UK,9/27/2021,Free
s46763,Emma Miller,19,Other,Australia,10/15/2020,Free
s46764,Noah Lee,21,Other,India,9/11/2020,Free
s46765,Emma Moore,59,Female,UK,1/13/2021,Yearly
s46766,Meera Moore,46,Other,Germany,7/3/2021,Monthly
s46767,Lucas Walker,26,Other,Australia,5/25/2022,Free
s46768,Lucas Smith,26,Male,Canada,7/9/2022,Monthly
s46769,Aanya Sharma,41,Male,USA,11/29/2019,Free
s46770,Aanya Lewis,33,Female,Canada,8/7/2022,Yearly
s46771,Noah Walker,38,Other,UK,5/30/2020,Yearly
s46772,Emma Smith,23,Other,USA,5/20/2019,Yearly
s46773,Olivia Taylor,24,Male,Australia,5/1/2020,Yearly
s46774,Riya Lewis,25,Male,UK,8/25/2020,Monthly
s46775,Mia Miller,24,Female,USA,3/16/2021,Monthly
s46776,Noah Clark,26,Other,India,12/5/2019,Monthly
s46777,Zara Clark,40,Male,Canada,2/23/2021,Free
s46778,Emma Hall,25,Other,UK,5/17/2021,Free
s46779,Olivia Walker,35,Male,Germany,5/31/2022,Yearly
s46780,Zara Johnson,22,Female,Canada,10/15/2020,Monthly
s46781,Lucas Moore,65,Male,Canada,4/27/2021,Yearly
s46782,Amelia Wilson,23,Other,UK,6/27/2022,Yearly
s46783,Amelia Patel,45,Other,USA,8/22/2019,Yearly
s46784,Riya Smith,22,Female,Germany,8/29/2021,Monthly
s46785,Benjamin Lewis,23,Other,Canada,8/30/2021,Monthly
s46786,Karan Sharma,50,Female,Germany,8/10/2019,Free
s46787,Mia Patel,32,Other,UK,7/4/2021,Yearly
s46788,Eva Clark,19,Female,Australia,6/15/2019,Yearly
s46789,Riya Smith,37,Male,UK,1/28/2021,Yearly
s46790,Isabella Verma,19,Other,Australia,3/27/2022,Free
s46791,Ethan Miller,22,Male,Australia,6/11/2019,Yearly
s46792,Olivia Wilson,62,Male,UK,11/12/2020,Free
s46793,Amelia Sharma,60,Male,India,2/3/2021,Free
s46794,Amelia Lee,22,Male,Canada,11/10/2020,Free
s46795,Zara Wilson,26,Other,Germany,11/13/2021,Monthly
s46796,Noah Brown,21,Male,Canada,12/21/2019,Monthly
s46797,Vihaan Verma,19,Other,Canada,7/12/2022,Free
s46798,Liam Patel,18,Other,Australia,3/21/2019,Free
s46799,Sophia Hall,46,Female,USA,7/4/2021,Monthly
s46800,Aarav Martin,61,Female,Germany,3/6/2020,Free
s46801,Karan Wilson,55,Male,UK,1/1/2019,Free
s46802,Riya Lewis,32,Other,India,6/7/2019,Free
s46803,Emma Davis,26,Male,Canada,11/1/2020,Free
s46804,Noah Smith,19,Male,UK,5/18/2022,Monthly
s46805,Arjun Martin,21,Male,Australia,8/31/2020,Free
s46806,Vihaan Patel,27,Male,USA,7/24/2020,Yearly
s46807,Meera Martin,22,Other,USA,5/19/2021,Free
s46808,Amelia Singh,25,Other,Canada,2/20/2022,Yearly
s46809,Eva Clark,33,Other,Canada,9/17/2019,Monthly
s46810,Eva Thomas,26,Other,Australia,3/15/2019,Monthly
s46811,Emma Lee,20,Other,Australia,2/16/2020,Yearly
s46812,Mia Walker,50,Female,Canada,12/16/2020,Free
s46813,Ethan Thomas,22,Male,Germany,8/19/2019,Yearly
s46814,Benjamin Wilson,19,Male,Canada,4/3/2019,Monthly
s46815,Meera Hall,22,Other,UK,6/28/2020,Yearly
s46816,Isabella Wilson,21,Other,Canada,9/28/2021,Monthly
s46817,Aanya Walker,22,Female,Germany,8/6/2019,Free
s46818,Vihaan Verma,28,Female,UK,1/15/2020,Yearly
s46819,Riya Martin,19,Female,Canada,9/17/2019,Yearly
s46820,Amelia Moore,18,Female,UK,8/10/2020,Monthly
s46821,Vihaan Thomas,19,Other,Canada,10/26/2020,Yearly
s46822,Noah Lewis,36,Female,Australia,7/14/2021,Free
s46823,Isabella Miller,40,Female,Canada,12/31/2019,Monthly
s46824,Liam Miller,63,Other,India,6/15/2019,Yearly
s46825,Meera Lee,40,Other,Germany,12/3/2021,Monthly
s46826,Isabella Singh,33,Male,India,5/2/2020,Monthly
s46827,Karan Davis,26,Other,Australia,9/1/2022,Yearly
s46828,Karan Miller,53,Other,UK,5/11/2022,Monthly
s46829,Sophia Johnson,24,Female,Germany,9/8/2020,Free
s46830,Benjamin Verma,20,Other,Canada,2/19/2021,Monthly
s46831,Sophia Moore,47,Other,India,6/4/2021,Monthly
s46832,Sophia Sharma,46,Other,Australia,8/15/2021,Monthly
s46833,Benjamin Smith,42,Male,Germany,1/11/2021,Yearly
s46834,Meera Taylor,28,Male,India,10/24/2019,Free
s46835,Arjun Johnson,27,Other,Germany,8/28/2021,Yearly
s46836,Sophia Clark,23,Male,Australia,4/7/2020,Monthly
s46837,Eva Thomas,59,Male,Canada,12/5/2021,Free
s46838,Zara Wilson,54,Other,USA,8/18/2020,Free
s46839,Meera Sharma,27,Other,India,9/17/2022,Monthly
s46840,Zara Brown,20,Male,Australia,3/12/2020,Free
s46841,Arjun Lewis,19,Male,India,11/2/2021,Yearly
s46842,Sophia Martin,23,Male,India,3/11/2021,Monthly
s46843,Benjamin Anderson,28,Male,USA,8/19/2020,Yearly
s46844,Meera Moore,41,Male,UK,8/31/2021,Yearly
s46845,Aarav Moore,22,Female,UK,11/27/2021,Monthly
s46846,Amelia Smith,37,Male,USA,1/1/2019,Monthly
s46847,Noah Davis,63,Male,Australia,11/22/2022,Monthly
s46848,Noah Hall,33,Other,USA,8/28/2022,Free
s46849,Liam Clark,24,Male,Germany,11/21/2019,Free
s46850,Vihaan Clark,25,Female,Australia,11/5/2022,Free
s46851,Zara Moore,27,Male,Australia,4/5/2021,Monthly
s46852,Aarav Smith,46,Female,Germany,9/11/2019,Free
s46853,Eva Johnson,24,Other,India,3/8/2022,Free
s46854,Aarav Smith,27,Male,Germany,5/23/2019,Yearly
s46855,Mia Patel,54,Female,UK,5/9/2021,Free
s46856,Amelia Davis,36,Female,USA,3/19/2020,Monthly
s46857,Noah Lee,49,Female,Germany,5/30/2022,Free
s46858,Liam Singh,18,Female,Australia,2/16/2019,Yearly
s46859,Aarav Lewis,26,Other,USA,7/30/2020,Monthly
s46860,Vihaan Miller,21,Female,UK,11/30/2021,Yearly
s46861,Aarav Thomas,24,Male,Germany,10/18/2022,Yearly
s46862,Karan Lewis,27,Female,Australia,7/4/2021,Yearly
s46863,Noah Clark,32,Other,India,4/25/2020,Free
s46864,Arjun Davis,21,Female,Germany,11/13/2021,Monthly
s46865,Amelia Lewis,36,Other,Australia,8/12/2019,Free
s46866,Isabella Miller,23,Male,Canada,3/17/2022,Free
s46867,Arjun Thomas,50,Female,Germany,8/27/2019,Yearly
s46868,Zara Moore,41,Female,Canada,9/29/2020,Monthly
s46869,Noah Martin,50,Male,Canada,7/13/2019,Yearly
s46870,Sophia Clark,25,Female,Germany,1/17/2022,Yearly
s46871,Ethan Lewis,41,Other,UK,11/1/2021,Free
s46872,Noah Verma,24,Other,Australia,6/30/2022,Yearly
s46873,Amelia Anderson,28,Other,Canada,2/22/2021,Free
s46874,Karan Hall,21,Male,Australia,7/4/2022,Yearly
s46875,Lucas Lee,27,Female,USA,7/18/2020,Yearly
s46876,Benjamin Martin,23,Other,India,12/25/2019,Yearly
s46877,Vihaan Lewis,20,Male,Australia,3/13/2022,Free
s46878,Arjun Moore,26,Other,India,12/28/2019,Yearly
s46879,Liam Anderson,22,Other,Canada,1/7/2019,Free
s46880,Karan Martin,46,Female,UK,8/3/2021,Free
s46881,Liam Clark,37,Other,India,6/7/2019,Yearly
s46882,Lucas Verma,21,Female,India,8/12/2020,Monthly
s46883,Mia Walker,34,Female,India,12/11/2019,Monthly
s46884,Karan Singh,20,Male,Australia,11/14/2021,Yearly
s46885,Aanya Lewis,27,Female,USA,2/11/2019,Yearly
s46886,Lucas Wilson,27,Male,USA,4/11/2021,Yearly
s46887,Ethan Johnson,23,Male,UK,4/25/2022,Free
s46888,Arjun Hall,47,Female,USA,9/2/2019,Monthly
s46889,Karan Brown,18,Other,Canada,5/24/2019,Yearly
s46890,Aanya Sharma,23,Other,Canada,8/4/2020,Free
s46891,Noah Walker,47,Female,USA,3/16/2020,Yearly
s46892,Aarav Singh,45,Female,USA,11/28/2020,Monthly
s46893,Meera Moore,24,Other,India,5/17/2019,Monthly
s46894,Zara Thomas,32,Female,Germany,3/29/2021,Monthly
s46895,Eva Verma,19,Female,Australia,3/18/2021,Monthly
s46896,Aanya Martin,27,Other,Canada,9/19/2022,Yearly
s46897,Ethan Patel,26,Female,India,5/1/2022,Monthly
s46898,Benjamin Lee,23,Male,UK,8/17/2020,Yearly
s46899,Lucas Taylor,22,Male,UK,5/22/2019,Monthly
s46900,Zara Miller,27,Other,India,6/12/2022,Monthly
s46901,Karan Lewis,42,Male,Germany,5/30/2022,Free
s46902,Meera Lee,27,Other,UK,5/30/2019,Yearly
s46903,Noah Davis,21,Female,UK,2/8/2022,Monthly
s46904,Sophia Moore,27,Female,USA,3/17/2021,Free
s46905,Ethan Hall,21,Other,Germany,4/9/2021,Monthly
s46906,Arjun Moore,25,Female,UK,1/20/2019,Yearly
s46907,Ethan Singh,20,Other,USA,6/13/2020,Free
s46908,Aanya Martin,40,Female,Germany,2/26/2021,Monthly
s46909,Noah Smith,19,Male,Canada,2/10/2019,Free
s46910,Isabella Verma,35,Male,Canada,5/8/2019,Free
s46911,Arjun Davis,18,Other,UK,5/16/2021,Yearly
s46912,Lucas Verma,22,Female,Canada,6/20/2020,Free
s46913,Noah Martin,30,Male,Canada,7/5/2022,Yearly
s46914,Olivia Thomas,22,Other,Canada,12/28/2022,Yearly
s46915,Ethan Wilson,34,Male,USA,2/9/2021,Monthly
s46916,Eva Martin,21,Other,UK,10/31/2020,Yearly
s46917,Noah Clark,22,Female,India,1/30/2019,Monthly
s46918,Eva Smith,25,Female,UK,5/11/2020,Yearly
s46919,Emma Miller,27,Other,Canada,6/14/2022,Yearly
s46920,Meera Verma,27,Other,Canada,4/17/2019,Monthly
s46921,Aarav Davis,22,Other,Australia,10/6/2021,Yearly
s46922,Isabella Thomas,67,Female,Canada,3/12/2019,Monthly
s46923,Vihaan Sharma,42,Male,Germany,12/29/2020,Yearly
s46924,Aarav Lewis,25,Other,USA,2/27/2019,Free
s46925,Noah Wilson,21,Other,UK,4/9/2022,Free
s46926,Ethan Davis,34,Male,USA,4/24/2019,Free
s46927,Mia Sharma,66,Female,Australia,7/7/2020,Free
s46928,Eva Hall,41,Female,USA,12/10/2020,Monthly
s46929,Karan Johnson,27,Other,Australia,12/15/2022,Yearly
s46930,Aarav Sharma,21,Male,USA,8/11/2021,Monthly
s46931,Emma Lewis,37,Male,Germany,12/27/2019,Yearly
s46932,Lucas Lee,22,Male,Canada,11/10/2019,Yearly
s46933,Eva Clark,19,Female,UK,7/21/2020,Monthly
s46934,Aanya Walker,47,Male,Canada,6/6/2019,Monthly
s46935,Isabella Lewis,24,Female,Canada,7/28/2020,Free
s46936,Riya Anderson,19,Female,India,11/5/2019,Monthly
s46937,Olivia Wilson,21,Female,USA,7/5/2019,Yearly
s46938,Isabella Wilson,18,Female,India,10/22/2019,Monthly
s46939,Isabella Verma,31,Male,Canada,11/1/2021,Monthly
s46940,Sophia Lee,48,Male,UK,1/5/2021,Yearly
s46941,Lucas Singh,33,Male,Australia,9/24/2021,Free
s46942,Emma Miller,37,Other,USA,2/20/2021,Monthly
s46943,Meera Davis,41,Female,USA,12/24/2022,Monthly
s46944,Riya Moore,25,Other,Australia,4/26/2019,Yearly
s46945,Sophia Clark,66,Other,Germany,8/6/2020,Free
s46946,Noah Thomas,27,Male,USA,8/13/2022,Free
s46947,Aarav Brown,24,Male,Australia,9/14/2020,Monthly
s46948,Amelia Walker,20,Other,Australia,8/19/2021,Free
s46949,Aanya Wilson,39,Female,Australia,1/15/2020,Free
s46950,Eva Smith,44,Female,Canada,4/11/2019,Monthly
s46951,Amelia Martin,27,Male,Australia,11/7/2022,Yearly
s46952,Olivia Lewis,25,Other,USA,10/9/2022,Yearly
s46953,Lucas Moore,23,Female,USA,11/6/2020,Yearly
s46954,Vihaan Clark,35,Other,Germany,10/21/2020,Yearly
s46955,Riya Thomas,18,Female,USA,9/20/2021,Monthly
s46956,Lucas Miller,21,Male,India,3/4/2022,Monthly
s46957,Karan Wilson,24,Female,Australia,1/16/2022,Free
s46958,Aanya Thomas,19,Male,USA,6/4/2021,Monthly
s46959,Isabella Davis,21,Other,Australia,10/23/2020,Free
s46960,Meera Davis,19,Male,UK,1/5/2019,Monthly
s46961,Aarav Thomas,24,Male,Germany,10/23/2019,Yearly
s46962,Aarav Moore,26,Female,Australia,9/30/2019,Monthly
s46963,Riya Brown,32,Other,USA,5/4/2019,Yearly
s46964,Aarav Brown,20,Female,Australia,11/17/2021,Yearly
s46965,Liam Clark,50,Female,USA,6/23/2019,Yearly
s46966,Karan Miller,28,Other,Germany,9/19/2022,Yearly
s46967,Aarav Wilson,22,Male,India,8/22/2019,Free
s46968,Sophia Thomas,20,Male,USA,4/13/2021,Yearly
s46969,Riya Verma,51,Other,UK,9/12/2021,Free
s46970,Emma Verma,27,Other,USA,2/16/2019,Free
s46971,Liam Walker,28,Other,Australia,3/14/2021,Free
s46972,Sophia Walker,28,Male,Canada,5/6/2020,Free
s46973,Liam Thomas,21,Other,UK,3/5/2022,Monthly
s46974,Mia Verma,24,Male,Australia,12/13/2021,Monthly
s46975,Ethan Miller,26,Male,India,11/22/2019,Free
s46976,Vihaan Verma,23,Male,UK,9/3/2019,Yearly
s46977,Ethan Patel,23,Male,UK,1/14/2022,Monthly
s46978,Liam Anderson,43,Other,Canada,2/2/2022,Monthly
s46979,Karan Brown,19,Male,Australia,8/30/2020,Free
s46980,Noah Walker,29,Male,Australia,12/29/2020,Free
s46981,Riya Anderson,44,Male,Germany,3/26/2022,Free
s46982,Ethan Davis,19,Female,UK,8/9/2019,Yearly
s46983,Olivia Clark,35,Female,USA,8/24/2020,Free
s46984,Arjun Singh,59,Other,Australia,12/16/2019,Monthly
s46985,Amelia Lee,33,Female,Germany,1/1/2019,Free
s46986,Eva Taylor,39,Other,India,7/16/2022,Free
s46987,Olivia Clark,49,Male,India,3/4/2019,Monthly
s46988,Noah Clark,27,Other,Germany,12/7/2021,Free
s46989,Olivia Thomas,29,Female,UK,9/3/2022,Yearly
s46990,Lucas Smith,45,Female,USA,8/23/2019,Monthly
s46991,Riya Martin,18,Other,Germany,9/11/2020,Yearly
s46992,Isabella Sharma,27,Male,Germany,10/8/2019,Monthly
s46993,Aarav Brown,19,Other,UK,9/3/2019,Monthly
s46994,Sophia Lee,18,Male,Canada,1/23/2022,Free
s46995,Benjamin Sharma,19,Male,USA,1/25/2022,Yearly
s46996,Zara Hall,24,Female,Australia,2/8/2020,Free
s46997,Amelia Hall,24,Other,Germany,8/26/2022,Yearly
s46998,Benjamin Smith,54,Male,Australia,6/4/2021,Monthly
s46999,Lucas Singh,40,Male,India,11/23/2021,Free
s47000,Emma Walker,44,Male,Canada,10/22/2022,Yearly
s47001,Emma Lee,26,Male,UK,2/18/2022,Yearly
s47002,Lucas Johnson,24,Male,Germany,8/27/2019,Yearly
s47003,Aarav Taylor,45,Male,Germany,8/14/2022,Yearly
s47004,Aarav Johnson,37,Other,USA,11/21/2021,Monthly
s47005,Lucas Hall,27,Male,Canada,5/5/2021,Monthly
s47006,Sophia Patel,36,Male,India,4/3/2021,Yearly
s47007,Benjamin Walker,24,Female,Canada,1/27/2021,Yearly
s47008,Sophia Lewis,43,Male,Australia,9/25/2022,Yearly
s47009,Eva Johnson,31,Other,Germany,11/3/2022,Yearly
s47010,Liam Walker,45,Male,UK,8/12/2022,Yearly
s47011,Ethan Martin,39,Male,Germany,7/22/2020,Monthly
s47012,Mia Johnson,25,Other,USA,2/19/2019,Yearly
s47013,Amelia Sharma,18,Other,Germany,3/22/2019,Yearly
s47014,Liam Smith,45,Male,UK,1/1/2022,Yearly
s47015,Amelia Taylor,18,Other,USA,1/21/2019,Monthly
s47016,Arjun Davis,27,Female,Australia,7/7/2019,Monthly
s47017,Benjamin Singh,37,Other,Germany,9/14/2022,Free
s47018,Benjamin Wilson,18,Other,Canada,8/9/2019,Yearly
s47019,Aanya Hall,40,Other,Canada,6/18/2020,Yearly
s47020,Lucas Davis,43,Male,UK,10/12/2020,Yearly
s47021,Noah Verma,20,Female,USA,8/5/2022,Yearly
s47022,Emma Hall,39,Female,USA,4/20/2020,Yearly
s47023,Isabella Walker,28,Female,USA,5/13/2021,Yearly
s47024,Amelia Patel,22,Female,USA,9/5/2019,Yearly
s47025,Riya Martin,41,Other,UK,4/21/2022,Yearly
s47026,Karan Taylor,20,Male,Germany,11/5/2022,Free
s47027,Mia Verma,28,Female,Germany,7/25/2020,Monthly
s47028,Arjun Sharma,27,Female,India,11/9/2022,Monthly
s47029,Karan Clark,22,Male,Australia,1/31/2020,Free
s47030,Aarav Davis,18,Other,USA,12/12/2022,Free
s47031,Vihaan Singh,20,Female,India,5/26/2020,Monthly
s47032,Emma Singh,24,Female,Canada,6/14/2020,Yearly
s47033,Emma Hall,27,Other,India,2/12/2021,Yearly
s47034,Arjun Anderson,25,Female,USA,10/29/2020,Yearly
s47035,Isabella Singh,18,Other,Canada,6/29/2019,Monthly
s47036,Karan Wilson,20,Female,Australia,4/9/2019,Free
s47037,Emma Davis,27,Other,Germany,3/2/2019,Monthly
s47038,Meera Lewis,56,Female,UK,5/13/2019,Yearly
s47039,Sophia Moore,45,Female,Australia,10/31/2021,Yearly
s47040,Noah Walker,27,Other,Germany,4/10/2021,Free
s47041,Isabella Martin,47,Female,Australia,8/11/2022,Monthly
s47042,Karan Singh,24,Other,Canada,8/30/2020,Free
s47043,Aanya Verma,20,Male,Australia,10/17/2020,Monthly
s47044,Riya Moore,18,Female,Australia,1/29/2019,Yearly
s47045,Olivia Brown,22,Female,Australia,8/11/2021,Free
s47046,Vihaan Martin,27,Male,Germany,1/12/2019,Yearly
s47047,Aarav Brown,23,Other,Australia,8/1/2021,Yearly
s47048,Noah Taylor,24,Male,Germany,4/5/2021,Free
s47049,Ethan Johnson,18,Male,Germany,10/15/2020,Free
s47050,Olivia Anderson,28,Other,Australia,10/1/2019,Free
s47051,Eva Davis,25,Other,Germany,1/29/2022,Free
s47052,Karan Johnson,34,Other,USA,12/12/2021,Free
s47053,Arjun Thomas,37,Male,Germany,8/14/2019,Yearly
s47054,Olivia Sharma,36,Female,Germany,10/17/2020,Monthly
s47055,Lucas Patel,25,Other,USA,7/8/2020,Free
s47056,Emma Thomas,28,Other,Canada,2/8/2022,Free
s47057,Eva Johnson,50,Female,Canada,12/22/2021,Free
s47058,Meera Moore,37,Female,UK,9/30/2021,Monthly
s47059,Aanya Hall,25,Other,India,7/17/2020,Monthly
s47060,Aarav Singh,30,Other,Canada,11/19/2021,Free
s47061,Mia Patel,24,Male,USA,8/8/2019,Free
s47062,Aarav Johnson,21,Male,Canada,6/18/2020,Free
s47063,Benjamin Patel,59,Male,Australia,2/16/2022,Free
s47064,Zara Brown,56,Other,Canada,4/9/2020,Monthly
s47065,Amelia Sharma,22,Male,Canada,3/21/2020,Free
s47066,Vihaan Hall,42,Male,Germany,2/27/2020,Yearly
s47067,Meera Martin,19,Male,Canada,8/16/2021,Monthly
s47068,Riya Patel,19,Other,Germany,7/19/2022,Yearly
s47069,Lucas Lewis,22,Male,Germany,6/24/2021,Monthly
s47070,Meera Smith,22,Male,Canada,9/24/2021,Yearly
s47071,Arjun Taylor,27,Female,Australia,3/22/2021,Free
s47072,Aarav Singh,44,Female,Australia,10/4/2019,Yearly
s47073,Emma Miller,24,Female,Australia,8/31/2019,Yearly
s47074,Aanya Lewis,18,Female,Canada,3/28/2019,Yearly
s47075,Riya Singh,40,Male,UK,7/23/2022,Free
s47076,Aarav Lewis,36,Other,USA,3/28/2022,Free
s47077,Aanya Miller,65,Female,Canada,11/1/2020,Yearly
s47078,Olivia Wilson,24,Female,Canada,5/7/2022,Yearly
s47079,Liam Hall,24,Female,India,2/9/2021,Yearly
s47080,Amelia Taylor,32,Female,UK,7/11/2019,Monthly
s47081,Mia Patel,24,Male,Canada,5/23/2019,Free
s47082,Noah Sharma,33,Female,USA,9/3/2022,Monthly
s47083,Zara Walker,28,Other,UK,3/1/2022,Free
s47084,Lucas Sharma,19,Other,USA,4/24/2022,Free
s47085,Liam Singh,29,Other,Australia,8/10/2021,Yearly
s47086,Vihaan Thomas,33,Female,UK,3/18/2020,Monthly
s47087,Amelia Davis,28,Other,USA,2/15/2020,Monthly
s47088,Karan Clark,22,Other,Canada,5/14/2019,Free
s47089,Lucas Clark,27,Female,Germany,4/2/2020,Free
s47090,Noah Taylor,27,Female,India,2/24/2020,Monthly
s47091,Amelia Martin,23,Male,UK,7/19/2020,Yearly
s47092,Arjun Brown,27,Male,USA,4/27/2021,Yearly
s47093,Sophia Taylor,41,Male,USA,1/1/2020,Free
s47094,Eva Moore,18,Other,India,12/22/2021,Free
s47095,Liam Singh,21,Female,Australia,7/15/2020,Monthly
s47096,Emma Sharma,22,Male,India,11/6/2020,Yearly
s47097,Amelia Walker,64,Other,UK,6/2/2019,Yearly
s47098,Vihaan Johnson,19,Other,Canada,4/26/2021,Yearly
s47099,Mia Sharma,18,Male,Germany,1/19/2022,Monthly
s47100,Aarav Clark,26,Other,Germany,7/13/2019,Free
s47101,Zara Anderson,36,Other,Australia,8/18/2019,Yearly
s47102,Riya Verma,30,Other,Canada,10/9/2021,Monthly
s47103,Aanya Wilson,33,Other,Germany,7/29/2021,Free
s47104,Isabella Lewis,22,Female,India,1/16/2019,Free
s47105,Arjun Wilson,25,Male,Canada,2/2/2022,Free
s47106,Eva Anderson,24,Male,UK,2/6/2020,Yearly
s47107,Amelia Brown,27,Other,India,10/17/2019,Free
s47108,Riya Wilson,21,Female,USA,7/25/2020,Monthly
s47109,Riya Thomas,47,Female,Canada,7/13/2022,Free
s47110,Riya Brown,35,Other,USA,9/26/2020,Monthly
s47111,Aarav Patel,22,Other,Canada,2/14/2020,Monthly
s47112,Emma Hall,34,Other,India,8/20/2021,Monthly
s47113,Emma Smith,46,Other,USA,6/11/2019,Yearly
s47114,Olivia Johnson,44,Other,Germany,6/13/2022,Monthly
s47115,Meera Martin,58,Female,Germany,2/5/2021,Monthly
s47116,Mia Lee,18,Male,UK,3/13/2019,Monthly
s47117,Noah Lewis,27,Female,Germany,2/26/2020,Yearly
s47118,Vihaan Patel,26,Male,UK,8/13/2022,Monthly
s47119,Ethan Verma,21,Male,USA,10/7/2021,Free
s47120,Isabella Lee,39,Other,USA,10/13/2020,Free
s47121,Aarav Martin,25,Female,UK,12/17/2019,Yearly
s47122,Aarav Miller,43,Female,Canada,8/1/2022,Monthly
s47123,Amelia Lee,38,Other,India,4/3/2022,Monthly
s47124,Aarav Clark,27,Male,India,10/16/2021,Free
s47125,Emma Davis,22,Male,UK,12/12/2019,Yearly
s47126,Sophia Clark,50,Female,Canada,2/1/2020,Monthly
s47127,Ethan Davis,22,Female,Canada,1/22/2019,Free
s47128,Mia Patel,19,Other,India,6/7/2021,Monthly
s47129,Amelia Verma,27,Other,Canada,7/31/2019,Monthly
s47130,Arjun Clark,49,Female,Canada,7/29/2020,Free
s47131,Aarav Johnson,60,Other,Australia,11/21/2021,Monthly
s47132,Arjun Wilson,53,Male,USA,2/3/2022,Yearly
s47133,Zara Miller,38,Female,UK,9/28/2022,Yearly
s47134,Eva Walker,26,Male,India,3/9/2021,Free
s47135,Arjun Verma,25,Other,USA,4/13/2021,Free
s47136,Ethan Taylor,20,Male,UK,5/26/2020,Free
s47137,Liam Smith,31,Other,Australia,8/12/2022,Free
s47138,Benjamin Johnson,25,Other,UK,1/15/2020,Free
s47139,Aarav Miller,25,Female,India,5/26/2022,Yearly
s47140,Noah Sharma,33,Male,India,2/6/2022,Yearly
s47141,Benjamin Lee,22,Male,India,8/20/2019,Free
s47142,Isabella Smith,20,Female,Germany,5/30/2021,Monthly
s47143,Emma Sharma,31,Other,India,11/15/2019,Monthly
s47144,Ethan Davis,27,Other,India,3/7/2020,Free
s47145,Olivia Lee,26,Male,Germany,7/9/2020,Free
s47146,Benjamin Davis,23,Other,UK,4/30/2019,Yearly
s47147,Mia Thomas,21,Female,UK,2/24/2020,Yearly
s47148,Riya Patel,43,Male,Germany,9/2/2022,Monthly
s47149,Olivia Johnson,42,Other,Canada,11/19/2019,Monthly
s47150,Mia Clark,22,Female,India,7/25/2019,Monthly
s47151,Arjun Taylor,27,Female,UK,1/16/2021,Yearly
s47152,Noah Moore,58,Male,Australia,7/28/2021,Free
s47153,Aanya Thomas,26,Male,Australia,6/18/2019,Monthly
s47154,Emma Johnson,30,Female,UK,3/17/2022,Free
s47155,Karan Sharma,29,Other,Canada,10/22/2021,Yearly
s47156,Olivia Walker,22,Other,UK,5/20/2022,Free
s47157,Arjun Walker,21,Female,Australia,5/10/2019,Free
s47158,Isabella Davis,42,Other,UK,1/14/2019,Monthly
s47159,Benjamin Moore,18,Female,Germany,3/26/2020,Yearly
s47160,Ethan Singh,21,Other,USA,12/14/2022,Free
s47161,Amelia Thomas,27,Male,Australia,3/3/2020,Monthly
s47162,Lucas Miller,24,Female,Canada,9/2/2022,Free
s47163,Sophia Moore,25,Other,UK,9/15/2022,Free
s47164,Mia Brown,22,Other,UK,2/9/2019,Monthly
s47165,Sophia Clark,18,Other,USA,4/1/2021,Monthly
s47166,Eva Brown,27,Male,USA,1/17/2022,Free
s47167,Liam Moore,19,Female,Germany,11/14/2019,Free
s47168,Sophia Smith,27,Female,Germany,12/30/2021,Free
s47169,Emma Verma,24,Other,UK,10/7/2021,Yearly
s47170,Emma Johnson,28,Other,Germany,1/23/2019,Yearly
s47171,Ethan Brown,22,Female,India,3/21/2019,Yearly
s47172,Arjun Wilson,21,Male,UK,11/5/2021,Free
s47173,Benjamin Wilson,66,Female,USA,1/6/2020,Yearly
s47174,Sophia Verma,31,Male,India,5/29/2021,Monthly
s47175,Meera Smith,24,Male,India,9/22/2020,Free
s47176,Karan Brown,44,Female,India,6/2/2020,Monthly
s47177,Arjun Clark,21,Male,UK,4/11/2021,Monthly
s47178,Zara Clark,47,Other,India,1/17/2019,Monthly
s47179,Mia Walker,18,Male,Australia,9/1/2021,Free
s47180,Benjamin Martin,25,Other,UK,10/28/2019,Yearly
s47181,Ethan Sharma,26,Male,India,6/15/2021,Yearly
s47182,Amelia Lewis,35,Other,India,9/27/2020,Monthly
s47183,Liam Singh,29,Male,USA,5/9/2020,Free
s47184,Mia Smith,22,Female,Germany,3/15/2022,Free
s47185,Sophia Smith,23,Male,Canada,11/12/2019,Free
s47186,Olivia Moore,26,Other,India,12/27/2020,Free
s47187,Arjun Miller,43,Other,Canada,11/21/2022,Yearly
s47188,Mia Patel,38,Male,India,8/13/2022,Free
s47189,Eva Moore,42,Male,UK,11/11/2020,Monthly
s47190,Liam Taylor,20,Other,UK,9/22/2019,Yearly
s47191,Aarav Walker,22,Male,Canada,7/4/2022,Free
s47192,Emma Hall,45,Male,USA,11/23/2020,Free
s47193,Mia Taylor,34,Female,India,8/12/2022,Free
s47194,Aanya Moore,21,Female,India,5/24/2019,Monthly
s47195,Liam Clark,26,Female,Canada,8/11/2020,Yearly
s47196,Arjun Singh,18,Other,India,4/1/2022,Free
s47197,Benjamin Clark,19,Female,India,11/1/2021,Monthly
s47198,Vihaan Thomas,18,Male,Canada,8/17/2020,Free
s47199,Amelia Singh,41,Male,USA,9/19/2021,Monthly
s47200,Aanya Smith,21,Other,UK,3/5/2020,Free
s47201,Eva Moore,59,Male,Canada,1/3/2022,Monthly
s47202,Emma Smith,23,Female,Australia,6/2/2021,Free
s47203,Karan Singh,26,Other,UK,11/21/2019,Yearly
s47204,Vihaan Verma,40,Male,Canada,1/24/2021,Free
s47205,Ethan Walker,32,Male,USA,3/12/2019,Free
s47206,Noah Patel,47,Male,Australia,3/2/2019,Free
s47207,Benjamin Thomas,63,Other,USA,5/8/2020,Free
s47208,Olivia Wilson,23,Female,India,1/12/2021,Free
s47209,Arjun Lewis,27,Male,Australia,12/22/2020,Yearly
s47210,Isabella Thomas,31,Female,Canada,8/14/2019,Free
s47211,Eva Miller,24,Other,Canada,11/26/2019,Yearly
s47212,Lucas Moore,21,Male,Australia,4/21/2022,Monthly
s47213,Liam Thomas,19,Other,Australia,6/1/2021,Free
s47214,Eva Verma,28,Female,UK,7/31/2022,Monthly
s47215,Aarav Davis,42,Other,UK,8/10/2019,Monthly
s47216,Zara Smith,27,Female,USA,8/28/2019,Yearly
s47217,Emma Martin,18,Male,Australia,3/29/2021,Free
s47218,Olivia Lewis,24,Male,Canada,5/7/2020,Monthly
s47219,Riya Patel,20,Male,Germany,7/15/2021,Monthly
s47220,Amelia Lee,18,Other,USA,5/8/2019,Free
s47221,Aanya Sharma,51,Female,UK,12/15/2022,Free
s47222,Amelia Anderson,23,Male,India,1/17/2020,Yearly
s47223,Lucas Moore,46,Female,USA,6/22/2021,Monthly
s47224,Ethan Davis,21,Male,Canada,12/25/2020,Monthly
s47225,Vihaan Wilson,32,Other,Germany,1/23/2020,Monthly
s47226,Liam Walker,18,Other,Germany,7/11/2020,Yearly
s47227,Aanya Clark,22,Male,UK,11/23/2022,Free
s47228,Benjamin Sharma,25,Male,USA,8/15/2019,Monthly
s47229,Noah Davis,42,Other,India,6/18/2021,Free
s47230,Vihaan Miller,19,Male,India,7/11/2019,Monthly
s47231,Emma Anderson,22,Male,Australia,2/18/2019,Monthly
s47232,Aanya Miller,19,Other,Germany,1/21/2022,Free
s47233,Ethan Lewis,25,Male,Canada,3/18/2021,Free
s47234,Amelia Lewis,28,Male,USA,10/30/2021,Monthly
s47235,Zara Miller,39,Other,UK,11/19/2019,Yearly
s47236,Amelia Miller,34,Other,Australia,4/30/2020,Free
s47237,Arjun Lewis,45,Female,Germany,3/9/2022,Monthly
s47238,Mia Smith,18,Female,India,6/18/2020,Monthly
s47239,Arjun Walker,39,Male,Australia,11/2/2021,Free
s47240,Emma Anderson,24,Female,India,2/25/2021,Free
s47241,Ethan Lee,37,Male,India,9/30/2021,Yearly
s47242,Lucas Sharma,22,Male,USA,8/2/2022,Yearly
s47243,Benjamin Thomas,23,Male,Canada,6/30/2021,Monthly
s47244,Lucas Lewis,30,Female,Germany,3/2/2021,Yearly
s47245,Isabella Wilson,25,Female,UK,4/22/2020,Free
s47246,Karan Anderson,46,Female,Australia,12/30/2021,Yearly
s47247,Aanya Johnson,63,Other,Germany,6/28/2022,Monthly
s47248,Aarav Singh,18,Other,Germany,4/6/2021,Free
s47249,Lucas Walker,22,Female,India,10/7/2021,Yearly
s47250,Olivia Wilson,35,Other,India,6/1/2022,Monthly
s47251,Aarav Brown,30,Male,Canada,1/7/2022,Free
s47252,Meera Hall,25,Other,Australia,1/28/2021,Free
s47253,Amelia Clark,20,Male,India,11/19/2021,Free
s47254,Vihaan Johnson,28,Male,Germany,2/9/2021,Free
s47255,Eva Martin,19,Male,USA,6/26/2022,Free
s47256,Vihaan Lee,25,Other,Germany,4/4/2022,Free
s47257,Amelia Lee,35,Male,UK,12/7/2022,Yearly
s47258,Amelia Hall,22,Other,UK,2/1/2020,Free
s47259,Mia Lewis,23,Other,UK,2/16/2022,Free
s47260,Noah Johnson,23,Male,Germany,4/2/2020,Free
s47261,Benjamin Taylor,35,Female,Australia,8/12/2019,Yearly
s47262,Eva Johnson,18,Other,Germany,3/31/2022,Free
s47263,Vihaan Taylor,24,Female,UK,2/19/2022,Yearly
s47264,Arjun Smith,24,Other,Australia,11/13/2020,Yearly
s47265,Karan Patel,26,Male,Canada,2/7/2021,Yearly
s47266,Vihaan Lee,25,Male,Australia,10/18/2020,Yearly
s47267,Noah Patel,26,Female,India,11/23/2022,Yearly
s47268,Arjun Taylor,25,Male,Germany,10/4/2021,Monthly
s47269,Karan Smith,36,Other,India,5/11/2019,Monthly
s47270,Amelia Smith,19,Other,India,3/11/2020,Monthly
s47271,Zara Walker,27,Female,Canada,11/23/2022,Monthly
s47272,Liam Moore,53,Male,Germany,12/14/2022,Free
s47273,Benjamin Taylor,34,Female,Germany,12/16/2021,Yearly
s47274,Karan Wilson,32,Male,Australia,11/3/2021,Free
s47275,Sophia Lewis,25,Other,USA,5/24/2020,Monthly
s47276,Noah Martin,22,Male,Canada,4/12/2021,Free
s47277,Aanya Johnson,23,Male,Australia,8/31/2022,Monthly
s47278,Riya Anderson,21,Female,Australia,11/14/2022,Monthly
s47279,Mia Miller,19,Other,UK,6/4/2021,Monthly
s47280,Aarav Thomas,67,Female,Canada,4/24/2021,Free
s47281,Arjun Smith,25,Other,India,11/20/2021,Monthly
s47282,Arjun Davis,18,Other,India,3/10/2019,Yearly
s47283,Aarav Brown,25,Female,Germany,1/7/2020,Monthly
s47284,Emma Walker,27,Male,India,1/2/2021,Free
s47285,Liam Brown,19,Other,UK,4/16/2022,Monthly
s47286,Eva Lee,50,Other,USA,6/24/2019,Yearly
s47287,Benjamin Moore,54,Male,India,11/18/2021,Yearly
s47288,Riya Clark,40,Female,Canada,9/5/2020,Free
s47289,Arjun Smith,39,Male,Australia,1/10/2020,Monthly
s47290,Aanya Walker,20,Female,UK,7/3/2021,Yearly
s47291,Lucas Wilson,34,Female,USA,8/2/2022,Yearly
s47292,Amelia Smith,20,Female,Canada,6/2/2021,Yearly
s47293,Noah Clark,24,Male,USA,11/18/2022,Monthly
s47294,Aarav Moore,51,Other,Australia,5/5/2022,Yearly
s47295,Isabella Wilson,34,Male,UK,5/14/2020,Yearly
s47296,Noah Lewis,50,Female,India,4/17/2022,Yearly
s47297,Aanya Miller,23,Female,Germany,3/20/2020,Monthly
s47298,Isabella Lewis,31,Female,USA,10/14/2021,Monthly
s47299,Zara Moore,41,Other,India,1/27/2021,Yearly
s47300,Riya Patel,19,Female,India,2/20/2020,Free
s47301,Meera Lee,24,Male,USA,7/14/2020,Free
s47302,Mia Lee,22,Other,Canada,7/26/2019,Yearly
s47303,Karan Anderson,19,Female,Australia,4/11/2019,Yearly
s47304,Amelia Walker,25,Female,Australia,10/18/2022,Free
s47305,Aanya Miller,19,Female,USA,4/12/2021,Free
s47306,Meera Thomas,67,Female,India,4/21/2020,Monthly
s47307,Riya Lewis,38,Female,UK,1/18/2019,Monthly
s47308,Liam Singh,21,Male,Canada,4/10/2019,Monthly
s47309,Emma Martin,21,Male,UK,10/16/2022,Free
s47310,Isabella Lewis,33,Other,Germany,12/21/2021,Monthly
s47311,Meera Clark,27,Female,Canada,3/19/2022,Monthly
s47312,Zara Clark,23,Other,USA,11/9/2022,Monthly
s47313,Noah Thomas,27,Other,USA,5/10/2019,Yearly
s47314,Vihaan Martin,23,Other,Australia,11/27/2021,Yearly
s47315,Vihaan Lee,24,Male,UK,6/24/2022,Free
s47316,Karan Anderson,27,Male,UK,1/24/2022,Yearly
s47317,Eva Walker,27,Female,Australia,10/3/2022,Yearly
s47318,Meera Sharma,21,Other,Australia,7/18/2021,Free
s47319,Lucas Lee,63,Male,UK,6/14/2022,Yearly
s47320,Emma Moore,43,Female,USA,6/10/2021,Free
s47321,Vihaan Taylor,32,Other,Germany,7/2/2019,Free
s47322,Amelia Walker,18,Male,UK,1/14/2021,Free
s47323,Emma Anderson,19,Male,Germany,8/10/2022,Yearly
s47324,Ethan Johnson,43,Female,Canada,9/7/2021,Yearly
s47325,Aarav Lewis,20,Male,USA,11/30/2021,Monthly
s47326,Noah Wilson,55,Other,UK,8/17/2020,Yearly
s47327,Liam Smith,24,Male,Canada,11/28/2019,Monthly
s47328,Eva Patel,38,Male,India,4/11/2022,Monthly
s47329,Ethan Anderson,24,Female,Germany,6/12/2021,Monthly
s47330,Aanya Wilson,47,Other,UK,7/19/2022,Monthly
s47331,Benjamin Anderson,28,Other,Canada,11/8/2019,Monthly
s47332,Olivia Patel,37,Male,Australia,3/7/2021,Yearly
s47333,Karan Anderson,20,Male,Australia,3/4/2022,Monthly
s47334,Aarav Sharma,25,Male,UK,3/7/2022,Free
s47335,Amelia Martin,21,Male,UK,2/24/2019,Yearly
s47336,Aanya Wilson,25,Other,Canada,6/17/2022,Monthly
s47337,Liam Walker,18,Other,Canada,3/30/2021,Free
s47338,Zara Lee,29,Other,USA,12/14/2022,Free
s47339,Lucas Martin,22,Male,India,5/12/2019,Free
s47340,Vihaan Taylor,21,Other,USA,10/19/2019,Yearly
s47341,Lucas Moore,23,Female,India,1/22/2019,Free
s47342,Lucas Sharma,38,Female,USA,3/16/2022,Free
s47343,Liam Singh,24,Male,Germany,8/14/2019,Yearly
s47344,Benjamin Martin,32,Male,Canada,10/19/2020,Free
s47345,Aarav Sharma,59,Male,Canada,2/27/2021,Monthly
s47346,Emma Taylor,51,Female,Canada,5/19/2020,Yearly
s47347,Riya Patel,22,Male,Canada,12/17/2022,Free
s47348,Olivia Walker,30,Female,UK,9/25/2019,Monthly
s47349,Aanya Sharma,22,Female,USA,11/24/2019,Yearly
s47350,Meera Thomas,47,Other,UK,5/29/2022,Monthly
s47351,Ethan Anderson,19,Male,Germany,9/9/2022,Free
s47352,Mia Anderson,25,Other,Australia,9/11/2021,Yearly
s47353,Zara Thomas,22,Male,UK,12/11/2021,Yearly
s47354,Olivia Patel,39,Other,India,1/27/2020,Monthly
s47355,Riya Walker,62,Other,Germany,5/13/2019,Free
s47356,Mia Hall,60,Other,UK,3/17/2021,Yearly
s47357,Olivia Davis,19,Female,Germany,12/1/2022,Yearly
s47358,Benjamin Martin,19,Other,Germany,4/23/2020,Free
s47359,Mia Johnson,50,Female,Australia,7/18/2019,Monthly
s47360,Riya Patel,36,Male,Australia,8/20/2020,Monthly
s47361,Meera Lewis,64,Female,Germany,8/5/2021,Monthly
s47362,Meera Davis,24,Female,Canada,10/23/2022,Free
s47363,Emma Davis,37,Male,Germany,12/9/2021,Monthly
s47364,Aanya Patel,27,Other,Germany,2/15/2022,Free
s47365,Sophia Sharma,27,Other,Australia,2/18/2022,Free
s47366,Amelia Hall,25,Male,Canada,11/3/2019,Yearly
s47367,Aarav Davis,28,Male,Australia,9/5/2019,Yearly
s47368,Noah Verma,24,Other,Australia,9/30/2020,Free
s47369,Karan Johnson,41,Other,UK,3/12/2022,Free
s47370,Riya Anderson,36,Other,USA,9/23/2020,Free
s47371,Isabella Thomas,31,Female,UK,7/29/2021,Monthly
s47372,Mia Anderson,22,Other,Canada,12/19/2019,Free
s47373,Liam Smith,22,Male,UK,12/20/2021,Yearly
s47374,Benjamin Johnson,18,Other,Canada,7/19/2019,Monthly
s47375,Olivia Martin,38,Male,UK,7/1/2019,Monthly
s47376,Amelia Moore,32,Male,India,2/9/2022,Yearly
s47377,Karan Johnson,40,Female,Germany,12/26/2019,Yearly
s47378,Zara Moore,20,Male,Canada,12/21/2021,Yearly
s47379,Ethan Clark,23,Male,Germany,10/7/2022,Free
s47380,Mia Johnson,25,Female,Germany,1/26/2022,Free
s47381,Lucas Sharma,25,Male,India,8/2/2021,Yearly
s47382,Riya Clark,27,Other,Canada,9/12/2022,Free
s47383,Mia Lewis,24,Other,UK,10/16/2022,Yearly
s47384,Sophia Anderson,32,Other,Australia,3/19/2021,Monthly
s47385,Sophia Brown,26,Male,India,6/6/2019,Yearly
s47386,Riya Walker,37,Other,Germany,5/15/2020,Monthly
s47387,Isabella Walker,25,Other,Australia,12/6/2022,Monthly
s47388,Riya Wilson,64,Other,Australia,12/4/2020,Monthly
s47389,Amelia Clark,25,Female,India,5/25/2021,Monthly
s47390,Emma Thomas,35,Male,Germany,11/17/2020,Monthly
s47391,Isabella Patel,23,Other,USA,6/5/2022,Free
s47392,Emma Hall,28,Male,India,1/18/2021,Free
s47393,Karan Verma,18,Male,India,3/8/2019,Free
s47394,Isabella Wilson,46,Other,Canada,6/5/2021,Free
s47395,Mia Johnson,66,Other,India,8/5/2021,Free
s47396,Eva Sharma,66,Female,Germany,6/9/2021,Yearly
s47397,Emma Thomas,20,Male,USA,2/29/2020,Yearly
s47398,Isabella Sharma,26,Male,USA,6/13/2020,Yearly
s47399,Aanya Lee,23,Female,USA,7/2/2019,Monthly
s47400,Vihaan Lewis,30,Other,Australia,7/16/2022,Monthly
s47401,Noah Brown,46,Male,Australia,8/24/2021,Monthly
s47402,Amelia Lee,41,Other,UK,11/22/2021,Monthly
s47403,Ethan Anderson,22,Female,Canada,11/23/2021,Yearly
s47404,Zara Verma,31,Male,Australia,4/3/2019,Free
s47405,Mia Davis,25,Female,Germany,1/21/2020,Free
s47406,Sophia Singh,20,Other,UK,1/3/2022,Yearly
s47407,Aanya Verma,23,Male,USA,7/5/2019,Yearly
s47408,Emma Sharma,53,Male,USA,11/19/2022,Free
s47409,Eva Johnson,25,Male,UK,2/4/2020,Free
s47410,Aanya Miller,47,Female,Canada,9/28/2021,Free
s47411,Eva Sharma,41,Female,Canada,9/26/2019,Yearly
s47412,Noah Patel,33,Male,Germany,7/19/2019,Monthly
s47413,Meera Martin,18,Male,Canada,8/7/2020,Free
s47414,Aarav Thomas,37,Other,UK,1/4/2019,Monthly
s47415,Arjun Miller,27,Female,Germany,11/20/2021,Monthly
s47416,Olivia Johnson,26,Female,India,5/24/2019,Free
s47417,Aarav Brown,26,Female,Germany,4/4/2021,Yearly
s47418,Isabella Johnson,20,Male,Germany,12/12/2022,Free
s47419,Emma Wilson,22,Male,UK,10/2/2022,Monthly
s47420,Liam Hall,45,Female,UK,2/1/2021,Free
s47421,Noah Patel,23,Female,Australia,3/7/2019,Free
s47422,Mia Brown,19,Other,India,4/15/2020,Monthly
s47423,Liam Walker,22,Female,Germany,7/2/2019,Free
s47424,Riya Taylor,33,Male,USA,1/27/2022,Free
s47425,Eva Clark,28,Male,Canada,10/28/2022,Yearly
s47426,Eva Smith,42,Female,Australia,9/28/2021,Free
s47427,Zara Lee,23,Male,UK,6/3/2019,Yearly
s47428,Zara Wilson,34,Male,USA,4/11/2020,Yearly
s47429,Karan Miller,23,Male,India,8/27/2020,Free
s47430,Karan Clark,47,Female,USA,2/27/2022,Yearly
s47431,Zara Brown,24,Female,Germany,9/18/2020,Monthly
s47432,Aanya Sharma,26,Male,USA,6/2/2021,Monthly
s47433,Riya Singh,41,Female,Australia,10/1/2022,Free
s47434,Lucas Smith,22,Other,India,10/16/2020,Free
s47435,Arjun Smith,65,Female,USA,6/6/2019,Yearly
s47436,Emma Anderson,22,Male,UK,1/1/2022,Monthly
s47437,Emma Hall,43,Male,Canada,12/8/2019,Free
s47438,Isabella Smith,22,Female,UK,12/8/2021,Monthly
s47439,Karan Smith,33,Male,India,7/12/2019,Monthly
s47440,Meera Martin,66,Female,UK,12/25/2022,Monthly
s47441,Sophia Smith,66,Male,Canada,4/8/2019,Free
s47442,Mia Lewis,21,Other,India,11/19/2022,Free
s47443,Aanya Sharma,22,Male,Australia,7/21/2020,Monthly
s47444,Amelia Brown,27,Male,India,8/17/2021,Monthly
s47445,Ethan Moore,27,Male,USA,12/3/2020,Yearly
s47446,Aarav Patel,25,Other,UK,12/2/2022,Free
s47447,Eva Verma,27,Female,Australia,4/22/2020,Monthly
s47448,Emma Martin,23,Male,Australia,4/20/2020,Monthly
s47449,Liam Thomas,40,Female,Canada,12/29/2022,Yearly
s47450,Ethan Clark,58,Male,UK,5/8/2021,Free
s47451,Ethan Patel,18,Other,Australia,4/14/2022,Free
s47452,Amelia Hall,29,Female,USA,6/14/2022,Monthly
s47453,Aanya Hall,34,Male,Canada,1/22/2022,Monthly
s47454,Ethan Singh,20,Other,Canada,7/23/2019,Monthly
s47455,Lucas Hall,59,Other,Australia,6/7/2021,Monthly
s47456,Noah Lee,47,Other,India,11/16/2020,Free
s47457,Sophia Verma,26,Female,UK,5/30/2021,Yearly
s47458,Liam Anderson,22,Female,Germany,7/31/2020,Monthly
s47459,Ethan Patel,22,Other,Australia,5/24/2021,Yearly
s47460,Meera Anderson,44,Female,UK,1/10/2020,Yearly
s47461,Amelia Anderson,61,Other,India,6/4/2019,Monthly
s47462,Meera Lewis,19,Other,Germany,5/7/2020,Free
s47463,Zara Verma,24,Female,Canada,2/17/2019,Monthly
s47464,Mia Patel,27,Female,India,9/9/2021,Free
s47465,Aarav Hall,20,Other,USA,9/19/2019,Free
s47466,Meera Martin,26,Female,Australia,1/15/2022,Free
s47467,Liam Miller,23,Male,Canada,11/11/2021,Yearly
s47468,Lucas Brown,39,Male,Australia,3/19/2021,Free
s47469,Sophia Brown,37,Male,USA,12/16/2020,Free
s47470,Meera Walker,41,Female,Germany,12/17/2022,Yearly
s47471,Aarav Thomas,24,Female,Australia,9/24/2020,Yearly
s47472,Olivia Taylor,43,Female,Germany,3/7/2021,Free
s47473,Riya Brown,21,Male,Germany,12/14/2020,Monthly
s47474,Arjun Anderson,24,Female,Canada,6/15/2022,Free
s47475,Emma Hall,19,Female,Australia,1/30/2019,Free
s47476,Lucas Wilson,33,Male,Canada,2/13/2022,Free
s47477,Olivia Walker,38,Female,UK,4/2/2019,Yearly
s47478,Ethan Verma,34,Male,Canada,2/1/2020,Monthly
s47479,Benjamin Hall,48,Male,Germany,10/6/2019,Monthly
s47480,Aarav Johnson,45,Female,India,3/27/2022,Free
s47481,Isabella Taylor,19,Other,USA,5/6/2020,Yearly
s47482,Zara Thomas,24,Other,USA,2/19/2022,Free
s47483,Benjamin Taylor,26,Other,UK,5/9/2021,Monthly
s47484,Liam Wilson,32,Male,Canada,10/31/2019,Yearly
s47485,Benjamin Taylor,19,Male,USA,12/15/2020,Yearly
s47486,Aanya Johnson,20,Female,Australia,4/20/2019,Free
s47487,Meera Johnson,25,Other,Australia,1/11/2022,Monthly
s47488,Benjamin Wilson,49,Female,Germany,5/30/2021,Yearly
s47489,Isabella Taylor,24,Male,USA,12/21/2022,Monthly
s47490,Lucas Hall,24,Female,Germany,8/5/2021,Monthly
s47491,Aanya Miller,23,Male,India,4/13/2022,Monthly
s47492,Lucas Moore,23,Female,Canada,7/8/2021,Monthly
s47493,Aanya Walker,44,Male,Canada,9/10/2022,Monthly
s47494,Liam Taylor,23,Other,Australia,4/3/2019,Free
s47495,Vihaan Anderson,38,Male,India,11/30/2022,Free
s47496,Ethan Thomas,25,Male,UK,7/25/2022,Free
s47497,Sophia Anderson,21,Female,Germany,8/28/2021,Yearly
s47498,Riya Clark,34,Other,Canada,8/24/2019,Yearly
s47499,Karan Patel,31,Other,India,5/28/2019,Monthly
s47500,Lucas Sharma,20,Male,USA,10/23/2022,Monthly
s47501,Vihaan Brown,62,Male,Germany,6/11/2021,Free
s47502,Sophia Wilson,20,Female,Canada,3/19/2022,Free
s47503,Emma Singh,54,Female,UK,1/16/2019,Yearly
s47504,Zara Walker,25,Female,USA,2/8/2020,Free
s47505,Lucas Wilson,28,Female,Germany,1/18/2022,Monthly
s47506,Ethan Johnson,20,Female,USA,10/10/2020,Yearly
s47507,Sophia Moore,26,Female,Germany,9/4/2020,Monthly
s47508,Amelia Lewis,30,Male,Germany,8/24/2021,Free
s47509,Liam Moore,38,Female,India,8/16/2020,Free
s47510,Eva Lewis,19,Other,USA,7/13/2019,Yearly
s47511,Amelia Johnson,24,Other,Australia,4/17/2021,Monthly
s47512,Sophia Hall,57,Female,India,1/2/2022,Yearly
s47513,Vihaan Martin,20,Female,UK,5/10/2019,Yearly
s47514,Noah Smith,46,Male,Germany,7/11/2019,Free
s47515,Olivia Lee,20,Male,USA,4/11/2021,Monthly
s47516,Aanya Smith,19,Other,USA,7/20/2022,Monthly
s47517,Noah Smith,25,Male,Canada,11/19/2019,Monthly
s47518,Sophia Smith,25,Male,Germany,4/3/2022,Yearly
s47519,Vihaan Smith,21,Other,Australia,6/25/2020,Yearly
s47520,Lucas Martin,25,Male,UK,9/2/2019,Yearly
s47521,Noah Hall,24,Male,India,6/9/2020,Yearly
s47522,Mia Johnson,27,Male,Germany,3/12/2019,Free
s47523,Sophia Walker,41,Other,UK,3/20/2022,Free
s47524,Ethan Johnson,22,Female,Australia,4/27/2021,Yearly
s47525,Lucas Lee,18,Other,Australia,3/18/2020,Monthly
s47526,Arjun Hall,62,Other,India,12/7/2019,Free
s47527,Benjamin Miller,62,Other,Canada,3/12/2021,Monthly
s47528,Sophia Taylor,26,Other,UK,7/25/2019,Free
s47529,Liam Moore,28,Other,USA,3/6/2020,Monthly
s47530,Zara Thomas,19,Other,India,9/3/2019,Yearly
s47531,Mia Clark,27,Female,Canada,12/19/2019,Free
s47532,Sophia Lewis,25,Female,India,10/5/2021,Yearly
s47533,Aanya Thomas,42,Female,USA,4/1/2021,Monthly
s47534,Meera Anderson,40,Female,India,11/12/2019,Free
s47535,Riya Singh,33,Male,Australia,3/24/2020,Free
s47536,Aanya Thomas,18,Female,UK,1/8/2022,Monthly
s47537,Vihaan Taylor,43,Female,Australia,11/6/2022,Monthly
s47538,Isabella Walker,30,Male,USA,12/8/2022,Free
s47539,Olivia Moore,20,Male,USA,9/16/2021,Monthly
s47540,Karan Patel,27,Male,Canada,6/14/2021,Yearly
s47541,Olivia Lee,23,Male,UK,2/26/2021,Yearly
s47542,Vihaan Thomas,46,Female,Germany,12/16/2022,Yearly
s47543,Isabella Moore,36,Female,Canada,11/23/2019,Free
s47544,Riya Moore,23,Female,Australia,10/4/2021,Yearly
s47545,Sophia Martin,36,Other,USA,1/2/2021,Yearly
s47546,Arjun Martin,30,Other,USA,7/15/2020,Monthly
s47547,Benjamin Martin,57,Female,USA,3/9/2022,Free
s47548,Emma Walker,24,Male,India,2/22/2022,Yearly
s47549,Sophia Miller,24,Other,UK,6/7/2021,Free
s47550,Aarav Verma,43,Male,USA,12/28/2021,Yearly
s47551,Benjamin Martin,38,Other,USA,6/8/2021,Yearly
s47552,Ethan Clark,18,Other,Australia,1/16/2020,Free
s47553,Arjun Taylor,41,Other,Germany,6/30/2020,Monthly
s47554,Aanya Singh,18,Other,USA,5/9/2019,Free
s47555,Meera Lee,44,Female,USA,11/27/2022,Monthly
s47556,Zara Lewis,22,Female,Australia,5/6/2020,Monthly
s47557,Olivia Martin,37,Female,Germany,5/15/2020,Free
s47558,Olivia Wilson,41,Male,India,1/6/2022,Monthly
s47559,Eva Martin,61,Male,Australia,5/1/2019,Yearly
s47560,Aarav Davis,30,Male,India,12/18/2021,Monthly
s47561,Olivia Smith,32,Male,USA,9/29/2021,Free
s47562,Benjamin Clark,26,Other,Germany,12/27/2022,Yearly
s47563,Arjun Johnson,37,Female,Germany,3/3/2019,Monthly
s47564,Zara Lee,27,Male,Australia,12/30/2021,Free
s47565,Ethan Walker,66,Male,India,9/11/2021,Yearly
s47566,Isabella Hall,27,Male,USA,12/17/2019,Yearly
s47567,Riya Taylor,27,Female,Canada,4/1/2019,Yearly
s47568,Ethan Hall,28,Other,USA,5/20/2019,Free
s47569,Aarav Verma,45,Male,India,6/16/2019,Yearly
s47570,Amelia Lee,24,Other,USA,4/1/2020,Monthly
s47571,Zara Taylor,49,Other,Germany,5/23/2021,Monthly
s47572,Benjamin Walker,51,Male,UK,5/6/2022,Free
s47573,Zara Johnson,34,Other,Canada,10/7/2022,Yearly
s47574,Noah Taylor,18,Male,USA,7/11/2019,Yearly
s47575,Amelia Martin,44,Other,Australia,3/18/2020,Yearly
s47576,Aanya Lee,28,Other,USA,12/26/2021,Monthly
s47577,Olivia Davis,19,Other,USA,6/29/2020,Free
s47578,Meera Clark,22,Other,USA,2/20/2020,Yearly
s47579,Riya Brown,43,Other,Australia,5/15/2020,Yearly
s47580,Karan Lee,46,Male,Germany,8/4/2020,Free
s47581,Karan Verma,28,Other,Germany,4/24/2022,Yearly
s47582,Lucas Singh,19,Other,Canada,11/12/2021,Free
s47583,Karan Sharma,48,Male,Germany,11/11/2021,Free
s47584,Emma Martin,18,Male,India,2/16/2020,Monthly
s47585,Vihaan Wilson,18,Other,India,10/2/2019,Yearly
s47586,Aarav Miller,26,Female,Australia,3/29/2020,Free
s47587,Olivia Walker,23,Other,UK,9/30/2022,Free
s47588,Noah Verma,23,Male,Australia,6/9/2019,Free
s47589,Sophia Sharma,24,Female,Germany,2/11/2019,Free
s47590,Isabella Verma,20,Male,UK,12/26/2022,Free
s47591,Riya Brown,26,Male,Australia,1/4/2019,Monthly
s47592,Olivia Miller,22,Other,Canada,11/18/2021,Yearly
s47593,Zara Hall,22,Male,India,5/29/2020,Free
s47594,Lucas Lee,30,Female,Canada,2/17/2019,Monthly
s47595,Ethan Anderson,27,Female,Germany,1/3/2021,Monthly
s47596,Lucas Clark,23,Male,UK,12/14/2020,Monthly
s47597,Sophia Martin,24,Other,Australia,2/1/2019,Yearly
s47598,Eva Brown,23,Other,India,5/18/2022,Free
s47599,Mia Lewis,23,Other,UK,5/7/2019,Monthly
s47600,Benjamin Lewis,25,Male,India,9/7/2022,Monthly
s47601,Arjun Walker,57,Female,Australia,2/18/2022,Yearly
s47602,Olivia Lee,40,Female,UK,7/24/2020,Yearly
s47603,Zara Martin,44,Female,India,11/6/2019,Yearly
s47604,Liam Brown,25,Other,UK,4/3/2020,Free
s47605,Ethan Thomas,30,Female,Australia,7/23/2020,Monthly
s47606,Meera Patel,19,Other,Germany,2/27/2019,Monthly
s47607,Emma Wilson,61,Male,India,9/6/2022,Free
s47608,Amelia Patel,26,Male,USA,1/23/2022,Monthly
s47609,Aanya Patel,43,Female,USA,4/13/2022,Free
s47610,Meera Smith,62,Male,Canada,6/28/2021,Yearly
s47611,Noah Singh,27,Male,UK,8/3/2022,Monthly
s47612,Aarav Davis,45,Other,Canada,10/23/2020,Free
s47613,Isabella Brown,38,Female,USA,4/29/2022,Free
s47614,Mia Moore,43,Male,USA,12/9/2022,Yearly
s47615,Vihaan Taylor,21,Male,Canada,4/24/2020,Free
s47616,Karan Miller,26,Male,UK,8/6/2022,Monthly
s47617,Noah Hall,26,Male,Australia,5/25/2020,Free
s47618,Ethan Walker,27,Male,India,4/27/2020,Yearly
s47619,Riya Moore,22,Male,Australia,1/17/2022,Free
s47620,Riya Brown,51,Female,Germany,2/8/2020,Yearly
s47621,Ethan Moore,26,Male,Germany,7/27/2021,Monthly
s47622,Emma Clark,18,Other,India,1/8/2020,Yearly
s47623,Lucas Taylor,31,Male,UK,6/30/2021,Monthly
s47624,Liam Lewis,48,Male,USA,4/17/2021,Yearly
s47625,Sophia Patel,33,Male,India,7/16/2019,Yearly
s47626,Lucas Smith,27,Female,Australia,10/5/2021,Free
s47627,Mia Hall,33,Female,UK,7/30/2021,Yearly
s47628,Mia Sharma,21,Other,Germany,10/4/2020,Free
s47629,Sophia Clark,19,Male,Australia,3/13/2019,Free
s47630,Vihaan Brown,33,Female,UK,7/12/2021,Monthly
s47631,Sophia Verma,46,Male,Australia,8/30/2021,Yearly
s47632,Meera Walker,43,Male,Germany,1/10/2020,Free
s47633,Liam Wilson,22,Male,India,9/28/2019,Monthly
s47634,Aanya Thomas,24,Male,UK,3/25/2019,Free
s47635,Lucas Moore,30,Female,USA,12/30/2020,Monthly
s47636,Arjun Hall,22,Female,Australia,6/9/2022,Monthly
s47637,Lucas Smith,30,Male,India,10/3/2020,Free
s47638,Aanya Lewis,24,Other,Canada,10/21/2020,Yearly
s47639,Ethan Thomas,18,Female,UK,2/26/2020,Yearly
s47640,Meera Martin,23,Male,Canada,10/3/2022,Monthly
s47641,Liam Davis,38,Other,India,11/19/2022,Yearly
s47642,Vihaan Verma,19,Male,India,11/23/2022,Free
s47643,Sophia Brown,20,Female,Germany,1/22/2022,Monthly
s47644,Meera Smith,62,Male,Australia,1/25/2019,Yearly
s47645,Lucas Davis,23,Other,UK,7/6/2022,Yearly
s47646,Meera Walker,42,Other,India,2/27/2021,Free
s47647,Riya Singh,18,Female,USA,5/26/2019,Monthly
s47648,Arjun Lewis,26,Female,Germany,12/27/2022,Free
s47649,Liam Clark,27,Male,Canada,11/13/2022,Yearly
s47650,Benjamin Lee,24,Male,Canada,8/16/2020,Yearly
s47651,Riya Lee,30,Other,Australia,1/29/2021,Monthly
s47652,Noah Moore,18,Female,Canada,5/19/2021,Free
s47653,Liam Verma,27,Female,Canada,5/26/2022,Monthly
s47654,Riya Clark,21,Male,Germany,12/11/2019,Free
s47655,Riya Anderson,39,Other,Germany,9/9/2019,Yearly
s47656,Karan Davis,33,Other,UK,5/24/2020,Monthly
s47657,Noah Wilson,18,Female,Canada,6/4/2022,Monthly
s47658,Ethan Lee,26,Other,Canada,2/5/2021,Monthly
s47659,Benjamin Lee,18,Male,USA,3/8/2022,Monthly
s47660,Vihaan Anderson,27,Female,UK,9/26/2021,Free
s47661,Emma Walker,23,Other,Germany,4/27/2022,Monthly
s47662,Liam Hall,24,Female,Germany,9/15/2021,Free
s47663,Eva Walker,20,Female,Australia,2/4/2021,Monthly
s47664,Olivia Clark,20,Other,India,12/11/2019,Yearly
s47665,Ethan Walker,25,Male,UK,8/17/2022,Yearly
s47666,Zara Anderson,23,Female,Germany,1/29/2019,Yearly
s47667,Eva Singh,47,Female,Germany,4/15/2022,Free
s47668,Meera Wilson,19,Male,Germany,7/16/2022,Free
s47669,Aarav Moore,51,Male,Australia,7/16/2022,Free
s47670,Zara Singh,20,Male,Canada,1/2/2021,Free
s47671,Karan Clark,44,Other,Canada,11/8/2020,Free
s47672,Meera Walker,22,Female,Australia,12/11/2019,Monthly
s47673,Meera Brown,18,Other,Canada,11/27/2019,Yearly
s47674,Eva Davis,18,Other,USA,1/28/2019,Yearly
s47675,Eva Smith,22,Male,Germany,5/29/2019,Monthly
s47676,Aanya Moore,32,Male,Australia,3/12/2020,Monthly
s47677,Arjun Taylor,21,Female,UK,6/6/2020,Free
s47678,Zara Martin,21,Male,India,1/11/2019,Free
s47679,Noah Smith,28,Female,India,4/13/2019,Monthly
s47680,Benjamin Verma,56,Other,Germany,10/23/2019,Free
s47681,Meera Sharma,32,Other,Australia,8/28/2020,Monthly
s47682,Vihaan Johnson,24,Other,Germany,12/31/2020,Yearly
s47683,Lucas Verma,21,Female,India,9/10/2020,Free
s47684,Lucas Miller,20,Female,Canada,3/11/2021,Yearly
s47685,Olivia Lewis,65,Male,Australia,1/26/2021,Monthly
s47686,Lucas Smith,21,Male,India,12/28/2020,Monthly
s47687,Liam Taylor,34,Male,Canada,5/24/2022,Free
s47688,Liam Sharma,20,Male,UK,5/30/2021,Monthly
s47689,Vihaan Brown,25,Male,UK,2/22/2022,Yearly
s47690,Noah Wilson,19,Male,Germany,1/12/2020,Yearly
s47691,Aarav Wilson,25,Female,Canada,10/27/2019,Yearly
s47692,Ethan Davis,27,Female,Canada,7/11/2019,Monthly
s47693,Amelia Davis,57,Other,Canada,10/4/2021,Yearly
s47694,Karan Miller,44,Female,Canada,9/10/2020,Yearly
s47695,Riya Patel,22,Other,USA,7/4/2020,Monthly
s47696,Emma Miller,36,Other,India,8/5/2022,Free
s47697,Olivia Davis,31,Female,UK,12/6/2021,Monthly
s47698,Olivia Verma,21,Female,India,2/17/2021,Free
s47699,Noah Sharma,33,Other,India,2/22/2020,Free
s47700,Noah Taylor,23,Male,USA,6/12/2021,Monthly
s47701,Mia Thomas,27,Other,UK,4/6/2019,Monthly
s47702,Noah Lee,38,Female,Australia,6/16/2020,Yearly
s47703,Amelia Johnson,66,Male,Canada,12/15/2021,Free
s47704,Sophia Lewis,58,Male,UK,3/16/2019,Free
s47705,Sophia Taylor,27,Other,Canada,4/11/2020,Free
s47706,Amelia Johnson,26,Male,USA,1/24/2020,Free
s47707,Mia Taylor,23,Male,USA,6/21/2020,Yearly
s47708,Aarav Lee,28,Other,Canada,4/8/2020,Free
s47709,Isabella Walker,26,Other,Australia,2/13/2021,Yearly
s47710,Vihaan Sharma,26,Male,Canada,2/2/2022,Free
s47711,Aanya Patel,46,Male,Australia,2/10/2021,Free
s47712,Liam Patel,22,Other,Australia,8/29/2019,Monthly
s47713,Mia Moore,24,Female,Australia,1/20/2022,Free
s47714,Olivia Sharma,35,Other,Canada,3/26/2021,Monthly
s47715,Aanya Martin,45,Male,India,6/29/2019,Yearly
s47716,Meera Anderson,18,Other,USA,5/19/2021,Yearly
s47717,Ethan Martin,21,Female,Germany,12/6/2021,Monthly
s47718,Eva Miller,24,Other,Canada,5/11/2019,Yearly
s47719,Karan Anderson,46,Other,Canada,6/5/2022,Free
s47720,Lucas Patel,38,Female,Canada,3/21/2019,Free
s47721,Benjamin Davis,26,Male,UK,3/20/2019,Monthly
s47722,Meera Brown,21,Male,Australia,3/4/2021,Free
s47723,Isabella Lee,25,Other,Canada,10/26/2019,Free
s47724,Olivia Smith,20,Female,USA,4/11/2022,Monthly
s47725,Zara Walker,18,Male,UK,6/9/2019,Monthly
s47726,Eva Johnson,65,Other,Germany,9/28/2020,Free
s47727,Benjamin Miller,19,Female,Canada,9/10/2020,Monthly
s47728,Vihaan Moore,31,Male,Germany,2/9/2019,Monthly
s47729,Riya Davis,33,Male,UK,8/13/2022,Yearly
s47730,Noah Brown,19,Female,India,12/28/2020,Monthly
s47731,Karan Thomas,23,Female,Germany,10/1/2019,Monthly
s47732,Aanya Thomas,64,Female,India,5/16/2022,Free
s47733,Mia Walker,27,Other,UK,4/16/2022,Free
s47734,Aanya Smith,23,Female,USA,8/2/2020,Free
s47735,Amelia Singh,27,Male,India,9/8/2021,Yearly
s47736,Meera Miller,27,Male,Australia,1/22/2020,Monthly
s47737,Aanya Verma,25,Other,India,6/11/2019,Yearly
s47738,Arjun Davis,27,Female,Germany,4/10/2019,Monthly
s47739,Olivia Taylor,18,Female,Canada,4/25/2020,Monthly
s47740,Benjamin Smith,25,Other,USA,7/3/2020,Yearly
s47741,Isabella Walker,21,Male,Canada,3/15/2022,Monthly
s47742,Arjun Moore,26,Male,USA,12/22/2020,Monthly
s47743,Riya Hall,55,Other,Canada,12/28/2020,Yearly
s47744,Zara Anderson,22,Female,Canada,12/29/2022,Monthly
s47745,Noah Moore,22,Other,India,7/11/2019,Free
s47746,Zara Verma,27,Female,Canada,5/24/2022,Yearly
s47747,Amelia Smith,62,Other,USA,3/8/2021,Yearly
s47748,Isabella Verma,67,Male,Canada,1/21/2021,Yearly
s47749,Isabella Smith,19,Male,Australia,8/15/2019,Yearly
s47750,Liam Lewis,21,Male,India,7/4/2022,Yearly
s47751,Liam Lee,35,Male,UK,9/4/2020,Free
s47752,Zara Anderson,55,Female,Australia,4/27/2022,Yearly
s47753,Lucas Lewis,25,Male,Canada,4/29/2019,Free
s47754,Aanya Davis,27,Male,Canada,3/25/2022,Yearly
s47755,Aanya Taylor,24,Female,Germany,2/14/2022,Free
s47756,Zara Walker,33,Other,Canada,2/22/2020,Monthly
s47757,Noah Patel,18,Female,USA,7/24/2019,Monthly
s47758,Karan Johnson,25,Male,Germany,8/10/2022,Free
s47759,Sophia Johnson,66,Female,Australia,7/17/2020,Yearly
s47760,Emma Verma,39,Other,Germany,6/5/2020,Monthly
s47761,Sophia Miller,27,Male,India,10/27/2019,Monthly
s47762,Noah Hall,39,Other,India,10/25/2021,Free
s47763,Vihaan Clark,19,Female,UK,4/18/2019,Monthly
s47764,Zara Sharma,36,Female,India,5/3/2022,Yearly
s47765,Ethan Clark,21,Female,Canada,4/15/2020,Free
s47766,Emma Thomas,29,Female,Canada,7/10/2020,Monthly
s47767,Amelia Singh,19,Male,USA,4/26/2020,Yearly
s47768,Benjamin Singh,24,Female,USA,1/16/2019,Free
s47769,Aanya Lee,34,Male,UK,4/6/2019,Free
s47770,Mia Lewis,26,Female,Canada,2/6/2022,Free
s47771,Ethan Brown,24,Male,Germany,10/11/2021,Yearly
s47772,Sophia Patel,48,Female,USA,11/27/2020,Monthly
s47773,Ethan Taylor,67,Other,UK,4/29/2020,Free
s47774,Sophia Taylor,23,Other,USA,8/14/2021,Yearly
s47775,Meera Clark,25,Female,Canada,9/14/2021,Monthly
s47776,Zara Brown,27,Other,Canada,4/20/2021,Yearly
s47777,Noah Miller,20,Female,USA,4/5/2021,Yearly
s47778,Eva Moore,27,Female,UK,10/2/2020,Monthly
s47779,Isabella Anderson,45,Female,Australia,2/17/2022,Free
s47780,Noah Brown,23,Female,Canada,8/16/2019,Monthly
s47781,Vihaan Martin,23,Other,India,7/30/2021,Free
s47782,Riya Wilson,27,Other,Canada,9/11/2021,Monthly
s47783,Zara Brown,20,Other,Germany,9/6/2022,Yearly
s47784,Zara Martin,48,Male,Canada,5/4/2019,Yearly
s47785,Zara Lewis,23,Female,Australia,1/4/2020,Monthly
s47786,Noah Verma,35,Other,UK,3/10/2022,Monthly
s47787,Noah Smith,26,Male,India,6/21/2022,Yearly
s47788,Lucas Lee,43,Male,Canada,11/28/2020,Yearly
s47789,Aarav Walker,47,Female,Germany,9/24/2021,Free
s47790,Vihaan Lewis,65,Male,Australia,1/22/2022,Monthly
s47791,Isabella Singh,21,Other,India,8/18/2022,Monthly
s47792,Aarav Johnson,28,Other,Germany,5/1/2021,Monthly
s47793,Sophia Patel,18,Other,UK,3/27/2022,Free
s47794,Noah Thomas,21,Other,Australia,6/15/2021,Monthly
s47795,Meera Lewis,19,Female,Canada,3/28/2019,Free
s47796,Amelia Lee,29,Male,Australia,1/15/2019,Free
s47797,Aarav Smith,21,Female,India,6/17/2022,Yearly
s47798,Karan Singh,26,Female,USA,5/25/2020,Monthly
s47799,Arjun Lee,50,Other,Germany,5/2/2020,Free
s47800,Benjamin Patel,44,Female,Canada,4/6/2021,Yearly
s47801,Vihaan Thomas,23,Female,Germany,9/2/2019,Free
s47802,Isabella Taylor,31,Other,India,2/3/2019,Yearly
s47803,Karan Sharma,22,Other,UK,7/6/2019,Monthly
s47804,Vihaan Johnson,19,Male,Canada,6/23/2019,Yearly
s47805,Sophia Verma,18,Female,Australia,4/22/2020,Yearly
s47806,Arjun Lewis,21,Male,Germany,6/23/2020,Yearly
s47807,Meera Walker,22,Other,USA,12/8/2021,Monthly
s47808,Lucas Patel,31,Other,Australia,1/28/2020,Free
s47809,Isabella Sharma,27,Other,Canada,8/23/2021,Monthly
s47810,Sophia Miller,23,Female,Canada,2/6/2021,Monthly
s47811,Sophia Martin,35,Other,Australia,7/29/2021,Yearly
s47812,Emma Verma,66,Female,USA,12/5/2019,Free
s47813,Benjamin Lewis,18,Other,Canada,11/25/2021,Monthly
s47814,Noah Verma,21,Other,Australia,11/30/2022,Monthly
s47815,Riya Verma,26,Female,Germany,3/21/2019,Monthly
s47816,Aanya Wilson,24,Female,Australia,9/5/2021,Free
s47817,Benjamin Thomas,27,Other,Germany,3/25/2021,Yearly
s47818,Liam Martin,27,Female,Australia,8/17/2019,Yearly
s47819,Eva Wilson,37,Other,Canada,2/12/2020,Monthly
s47820,Isabella Smith,19,Male,India,10/1/2022,Yearly
s47821,Isabella Patel,18,Female,USA,6/21/2019,Free
s47822,Riya Clark,25,Female,Australia,4/13/2022,Free
s47823,Noah Johnson,37,Female,Germany,4/11/2020,Monthly
s47824,Aarav Patel,54,Other,Canada,1/18/2022,Yearly
s47825,Aanya Wilson,24,Male,Germany,11/10/2019,Monthly
s47826,Noah Martin,42,Male,Germany,4/6/2020,Monthly
s47827,Benjamin Davis,19,Female,UK,4/1/2019,Yearly
s47828,Meera Johnson,18,Other,India,5/27/2022,Yearly
s47829,Noah Patel,19,Female,UK,7/29/2022,Yearly
s47830,Meera Lee,53,Female,Australia,9/2/2022,Yearly
s47831,Riya Hall,27,Female,USA,8/20/2019,Yearly
s47832,Noah Verma,43,Female,Canada,3/1/2020,Yearly
s47833,Karan Walker,52,Male,Canada,8/8/2021,Yearly
s47834,Arjun Wilson,18,Other,India,9/23/2020,Monthly
s47835,Olivia Walker,25,Male,UK,6/30/2019,Yearly
s47836,Meera Walker,19,Male,India,9/30/2020,Free
s47837,Zara Walker,39,Male,Canada,10/6/2019,Yearly
s47838,Olivia Verma,20,Other,India,8/12/2020,Monthly
s47839,Arjun Taylor,40,Female,UK,7/18/2022,Monthly
s47840,Lucas Martin,20,Other,USA,7/24/2020,Monthly
s47841,Mia Hall,18,Female,UK,3/4/2021,Monthly
s47842,Aarav Lewis,34,Male,UK,5/23/2022,Monthly
s47843,Benjamin Sharma,31,Other,Australia,1/11/2019,Monthly
s47844,Arjun Sharma,38,Male,Germany,6/29/2021,Yearly
s47845,Meera Singh,22,Female,UK,10/13/2019,Free
s47846,Olivia Lee,43,Other,India,10/22/2020,Monthly
s47847,Vihaan Thomas,29,Male,Germany,9/30/2020,Free
s47848,Emma Wilson,21,Male,USA,8/9/2019,Free
s47849,Olivia Patel,34,Other,India,12/13/2020,Monthly
s47850,Meera Singh,30,Other,UK,2/23/2022,Monthly
s47851,Aarav Davis,25,Female,Australia,6/9/2021,Yearly
s47852,Liam Davis,51,Female,Germany,1/7/2020,Monthly
s47853,Meera Smith,52,Other,Australia,11/26/2022,Yearly
s47854,Ethan Johnson,26,Male,Germany,12/24/2021,Free
s47855,Meera Hall,27,Female,Canada,9/14/2022,Monthly
s47856,Lucas Singh,25,Male,Australia,6/16/2022,Yearly
s47857,Sophia Patel,19,Male,Australia,7/5/2019,Yearly
s47858,Karan Lewis,23,Male,Germany,3/23/2022,Monthly
s47859,Lucas Verma,18,Female,Australia,1/6/2019,Yearly
s47860,Noah Johnson,27,Male,USA,7/12/2022,Yearly
s47861,Benjamin Sharma,20,Male,India,5/10/2021,Yearly
s47862,Eva Miller,23,Male,Germany,7/14/2021,Monthly
s47863,Benjamin Moore,27,Female,UK,2/11/2019,Monthly
s47864,Karan Taylor,18,Other,Australia,11/10/2021,Monthly
s47865,Emma Singh,22,Male,Canada,5/6/2020,Monthly
s47866,Mia Johnson,29,Female,Australia,3/13/2022,Yearly
s47867,Noah Moore,27,Female,Australia,2/4/2020,Free
s47868,Sophia Miller,27,Other,Germany,7/15/2022,Free
s47869,Mia Wilson,60,Female,Canada,8/2/2019,Yearly
s47870,Emma Verma,22,Other,USA,10/8/2020,Yearly
s47871,Mia Sharma,25,Other,Germany,11/30/2019,Yearly
s47872,Aarav Patel,38,Other,UK,1/1/2022,Free
s47873,Lucas Lee,34,Other,USA,12/6/2019,Free
s47874,Riya Davis,27,Other,India,1/11/2022,Monthly
s47875,Liam Clark,22,Female,UK,10/22/2020,Monthly
s47876,Lucas Patel,36,Other,India,1/18/2021,Monthly
s47877,Mia Johnson,23,Male,Australia,1/25/2019,Yearly
s47878,Ethan Clark,57,Other,Australia,3/22/2019,Monthly
s47879,Amelia Davis,22,Other,Germany,5/1/2022,Monthly
s47880,Olivia Johnson,26,Other,India,5/2/2022,Free
s47881,Ethan Martin,18,Female,India,3/8/2021,Yearly
s47882,Karan Miller,61,Female,India,8/7/2020,Free
s47883,Lucas Singh,62,Other,USA,4/22/2022,Monthly
s47884,Ethan Martin,22,Other,Canada,10/25/2021,Yearly
s47885,Noah Clark,37,Female,Canada,3/31/2022,Free
s47886,Liam Lewis,18,Female,Germany,10/19/2021,Free
s47887,Karan Brown,21,Other,Germany,5/18/2019,Monthly
s47888,Ethan Patel,22,Other,Australia,5/22/2021,Yearly
s47889,Eva Thomas,47,Other,UK,6/8/2022,Monthly
s47890,Eva Singh,25,Female,Canada,12/8/2019,Free
s47891,Eva Lee,49,Male,Australia,5/17/2021,Monthly
s47892,Sophia Thomas,31,Female,UK,8/29/2021,Free
s47893,Vihaan Miller,62,Female,UK,6/8/2020,Yearly
s47894,Karan Thomas,60,Other,USA,8/26/2019,Yearly
s47895,Isabella Miller,27,Male,Australia,8/22/2020,Monthly
s47896,Liam Johnson,43,Male,USA,6/8/2022,Free
s47897,Karan Singh,43,Male,Germany,8/17/2022,Yearly
s47898,Riya Clark,22,Male,India,6/28/2022,Monthly
s47899,Karan Sharma,24,Other,Germany,6/11/2019,Monthly
s47900,Karan Wilson,21,Other,Canada,7/8/2020,Yearly
s47901,Mia Johnson,24,Other,Germany,9/10/2022,Monthly
s47902,Zara Smith,26,Male,USA,11/24/2021,Free
s47903,Eva Lewis,23,Female,Canada,1/9/2019,Free
s47904,Benjamin Clark,45,Female,USA,7/3/2022,Yearly
s47905,Ethan Hall,25,Male,Germany,2/12/2021,Monthly
s47906,Emma Lewis,26,Other,India,1/29/2022,Free
s47907,Meera Smith,26,Other,Australia,7/14/2022,Yearly
s47908,Karan Sharma,63,Female,India,4/8/2019,Monthly
s47909,Vihaan Singh,27,Female,UK,6/10/2022,Monthly
s47910,Eva Lee,19,Male,USA,1/28/2021,Yearly
s47911,Sophia Walker,23,Male,India,12/24/2020,Free
s47912,Arjun Anderson,20,Female,India,4/17/2019,Monthly
s47913,Isabella Martin,24,Other,UK,1/24/2019,Yearly
s47914,Noah Smith,20,Female,Canada,6/3/2022,Free
s47915,Riya Patel,25,Other,UK,9/15/2021,Yearly
s47916,Aanya Clark,45,Other,Australia,11/15/2019,Monthly
s47917,Benjamin Moore,18,Female,Germany,8/23/2022,Monthly
s47918,Eva Lewis,18,Male,Australia,1/16/2019,Yearly
s47919,Riya Davis,23,Female,India,7/30/2019,Free
s47920,Lucas Patel,26,Other,India,12/20/2019,Yearly
s47921,Isabella Martin,62,Male,India,2/10/2022,Free
s47922,Aanya Patel,37,Other,Germany,11/8/2020,Yearly
s47923,Benjamin Taylor,19,Male,Germany,12/9/2022,Monthly
s47924,Aarav Anderson,22,Other,UK,5/15/2021,Monthly
s47925,Karan Moore,27,Male,Germany,3/17/2022,Yearly
s47926,Noah Martin,25,Other,Canada,12/29/2019,Free
s47927,Riya Davis,58,Female,Canada,4/14/2019,Free
s47928,Olivia Martin,29,Other,India,11/4/2019,Yearly
s47929,Amelia Moore,42,Other,USA,10/13/2019,Free
s47930,Sophia Moore,22,Other,India,9/3/2020,Monthly
s47931,Benjamin Brown,57,Female,UK,3/22/2022,Free
s47932,Meera Miller,19,Male,India,5/19/2020,Yearly
s47933,Liam Clark,35,Male,UK,12/14/2019,Monthly
s47934,Ethan Miller,19,Other,Canada,10/31/2022,Monthly
s47935,Olivia Hall,25,Male,India,10/14/2021,Yearly
s47936,Aarav Lewis,31,Female,UK,5/10/2019,Yearly
s47937,Sophia Thomas,24,Female,UK,7/11/2019,Monthly
s47938,Emma Lee,40,Female,USA,11/13/2019,Yearly
s47939,Amelia Martin,23,Female,UK,4/21/2020,Free
s47940,Lucas Anderson,22,Male,UK,11/1/2019,Free
s47941,Noah Sharma,35,Female,Canada,11/15/2022,Monthly
s47942,Emma Davis,23,Male,UK,10/11/2019,Monthly
s47943,Karan Moore,59,Other,USA,10/10/2019,Free
s47944,Vihaan Brown,19,Male,USA,2/6/2020,Monthly
s47945,Aarav Miller,33,Female,Australia,6/16/2021,Yearly
s47946,Aanya Clark,27,Male,Canada,8/22/2019,Monthly
s47947,Lucas Clark,26,Male,Australia,1/10/2020,Monthly
s47948,Arjun Anderson,65,Male,India,12/21/2021,Free
s47949,Karan Wilson,26,Other,Australia,9/2/2022,Monthly
s47950,Vihaan Johnson,27,Male,Germany,3/20/2022,Free
s47951,Ethan Singh,26,Female,India,7/5/2021,Free
s47952,Eva Brown,45,Male,Australia,10/14/2019,Yearly
s47953,Ethan Wilson,34,Female,UK,4/22/2022,Free
s47954,Ethan Singh,20,Female,India,10/24/2021,Yearly
s47955,Sophia Verma,44,Male,India,2/23/2021,Yearly
s47956,Karan Taylor,24,Male,USA,3/8/2019,Monthly
s47957,Aarav Wilson,18,Male,UK,5/3/2019,Free
s47958,Liam Thomas,27,Male,UK,6/17/2021,Free
s47959,Arjun Brown,61,Female,Germany,10/20/2022,Free
s47960,Mia Johnson,61,Other,India,8/8/2022,Free
s47961,Isabella Taylor,26,Other,Canada,7/13/2022,Monthly
s47962,Zara Sharma,43,Other,UK,8/7/2020,Monthly
s47963,Arjun Martin,26,Other,UK,8/24/2020,Monthly
s47964,Aanya Walker,48,Female,Germany,12/22/2022,Monthly
s47965,Amelia Miller,27,Other,Canada,10/20/2021,Monthly
s47966,Sophia Walker,25,Male,Australia,11/10/2021,Monthly
s47967,Amelia Singh,42,Other,UK,9/2/2020,Free
s47968,Vihaan Moore,53,Male,Australia,12/5/2020,Monthly
s47969,Eva Martin,21,Male,India,10/3/2022,Free
s47970,Meera Brown,27,Female,India,8/19/2022,Yearly
s47971,Riya Patel,29,Female,UK,4/30/2019,Monthly
s47972,Sophia Taylor,23,Other,Canada,4/25/2020,Free
s47973,Emma Miller,45,Other,Germany,4/13/2021,Free
s47974,Mia Singh,31,Female,Australia,8/7/2019,Monthly
s47975,Sophia Lewis,18,Female,Germany,7/19/2019,Monthly
s47976,Noah Verma,45,Female,Germany,2/12/2020,Monthly
s47977,Aarav Thomas,38,Male,Australia,8/29/2022,Monthly
s47978,Lucas Verma,20,Male,Germany,1/21/2020,Monthly
s47979,Sophia Clark,22,Female,Australia,3/24/2021,Monthly
s47980,Aanya Wilson,36,Female,Australia,5/16/2020,Monthly
s47981,Zara Lewis,31,Male,UK,10/29/2019,Yearly
s47982,Liam Lewis,44,Male,India,2/23/2019,Monthly
s47983,Meera Hall,18,Male,USA,2/2/2019,Free
s47984,Eva Clark,63,Male,USA,7/7/2020,Free
s47985,Liam Brown,44,Male,UK,10/23/2020,Monthly
s47986,Arjun Sharma,61,Male,Canada,12/21/2021,Free
s47987,Vihaan Thomas,23,Female,USA,9/1/2022,Free
s47988,Vihaan Clark,66,Male,Canada,5/11/2019,Yearly
s47989,Noah Miller,20,Male,Germany,3/2/2022,Free
s47990,Zara Johnson,61,Male,India,1/11/2022,Monthly
s47991,Meera Martin,26,Female,UK,2/5/2022,Free
s47992,Eva Lewis,22,Male,Canada,9/27/2021,Monthly
s47993,Mia Anderson,41,Other,UK,4/25/2019,Yearly
s47994,Karan Lewis,39,Female,Germany,5/12/2021,Yearly
s47995,Isabella Sharma,21,Male,UK,3/28/2021,Free
s47996,Aarav Patel,21,Male,UK,8/30/2022,Monthly
s47997,Riya Verma,22,Other,India,8/23/2019,Monthly
s47998,Arjun Davis,27,Other,USA,7/7/2020,Yearly
s47999,Vihaan Sharma,58,Other,USA,4/17/2021,Free
s48000,Noah Smith,22,Female,Germany,1/24/2019,Monthly
s48001,Arjun Anderson,40,Other,USA,2/13/2022,Monthly
s48002,Lucas Smith,27,Female,India,10/15/2022,Free
s48003,Amelia Smith,33,Female,UK,2/3/2019,Yearly
s48004,Aarav Wilson,19,Female,UK,4/16/2021,Yearly
s48005,Eva Lee,34,Male,Australia,7/5/2019,Yearly
s48006,Emma Lewis,27,Female,India,6/19/2022,Monthly
s48007,Mia Anderson,18,Male,USA,9/30/2020,Yearly
s48008,Zara Sharma,47,Other,Australia,9/15/2021,Free
s48009,Riya Singh,26,Other,Australia,9/20/2021,Free
s48010,Zara Singh,55,Female,Canada,3/30/2021,Free
s48011,Riya Taylor,20,Female,UK,11/29/2020,Monthly
s48012,Liam Lee,37,Male,India,12/20/2021,Free
s48013,Zara Patel,24,Female,USA,11/6/2020,Yearly
s48014,Karan Thomas,19,Female,Germany,6/8/2019,Yearly
s48015,Isabella Martin,58,Other,Australia,4/13/2019,Monthly
s48016,Zara Lee,39,Male,India,10/27/2022,Yearly
s48017,Olivia Wilson,23,Male,Germany,7/24/2022,Free
s48018,Olivia Taylor,23,Female,Australia,11/23/2019,Monthly
s48019,Arjun Moore,33,Other,Australia,12/24/2021,Free
s48020,Arjun Miller,44,Female,USA,3/12/2020,Yearly
s48021,Sophia Lewis,53,Other,UK,6/3/2019,Yearly
s48022,Zara Hall,27,Female,UK,8/5/2021,Yearly
s48023,Amelia Wilson,33,Male,Australia,9/4/2020,Free
s48024,Emma Taylor,33,Female,UK,1/28/2019,Yearly
s48025,Sophia Clark,24,Female,Canada,7/25/2020,Yearly
s48026,Benjamin Verma,21,Female,Germany,8/3/2019,Free
s48027,Benjamin Hall,26,Other,India,12/5/2020,Free
s48028,Liam Hall,20,Male,Australia,6/11/2021,Yearly
s48029,Zara Taylor,27,Female,India,8/6/2020,Yearly
s48030,Lucas Walker,60,Male,Germany,1/23/2022,Free
s48031,Sophia Johnson,19,Male,Canada,1/1/2022,Yearly
s48032,Liam Wilson,25,Male,USA,5/25/2019,Monthly
s48033,Benjamin Hall,21,Female,USA,2/23/2022,Free
s48034,Meera Hall,27,Male,UK,8/29/2019,Free
s48035,Aarav Miller,44,Female,UK,4/9/2022,Yearly
s48036,Liam Thomas,38,Male,Germany,10/7/2020,Monthly
s48037,Benjamin Smith,27,Female,USA,10/14/2019,Yearly
s48038,Isabella Johnson,47,Female,Australia,1/27/2022,Yearly
s48039,Amelia Brown,21,Male,Australia,9/28/2019,Monthly
s48040,Noah Brown,33,Male,USA,5/28/2019,Free
s48041,Riya Singh,41,Other,Canada,3/26/2022,Monthly
s48042,Liam Sharma,18,Other,UK,7/17/2020,Yearly
s48043,Olivia Wilson,27,Other,USA,7/24/2022,Free
s48044,Arjun Martin,22,Male,Canada,10/2/2021,Monthly
s48045,Benjamin Taylor,54,Other,UK,5/16/2019,Free
s48046,Olivia Verma,25,Other,Australia,2/19/2020,Yearly
s48047,Riya Walker,53,Male,Australia,8/23/2022,Monthly
s48048,Aanya Lewis,26,Female,Germany,9/21/2022,Monthly
s48049,Sophia Singh,21,Male,Australia,7/23/2019,Monthly
s48050,Aarav Singh,20,Male,UK,4/9/2020,Monthly
s48051,Ethan Hall,43,Female,UK,5/5/2021,Monthly
s48052,Isabella Wilson,27,Male,India,5/24/2022,Yearly
s48053,Olivia Taylor,20,Male,UK,10/20/2022,Monthly
s48054,Mia Singh,23,Other,Australia,6/2/2021,Free
s48055,Arjun Hall,23,Female,Canada,12/13/2022,Free
s48056,Ethan Lewis,18,Other,UK,7/21/2021,Monthly
s48057,Karan Lewis,21,Other,Australia,3/18/2020,Monthly
s48058,Amelia Brown,27,Male,Canada,8/26/2020,Yearly
s48059,Noah Martin,23,Male,UK,1/11/2020,Yearly
s48060,Noah Davis,21,Other,India,11/12/2021,Yearly
s48061,Liam Johnson,53,Other,UK,7/6/2019,Monthly
s48062,Zara Moore,26,Male,Canada,12/6/2019,Free
s48063,Benjamin Clark,39,Male,Germany,9/3/2021,Free
s48064,Mia Patel,25,Male,Canada,1/5/2019,Yearly
s48065,Aanya Miller,19,Male,Germany,11/15/2022,Free
s48066,Olivia Moore,22,Male,Australia,4/21/2019,Yearly
s48067,Aarav Johnson,27,Male,USA,5/2/2022,Monthly
s48068,Zara Anderson,31,Male,Germany,11/7/2022,Monthly
s48069,Amelia Wilson,22,Female,Australia,3/29/2019,Free
s48070,Eva Patel,59,Male,USA,7/28/2019,Monthly
s48071,Aanya Singh,21,Male,USA,9/15/2021,Free
s48072,Aanya Verma,25,Other,USA,1/16/2022,Monthly
s48073,Aarav Thomas,44,Female,Germany,12/21/2022,Yearly
s48074,Amelia Johnson,23,Male,Australia,12/20/2019,Free
s48075,Liam Hall,23,Female,UK,8/5/2022,Monthly
s48076,Sophia Wilson,24,Female,Canada,6/21/2019,Monthly
s48077,Vihaan Singh,20,Other,UK,12/10/2020,Yearly
s48078,Liam Wilson,63,Male,USA,6/1/2022,Yearly
s48079,Karan Brown,27,Female,USA,12/2/2021,Free
s48080,Riya Johnson,28,Female,India,4/19/2022,Yearly
s48081,Vihaan Hall,19,Female,USA,10/26/2019,Monthly
s48082,Riya Smith,28,Other,USA,6/3/2019,Monthly
s48083,Ethan Walker,20,Male,USA,7/9/2022,Free
s48084,Meera Singh,27,Other,Australia,7/19/2022,Yearly
s48085,Arjun Miller,24,Female,Germany,7/27/2022,Free
s48086,Mia Hall,22,Male,Germany,9/22/2019,Monthly
s48087,Liam Anderson,49,Male,India,7/3/2020,Free
s48088,Zara Taylor,43,Female,UK,10/12/2019,Monthly
s48089,Vihaan Lee,44,Male,UK,9/6/2020,Yearly
s48090,Ethan Singh,38,Other,Canada,9/29/2022,Monthly
s48091,Aanya Davis,20,Female,Canada,10/26/2020,Yearly
s48092,Aarav Sharma,25,Other,Germany,12/25/2022,Yearly
s48093,Aanya Lee,35,Other,India,5/20/2021,Yearly
s48094,Sophia Sharma,20,Male,Australia,1/17/2019,Monthly
s48095,Arjun Lee,31,Other,Australia,10/11/2021,Yearly
s48096,Lucas Smith,23,Other,Germany,5/3/2019,Free
s48097,Arjun Taylor,41,Female,Germany,4/14/2022,Monthly
s48098,Sophia Patel,19,Female,USA,5/31/2021,Yearly
s48099,Lucas Lee,42,Female,India,9/29/2020,Monthly
s48100,Lucas Singh,18,Other,Germany,4/28/2022,Monthly
s48101,Noah Johnson,21,Other,USA,5/18/2021,Yearly
s48102,Benjamin Wilson,18,Female,USA,11/6/2021,Yearly
s48103,Aarav Singh,44,Female,Germany,4/14/2022,Free
s48104,Lucas Singh,46,Other,Germany,2/26/2021,Monthly
s48105,Amelia Hall,19,Male,UK,6/11/2019,Monthly
s48106,Karan Clark,26,Female,UK,5/25/2021,Monthly
s48107,Olivia Thomas,34,Female,USA,9/17/2022,Yearly
s48108,Isabella Brown,25,Male,Germany,3/18/2021,Yearly
s48109,Ethan Thomas,23,Female,USA,4/11/2022,Free
s48110,Sophia Hall,25,Male,UK,3/30/2022,Yearly
s48111,Isabella Hall,20,Male,UK,5/12/2021,Monthly
s48112,Aarav Anderson,23,Male,USA,10/18/2019,Free
s48113,Emma Brown,27,Female,Germany,4/13/2019,Yearly
s48114,Mia Lee,40,Female,UK,12/24/2021,Free
s48115,Aarav Miller,20,Other,Australia,2/24/2020,Free
s48116,Riya Walker,44,Female,Canada,2/3/2022,Monthly
s48117,Eva Patel,52,Other,USA,6/27/2021,Monthly
s48118,Olivia Brown,21,Female,Germany,6/4/2019,Yearly
s48119,Meera Hall,18,Other,USA,3/5/2022,Free
s48120,Aarav Moore,46,Male,Germany,1/9/2019,Yearly
s48121,Amelia Sharma,65,Other,USA,7/17/2020,Free
s48122,Riya Taylor,39,Male,USA,11/24/2020,Free
s48123,Mia Hall,21,Female,Germany,7/2/2021,Monthly
s48124,Arjun Anderson,26,Male,India,12/30/2021,Yearly
s48125,Vihaan Lewis,26,Female,USA,10/28/2022,Yearly
s48126,Karan Singh,21,Male,UK,2/17/2022,Free
s48127,Aanya Moore,23,Female,UK,7/14/2022,Monthly
s48128,Ethan Miller,23,Other,Canada,11/25/2022,Free
s48129,Meera Verma,63,Male,Australia,3/17/2022,Free
s48130,Eva Patel,20,Other,Canada,4/24/2020,Free
s48131,Isabella Clark,39,Male,UK,1/29/2019,Free
s48132,Riya Clark,22,Other,USA,4/3/2019,Free
s48133,Noah Smith,21,Female,Canada,8/26/2022,Monthly
s48134,Zara Hall,29,Male,Australia,11/7/2022,Monthly
s48135,Benjamin Taylor,24,Male,Canada,11/14/2021,Monthly
s48136,Zara Smith,27,Other,India,5/5/2022,Yearly
s48137,Olivia Verma,22,Other,Australia,8/18/2021,Monthly
s48138,Karan Anderson,18,Female,Germany,7/12/2020,Yearly
s48139,Meera Thomas,23,Male,UK,11/9/2021,Yearly
s48140,Sophia Smith,27,Female,India,6/11/2022,Free
s48141,Eva Johnson,22,Female,Canada,1/15/2020,Yearly
s48142,Benjamin Smith,21,Male,Australia,1/29/2022,Yearly
s48143,Noah Wilson,19,Female,Canada,10/15/2021,Yearly
s48144,Lucas Hall,28,Female,India,10/10/2021,Monthly
s48145,Noah Lewis,21,Female,India,9/22/2022,Yearly
s48146,Amelia Patel,18,Male,USA,8/13/2021,Yearly
s48147,Sophia Singh,24,Female,UK,6/10/2022,Free
s48148,Zara Johnson,33,Male,Canada,1/11/2022,Free
s48149,Mia Martin,24,Other,USA,2/4/2020,Yearly
s48150,Zara Verma,25,Male,Canada,1/28/2019,Free
s48151,Meera Walker,20,Female,Germany,10/5/2021,Monthly
s48152,Riya Anderson,22,Male,UK,1/31/2021,Monthly
s48153,Arjun Singh,22,Female,Australia,4/23/2021,Yearly
s48154,Aarav Johnson,26,Other,India,3/9/2020,Yearly
s48155,Eva Taylor,26,Female,Australia,1/21/2022,Free
s48156,Olivia Taylor,37,Male,UK,3/5/2022,Monthly
s48157,Liam Thomas,18,Other,USA,1/13/2021,Free
s48158,Riya Miller,24,Other,Australia,4/6/2020,Yearly
s48159,Isabella Walker,26,Other,Australia,12/26/2022,Yearly
s48160,Eva Lee,25,Female,Australia,4/14/2022,Yearly
s48161,Arjun Verma,22,Male,USA,8/15/2021,Free
s48162,Aarav Wilson,20,Other,Germany,10/31/2019,Monthly
s48163,Karan Davis,45,Female,Germany,1/4/2022,Free
s48164,Riya Anderson,29,Male,Australia,10/29/2020,Yearly
s48165,Ethan Verma,27,Male,UK,8/26/2019,Monthly
s48166,Eva Patel,24,Female,UK,5/10/2020,Monthly
s48167,Liam Sharma,20,Male,Australia,9/6/2019,Yearly
s48168,Ethan Martin,26,Female,Germany,2/11/2020,Free
s48169,Liam Moore,37,Female,Canada,2/24/2019,Free
s48170,Vihaan Wilson,22,Male,India,7/10/2021,Monthly
s48171,Meera Anderson,38,Male,Canada,3/26/2020,Yearly
s48172,Ethan Taylor,25,Female,UK,2/6/2019,Free
s48173,Ethan Hall,58,Other,UK,11/14/2022,Free
s48174,Aanya Smith,22,Male,USA,2/4/2019,Free
s48175,Zara Lee,22,Male,USA,1/8/2022,Free
s48176,Zara Lee,46,Male,UK,3/21/2021,Free
s48177,Isabella Davis,27,Male,USA,12/24/2019,Yearly
s48178,Vihaan Singh,42,Other,Germany,7/23/2021,Free
s48179,Arjun Walker,22,Male,Australia,9/23/2019,Yearly
s48180,Riya Hall,22,Other,USA,6/2/2019,Yearly
s48181,Riya Patel,34,Female,India,10/16/2019,Free
s48182,Lucas Thomas,25,Male,UK,3/14/2019,Free
s48183,Aarav Davis,39,Other,Australia,7/25/2022,Free
s48184,Ethan Clark,44,Other,India,1/9/2019,Yearly
s48185,Riya Martin,21,Female,Australia,10/14/2019,Free
s48186,Isabella Sharma,25,Female,India,9/6/2019,Yearly
s48187,Isabella Lee,21,Female,Germany,7/26/2020,Yearly
s48188,Ethan Miller,18,Female,Canada,2/21/2022,Monthly
s48189,Aarav Thomas,26,Male,USA,6/13/2022,Monthly
s48190,Liam Singh,23,Male,Canada,10/20/2022,Yearly
s48191,Arjun Lee,21,Male,USA,1/30/2021,Monthly
s48192,Noah Clark,38,Male,Australia,1/20/2021,Free
s48193,Benjamin Thomas,25,Male,Canada,10/24/2019,Yearly
s48194,Mia Singh,23,Other,USA,5/19/2021,Monthly
s48195,Riya Sharma,46,Female,India,8/28/2021,Monthly
s48196,Lucas Davis,34,Female,UK,1/27/2022,Yearly
s48197,Amelia Sharma,18,Female,UK,3/9/2021,Yearly
s48198,Vihaan Martin,18,Male,Germany,5/6/2019,Monthly
s48199,Benjamin Sharma,25,Female,UK,3/2/2022,Monthly
s48200,Mia Verma,53,Male,Germany,12/25/2019,Monthly
s48201,Amelia Anderson,20,Other,Germany,1/27/2019,Monthly
s48202,Eva Thomas,20,Male,UK,12/28/2020,Free
s48203,Sophia Lewis,27,Female,UK,4/13/2022,Free
s48204,Ethan Sharma,43,Female,USA,3/8/2019,Yearly
s48205,Amelia Miller,29,Other,Germany,6/14/2022,Free
s48206,Amelia Wilson,20,Male,UK,1/22/2019,Yearly
s48207,Amelia Brown,34,Male,Australia,1/28/2022,Yearly
s48208,Noah Wilson,34,Male,India,12/6/2019,Monthly
s48209,Mia Anderson,35,Female,Australia,8/31/2020,Monthly
s48210,Amelia Smith,37,Female,Germany,12/18/2019,Free
s48211,Aarav Smith,41,Female,Canada,2/27/2019,Free
s48212,Eva Moore,22,Female,USA,4/14/2021,Monthly
s48213,Karan Lee,22,Female,Australia,11/13/2021,Monthly
s48214,Vihaan Anderson,27,Male,Canada,1/25/2022,Free
s48215,Benjamin Anderson,30,Female,Australia,5/11/2022,Monthly
s48216,Arjun Anderson,19,Female,USA,7/17/2021,Free
s48217,Olivia Wilson,21,Female,Germany,7/13/2019,Free
s48218,Aarav Brown,36,Female,UK,6/10/2022,Yearly
s48219,Riya Johnson,18,Other,USA,4/6/2021,Monthly
s48220,Liam Lee,33,Female,UK,7/4/2019,Yearly
s48221,Aanya Davis,43,Female,Canada,1/19/2020,Monthly
s48222,Emma Lewis,24,Female,Canada,5/7/2019,Yearly
s48223,Sophia Walker,18,Female,India,4/17/2022,Monthly
s48224,Isabella Sharma,27,Other,India,2/12/2019,Free
s48225,Ethan Patel,31,Male,UK,2/4/2022,Free
s48226,Vihaan Davis,19,Male,Australia,5/4/2022,Free
s48227,Arjun Brown,20,Male,USA,9/13/2019,Monthly
s48228,Amelia Walker,25,Male,UK,10/4/2020,Yearly
s48229,Liam Verma,53,Male,USA,8/27/2019,Yearly
s48230,Ethan Taylor,59,Female,Germany,1/16/2020,Monthly
s48231,Benjamin Moore,26,Other,India,11/13/2021,Monthly
s48232,Ethan Davis,52,Male,India,6/1/2019,Yearly
s48233,Arjun Smith,20,Female,UK,9/18/2021,Monthly
s48234,Sophia Martin,27,Other,UK,5/8/2020,Monthly
s48235,Zara Martin,41,Other,Canada,2/22/2021,Monthly
s48236,Karan Lee,27,Other,India,1/18/2020,Yearly
s48237,Arjun Brown,20,Female,Germany,7/26/2019,Free
s48238,Lucas Clark,41,Female,Germany,8/28/2021,Yearly
s48239,Lucas Wilson,21,Male,USA,4/20/2019,Free
s48240,Riya Taylor,25,Other,UK,7/31/2020,Yearly
s48241,Liam Verma,24,Other,UK,5/26/2020,Free
s48242,Benjamin Verma,24,Female,USA,5/31/2019,Monthly
s48243,Vihaan Thomas,67,Other,India,6/15/2021,Free
s48244,Emma Clark,26,Female,Australia,10/16/2020,Free
s48245,Liam Lewis,25,Female,Canada,10/28/2020,Yearly
s48246,Benjamin Johnson,27,Male,Germany,11/14/2021,Yearly
s48247,Riya Taylor,51,Female,Australia,11/28/2022,Free
s48248,Amelia Brown,61,Male,India,12/23/2019,Free
s48249,Meera Martin,44,Other,Germany,5/30/2020,Free
s48250,Noah Taylor,42,Other,Germany,10/10/2022,Free
s48251,Vihaan Verma,30,Other,Germany,1/28/2022,Free
s48252,Riya Smith,27,Female,UK,9/17/2022,Free
s48253,Meera Patel,27,Female,Germany,11/13/2021,Free
s48254,Sophia Walker,24,Male,India,11/27/2019,Free
s48255,Karan Moore,21,Other,Germany,12/2/2019,Yearly
s48256,Vihaan Taylor,18,Other,UK,8/17/2021,Monthly
s48257,Aanya Brown,18,Other,USA,5/4/2019,Monthly
s48258,Aarav Martin,26,Other,Canada,1/30/2021,Yearly
s48259,Isabella Lee,18,Other,India,11/12/2020,Free
s48260,Mia Thomas,40,Male,Canada,7/27/2020,Yearly
s48261,Emma Martin,18,Other,USA,11/18/2019,Yearly
s48262,Ethan Moore,39,Male,India,7/7/2022,Monthly
s48263,Noah Hall,23,Male,India,4/3/2020,Free
s48264,Benjamin Anderson,21,Female,Canada,5/24/2022,Yearly
s48265,Vihaan Taylor,20,Other,Germany,9/22/2022,Monthly
s48266,Lucas Johnson,43,Male,Canada,11/25/2020,Free
s48267,Benjamin Hall,23,Other,USA,11/24/2022,Free
s48268,Aanya Lee,19,Female,USA,5/1/2021,Monthly
s48269,Riya Patel,45,Other,India,4/23/2021,Free
s48270,Meera Patel,37,Other,Australia,11/15/2021,Monthly
s48271,Emma Lewis,19,Other,UK,1/13/2019,Free
s48272,Benjamin Johnson,29,Female,Germany,5/17/2020,Free
s48273,Noah Patel,44,Male,India,1/2/2022,Monthly
s48274,Liam Verma,27,Female,Australia,9/13/2021,Yearly
s48275,Karan Wilson,43,Other,Canada,12/5/2021,Monthly
s48276,Eva Singh,40,Male,India,8/19/2020,Free
s48277,Vihaan Anderson,23,Male,UK,5/26/2021,Yearly
s48278,Isabella Wilson,19,Female,Australia,1/11/2022,Free
s48279,Emma Taylor,35,Female,Canada,6/25/2021,Free
s48280,Liam Johnson,29,Male,UK,1/31/2021,Yearly
s48281,Sophia Anderson,19,Male,USA,9/15/2019,Free
s48282,Meera Sharma,60,Other,Germany,1/2/2020,Yearly
s48283,Benjamin Lee,26,Male,UK,1/13/2019,Monthly
s48284,Olivia Brown,67,Female,India,3/7/2022,Free
s48285,Zara Smith,21,Other,Germany,3/6/2021,Monthly
s48286,Noah Taylor,26,Female,USA,9/15/2022,Monthly
s48287,Amelia Walker,25,Male,UK,11/9/2019,Yearly
s48288,Olivia Johnson,35,Female,Australia,11/24/2021,Free
s48289,Vihaan Wilson,21,Male,Australia,8/23/2019,Free
s48290,Liam Anderson,25,Female,UK,9/14/2022,Yearly
s48291,Liam Smith,18,Other,Australia,4/2/2022,Monthly
s48292,Meera Miller,19,Female,USA,7/5/2019,Monthly
s48293,Liam Miller,50,Other,UK,6/9/2019,Yearly
s48294,Emma Lewis,19,Other,India,12/15/2019,Monthly
s48295,Benjamin Sharma,46,Male,Germany,11/30/2021,Monthly
s48296,Arjun Hall,66,Female,UK,3/6/2022,Free
s48297,Sophia Davis,37,Female,Australia,8/29/2019,Free
s48298,Karan Clark,43,Male,Australia,8/1/2019,Monthly
s48299,Lucas Patel,23,Female,UK,10/30/2020,Yearly
s48300,Emma Johnson,59,Male,Canada,8/17/2019,Free
s48301,Amelia Smith,25,Male,UK,3/3/2022,Free
s48302,Eva Clark,50,Female,India,9/27/2021,Yearly
s48303,Emma Sharma,26,Male,Canada,1/20/2021,Yearly
s48304,Zara Patel,29,Female,Canada,5/14/2021,Monthly
s48305,Riya Brown,26,Other,Canada,2/6/2019,Monthly
s48306,Olivia Hall,21,Male,Germany,7/12/2020,Monthly
s48307,Benjamin Walker,24,Other,USA,12/19/2019,Free
s48308,Sophia Sharma,25,Other,Canada,4/18/2022,Yearly
s48309,Zara Clark,31,Male,UK,7/21/2019,Monthly
s48310,Sophia Brown,19,Female,India,11/29/2022,Free
s48311,Olivia Martin,60,Male,Germany,9/2/2022,Yearly
s48312,Emma Moore,21,Male,Australia,9/11/2019,Yearly
s48313,Amelia Singh,23,Female,Canada,4/28/2022,Free
s48314,Sophia Taylor,25,Male,Canada,6/24/2022,Yearly
s48315,Arjun Johnson,25,Female,Australia,7/7/2019,Free
s48316,Benjamin Davis,22,Male,USA,1/30/2021,Monthly
s48317,Vihaan Lewis,31,Other,Canada,9/19/2020,Yearly
s48318,Aanya Martin,21,Male,UK,12/20/2020,Yearly
s48319,Karan Singh,66,Other,Australia,6/27/2022,Free
s48320,Riya Lee,27,Other,Australia,8/25/2022,Yearly
s48321,Aarav Lee,23,Male,Australia,9/12/2020,Yearly
s48322,Liam Lee,56,Female,USA,11/25/2021,Yearly
s48323,Karan Patel,51,Female,India,10/19/2022,Free
s48324,Benjamin Smith,57,Male,Australia,4/5/2020,Monthly
s48325,Noah Lee,27,Male,USA,7/29/2021,Free
s48326,Riya Lewis,21,Other,India,9/4/2020,Free
s48327,Aanya Lewis,64,Male,Australia,7/31/2021,Yearly
s48328,Meera Johnson,21,Female,UK,10/29/2020,Monthly
s48329,Zara Martin,21,Other,Canada,10/22/2020,Yearly
s48330,Zara Verma,47,Female,India,2/16/2020,Monthly
s48331,Vihaan Clark,34,Male,Australia,10/7/2019,Monthly
s48332,Lucas Johnson,22,Male,India,10/29/2019,Yearly
s48333,Emma Taylor,46,Other,UK,10/17/2021,Free
s48334,Aanya Taylor,24,Other,Germany,1/9/2020,Monthly
s48335,Isabella Moore,54,Male,Germany,9/23/2019,Yearly
s48336,Aarav Smith,28,Male,USA,7/7/2019,Yearly
s48337,Aanya Smith,57,Male,Germany,9/9/2021,Yearly
s48338,Sophia Lee,20,Other,Australia,12/25/2021,Free
s48339,Mia Anderson,34,Other,India,5/30/2019,Monthly
s48340,Lucas Davis,25,Female,India,3/20/2021,Free
s48341,Sophia Smith,40,Other,Canada,6/2/2020,Free
s48342,Karan Verma,18,Male,India,10/11/2020,Free
s48343,Meera Anderson,20,Male,USA,8/8/2022,Monthly
s48344,Ethan Miller,26,Female,USA,12/28/2020,Yearly
s48345,Benjamin Lee,21,Female,Canada,2/21/2022,Monthly
s48346,Liam Davis,18,Female,Germany,9/19/2021,Yearly
s48347,Sophia Johnson,21,Female,UK,5/10/2019,Yearly
s48348,Riya Hall,29,Male,India,12/11/2020,Free
s48349,Riya Lee,20,Male,UK,2/11/2021,Yearly
s48350,Aarav Anderson,33,Female,Germany,8/1/2021,Free
s48351,Sophia Sharma,45,Other,USA,2/11/2022,Free
s48352,Amelia Moore,20,Male,USA,11/29/2022,Yearly
s48353,Zara Clark,39,Male,UK,7/14/2020,Free
s48354,Benjamin Johnson,29,Male,India,3/8/2022,Yearly
s48355,Olivia Smith,21,Other,India,12/25/2019,Monthly
s48356,Eva Brown,38,Female,Australia,12/31/2020,Monthly
s48357,Olivia Brown,35,Female,India,6/22/2022,Yearly
s48358,Aarav Anderson,23,Male,UK,2/25/2019,Free
s48359,Benjamin Hall,66,Other,India,4/15/2022,Yearly
s48360,Aarav Clark,19,Other,USA,12/25/2020,Monthly
s48361,Aarav Taylor,18,Male,Canada,2/17/2019,Free
s48362,Aarav Anderson,25,Female,India,12/20/2020,Free
s48363,Liam Wilson,22,Other,UK,8/25/2021,Yearly
s48364,Olivia Thomas,19,Female,USA,6/4/2021,Free
s48365,Arjun Taylor,28,Female,Canada,9/25/2019,Yearly
s48366,Olivia Anderson,23,Other,USA,6/30/2022,Monthly
s48367,Arjun Verma,26,Other,Canada,8/8/2019,Yearly
s48368,Ethan Thomas,24,Other,UK,6/17/2022,Free
s48369,Meera Lewis,23,Female,Germany,1/24/2020,Free
s48370,Eva Patel,21,Female,Germany,11/30/2019,Yearly
s48371,Eva Smith,61,Male,Canada,5/11/2022,Yearly
s48372,Karan Singh,23,Other,USA,3/12/2019,Free
s48373,Aanya Walker,21,Other,Germany,7/3/2019,Free
s48374,Ethan Smith,30,Female,Australia,10/10/2019,Free
s48375,Noah Sharma,19,Other,Germany,12/22/2022,Yearly
s48376,Eva Taylor,27,Female,Canada,5/22/2021,Yearly
s48377,Aarav Wilson,21,Male,Australia,5/30/2019,Monthly
s48378,Vihaan Thomas,25,Other,UK,11/28/2019,Free
s48379,Isabella Singh,25,Male,Canada,4/30/2020,Yearly
s48380,Noah Walker,21,Female,India,4/9/2021,Monthly
s48381,Vihaan Brown,25,Male,Australia,3/17/2022,Monthly
s48382,Arjun Miller,42,Male,UK,2/28/2020,Free
s48383,Vihaan Davis,30,Male,India,2/15/2020,Yearly
s48384,Noah Walker,62,Male,India,4/20/2022,Free
s48385,Noah Hall,27,Male,Germany,3/8/2019,Free
s48386,Zara Thomas,25,Female,Canada,6/23/2019,Monthly
s48387,Vihaan Moore,62,Other,USA,3/11/2022,Yearly
s48388,Sophia Clark,39,Female,India,12/2/2022,Yearly
s48389,Ethan Smith,19,Male,Germany,11/28/2022,Monthly
s48390,Olivia Taylor,24,Female,India,2/1/2020,Yearly
s48391,Eva Lewis,64,Female,UK,3/24/2022,Free
s48392,Aarav Lee,21,Male,Canada,2/6/2019,Yearly
s48393,Isabella Lewis,24,Other,Canada,11/16/2020,Yearly
s48394,Liam Smith,46,Other,USA,7/28/2022,Free
s48395,Isabella Martin,25,Other,UK,8/31/2021,Free
s48396,Sophia Martin,49,Female,Australia,2/14/2022,Free
s48397,Aanya Moore,42,Other,Canada,4/20/2020,Free
s48398,Vihaan Smith,31,Male,Germany,8/27/2019,Free
s48399,Noah Singh,54,Other,Germany,11/5/2019,Monthly
s48400,Karan Walker,31,Male,Australia,10/6/2019,Free
s48401,Emma Smith,46,Male,Australia,3/23/2021,Monthly
s48402,Sophia Verma,18,Other,India,1/20/2019,Yearly
s48403,Liam Sharma,37,Other,Germany,7/5/2020,Yearly
s48404,Vihaan Moore,23,Male,India,4/13/2021,Monthly
s48405,Mia Singh,25,Other,USA,7/10/2021,Monthly
s48406,Aarav Anderson,18,Male,Canada,5/17/2019,Free
s48407,Zara Clark,24,Male,USA,4/29/2022,Free
s48408,Karan Taylor,59,Female,UK,1/17/2019,Monthly
s48409,Sophia Martin,18,Male,Australia,10/11/2022,Monthly
s48410,Liam Singh,21,Other,Germany,6/7/2019,Yearly
s48411,Lucas Taylor,37,Other,India,11/4/2019,Yearly
s48412,Amelia Sharma,24,Female,Canada,2/11/2022,Yearly
s48413,Sophia Davis,56,Other,Germany,4/7/2019,Free
s48414,Emma Walker,36,Other,Germany,11/15/2020,Yearly
s48415,Emma Wilson,37,Male,UK,2/11/2020,Yearly
s48416,Vihaan Anderson,27,Female,Canada,8/11/2019,Monthly
s48417,Lucas Clark,27,Male,UK,7/27/2021,Monthly
s48418,Zara Verma,33,Other,Canada,6/26/2019,Monthly
s48419,Karan Lee,27,Other,Australia,2/14/2019,Monthly
s48420,Lucas Thomas,26,Female,UK,9/16/2020,Monthly
s48421,Eva Taylor,43,Male,India,11/22/2019,Yearly
s48422,Eva Sharma,31,Female,Australia,4/20/2020,Yearly
s48423,Amelia Wilson,19,Other,India,10/8/2019,Monthly
s48424,Isabella Thomas,50,Female,Germany,12/24/2021,Monthly
s48425,Karan Johnson,45,Other,Germany,1/8/2019,Free
s48426,Mia Davis,28,Male,Canada,6/12/2022,Monthly
s48427,Olivia Davis,29,Other,USA,11/2/2022,Free
s48428,Isabella Anderson,35,Male,UK,5/14/2019,Monthly
s48429,Sophia Johnson,24,Female,India,7/13/2022,Yearly
s48430,Zara Moore,19,Male,India,2/22/2019,Yearly
s48431,Liam Thomas,47,Male,Canada,6/16/2020,Yearly
s48432,Aanya Walker,46,Female,Germany,10/9/2019,Yearly
s48433,Ethan Lewis,27,Other,USA,9/1/2021,Yearly
s48434,Isabella Johnson,18,Male,Australia,10/6/2020,Monthly
s48435,Karan Clark,27,Female,Canada,9/3/2020,Monthly
s48436,Benjamin Lee,46,Female,USA,4/21/2021,Free
s48437,Aanya Smith,27,Male,India,1/13/2022,Monthly
s48438,Sophia Patel,25,Other,USA,8/31/2022,Free
s48439,Meera Patel,25,Male,Australia,7/12/2021,Free
s48440,Riya Johnson,26,Other,Germany,12/29/2020,Yearly
s48441,Eva Moore,41,Female,Canada,1/24/2020,Yearly
s48442,Liam Thomas,19,Other,UK,10/20/2020,Yearly
s48443,Amelia Sharma,37,Female,USA,8/27/2019,Yearly
s48444,Noah Verma,24,Female,UK,10/3/2019,Monthly
s48445,Amelia Lewis,38,Female,UK,8/13/2020,Free
s48446,Aanya Wilson,26,Female,USA,4/30/2019,Free
s48447,Mia Martin,19,Male,USA,6/8/2022,Free
s48448,Aarav Sharma,20,Male,USA,3/11/2022,Monthly
s48449,Emma Lewis,46,Other,India,1/26/2020,Free
s48450,Olivia Johnson,21,Female,Germany,8/22/2020,Yearly
s48451,Arjun Smith,22,Female,Germany,4/16/2019,Monthly
s48452,Eva Davis,25,Female,USA,6/1/2019,Monthly
s48453,Olivia Miller,22,Male,India,5/30/2022,Monthly
s48454,Ethan Singh,21,Other,India,1/30/2021,Free
s48455,Lucas Moore,40,Male,UK,9/18/2021,Free
s48456,Noah Moore,31,Other,Canada,12/26/2022,Free
s48457,Meera Singh,50,Female,Germany,4/23/2020,Monthly
s48458,Lucas Patel,26,Male,UK,7/11/2022,Monthly
s48459,Sophia Taylor,22,Other,India,7/4/2022,Free
s48460,Sophia Hall,26,Other,USA,4/5/2022,Monthly
s48461,Arjun Lewis,47,Male,Canada,7/15/2019,Monthly
s48462,Amelia Lee,20,Female,Australia,9/28/2022,Monthly
s48463,Lucas Moore,22,Male,India,8/12/2022,Free
s48464,Benjamin Clark,25,Female,India,9/10/2020,Monthly
s48465,Noah Hall,39,Other,Australia,4/11/2020,Yearly
s48466,Karan Miller,18,Male,Germany,4/11/2022,Free
s48467,Aanya Walker,26,Male,USA,4/22/2019,Monthly
s48468,Isabella Wilson,45,Female,Australia,3/17/2022,Monthly
s48469,Amelia Wilson,21,Male,Canada,12/14/2021,Yearly
s48470,Ethan Johnson,43,Other,Canada,7/12/2022,Free
s48471,Noah Clark,25,Female,Australia,10/14/2021,Free
s48472,Zara Lee,23,Male,UK,9/6/2021,Yearly
s48473,Ethan Brown,20,Female,Australia,12/27/2020,Free
s48474,Amelia Lewis,20,Other,USA,12/18/2019,Yearly
s48475,Sophia Singh,26,Female,USA,7/1/2019,Monthly
s48476,Ethan Moore,48,Other,India,5/22/2021,Yearly
s48477,Sophia Davis,22,Male,Germany,5/3/2022,Yearly
s48478,Meera Singh,21,Other,UK,4/20/2020,Yearly
s48479,Zara Walker,24,Other,UK,8/26/2019,Yearly
s48480,Karan Wilson,27,Female,Australia,1/7/2019,Monthly
s48481,Olivia Lewis,65,Male,UK,5/11/2022,Yearly
s48482,Meera Wilson,43,Other,Australia,12/12/2019,Yearly
s48483,Liam Verma,21,Female,USA,6/28/2021,Monthly
s48484,Meera Singh,18,Male,Canada,5/21/2021,Yearly
s48485,Mia Moore,20,Female,UK,8/21/2022,Free
s48486,Isabella Patel,21,Other,UK,2/21/2019,Yearly
s48487,Aarav Sharma,18,Male,Germany,11/26/2020,Free
s48488,Mia Singh,47,Female,UK,7/23/2020,Yearly
s48489,Isabella Walker,23,Female,UK,10/3/2021,Free
s48490,Sophia Wilson,23,Female,USA,12/7/2021,Monthly
s48491,Ethan Davis,26,Male,India,7/28/2019,Yearly
s48492,Sophia Brown,23,Female,USA,12/20/2021,Yearly
s48493,Isabella Anderson,29,Female,UK,2/4/2019,Monthly
s48494,Karan Hall,21,Female,Australia,1/20/2019,Monthly
s48495,Karan Taylor,20,Female,USA,1/12/2022,Monthly
s48496,Olivia Miller,22,Other,Australia,9/11/2022,Monthly
s48497,Eva Lewis,25,Other,USA,7/17/2019,Monthly
s48498,Sophia Clark,19,Female,UK,3/16/2021,Yearly
s48499,Lucas Brown,38,Male,USA,12/18/2019,Yearly
s48500,Isabella Lewis,23,Female,Germany,1/21/2022,Monthly
s48501,Olivia Verma,21,Male,Australia,7/25/2022,Free
s48502,Liam Martin,34,Other,Germany,9/28/2021,Free
s48503,Benjamin Anderson,50,Female,USA,11/10/2021,Free
s48504,Meera Clark,23,Male,UK,8/30/2021,Monthly
s48505,Aarav Miller,23,Female,Australia,9/24/2021,Yearly
s48506,Aanya Wilson,26,Male,Australia,9/22/2020,Yearly
s48507,Vihaan Hall,18,Other,USA,11/12/2022,Monthly
s48508,Amelia Miller,20,Male,Australia,3/22/2021,Yearly
s48509,Liam Singh,26,Male,India,3/7/2019,Yearly
s48510,Meera Moore,20,Other,Germany,6/26/2021,Free
s48511,Amelia Johnson,44,Male,USA,4/6/2022,Yearly
s48512,Liam Smith,42,Other,Germany,8/5/2020,Monthly
s48513,Aarav Patel,25,Other,Canada,3/23/2021,Yearly
s48514,Isabella Taylor,24,Female,Germany,8/12/2019,Monthly
s48515,Zara Verma,25,Male,Germany,3/4/2021,Monthly
s48516,Emma Johnson,19,Female,Australia,7/15/2020,Monthly
s48517,Emma Clark,43,Male,India,5/21/2022,Yearly
s48518,Riya Taylor,22,Male,Australia,12/22/2019,Yearly
s48519,Emma Martin,21,Female,Australia,2/25/2019,Free
s48520,Arjun Davis,36,Male,Canada,10/24/2019,Monthly
s48521,Sophia Wilson,27,Female,UK,12/29/2019,Monthly
s48522,Aanya Wilson,20,Other,UK,11/16/2022,Free
s48523,Olivia Clark,31,Other,India,9/28/2021,Free
s48524,Eva Miller,26,Other,India,12/30/2019,Free
s48525,Benjamin Johnson,18,Male,Australia,11/13/2020,Monthly
s48526,Arjun Davis,25,Other,USA,6/16/2019,Free
s48527,Eva Smith,22,Female,USA,11/28/2019,Monthly
s48528,Benjamin Miller,24,Male,Canada,4/13/2019,Yearly
s48529,Karan Clark,26,Female,UK,6/13/2021,Free
s48530,Liam Singh,19,Male,India,1/31/2021,Monthly
s48531,Isabella Brown,33,Male,Australia,12/7/2019,Yearly
s48532,Amelia Johnson,37,Female,UK,2/10/2021,Monthly
s48533,Zara Lewis,52,Male,India,7/11/2022,Monthly
s48534,Eva Walker,38,Male,India,11/11/2022,Monthly
s48535,Noah Moore,18,Male,Australia,5/31/2020,Yearly
s48536,Isabella Lewis,31,Male,Canada,1/7/2022,Free
s48537,Emma Patel,34,Female,Germany,2/17/2021,Monthly
s48538,Mia Martin,22,Other,India,8/2/2021,Yearly
s48539,Ethan Walker,22,Male,India,1/25/2020,Monthly
s48540,Isabella Brown,19,Female,USA,2/3/2021,Monthly
s48541,Emma Miller,27,Other,UK,6/2/2020,Free
s48542,Arjun Lewis,20,Female,Canada,10/11/2021,Monthly
s48543,Arjun Thomas,21,Male,Germany,1/4/2020,Free
s48544,Aarav Miller,19,Male,UK,10/3/2021,Monthly
s48545,Amelia Smith,24,Female,Canada,9/3/2020,Free
s48546,Sophia Smith,26,Other,India,10/5/2019,Monthly
s48547,Olivia Patel,20,Other,Canada,1/13/2020,Monthly
s48548,Sophia Moore,24,Male,Australia,7/10/2020,Yearly
s48549,Isabella Clark,26,Male,UK,11/17/2019,Yearly
s48550,Emma Anderson,23,Female,Canada,9/27/2022,Monthly
s48551,Karan Anderson,27,Male,Australia,10/2/2019,Free
s48552,Lucas Johnson,48,Other,Germany,6/19/2019,Monthly
s48553,Sophia Verma,23,Female,Germany,6/28/2019,Monthly
s48554,Zara Lee,22,Female,USA,12/11/2021,Monthly
s48555,Riya Singh,45,Other,India,4/9/2019,Yearly
s48556,Aanya Thomas,25,Male,Canada,3/19/2020,Monthly
s48557,Lucas Sharma,26,Female,Canada,5/22/2020,Yearly
s48558,Lucas Singh,21,Female,Germany,10/29/2021,Yearly
s48559,Isabella Wilson,46,Other,UK,9/10/2021,Monthly
s48560,Zara Hall,43,Male,USA,9/1/2019,Free
s48561,Meera Martin,18,Other,India,8/21/2019,Free
s48562,Zara Wilson,27,Other,UK,7/29/2022,Free
s48563,Olivia Miller,29,Male,Germany,10/17/2020,Monthly
s48564,Olivia Johnson,24,Female,UK,2/26/2021,Yearly
s48565,Ethan Patel,20,Female,UK,10/31/2022,Yearly
s48566,Ethan Lee,27,Male,India,3/24/2022,Yearly
s48567,Meera Thomas,23,Male,India,10/8/2022,Monthly
s48568,Vihaan Davis,19,Female,India,1/26/2019,Monthly
s48569,Lucas Miller,19,Male,India,5/19/2019,Free
s48570,Meera Lee,25,Male,Germany,3/17/2021,Yearly
s48571,Mia Davis,33,Male,UK,3/30/2021,Monthly
s48572,Olivia Anderson,39,Male,USA,7/21/2020,Yearly
s48573,Ethan Davis,24,Male,USA,8/24/2019,Monthly
s48574,Benjamin Wilson,53,Other,USA,6/1/2019,Monthly
s48575,Eva Miller,20,Female,Canada,6/15/2021,Yearly
s48576,Lucas Walker,26,Male,India,1/3/2022,Monthly
s48577,Benjamin Lee,19,Female,Germany,1/13/2020,Free
s48578,Karan Martin,38,Other,Australia,3/28/2022,Free
s48579,Karan Sharma,24,Male,USA,6/16/2020,Yearly
s48580,Sophia Moore,27,Other,India,1/28/2021,Free
s48581,Sophia Brown,21,Male,Canada,11/7/2019,Free
s48582,Eva Clark,23,Other,USA,8/16/2021,Yearly
s48583,Aanya Brown,23,Other,UK,12/11/2021,Free
s48584,Amelia Smith,22,Male,India,2/28/2020,Free
s48585,Sophia Taylor,46,Female,Germany,9/23/2022,Monthly
s48586,Emma Moore,27,Female,USA,2/14/2020,Free
s48587,Lucas Clark,25,Female,Germany,8/3/2022,Monthly
s48588,Lucas Anderson,20,Male,UK,7/17/2020,Yearly
s48589,Karan Brown,29,Female,Canada,8/30/2019,Monthly
s48590,Eva Smith,38,Male,Canada,8/16/2021,Yearly
s48591,Noah Lee,38,Other,Australia,5/29/2022,Monthly
s48592,Sophia Sharma,61,Female,UK,5/17/2019,Free
s48593,Noah Moore,24,Other,India,8/6/2021,Monthly
s48594,Riya Moore,20,Female,Germany,6/22/2021,Free
s48595,Isabella Verma,18,Female,USA,10/31/2020,Free
s48596,Arjun Davis,34,Other,UK,8/2/2019,Yearly
s48597,Benjamin Smith,27,Male,UK,8/14/2020,Yearly
s48598,Isabella Moore,19,Female,Canada,9/6/2022,Free
s48599,Benjamin Verma,21,Other,India,12/6/2019,Monthly
s48600,Liam Miller,44,Female,Australia,11/28/2019,Free
s48601,Isabella Hall,43,Female,Canada,1/26/2020,Yearly
s48602,Vihaan Verma,31,Female,Canada,6/8/2022,Yearly
s48603,Meera Thomas,42,Male,Australia,6/29/2019,Free
s48604,Meera Verma,20,Other,UK,3/17/2019,Monthly
s48605,Noah Taylor,41,Other,Australia,12/28/2019,Monthly
s48606,Arjun Martin,21,Female,Germany,12/1/2021,Monthly
s48607,Noah Johnson,27,Male,USA,11/24/2020,Free
s48608,Zara Walker,19,Female,UK,10/23/2022,Yearly
s48609,Aanya Davis,25,Other,Canada,1/22/2021,Monthly
s48610,Isabella Thomas,38,Male,Germany,12/31/2020,Yearly
s48611,Emma Lewis,21,Other,Australia,8/15/2020,Monthly
s48612,Arjun Miller,29,Other,Australia,2/25/2019,Free
s48613,Arjun Lewis,26,Other,UK,6/8/2022,Free
s48614,Noah Singh,33,Female,Germany,7/28/2022,Monthly
s48615,Meera Brown,26,Female,UK,3/20/2020,Monthly
s48616,Lucas Brown,21,Male,India,8/21/2019,Monthly
s48617,Karan Walker,19,Other,Germany,4/18/2022,Free
s48618,Meera Johnson,22,Other,USA,4/26/2021,Monthly
s48619,Karan Verma,26,Female,Germany,7/17/2021,Yearly
s48620,Emma Verma,38,Female,India,3/13/2019,Monthly
s48621,Amelia Wilson,37,Female,Germany,12/24/2019,Monthly
s48622,Eva Sharma,42,Male,India,4/24/2021,Monthly
s48623,Aanya Moore,25,Other,USA,6/26/2019,Free
s48624,Sophia Sharma,27,Female,USA,11/14/2020,Yearly
s48625,Zara Clark,18,Female,India,6/21/2021,Yearly
s48626,Riya Lewis,36,Male,UK,7/27/2021,Yearly
s48627,Sophia Wilson,31,Male,Germany,11/27/2022,Yearly
s48628,Emma Patel,47,Female,UK,8/22/2021,Free
s48629,Emma Thomas,22,Female,UK,6/1/2022,Yearly
s48630,Emma Martin,19,Other,UK,3/24/2019,Yearly
s48631,Lucas Hall,27,Female,Canada,3/29/2019,Monthly
s48632,Eva Hall,23,Female,Australia,9/6/2020,Free
s48633,Arjun Anderson,23,Other,USA,9/1/2022,Monthly
s48634,Benjamin Lee,23,Other,UK,3/4/2019,Yearly
s48635,Mia Anderson,41,Female,USA,2/14/2022,Yearly
s48636,Zara Walker,59,Female,Australia,10/11/2022,Monthly
s48637,Lucas Taylor,24,Other,UK,2/5/2021,Monthly
s48638,Riya Johnson,22,Female,Germany,6/9/2020,Monthly
s48639,Emma Verma,18,Female,Canada,5/30/2021,Monthly
s48640,Meera Singh,24,Other,Canada,1/12/2021,Yearly
s48641,Noah Singh,24,Other,Canada,5/22/2019,Free
s48642,Eva Davis,49,Male,USA,4/13/2022,Monthly
s48643,Sophia Verma,25,Male,Canada,11/24/2021,Yearly
s48644,Aanya Hall,23,Other,Germany,11/29/2019,Yearly
s48645,Emma Smith,36,Male,Australia,12/4/2021,Monthly
s48646,Noah Sharma,27,Female,Canada,1/15/2019,Monthly
s48647,Aarav Moore,24,Male,Germany,9/30/2019,Yearly
s48648,Riya Sharma,18,Male,Germany,9/16/2021,Monthly
s48649,Riya Singh,30,Other,USA,5/17/2019,Yearly
s48650,Lucas Taylor,31,Male,USA,8/6/2020,Free
s48651,Liam Singh,19,Other,USA,8/12/2020,Monthly
s48652,Ethan Walker,35,Female,Germany,8/1/2022,Free
s48653,Aarav Patel,23,Male,Canada,3/6/2022,Yearly
s48654,Lucas Davis,23,Female,UK,1/9/2019,Monthly
s48655,Lucas Wilson,32,Male,Germany,11/8/2022,Free
s48656,Liam Lewis,30,Other,Canada,3/7/2019,Monthly
s48657,Amelia Brown,30,Female,UK,12/2/2021,Yearly
s48658,Aarav Anderson,23,Other,India,1/10/2019,Free
s48659,Olivia Brown,20,Male,Germany,8/23/2019,Free
s48660,Eva Moore,24,Other,Germany,9/17/2019,Yearly
s48661,Olivia Lee,34,Female,UK,8/16/2019,Monthly
s48662,Arjun Walker,40,Other,Germany,7/26/2019,Free
s48663,Karan Brown,25,Other,Canada,4/23/2020,Yearly
s48664,Aanya Thomas,22,Other,UK,8/25/2021,Monthly
s48665,Isabella Verma,37,Female,Canada,1/18/2019,Monthly
s48666,Aarav Clark,20,Male,UK,11/25/2020,Yearly
s48667,Sophia Lewis,18,Other,UK,6/20/2020,Yearly
s48668,Karan Verma,46,Other,Germany,5/2/2022,Free
s48669,Liam Clark,35,Male,Germany,3/5/2022,Yearly
s48670,Meera Thomas,19,Other,India,2/27/2021,Monthly
s48671,Karan Walker,51,Male,Germany,5/13/2021,Yearly
s48672,Benjamin Taylor,47,Female,Australia,6/21/2020,Free
s48673,Emma Brown,29,Male,Australia,4/17/2019,Free
s48674,Aarav Smith,24,Female,Australia,8/31/2022,Yearly
s48675,Mia Davis,42,Male,Canada,4/3/2021,Free
s48676,Mia Taylor,38,Male,UK,5/14/2021,Monthly
s48677,Olivia Patel,18,Female,India,5/27/2019,Free
s48678,Benjamin Johnson,23,Female,USA,4/21/2019,Free
s48679,Mia Miller,21,Other,India,4/12/2021,Monthly
s48680,Karan Walker,19,Other,UK,3/23/2019,Yearly
s48681,Olivia Walker,24,Other,UK,4/17/2020,Monthly
s48682,Emma Davis,48,Female,India,8/13/2019,Yearly
s48683,Ethan Lewis,21,Female,India,8/3/2022,Free
s48684,Liam Anderson,27,Other,Canada,2/2/2022,Monthly
s48685,Sophia Clark,20,Male,UK,6/18/2019,Free
s48686,Liam Walker,21,Female,Canada,2/9/2020,Yearly
s48687,Riya Walker,35,Other,Germany,1/3/2020,Monthly
s48688,Liam Anderson,36,Female,USA,9/27/2019,Monthly
s48689,Liam Verma,21,Male,Australia,2/27/2019,Yearly
s48690,Karan Thomas,24,Other,India,4/23/2021,Yearly
s48691,Noah Patel,27,Male,Germany,11/19/2022,Free
s48692,Noah Walker,24,Other,UK,12/24/2019,Free
s48693,Eva Walker,20,Other,Canada,4/29/2019,Yearly
s48694,Isabella Johnson,18,Male,UK,3/8/2021,Yearly
s48695,Olivia Walker,28,Female,Canada,5/11/2021,Yearly
s48696,Riya Lee,33,Female,Canada,4/10/2020,Free
s48697,Isabella Martin,25,Female,Germany,2/23/2019,Monthly
s48698,Riya Clark,22,Female,UK,5/13/2022,Monthly
s48699,Zara Patel,56,Male,Australia,1/3/2021,Yearly
s48700,Meera Verma,21,Female,Australia,10/14/2021,Monthly
s48701,Sophia Sharma,24,Female,UK,12/1/2019,Free
s48702,Amelia Davis,34,Male,Canada,10/2/2020,Free
s48703,Eva Lee,20,Other,Germany,12/3/2020,Free
s48704,Sophia Moore,24,Male,Australia,10/19/2022,Free
s48705,Aarav Lewis,22,Other,Canada,4/6/2022,Monthly
s48706,Sophia Clark,22,Other,Canada,1/11/2019,Free
s48707,Isabella Wilson,21,Male,India,8/16/2020,Monthly
s48708,Olivia Taylor,59,Female,UK,4/14/2020,Monthly
s48709,Meera Miller,27,Male,Germany,5/31/2019,Yearly
s48710,Olivia Davis,21,Female,UK,7/13/2022,Free
s48711,Lucas Davis,26,Male,Canada,9/20/2021,Free
s48712,Meera Singh,22,Other,UK,3/3/2021,Monthly
s48713,Amelia Lewis,44,Female,UK,11/29/2020,Monthly
s48714,Eva Wilson,47,Female,USA,7/25/2021,Yearly
s48715,Karan Lee,22,Female,USA,11/17/2021,Monthly
s48716,Riya Walker,26,Male,India,8/23/2022,Free
s48717,Aanya Smith,24,Other,India,1/28/2021,Monthly
s48718,Karan Patel,32,Female,USA,2/17/2021,Monthly
s48719,Lucas Patel,58,Male,USA,11/24/2022,Monthly
s48720,Vihaan Wilson,25,Female,India,2/2/2022,Yearly
s48721,Noah Martin,21,Male,USA,6/1/2022,Yearly
s48722,Amelia Clark,45,Female,India,11/6/2021,Free
s48723,Arjun Anderson,18,Male,UK,5/2/2021,Yearly
s48724,Arjun Clark,42,Other,Australia,11/16/2021,Monthly
s48725,Ethan Hall,27,Female,Germany,9/26/2019,Free
s48726,Eva Brown,35,Male,Germany,6/8/2021,Monthly
s48727,Emma Walker,23,Male,USA,3/6/2022,Free
s48728,Liam Lewis,19,Male,Canada,7/17/2019,Free
s48729,Riya Johnson,41,Male,India,7/11/2019,Free
s48730,Arjun Clark,29,Male,USA,5/6/2020,Free
s48731,Liam Moore,21,Female,India,4/13/2022,Yearly
s48732,Liam Hall,23,Female,Canada,2/27/2019,Monthly
s48733,Aanya Brown,33,Male,India,9/5/2021,Free
s48734,Olivia Wilson,44,Female,Canada,4/20/2020,Free
s48735,Karan Taylor,59,Female,USA,10/10/2019,Yearly
s48736,Aanya Lee,28,Male,India,9/3/2019,Yearly
s48737,Lucas Walker,46,Other,Australia,1/23/2019,Yearly
s48738,Meera Smith,19,Male,Canada,5/3/2019,Free
s48739,Eva Moore,25,Male,Australia,6/25/2020,Yearly
s48740,Zara Singh,21,Other,Australia,5/20/2020,Free
s48741,Eva Lewis,42,Other,Australia,10/2/2020,Monthly
s48742,Amelia Singh,62,Female,USA,5/15/2019,Monthly
s48743,Benjamin Singh,58,Female,Canada,7/4/2021,Monthly
s48744,Zara Singh,19,Male,UK,1/24/2020,Monthly
s48745,Isabella Brown,34,Female,India,10/23/2020,Monthly
s48746,Zara Brown,22,Other,Australia,9/19/2022,Yearly
s48747,Eva Smith,18,Other,India,2/12/2019,Yearly
s48748,Eva Wilson,18,Female,Australia,8/14/2020,Monthly
s48749,Isabella Lewis,22,Other,India,9/20/2019,Free
s48750,Sophia Verma,37,Other,India,1/2/2022,Monthly
s48751,Noah Moore,19,Other,India,10/12/2022,Yearly
s48752,Riya Davis,42,Female,Australia,12/1/2020,Monthly
s48753,Isabella Wilson,26,Male,Germany,9/9/2021,Monthly
s48754,Benjamin Brown,19,Male,Australia,6/14/2019,Monthly
s48755,Zara Hall,20,Other,Germany,8/9/2020,Free
s48756,Emma Miller,42,Female,Australia,4/16/2020,Free
s48757,Olivia Moore,18,Female,UK,7/3/2020,Free
s48758,Noah Singh,37,Female,Australia,6/8/2020,Yearly
s48759,Isabella Patel,19,Male,USA,3/20/2019,Free
s48760,Olivia Taylor,23,Male,Canada,4/30/2019,Free
s48761,Mia Singh,29,Male,Australia,12/31/2021,Monthly
s48762,Vihaan Anderson,23,Female,Canada,2/2/2021,Free
s48763,Arjun Patel,26,Other,Australia,4/4/2019,Yearly
s48764,Isabella Thomas,56,Other,Germany,4/21/2022,Free
s48765,Lucas Miller,26,Female,Germany,9/28/2022,Monthly
s48766,Meera Sharma,24,Female,Australia,6/10/2022,Free
s48767,Emma Patel,21,Male,India,5/19/2019,Yearly
s48768,Karan Martin,32,Male,Canada,9/24/2020,Monthly
s48769,Ethan Moore,37,Female,India,5/13/2019,Free
s48770,Aanya Hall,18,Male,USA,9/4/2021,Monthly
s48771,Eva Clark,18,Male,Canada,8/15/2019,Monthly
s48772,Aanya Smith,21,Other,Canada,4/1/2022,Monthly
s48773,Mia Hall,25,Male,Germany,4/22/2019,Yearly
s48774,Amelia Taylor,47,Female,India,11/16/2019,Yearly
s48775,Vihaan Smith,37,Female,Canada,8/2/2021,Free
s48776,Riya Walker,28,Other,UK,4/11/2020,Free
s48777,Riya Wilson,24,Female,India,11/10/2019,Free
s48778,Amelia Davis,30,Male,India,9/15/2019,Yearly
s48779,Eva Clark,25,Other,India,3/16/2022,Monthly
s48780,Zara Anderson,25,Male,UK,6/23/2020,Free
s48781,Benjamin Martin,53,Male,Australia,11/19/2022,Monthly
s48782,Mia Taylor,19,Female,USA,10/12/2022,Free
s48783,Karan Singh,54,Other,Australia,10/2/2019,Free
s48784,Aarav Lee,18,Female,Germany,4/1/2021,Yearly
s48785,Liam Singh,22,Male,India,6/29/2019,Free
s48786,Liam Lee,42,Male,USA,4/3/2019,Monthly
s48787,Ethan Johnson,59,Male,UK,7/2/2020,Monthly
s48788,Aanya Clark,58,Other,India,5/12/2020,Yearly
s48789,Arjun Brown,25,Male,Germany,11/23/2019,Monthly
s48790,Eva Sharma,19,Male,Australia,5/17/2022,Free
s48791,Sophia Miller,46,Male,Australia,5/6/2020,Monthly
s48792,Noah Hall,19,Female,Australia,11/29/2019,Monthly
s48793,Amelia Sharma,42,Other,USA,7/8/2020,Free
s48794,Emma Hall,23,Male,UK,11/4/2022,Yearly
s48795,Eva Lewis,25,Male,India,9/26/2021,Yearly
s48796,Ethan Moore,18,Other,Canada,2/7/2022,Monthly
s48797,Aarav Verma,18,Other,USA,11/18/2019,Free
s48798,Amelia Thomas,23,Female,Canada,9/19/2020,Monthly
s48799,Lucas Wilson,27,Other,USA,4/28/2022,Free
s48800,Zara Smith,22,Female,Germany,5/12/2021,Monthly
s48801,Benjamin Lewis,34,Other,India,3/9/2019,Yearly
s48802,Isabella Lee,66,Other,Germany,3/26/2019,Monthly
s48803,Meera Patel,20,Male,Australia,1/15/2022,Monthly
s48804,Benjamin Miller,48,Other,Germany,11/25/2022,Free
s48805,Isabella Walker,29,Other,Germany,4/5/2021,Yearly
s48806,Amelia Anderson,22,Male,India,4/27/2021,Free
s48807,Amelia Brown,22,Male,UK,10/7/2019,Monthly
s48808,Eva Moore,21,Male,Canada,4/12/2022,Yearly
s48809,Liam Clark,33,Other,India,9/8/2020,Yearly
s48810,Benjamin Johnson,31,Male,UK,3/3/2020,Free
s48811,Isabella Davis,22,Male,USA,3/4/2020,Monthly
s48812,Amelia Taylor,21,Female,India,12/7/2021,Yearly
s48813,Ethan Anderson,21,Female,Germany,10/12/2019,Monthly
s48814,Ethan Davis,23,Other,Germany,12/28/2019,Monthly
s48815,Olivia Clark,26,Female,India,10/11/2022,Yearly
s48816,Lucas Taylor,23,Other,USA,11/9/2019,Yearly
s48817,Karan Smith,24,Male,Germany,3/20/2019,Monthly
s48818,Isabella Lewis,26,Other,Germany,3/22/2020,Free
s48819,Riya Verma,31,Female,USA,1/4/2019,Monthly
s48820,Emma Lee,19,Male,USA,6/22/2022,Yearly
s48821,Amelia Miller,26,Other,Australia,12/2/2022,Monthly
s48822,Vihaan Martin,19,Female,India,2/19/2022,Monthly
s48823,Isabella Singh,25,Female,Germany,4/1/2020,Free
s48824,Olivia Miller,20,Male,USA,7/18/2020,Free
s48825,Benjamin Martin,20,Female,India,5/8/2020,Yearly
s48826,Eva Brown,22,Male,Canada,11/10/2020,Monthly
s48827,Benjamin Johnson,28,Male,Canada,6/1/2019,Yearly
s48828,Riya Smith,24,Other,UK,6/8/2020,Free
s48829,Olivia Singh,47,Other,USA,4/2/2019,Yearly
s48830,Aanya Johnson,36,Male,UK,9/28/2021,Free
s48831,Noah Sharma,18,Female,Australia,12/18/2019,Monthly
s48832,Olivia Johnson,24,Male,Germany,12/6/2019,Monthly
s48833,Olivia Wilson,25,Female,Australia,8/27/2020,Free
s48834,Emma Thomas,26,Male,UK,4/9/2021,Monthly
s48835,Mia Johnson,20,Other,Australia,3/17/2022,Yearly
s48836,Meera Clark,20,Other,USA,11/17/2022,Monthly
s48837,Benjamin Miller,19,Female,India,3/25/2020,Monthly
s48838,Ethan Hall,33,Other,Canada,11/19/2020,Yearly
s48839,Meera Anderson,38,Other,USA,9/25/2022,Free
s48840,Arjun Patel,23,Other,UK,12/4/2021,Yearly
s48841,Mia Clark,20,Female,Australia,5/18/2020,Monthly
s48842,Zara Patel,24,Female,USA,1/5/2019,Yearly
s48843,Amelia Lee,21,Male,Australia,9/3/2021,Free
s48844,Isabella Smith,22,Female,India,4/16/2022,Free
s48845,Ethan Clark,18,Male,Australia,7/28/2019,Monthly
s48846,Lucas Verma,20,Male,UK,5/16/2020,Monthly
s48847,Olivia Miller,48,Female,USA,1/29/2022,Monthly
s48848,Liam Singh,45,Female,USA,12/11/2020,Yearly
s48849,Isabella Clark,23,Female,USA,10/16/2020,Yearly
s48850,Benjamin Patel,20,Male,India,9/20/2020,Yearly
s48851,Benjamin Walker,34,Female,USA,4/21/2021,Free
s48852,Aarav Lee,32,Male,Germany,4/8/2021,Free
s48853,Zara Miller,21,Male,USA,9/8/2022,Free
s48854,Liam Brown,19,Female,Canada,1/29/2022,Yearly
s48855,Aarav Brown,23,Other,UK,6/18/2020,Monthly
s48856,Benjamin Wilson,20,Female,Germany,12/15/2019,Monthly
s48857,Karan Davis,54,Male,Australia,10/13/2022,Monthly
s48858,Zara Verma,43,Male,Canada,10/16/2021,Monthly
s48859,Ethan Johnson,23,Female,UK,12/6/2022,Monthly
s48860,Karan Verma,38,Male,USA,2/24/2020,Yearly
s48861,Lucas Verma,27,Male,Germany,9/11/2020,Yearly
s48862,Meera Hall,19,Other,India,1/4/2020,Yearly
s48863,Ethan Smith,22,Female,Australia,7/12/2020,Free
s48864,Amelia Anderson,23,Male,Australia,2/14/2019,Free
s48865,Ethan Thomas,26,Female,Canada,4/23/2020,Free
s48866,Eva Wilson,23,Male,Canada,1/18/2019,Free
s48867,Eva Moore,25,Other,Canada,6/6/2021,Yearly
s48868,Meera Taylor,45,Female,UK,1/2/2021,Monthly
s48869,Karan Patel,47,Female,Canada,10/27/2021,Yearly
s48870,Mia Sharma,19,Other,India,5/12/2019,Yearly
s48871,Zara Patel,20,Female,Canada,5/13/2019,Yearly
s48872,Lucas Miller,21,Other,USA,4/30/2019,Yearly
s48873,Karan Moore,30,Female,Canada,7/12/2021,Yearly
s48874,Eva Singh,26,Female,USA,6/16/2022,Yearly
s48875,Eva Miller,36,Other,India,6/21/2020,Monthly
s48876,Isabella Taylor,47,Other,Australia,2/19/2022,Free
s48877,Vihaan Taylor,25,Male,Australia,8/28/2020,Monthly
s48878,Aanya Verma,35,Other,Germany,4/10/2021,Yearly
s48879,Sophia Lewis,20,Other,India,3/10/2022,Free
s48880,Mia Davis,57,Other,UK,12/17/2021,Yearly
s48881,Arjun Singh,27,Other,India,2/27/2020,Yearly
s48882,Benjamin Walker,18,Male,USA,7/12/2021,Monthly
s48883,Riya Davis,31,Female,Canada,5/2/2020,Monthly
s48884,Olivia Walker,19,Female,Germany,1/26/2019,Monthly
s48885,Eva Clark,20,Male,Germany,5/17/2019,Yearly
s48886,Isabella Verma,22,Other,USA,7/16/2020,Yearly
s48887,Noah Moore,27,Male,Australia,3/12/2020,Monthly
s48888,Riya Davis,42,Other,Australia,8/21/2020,Monthly
s48889,Isabella Patel,26,Female,India,7/11/2019,Free
s48890,Ethan Miller,23,Female,USA,7/16/2022,Monthly
s48891,Lucas Clark,21,Male,UK,12/3/2022,Monthly
s48892,Emma Patel,22,Other,USA,1/23/2021,Yearly
s48893,Liam Clark,47,Male,Germany,11/18/2021,Monthly
s48894,Liam Johnson,35,Other,Australia,6/15/2022,Yearly
s48895,Mia Johnson,45,Female,India,5/2/2021,Yearly
s48896,Riya Martin,41,Male,Australia,2/8/2021,Yearly
s48897,Mia Hall,24,Other,USA,6/6/2020,Free
s48898,Amelia Verma,19,Other,India,5/9/2019,Yearly
s48899,Aanya Singh,59,Female,India,7/6/2019,Yearly
s48900,Aanya Verma,21,Male,Germany,4/25/2021,Yearly
s48901,Meera Sharma,26,Other,India,12/20/2022,Free
s48902,Vihaan Sharma,37,Other,Germany,9/6/2020,Free
s48903,Vihaan Lewis,38,Female,Germany,10/11/2019,Free
s48904,Aanya Thomas,44,Male,USA,9/22/2021,Monthly
s48905,Isabella Taylor,34,Other,UK,8/17/2020,Free
s48906,Vihaan Brown,22,Male,Australia,4/22/2022,Monthly
s48907,Ethan Johnson,37,Other,UK,1/19/2021,Monthly
s48908,Vihaan Taylor,24,Male,Germany,3/21/2022,Yearly
s48909,Benjamin Lee,25,Male,Australia,12/11/2022,Yearly
s48910,Riya Anderson,27,Male,UK,9/17/2019,Monthly
s48911,Isabella Brown,53,Female,UK,1/14/2022,Monthly
s48912,Riya Smith,21,Female,Australia,2/20/2022,Yearly
s48913,Liam Wilson,28,Other,UK,10/4/2019,Yearly
s48914,Liam Martin,26,Other,Canada,11/18/2021,Monthly
s48915,Amelia Patel,18,Other,Canada,5/18/2019,Monthly
s48916,Liam Lee,22,Male,USA,10/2/2022,Yearly
s48917,Benjamin Lewis,36,Other,Canada,9/28/2021,Monthly
s48918,Eva Lewis,24,Male,Canada,10/2/2020,Monthly
s48919,Isabella Johnson,50,Other,Australia,11/4/2019,Yearly
s48920,Zara Singh,36,Female,Germany,11/12/2022,Free
s48921,Noah Martin,19,Male,Australia,9/19/2022,Free
s48922,Meera Anderson,56,Male,UK,7/1/2021,Free
s48923,Riya Walker,34,Male,Germany,11/17/2020,Yearly
s48924,Eva Singh,24,Female,India,5/11/2022,Monthly
s48925,Meera Thomas,26,Female,USA,7/12/2021,Yearly
s48926,Vihaan Miller,24,Other,Germany,2/27/2022,Free
s48927,Noah Sharma,18,Male,Australia,4/10/2021,Monthly
s48928,Olivia Moore,23,Male,Australia,12/22/2022,Yearly
s48929,Mia Walker,18,Male,India,4/10/2019,Monthly
s48930,Riya Davis,20,Female,Germany,6/3/2020,Monthly
s48931,Zara Lewis,26,Male,Germany,9/7/2022,Monthly
s48932,Lucas Davis,36,Other,Canada,1/13/2020,Free
s48933,Olivia Miller,24,Male,Germany,1/12/2019,Free
s48934,Benjamin Martin,23,Male,UK,10/31/2020,Yearly
s48935,Aarav Taylor,38,Male,Canada,8/8/2021,Yearly
s48936,Amelia Johnson,18,Other,Canada,7/15/2019,Free
s48937,Benjamin Singh,45,Male,India,6/6/2021,Yearly
s48938,Eva Moore,20,Other,UK,12/15/2020,Yearly
s48939,Amelia Thomas,22,Male,Germany,11/26/2019,Monthly
s48940,Liam Martin,41,Other,USA,12/9/2020,Yearly
s48941,Isabella Taylor,41,Male,Australia,5/29/2020,Yearly
s48942,Aanya Clark,23,Other,USA,5/4/2022,Free
s48943,Aanya Davis,64,Other,UK,9/22/2022,Yearly
s48944,Arjun Smith,18,Female,UK,2/18/2022,Monthly
s48945,Aanya Martin,31,Other,Germany,11/25/2021,Yearly
s48946,Noah Martin,25,Male,Canada,3/3/2020,Yearly
s48947,Lucas Lewis,50,Male,Germany,11/25/2022,Free
s48948,Eva Verma,27,Male,USA,4/5/2020,Free
s48949,Riya Johnson,23,Female,Canada,6/9/2020,Free
s48950,Noah Smith,21,Male,Canada,8/11/2020,Yearly
s48951,Emma Anderson,52,Female,UK,7/23/2022,Free
s48952,Meera Sharma,31,Male,Canada,4/13/2022,Monthly
s48953,Olivia Singh,49,Other,Australia,11/11/2020,Yearly
s48954,Olivia Thomas,21,Female,UK,2/29/2020,Free
s48955,Noah Anderson,21,Other,Canada,12/4/2022,Monthly
s48956,Benjamin Johnson,59,Female,USA,12/27/2022,Free
s48957,Liam Singh,38,Male,UK,11/22/2022,Free
s48958,Vihaan Verma,54,Male,UK,2/16/2020,Monthly
s48959,Olivia Brown,24,Other,Australia,5/8/2020,Monthly
s48960,Mia Sharma,18,Male,Australia,1/14/2022,Monthly
s48961,Aarav Taylor,25,Other,India,7/3/2020,Free
s48962,Meera Patel,23,Female,Canada,2/20/2020,Yearly
s48963,Arjun Lewis,24,Male,India,5/8/2020,Free
s48964,Sophia Hall,20,Male,Canada,1/11/2021,Free
s48965,Riya Wilson,33,Other,Australia,4/29/2021,Monthly
s48966,Liam Wilson,46,Male,USA,8/28/2021,Free
s48967,Eva Clark,18,Female,India,10/29/2019,Free
s48968,Aarav Walker,23,Other,UK,5/14/2022,Free
s48969,Ethan Taylor,19,Male,UK,4/26/2021,Free
s48970,Vihaan Miller,24,Male,India,10/5/2022,Yearly
s48971,Lucas Miller,45,Female,Australia,3/9/2021,Monthly
s48972,Sophia Sharma,25,Female,India,7/7/2019,Monthly
s48973,Amelia Sharma,22,Other,India,4/24/2020,Yearly
s48974,Sophia Singh,27,Female,Germany,10/10/2019,Free
s48975,Liam Wilson,20,Male,Canada,3/27/2022,Monthly
s48976,Benjamin Singh,25,Female,UK,3/10/2022,Yearly
s48977,Ethan Walker,22,Other,Canada,1/29/2019,Monthly
s48978,Noah Davis,27,Other,Australia,11/3/2021,Yearly
s48979,Karan Davis,22,Male,Canada,8/7/2021,Free
s48980,Liam Davis,21,Male,Germany,10/17/2021,Monthly
s48981,Vihaan Wilson,56,Other,India,11/16/2022,Free
s48982,Zara Anderson,19,Other,USA,11/13/2021,Free
s48983,Zara Hall,30,Other,UK,9/4/2020,Free
s48984,Olivia Clark,56,Other,UK,1/20/2020,Yearly
s48985,Lucas Patel,18,Female,Australia,10/2/2020,Yearly
s48986,Karan Brown,47,Female,India,8/14/2022,Monthly
s48987,Isabella Brown,25,Other,Australia,11/8/2020,Yearly
s48988,Arjun Taylor,23,Female,USA,5/19/2019,Monthly
s48989,Isabella Smith,31,Female,Canada,8/14/2022,Free
s48990,Sophia Wilson,67,Male,Germany,1/8/2020,Monthly
s48991,Benjamin Davis,25,Female,Australia,5/26/2022,Monthly
s48992,Karan Sharma,18,Other,UK,11/11/2020,Monthly
s48993,Eva Lewis,24,Female,Germany,3/8/2020,Free
s48994,Vihaan Sharma,27,Male,UK,7/24/2019,Free
s48995,Mia Verma,19,Male,UK,5/25/2020,Yearly
s48996,Sophia Lee,44,Male,UK,10/1/2022,Free
s48997,Sophia Sharma,43,Female,Australia,11/14/2020,Yearly
s48998,Riya Patel,32,Female,Canada,5/29/2022,Free
s48999,Amelia Walker,27,Other,Australia,7/13/2021,Yearly
s49000,Liam Anderson,20,Female,Germany,2/28/2022,Free
s49001,Emma Anderson,49,Other,Germany,7/8/2019,Monthly
s49002,Noah Moore,63,Female,UK,7/1/2021,Free
s49003,Benjamin Taylor,18,Female,UK,3/24/2019,Yearly
s49004,Isabella Johnson,24,Female,Germany,1/26/2019,Free
s49005,Emma Hall,40,Female,Australia,7/11/2019,Free
s49006,Olivia Singh,26,Female,Canada,3/6/2020,Yearly
s49007,Mia Davis,22,Female,India,7/11/2019,Yearly
s49008,Liam Walker,55,Other,Canada,8/9/2022,Yearly
s49009,Aarav Taylor,18,Male,Canada,4/27/2022,Yearly
s49010,Aarav Verma,18,Female,Germany,6/7/2022,Monthly
s49011,Vihaan Miller,21,Female,USA,12/27/2022,Free
s49012,Olivia Wilson,20,Other,Australia,1/21/2021,Free
s49013,Zara Taylor,36,Female,Australia,8/18/2022,Monthly
s49014,Noah Miller,36,Female,USA,3/6/2020,Free
s49015,Eva Wilson,20,Female,India,2/27/2020,Yearly
s49016,Arjun Sharma,18,Other,Australia,6/13/2020,Yearly
s49017,Aarav Davis,52,Other,UK,8/7/2019,Monthly
s49018,Benjamin Thomas,29,Female,Germany,5/1/2021,Yearly
s49019,Mia Anderson,21,Male,Australia,12/3/2019,Yearly
s49020,Riya Singh,25,Other,Australia,8/20/2021,Free
s49021,Riya Miller,18,Female,USA,10/15/2019,Monthly
s49022,Sophia Brown,60,Female,India,10/28/2022,Free
s49023,Sophia Lewis,19,Male,UK,12/20/2019,Monthly
s49024,Mia Moore,18,Female,Australia,4/18/2020,Yearly
s49025,Eva Thomas,47,Female,UK,9/23/2020,Free
s49026,Amelia Martin,39,Other,Canada,9/23/2019,Free
s49027,Eva Brown,23,Male,Canada,2/5/2020,Free
s49028,Liam Miller,63,Female,India,3/17/2022,Monthly
s49029,Vihaan Hall,21,Male,Canada,2/2/2021,Monthly
s49030,Eva Walker,53,Male,UK,11/16/2021,Monthly
s49031,Sophia Wilson,25,Other,Germany,1/16/2020,Yearly
s49032,Aanya Clark,37,Female,India,1/14/2019,Free
s49033,Mia Lee,37,Female,Germany,7/17/2022,Free
s49034,Lucas Anderson,40,Male,USA,1/15/2021,Yearly
s49035,Lucas Brown,24,Male,Canada,10/21/2019,Monthly
s49036,Aanya Miller,19,Female,UK,6/23/2019,Free
s49037,Vihaan Walker,23,Female,Australia,1/3/2020,Yearly
s49038,Amelia Brown,19,Male,Australia,7/27/2022,Yearly
s49039,Meera Taylor,40,Other,Germany,10/26/2020,Yearly
s49040,Vihaan Patel,33,Other,UK,1/30/2019,Free
s49041,Mia Martin,22,Male,UK,3/12/2020,Yearly
s49042,Aarav Hall,46,Female,India,9/22/2022,Free
s49043,Emma Taylor,62,Other,USA,7/14/2020,Free
s49044,Sophia Wilson,27,Female,India,5/14/2020,Monthly
s49045,Amelia Verma,37,Male,USA,2/2/2021,Monthly
s49046,Ethan Clark,25,Female,USA,9/9/2021,Yearly
s49047,Mia Smith,24,Other,India,7/9/2022,Free
s49048,Riya Walker,42,Other,Germany,3/21/2019,Free
s49049,Zara Davis,40,Female,Australia,3/28/2021,Yearly
s49050,Riya Anderson,23,Female,Canada,6/14/2020,Free
s49051,Benjamin Lee,24,Other,Australia,6/25/2021,Yearly
s49052,Lucas Patel,36,Other,UK,3/2/2021,Yearly
s49053,Aanya Anderson,23,Female,Germany,3/15/2021,Monthly
s49054,Lucas Clark,32,Female,USA,1/22/2020,Monthly
s49055,Lucas Patel,18,Female,Australia,10/2/2019,Monthly
s49056,Benjamin Johnson,18,Female,Australia,5/5/2020,Free
s49057,Ethan Lewis,36,Female,UK,8/9/2019,Free
s49058,Eva Thomas,27,Male,UK,3/4/2020,Free
s49059,Lucas Taylor,27,Other,Canada,3/6/2022,Monthly
s49060,Amelia Thomas,45,Male,India,2/15/2021,Monthly
s49061,Aarav Clark,24,Male,UK,11/30/2019,Yearly
s49062,Riya Singh,40,Male,Australia,9/20/2021,Free
s49063,Amelia Hall,18,Male,Germany,6/24/2020,Monthly
s49064,Olivia Sharma,41,Other,Australia,7/17/2019,Yearly
s49065,Mia Johnson,31,Male,USA,10/29/2020,Monthly
s49066,Eva Johnson,55,Male,Australia,1/31/2020,Yearly
s49067,Eva Lewis,26,Male,Germany,6/22/2021,Yearly
s49068,Eva Lee,19,Other,India,5/19/2020,Monthly
s49069,Olivia Clark,22,Female,Australia,6/19/2022,Yearly
s49070,Arjun Lewis,21,Other,UK,2/13/2021,Monthly
s49071,Sophia Johnson,20,Male,USA,2/16/2020,Monthly
s49072,Amelia Wilson,30,Female,UK,5/29/2019,Monthly
s49073,Vihaan Thomas,21,Other,Australia,1/31/2019,Monthly
s49074,Lucas Patel,18,Female,Australia,1/23/2022,Free
s49075,Sophia Anderson,42,Other,India,9/15/2019,Monthly
s49076,Arjun Martin,27,Male,Australia,12/4/2019,Monthly
s49077,Isabella Lee,26,Male,Australia,1/31/2021,Free
s49078,Lucas Walker,22,Other,Canada,1/11/2020,Monthly
s49079,Eva Wilson,62,Female,USA,11/13/2021,Yearly
s49080,Benjamin Walker,42,Female,Australia,6/9/2022,Yearly
s49081,Mia Thomas,18,Other,Australia,1/31/2020,Monthly
s49082,Olivia Clark,22,Female,Australia,8/31/2020,Free
s49083,Emma Singh,38,Female,Germany,6/24/2020,Yearly
s49084,Benjamin Lee,24,Male,India,3/14/2022,Monthly
s49085,Arjun Anderson,23,Male,Germany,2/16/2020,Monthly
s49086,Aanya Clark,42,Male,India,8/27/2019,Yearly
s49087,Mia Sharma,25,Other,Canada,3/26/2019,Free
s49088,Aarav Thomas,24,Male,Germany,7/16/2022,Free
s49089,Isabella Verma,31,Female,Australia,10/21/2021,Monthly
s49090,Lucas Walker,41,Other,Germany,12/11/2021,Free
s49091,Emma Hall,19,Female,USA,7/21/2021,Monthly
s49092,Aanya Taylor,27,Other,Germany,4/20/2020,Yearly
s49093,Karan Johnson,49,Male,USA,12/9/2022,Free
s49094,Liam Martin,46,Other,India,1/24/2020,Monthly
s49095,Arjun Miller,21,Female,Germany,7/29/2020,Yearly
s49096,Emma Hall,20,Other,USA,12/17/2019,Yearly
s49097,Eva Anderson,26,Male,Germany,3/10/2022,Yearly
s49098,Isabella Taylor,36,Female,Germany,11/20/2019,Yearly
s49099,Sophia Johnson,20,Female,India,9/1/2021,Yearly
s49100,Noah Davis,22,Female,UK,7/4/2021,Free
s49101,Ethan Brown,53,Other,Australia,7/2/2019,Free
s49102,Sophia Smith,18,Other,Australia,3/19/2019,Monthly
s49103,Aarav Anderson,25,Other,Canada,7/28/2019,Free
s49104,Riya Verma,24,Other,USA,3/18/2019,Free
s49105,Karan Lewis,26,Male,Australia,12/14/2022,Yearly
s49106,Ethan Sharma,67,Female,Germany,5/9/2021,Monthly
s49107,Noah Taylor,38,Female,Australia,3/14/2021,Free
s49108,Mia Brown,25,Male,Australia,1/31/2019,Yearly
s49109,Benjamin Davis,27,Male,USA,1/7/2020,Yearly
s49110,Benjamin Davis,19,Male,UK,11/18/2021,Free
s49111,Lucas Davis,25,Male,Canada,4/6/2022,Monthly
s49112,Zara Johnson,24,Female,USA,3/4/2021,Monthly
s49113,Emma Wilson,18,Female,Canada,7/18/2021,Yearly
s49114,Aanya Thomas,25,Other,India,5/1/2022,Monthly
s49115,Meera Brown,36,Female,Australia,6/13/2019,Monthly
s49116,Aanya Patel,21,Other,Australia,5/3/2021,Monthly
s49117,Emma Lewis,44,Female,Canada,9/20/2021,Yearly
s49118,Vihaan Smith,23,Other,Canada,2/15/2020,Monthly
s49119,Sophia Singh,20,Male,Australia,6/2/2021,Monthly
s49120,Vihaan Smith,39,Other,Australia,10/29/2021,Yearly
s49121,Lucas Singh,59,Female,Australia,8/19/2020,Yearly
s49122,Amelia Thomas,46,Other,UK,10/25/2021,Free
s49123,Vihaan Davis,20,Male,Canada,9/4/2022,Yearly
s49124,Mia Miller,19,Male,India,12/30/2022,Free
s49125,Lucas Singh,24,Other,India,9/29/2021,Monthly
s49126,Ethan Smith,32,Female,Australia,6/4/2019,Yearly
s49127,Isabella Sharma,19,Other,UK,11/28/2022,Free
s49128,Noah Walker,47,Male,Australia,10/17/2022,Monthly
s49129,Isabella Singh,24,Other,India,9/17/2020,Free
s49130,Olivia Walker,21,Female,India,11/15/2022,Yearly
s49131,Zara Davis,24,Female,Germany,7/13/2021,Monthly
s49132,Mia Lewis,38,Female,USA,1/13/2022,Free
s49133,Vihaan Anderson,23,Male,USA,2/27/2021,Free
s49134,Aanya Singh,22,Male,India,4/15/2021,Yearly
s49135,Mia Verma,27,Other,Canada,7/7/2022,Free
s49136,Sophia Singh,22,Female,Germany,3/18/2022,Free
s49137,Liam Sharma,19,Male,Canada,1/27/2020,Yearly
s49138,Vihaan Johnson,26,Female,UK,11/19/2020,Monthly
s49139,Eva Patel,67,Male,Canada,7/11/2019,Monthly
s49140,Aarav Walker,50,Female,India,2/26/2019,Yearly
s49141,Lucas Davis,58,Male,UK,7/19/2020,Yearly
s49142,Ethan Wilson,20,Female,USA,12/19/2021,Monthly
s49143,Liam Miller,33,Male,Canada,7/1/2020,Yearly
s49144,Amelia Moore,64,Male,UK,6/23/2021,Yearly
s49145,Karan Verma,26,Female,Australia,9/24/2019,Yearly
s49146,Ethan Sharma,21,Male,UK,3/10/2019,Free
s49147,Amelia Singh,22,Male,India,1/7/2019,Yearly
s49148,Liam Thomas,34,Other,Australia,2/22/2019,Monthly
s49149,Aanya Davis,21,Male,Germany,12/21/2019,Yearly
s49150,Karan Patel,47,Other,USA,6/10/2019,Yearly
s49151,Vihaan Verma,41,Male,UK,6/4/2022,Yearly
s49152,Meera Verma,38,Male,India,5/24/2019,Monthly
s49153,Meera Lee,25,Female,Canada,2/18/2022,Monthly
s49154,Liam Johnson,23,Male,Australia,7/1/2022,Free
s49155,Benjamin Johnson,37,Female,UK,2/1/2021,Monthly
s49156,Meera Lee,24,Other,Canada,5/27/2022,Monthly
s49157,Arjun Anderson,31,Male,UK,4/22/2022,Monthly
s49158,Benjamin Clark,19,Other,Australia,9/15/2019,Free
s49159,Zara Lee,47,Female,Canada,1/12/2021,Free
s49160,Amelia Thomas,25,Male,Germany,12/8/2022,Yearly
s49161,Benjamin Patel,66,Other,India,3/16/2021,Yearly
s49162,Eva Patel,41,Other,USA,6/20/2020,Free
s49163,Aanya Thomas,42,Male,Canada,4/22/2020,Free
s49164,Karan Miller,27,Female,Australia,3/23/2022,Monthly
s49165,Sophia Patel,20,Other,USA,5/15/2022,Free
s49166,Olivia Verma,25,Female,Australia,12/14/2022,Yearly
s49167,Noah Anderson,26,Male,UK,1/22/2021,Free
s49168,Sophia Walker,26,Female,Germany,10/11/2021,Yearly
s49169,Olivia Wilson,47,Other,Canada,4/28/2021,Monthly
s49170,Ethan Clark,25,Female,Australia,2/25/2021,Yearly
s49171,Amelia Moore,19,Other,Canada,10/10/2020,Free
s49172,Riya Lewis,20,Other,USA,5/17/2021,Yearly
s49173,Liam Thomas,27,Female,Germany,6/22/2020,Yearly
s49174,Liam Anderson,27,Other,Germany,10/4/2021,Monthly
s49175,Vihaan Hall,35,Male,Canada,4/4/2021,Yearly
s49176,Ethan Moore,22,Male,India,5/17/2022,Yearly
s49177,Isabella Brown,22,Male,Canada,5/16/2019,Free
s49178,Emma Moore,21,Female,UK,5/16/2022,Yearly
s49179,Amelia Lewis,33,Other,Germany,6/10/2020,Free
s49180,Eva Smith,25,Male,UK,11/21/2019,Free
s49181,Isabella Patel,21,Other,India,5/8/2019,Monthly
s49182,Eva Clark,18,Other,India,4/5/2019,Monthly
s49183,Meera Smith,38,Female,USA,9/5/2020,Free
s49184,Eva Johnson,47,Female,Australia,12/18/2022,Monthly
s49185,Emma Martin,23,Other,USA,12/15/2019,Yearly
s49186,Olivia Verma,22,Male,UK,7/24/2021,Monthly
s49187,Zara Johnson,23,Female,Australia,3/16/2019,Yearly
s49188,Riya Smith,32,Female,UK,6/23/2021,Yearly
s49189,Liam Walker,47,Female,Germany,3/3/2022,Yearly
s49190,Arjun Verma,47,Male,Germany,12/18/2020,Free
s49191,Mia Johnson,22,Male,Germany,5/19/2020,Free
s49192,Sophia Wilson,52,Female,Canada,3/17/2022,Yearly
s49193,Riya Thomas,43,Male,Germany,2/28/2020,Monthly
s49194,Liam Miller,26,Other,Canada,2/14/2019,Monthly
s49195,Sophia Walker,39,Female,Canada,4/15/2022,Monthly
s49196,Arjun Taylor,31,Male,Germany,9/11/2021,Free
s49197,Vihaan Clark,47,Female,UK,1/10/2020,Yearly
s49198,Riya Clark,29,Other,India,1/8/2020,Monthly
s49199,Olivia Wilson,22,Female,Canada,11/6/2022,Free
s49200,Lucas Johnson,45,Male,India,7/14/2020,Free
s49201,Sophia Anderson,66,Female,USA,3/25/2021,Free
s49202,Olivia Smith,25,Other,USA,10/20/2021,Monthly
s49203,Sophia Patel,19,Male,USA,9/26/2022,Yearly
s49204,Riya Lee,27,Other,India,9/30/2019,Monthly
s49205,Aarav Hall,27,Male,UK,9/17/2022,Yearly
s49206,Aanya Singh,33,Male,UK,1/20/2019,Free
s49207,Sophia Johnson,19,Female,Germany,5/26/2019,Yearly
s49208,Emma Johnson,23,Female,USA,9/29/2019,Free
s49209,Amelia Johnson,38,Other,Germany,10/7/2021,Monthly
s49210,Lucas Johnson,27,Female,Canada,9/16/2021,Yearly
s49211,Zara Martin,19,Male,UK,1/3/2019,Monthly
s49212,Noah Thomas,31,Male,Australia,4/15/2022,Free
s49213,Sophia Singh,23,Other,USA,3/28/2020,Free
s49214,Arjun Martin,46,Female,India,2/5/2019,Monthly
s49215,Karan Taylor,23,Male,UK,6/26/2022,Free
s49216,Liam Singh,19,Female,Australia,7/19/2020,Yearly
s49217,Aanya Verma,18,Other,UK,4/15/2021,Free
s49218,Noah Patel,23,Female,USA,3/14/2020,Free
s49219,Aarav Patel,40,Female,UK,9/1/2022,Monthly
s49220,Eva Lewis,32,Female,UK,1/9/2021,Yearly
s49221,Riya Hall,20,Female,Australia,6/9/2019,Free
s49222,Aanya Brown,39,Male,USA,6/7/2020,Monthly
s49223,Noah Smith,19,Male,Canada,4/29/2021,Free
s49224,Zara Johnson,46,Male,Germany,5/10/2019,Free
s49225,Aanya Anderson,21,Other,Australia,12/16/2022,Monthly
s49226,Olivia Taylor,64,Other,USA,8/7/2021,Free
s49227,Olivia Lewis,21,Male,India,6/12/2020,Free
s49228,Karan Verma,23,Male,Canada,12/8/2019,Monthly
s49229,Ethan Johnson,21,Male,Australia,11/20/2021,Free
s49230,Emma Martin,33,Male,Germany,7/30/2019,Yearly
s49231,Zara Patel,21,Female,India,2/25/2019,Monthly
s49232,Aarav Patel,66,Male,USA,10/31/2019,Yearly
s49233,Sophia Smith,52,Male,Australia,1/19/2020,Yearly
s49234,Sophia Clark,36,Other,Germany,7/21/2022,Yearly
s49235,Mia Wilson,39,Female,India,7/19/2020,Free
s49236,Karan Davis,24,Male,Australia,3/31/2019,Free
s49237,Emma Smith,23,Other,Australia,11/12/2022,Yearly
s49238,Lucas Brown,23,Female,UK,11/30/2020,Free
s49239,Aarav Johnson,32,Male,UK,2/4/2022,Yearly
s49240,Sophia Miller,26,Female,USA,5/10/2020,Free
s49241,Sophia Wilson,24,Male,Germany,4/25/2020,Monthly
s49242,Karan Taylor,21,Female,UK,5/11/2020,Yearly
s49243,Aanya Lee,24,Female,USA,5/9/2019,Monthly
s49244,Aarav Martin,27,Male,India,5/19/2019,Yearly
s49245,Amelia Brown,19,Other,India,2/16/2020,Yearly
s49246,Zara Martin,59,Female,Canada,2/8/2021,Monthly
s49247,Aarav Clark,21,Male,Australia,7/16/2022,Free
s49248,Lucas Verma,23,Male,USA,10/29/2019,Monthly
s49249,Aarav Taylor,39,Other,Germany,6/20/2020,Monthly
s49250,Emma Anderson,24,Other,UK,9/17/2019,Monthly
s49251,Olivia Taylor,18,Male,UK,5/25/2019,Yearly
s49252,Benjamin Miller,43,Female,UK,9/14/2020,Monthly
s49253,Arjun Taylor,63,Other,Germany,11/19/2022,Monthly
s49254,Amelia Singh,35,Other,India,1/25/2022,Free
s49255,Eva Miller,22,Other,USA,7/21/2020,Yearly
s49256,Mia Miller,44,Female,India,9/14/2021,Yearly
s49257,Zara Walker,40,Female,Canada,11/24/2022,Monthly
s49258,Vihaan Hall,21,Female,India,9/26/2021,Yearly
s49259,Amelia Patel,59,Other,USA,10/29/2020,Monthly
s49260,Isabella Lee,21,Other,USA,10/26/2022,Yearly
s49261,Mia Sharma,27,Male,UK,7/3/2019,Monthly
s49262,Ethan Wilson,35,Male,Australia,4/9/2019,Free
s49263,Ethan Brown,18,Male,Australia,5/4/2020,Yearly
s49264,Sophia Thomas,53,Female,UK,1/8/2019,Free
s49265,Sophia Sharma,25,Male,Germany,8/8/2021,Monthly
s49266,Mia Anderson,19,Other,Australia,9/14/2021,Yearly
s49267,Mia Anderson,22,Other,India,11/19/2022,Monthly
s49268,Meera Walker,22,Other,USA,4/18/2021,Monthly
s49269,Meera Brown,26,Female,Canada,7/15/2021,Monthly
s49270,Eva Miller,38,Other,India,7/31/2021,Yearly
s49271,Aanya Clark,29,Male,Germany,7/22/2022,Free
s49272,Olivia Brown,28,Female,USA,11/6/2022,Monthly
s49273,Amelia Clark,24,Male,Germany,2/8/2019,Yearly
s49274,Noah Thomas,38,Female,Australia,1/4/2021,Monthly
s49275,Noah Johnson,25,Female,Germany,1/16/2020,Monthly
s49276,Karan Martin,22,Female,Australia,7/14/2019,Free
s49277,Ethan Thomas,54,Female,USA,7/4/2019,Yearly
s49278,Emma Walker,35,Female,UK,12/6/2021,Free
s49279,Lucas Taylor,23,Male,USA,12/14/2019,Free
s49280,Sophia Lewis,20,Female,USA,8/28/2021,Monthly
s49281,Aarav Anderson,19,Male,USA,5/27/2021,Monthly
s49282,Olivia Verma,27,Female,UK,8/27/2020,Free
s49283,Aarav Taylor,26,Other,Germany,8/5/2022,Yearly
s49284,Olivia Brown,50,Other,Germany,11/27/2019,Free
s49285,Vihaan Smith,32,Male,Germany,3/14/2022,Yearly
s49286,Meera Verma,24,Male,UK,11/9/2021,Free
s49287,Aanya Singh,42,Other,Canada,3/25/2022,Monthly
s49288,Isabella Anderson,42,Other,India,6/11/2021,Free
s49289,Vihaan Miller,32,Male,India,7/5/2022,Monthly
s49290,Meera Walker,21,Male,UK,5/17/2022,Free
s49291,Karan Lee,25,Male,Australia,9/25/2022,Monthly
s49292,Eva Walker,28,Female,Germany,4/28/2020,Monthly
s49293,Benjamin Thomas,25,Male,Canada,5/23/2021,Yearly
s49294,Noah Thomas,22,Other,UK,6/17/2019,Free
s49295,Meera Verma,26,Female,USA,11/8/2022,Free
s49296,Aanya Clark,32,Female,Australia,3/1/2019,Yearly
s49297,Sophia Sharma,54,Other,Germany,8/20/2020,Yearly
s49298,Ethan Lee,64,Other,India,2/3/2019,Free
s49299,Aanya Walker,27,Other,UK,8/16/2019,Yearly
s49300,Eva Smith,20,Other,Australia,2/27/2020,Free
s49301,Ethan Lewis,22,Male,USA,4/9/2021,Monthly
s49302,Noah Walker,67,Male,USA,3/24/2021,Free
s49303,Lucas Miller,18,Other,USA,12/1/2021,Yearly
s49304,Sophia Verma,19,Male,India,8/3/2020,Free
s49305,Karan Davis,19,Female,USA,8/23/2021,Yearly
s49306,Noah Singh,20,Other,India,9/17/2022,Monthly
s49307,Olivia Brown,22,Male,Canada,11/25/2020,Yearly
s49308,Liam Sharma,34,Female,Canada,10/17/2020,Monthly
s49309,Isabella Sharma,18,Female,India,2/15/2019,Monthly
s49310,Emma Verma,19,Other,UK,8/6/2020,Yearly
s49311,Vihaan Brown,36,Female,USA,3/26/2021,Monthly
s49312,Aanya Walker,43,Female,UK,1/23/2022,Free
s49313,Riya Sharma,37,Other,Germany,7/23/2020,Yearly
s49314,Noah Hall,22,Other,USA,1/9/2021,Free
s49315,Vihaan Wilson,20,Female,Germany,3/20/2021,Monthly
s49316,Emma Miller,28,Female,USA,10/16/2022,Monthly
s49317,Karan Clark,44,Other,Germany,6/25/2021,Free
s49318,Olivia Thomas,22,Female,UK,1/27/2021,Monthly
s49319,Vihaan Thomas,23,Female,UK,3/15/2020,Monthly
s49320,Karan Wilson,27,Other,Canada,1/21/2019,Yearly
s49321,Arjun Verma,30,Male,Canada,12/10/2022,Free
s49322,Eva Hall,58,Male,India,9/17/2020,Free
s49323,Amelia Patel,25,Female,Canada,8/3/2019,Monthly
s49324,Isabella Moore,47,Female,UK,2/2/2021,Monthly
s49325,Isabella Singh,37,Male,Australia,2/26/2021,Monthly
s49326,Lucas Taylor,27,Male,USA,2/3/2021,Yearly
s49327,Noah Patel,18,Other,USA,6/16/2022,Monthly
s49328,Benjamin Lee,20,Female,India,1/31/2021,Free
s49329,Sophia Wilson,52,Female,UK,4/20/2019,Free
s49330,Olivia Martin,26,Female,Germany,9/1/2020,Free
s49331,Ethan Anderson,30,Other,India,4/19/2021,Monthly
s49332,Arjun Clark,20,Male,UK,4/20/2020,Yearly
s49333,Mia Johnson,34,Female,Germany,9/11/2022,Monthly
s49334,Benjamin Walker,25,Female,UK,1/16/2021,Monthly
s49335,Isabella Sharma,27,Female,UK,4/13/2021,Monthly
s49336,Benjamin Wilson,24,Female,Germany,1/11/2020,Yearly
s49337,Ethan Wilson,26,Other,UK,12/8/2021,Free
s49338,Vihaan Anderson,18,Other,Germany,11/28/2020,Monthly
s49339,Ethan Sharma,60,Female,Germany,6/21/2022,Free
s49340,Aarav Johnson,24,Female,Germany,2/16/2020,Monthly
s49341,Aarav Martin,18,Other,Australia,9/27/2020,Yearly
s49342,Lucas Miller,20,Male,India,4/1/2020,Monthly
s49343,Karan Thomas,27,Male,India,10/13/2021,Free
s49344,Benjamin Smith,18,Female,Germany,12/16/2021,Monthly
s49345,Sophia Miller,44,Male,India,4/12/2019,Monthly
s49346,Aanya Anderson,58,Male,USA,10/16/2020,Free
s49347,Ethan Moore,32,Female,USA,1/18/2021,Free
s49348,Vihaan Miller,19,Other,Australia,2/11/2022,Monthly
s49349,Isabella Singh,27,Other,Germany,8/30/2019,Yearly
s49350,Karan Lee,28,Female,India,11/4/2019,Yearly
s49351,Benjamin Anderson,61,Other,Australia,12/13/2020,Yearly
s49352,Emma Patel,46,Female,UK,4/13/2020,Monthly
s49353,Liam Hall,22,Female,Australia,2/14/2022,Monthly
s49354,Emma Verma,24,Male,Australia,3/26/2019,Yearly
s49355,Ethan Brown,19,Female,USA,5/18/2021,Monthly
s49356,Meera Smith,23,Female,USA,2/13/2019,Free
s49357,Lucas Davis,23,Female,Australia,4/3/2020,Yearly
s49358,Aanya Davis,20,Other,Australia,10/23/2021,Free
s49359,Lucas Singh,40,Other,UK,10/14/2021,Yearly
s49360,Eva Walker,21,Female,Canada,1/23/2022,Yearly
s49361,Benjamin Sharma,21,Other,UK,2/5/2022,Free
s49362,Arjun Hall,22,Male,Germany,1/5/2020,Monthly
s49363,Olivia Singh,52,Male,Australia,8/3/2022,Free
s49364,Aanya Wilson,18,Female,USA,1/21/2022,Monthly
s49365,Lucas Patel,26,Male,UK,8/15/2022,Yearly
s49366,Aanya Smith,43,Other,Canada,1/17/2020,Free
s49367,Eva Taylor,24,Female,India,8/28/2021,Yearly
s49368,Isabella Brown,19,Male,Australia,8/14/2020,Yearly
s49369,Isabella Taylor,23,Female,India,7/22/2022,Yearly
s49370,Sophia Taylor,43,Female,Canada,2/4/2021,Free
s49371,Eva Hall,27,Male,Canada,2/4/2019,Monthly
s49372,Eva Davis,54,Other,India,11/16/2020,Monthly
s49373,Aarav Walker,44,Male,India,8/11/2019,Yearly
s49374,Eva Wilson,23,Male,UK,10/12/2020,Free
s49375,Amelia Thomas,64,Female,USA,10/30/2020,Monthly
s49376,Lucas Taylor,27,Male,India,10/12/2021,Free
s49377,Liam Lewis,28,Male,USA,2/26/2022,Monthly
s49378,Noah Clark,31,Male,UK,2/7/2019,Monthly
s49379,Arjun Smith,25,Female,India,8/14/2021,Monthly
s49380,Vihaan Miller,27,Female,UK,2/7/2021,Yearly
s49381,Benjamin Sharma,27,Female,India,9/20/2021,Monthly
s49382,Aarav Patel,26,Other,Germany,8/5/2022,Yearly
s49383,Ethan Davis,18,Male,UK,10/25/2022,Yearly
s49384,Emma Davis,22,Male,Australia,8/12/2020,Monthly
s49385,Meera Davis,40,Male,Germany,7/30/2019,Monthly
s49386,Emma Lewis,19,Male,India,9/4/2022,Free
s49387,Karan Miller,20,Other,USA,8/7/2019,Free
s49388,Emma Miller,44,Female,Canada,10/5/2019,Yearly
s49389,Lucas Wilson,65,Male,Germany,10/12/2019,Monthly
s49390,Karan Moore,23,Male,Australia,9/12/2019,Yearly
s49391,Zara Moore,29,Female,Australia,8/9/2021,Yearly
s49392,Mia Sharma,18,Other,USA,7/21/2019,Free
s49393,Arjun Miller,19,Male,USA,8/17/2020,Free
s49394,Liam Anderson,18,Male,India,1/1/2020,Monthly
s49395,Benjamin Walker,22,Female,Australia,8/21/2020,Yearly
s49396,Vihaan Lee,24,Female,USA,2/24/2020,Monthly
s49397,Karan Taylor,24,Female,India,1/17/2022,Yearly
s49398,Isabella Smith,21,Female,USA,12/12/2020,Free
s49399,Mia Patel,25,Male,Germany,2/20/2022,Yearly
s49400,Eva Verma,67,Female,USA,2/17/2021,Yearly
s49401,Riya Lee,21,Female,Germany,10/7/2020,Free
s49402,Riya Singh,19,Other,UK,4/4/2022,Free
s49403,Karan Patel,37,Male,Australia,4/30/2020,Yearly
s49404,Vihaan Taylor,32,Female,Germany,2/16/2021,Free
s49405,Noah Smith,25,Other,Australia,5/31/2022,Free
s49406,Olivia Martin,38,Female,UK,4/26/2022,Yearly
s49407,Benjamin Lee,23,Other,India,5/6/2022,Yearly
s49408,Lucas Verma,55,Female,Canada,9/4/2022,Free
s49409,Eva Singh,23,Female,USA,11/4/2021,Yearly
s49410,Liam Johnson,18,Other,India,6/21/2019,Monthly
s49411,Olivia Singh,52,Other,UK,1/16/2021,Free
s49412,Olivia Walker,23,Female,Germany,9/5/2020,Yearly
s49413,Zara Lewis,36,Male,USA,8/26/2019,Yearly
s49414,Riya Clark,24,Male,UK,1/29/2020,Yearly
s49415,Mia Anderson,34,Male,USA,5/16/2022,Monthly
s49416,Mia Brown,20,Male,UK,5/11/2020,Monthly
s49417,Liam Clark,22,Other,USA,12/25/2020,Yearly
s49418,Emma Martin,28,Other,USA,8/26/2021,Yearly
s49419,Liam Martin,21,Male,Canada,10/14/2021,Monthly
s49420,Vihaan Anderson,40,Other,Germany,2/20/2020,Yearly
s49421,Zara Hall,21,Male,India,12/21/2021,Free
s49422,Aanya Smith,18,Male,India,8/2/2020,Free
s49423,Lucas Anderson,63,Male,Germany,5/9/2020,Free
s49424,Arjun Smith,24,Other,India,1/19/2022,Monthly
s49425,Karan Brown,61,Other,UK,9/28/2019,Free
s49426,Noah Sharma,19,Male,Canada,7/2/2019,Yearly
s49427,Mia Walker,30,Other,Germany,11/18/2022,Free
s49428,Aanya Lee,19,Other,Canada,8/27/2021,Yearly
s49429,Arjun Lee,22,Other,Canada,5/28/2022,Monthly
s49430,Liam Lewis,18,Other,USA,3/28/2021,Monthly
s49431,Vihaan Singh,40,Other,Germany,4/29/2020,Monthly
s49432,Liam Walker,39,Male,Australia,11/20/2020,Free
s49433,Arjun Walker,41,Male,India,8/4/2019,Monthly
s49434,Riya Anderson,32,Other,Germany,11/22/2021,Yearly
s49435,Ethan Davis,27,Other,Australia,3/17/2022,Yearly
s49436,Olivia Taylor,51,Female,Canada,9/27/2021,Yearly
s49437,Aanya Martin,27,Male,Germany,3/11/2022,Yearly
s49438,Sophia Wilson,30,Other,USA,1/4/2022,Yearly
s49439,Vihaan Patel,18,Other,UK,10/4/2020,Yearly
s49440,Ethan Singh,22,Male,India,2/9/2020,Yearly
s49441,Amelia Smith,22,Male,Australia,7/2/2022,Monthly
s49442,Liam Verma,67,Other,USA,3/19/2020,Free
s49443,Amelia Lee,24,Male,Germany,2/23/2022,Monthly
s49444,Aanya Johnson,18,Other,USA,2/24/2019,Monthly
s49445,Karan Verma,45,Other,India,6/18/2019,Yearly
s49446,Emma Lewis,41,Female,USA,2/14/2021,Free
s49447,Amelia Miller,40,Male,UK,6/27/2022,Free
s49448,Lucas Singh,27,Female,Canada,3/30/2020,Free
s49449,Lucas Lewis,21,Other,Canada,1/31/2022,Free
s49450,Mia Davis,62,Other,Australia,3/6/2019,Free
s49451,Amelia Walker,25,Male,Australia,5/1/2021,Yearly
s49452,Benjamin Smith,44,Male,UK,2/18/2020,Free
s49453,Aanya Moore,25,Other,Canada,12/28/2020,Yearly
s49454,Lucas Smith,19,Female,Germany,1/1/2021,Monthly
s49455,Aarav Lewis,24,Male,USA,7/17/2019,Free
s49456,Sophia Johnson,29,Male,UK,5/31/2019,Free
s49457,Lucas Verma,37,Male,Australia,8/20/2021,Yearly
s49458,Ethan Thomas,20,Other,Australia,3/19/2019,Free
s49459,Noah Hall,53,Female,India,6/6/2021,Yearly
s49460,Aanya Johnson,22,Female,UK,8/28/2021,Yearly
s49461,Vihaan Brown,19,Other,Canada,5/23/2019,Monthly
s49462,Liam Singh,20,Other,Canada,2/26/2019,Monthly
s49463,Zara Moore,34,Female,India,9/24/2021,Monthly
s49464,Isabella Clark,49,Other,India,8/27/2020,Free
s49465,Amelia Wilson,35,Male,Germany,10/6/2022,Yearly
s49466,Benjamin Singh,22,Male,India,2/26/2022,Yearly
s49467,Lucas Singh,39,Male,Germany,10/3/2020,Monthly
s49468,Ethan Thomas,22,Other,Germany,12/24/2020,Monthly
s49469,Arjun Hall,28,Male,Germany,5/21/2019,Free
s49470,Benjamin Sharma,39,Male,Canada,4/27/2021,Monthly
s49471,Olivia Miller,34,Male,India,10/18/2022,Yearly
s49472,Vihaan Wilson,53,Male,Canada,6/6/2020,Monthly
s49473,Amelia Lewis,37,Other,Canada,10/10/2022,Free
s49474,Riya Martin,18,Female,Germany,4/27/2022,Yearly
s49475,Karan Verma,24,Male,UK,9/28/2021,Yearly
s49476,Ethan Walker,22,Other,USA,9/16/2021,Free
s49477,Amelia Singh,19,Female,UK,1/10/2020,Free
s49478,Isabella Taylor,24,Female,Australia,9/19/2021,Free
s49479,Karan Taylor,25,Male,USA,2/16/2021,Free
s49480,Vihaan Wilson,19,Male,USA,3/14/2021,Free
s49481,Aanya Moore,65,Other,Canada,12/19/2021,Monthly
s49482,Aanya Thomas,22,Female,Germany,3/9/2022,Free
s49483,Riya Davis,53,Female,Canada,1/11/2022,Free
s49484,Amelia Thomas,18,Female,Canada,5/25/2020,Monthly
s49485,Amelia Miller,22,Other,Australia,6/26/2022,Free
s49486,Liam Thomas,26,Other,Australia,4/22/2022,Free
s49487,Olivia Johnson,45,Male,Australia,9/13/2019,Free
s49488,Sophia Singh,25,Female,Australia,10/9/2019,Monthly
s49489,Riya Brown,33,Other,Canada,9/25/2021,Monthly
s49490,Meera Hall,40,Other,UK,9/7/2020,Free
s49491,Riya Taylor,67,Female,UK,4/15/2022,Free
s49492,Aanya Verma,41,Male,UK,6/1/2019,Free
s49493,Zara Thomas,67,Other,Germany,9/19/2019,Monthly
s49494,Benjamin Wilson,25,Male,Canada,5/25/2020,Monthly
s49495,Ethan Wilson,18,Female,USA,8/6/2021,Free
s49496,Sophia Wilson,24,Female,USA,8/29/2021,Yearly
s49497,Eva Wilson,35,Male,Canada,8/4/2020,Yearly
s49498,Liam Wilson,45,Male,UK,5/6/2020,Yearly
s49499,Meera Singh,41,Female,Germany,11/29/2021,Monthly
s49500,Emma Martin,25,Other,Australia,7/31/2019,Free
s49501,Meera Thomas,38,Female,USA,10/15/2019,Yearly
s49502,Liam Brown,36,Other,Germany,6/4/2019,Free
s49503,Liam Walker,18,Male,Canada,10/9/2019,Monthly
s49504,Ethan Smith,27,Female,Germany,11/1/2021,Monthly
s49505,Aarav Johnson,64,Female,India,11/22/2022,Yearly
s49506,Aanya Johnson,25,Male,Canada,7/30/2020,Monthly
s49507,Aanya Miller,28,Female,USA,2/23/2019,Yearly
s49508,Benjamin Davis,21,Female,USA,2/11/2019,Monthly
s49509,Mia Davis,24,Male,UK,11/20/2020,Yearly
s49510,Aanya Lee,60,Male,Canada,8/14/2020,Yearly
s49511,Riya Smith,24,Other,USA,12/5/2022,Free
s49512,Karan Davis,19,Female,India,7/10/2019,Yearly
s49513,Ethan Clark,19,Other,USA,4/10/2020,Yearly
s49514,Liam Brown,19,Female,India,1/18/2021,Monthly
s49515,Aanya Clark,22,Male,India,6/17/2019,Yearly
s49516,Zara Patel,30,Female,Germany,11/2/2021,Monthly
s49517,Meera Johnson,19,Male,Canada,12/27/2022,Free
s49518,Eva Martin,33,Male,Canada,3/28/2021,Monthly
s49519,Benjamin Lewis,20,Other,Canada,4/30/2020,Monthly
s49520,Aanya Sharma,23,Male,India,9/10/2022,Free
s49521,Mia Davis,20,Female,Australia,12/21/2020,Monthly
s49522,Emma Anderson,46,Female,Germany,2/21/2020,Monthly
s49523,Isabella Taylor,26,Female,India,5/3/2022,Yearly
s49524,Aanya Anderson,35,Male,UK,3/11/2021,Monthly
s49525,Zara Clark,33,Female,UK,3/11/2019,Free
s49526,Vihaan Taylor,22,Male,Canada,2/8/2022,Free
s49527,Isabella Clark,37,Male,Australia,12/20/2019,Yearly
s49528,Noah Wilson,22,Other,UK,8/5/2020,Free
s49529,Lucas Lewis,23,Female,UK,9/5/2019,Monthly
s49530,Benjamin Walker,25,Male,India,8/31/2020,Monthly
s49531,Eva Sharma,35,Male,Australia,2/12/2020,Monthly
s49532,Liam Taylor,49,Female,UK,5/1/2021,Free
s49533,Isabella Thomas,23,Female,USA,1/19/2022,Monthly
s49534,Ethan Patel,22,Male,USA,4/19/2021,Monthly
s49535,Noah Clark,56,Female,Germany,6/23/2020,Yearly
s49536,Amelia Thomas,18,Male,USA,10/17/2019,Free
s49537,Aanya Walker,46,Female,India,4/21/2020,Free
s49538,Vihaan Brown,24,Male,USA,7/14/2021,Yearly
s49539,Benjamin Johnson,19,Male,Australia,6/11/2021,Yearly
s49540,Karan Thomas,62,Female,UK,11/26/2020,Yearly
s49541,Zara Patel,47,Female,Australia,8/14/2020,Yearly
s49542,Arjun Davis,47,Other,UK,7/29/2021,Monthly
s49543,Eva Anderson,47,Male,Canada,3/3/2019,Yearly
s49544,Amelia Smith,47,Other,Germany,4/21/2022,Free
s49545,Aanya Brown,30,Other,India,10/9/2019,Yearly
s49546,Sophia Davis,23,Other,UK,4/10/2019,Yearly
s49547,Meera Martin,18,Other,UK,12/21/2019,Yearly
s49548,Mia Lewis,29,Female,Canada,3/19/2019,Yearly
s49549,Meera Verma,41,Female,India,6/24/2021,Free
s49550,Olivia Wilson,19,Male,UK,1/6/2022,Monthly
s49551,Aarav Lewis,37,Female,UK,9/18/2021,Monthly
s49552,Emma Johnson,18,Male,Canada,10/6/2020,Monthly
s49553,Emma Lee,22,Male,Germany,3/16/2021,Free
s49554,Isabella Sharma,19,Female,USA,8/22/2021,Free
s49555,Liam Verma,18,Female,Germany,11/11/2021,Monthly
s49556,Aanya Clark,18,Other,UK,9/8/2019,Yearly
s49557,Zara Walker,22,Other,UK,8/24/2019,Yearly
s49558,Isabella Miller,48,Female,UK,10/31/2022,Monthly
s49559,Arjun Walker,19,Male,Australia,7/17/2021,Monthly
s49560,Isabella Verma,20,Female,Canada,6/8/2019,Monthly
s49561,Sophia Lee,29,Male,Canada,9/14/2019,Free
s49562,Aanya Wilson,24,Male,India,11/16/2020,Monthly
s49563,Lucas Moore,26,Other,USA,1/20/2019,Free
s49564,Riya Patel,25,Female,UK,4/30/2021,Free
s49565,Olivia Hall,23,Other,UK,9/4/2019,Yearly
s49566,Amelia Martin,46,Male,Canada,1/27/2022,Monthly
s49567,Aanya Verma,29,Other,UK,5/15/2019,Free
s49568,Zara Walker,21,Male,UK,11/24/2020,Yearly
s49569,Karan Martin,18,Other,Canada,7/14/2020,Monthly
s49570,Liam Brown,22,Female,Germany,6/27/2021,Monthly
s49571,Olivia Hall,35,Male,Australia,2/21/2019,Free
s49572,Karan Brown,21,Male,India,12/3/2022,Yearly
s49573,Aarav Moore,22,Female,Germany,8/9/2020,Free
s49574,Eva Taylor,21,Male,Canada,12/23/2022,Monthly
s49575,Isabella Wilson,26,Female,UK,6/18/2021,Yearly
s49576,Lucas Thomas,26,Female,Germany,4/25/2019,Yearly
s49577,Olivia Martin,54,Other,UK,7/22/2021,Yearly
s49578,Ethan Lee,23,Female,Australia,4/14/2020,Monthly
s49579,Lucas Singh,34,Female,Australia,12/13/2022,Free
s49580,Liam Lewis,41,Female,India,11/15/2021,Free
s49581,Riya Johnson,22,Other,UK,4/9/2019,Monthly
s49582,Benjamin Brown,25,Male,Canada,9/9/2022,Free
s49583,Mia Moore,30,Female,Canada,6/1/2021,Free
s49584,Mia Lewis,18,Male,UK,11/26/2019,Yearly
s49585,Mia Hall,52,Female,Canada,1/1/2021,Free
s49586,Amelia Hall,47,Other,Canada,7/27/2020,Yearly
s49587,Noah Patel,27,Other,UK,1/14/2019,Monthly
s49588,Noah Brown,47,Female,USA,10/1/2021,Yearly
s49589,Benjamin Miller,39,Female,Germany,2/13/2019,Yearly
s49590,Benjamin Lee,33,Other,India,11/9/2020,Monthly
s49591,Eva Hall,40,Female,India,12/7/2022,Yearly
s49592,Lucas Lewis,24,Male,Australia,4/11/2020,Free
s49593,Vihaan Taylor,19,Female,India,11/30/2021,Yearly
s49594,Karan Davis,23,Male,Germany,11/13/2019,Yearly
s49595,Karan Moore,21,Male,UK,12/23/2019,Yearly
s49596,Mia Lewis,62,Male,India,10/11/2019,Yearly
s49597,Karan Hall,37,Male,Germany,1/11/2019,Yearly
s49598,Lucas Patel,24,Other,UK,12/22/2021,Yearly
s49599,Aarav Martin,20,Other,USA,8/14/2020,Yearly
s49600,Zara Patel,18,Male,Canada,12/13/2022,Monthly
s49601,Vihaan Clark,41,Male,India,3/7/2019,Monthly
s49602,Arjun Verma,19,Other,Canada,10/4/2021,Yearly
s49603,Noah Lee,26,Other,Germany,7/25/2019,Yearly
s49604,Karan Hall,20,Female,Australia,2/17/2020,Monthly
s49605,Sophia Patel,21,Male,Canada,12/28/2020,Monthly
s49606,Ethan Hall,49,Female,India,4/26/2022,Free
s49607,Sophia Miller,27,Male,Germany,12/15/2022,Yearly
s49608,Eva Moore,23,Male,USA,3/12/2021,Yearly
s49609,Arjun Taylor,52,Other,Canada,12/27/2019,Free
s49610,Lucas Moore,47,Other,India,11/7/2022,Free
s49611,Amelia Davis,20,Female,UK,7/15/2022,Free
s49612,Emma Miller,27,Male,Germany,9/29/2020,Free
s49613,Riya Wilson,22,Other,UK,12/23/2019,Monthly
s49614,Vihaan Patel,40,Male,USA,12/19/2019,Free
s49615,Isabella Lee,38,Female,UK,4/14/2019,Free
s49616,Noah Brown,20,Male,Australia,10/9/2020,Free
s49617,Zara Hall,24,Female,Canada,6/16/2021,Yearly
s49618,Riya Singh,23,Other,USA,6/28/2019,Yearly
s49619,Zara Anderson,19,Female,Australia,8/10/2021,Monthly
s49620,Riya Miller,44,Male,India,12/26/2019,Free
s49621,Aanya Clark,28,Male,Australia,4/22/2021,Monthly
s49622,Noah Sharma,43,Male,Canada,6/25/2022,Monthly
s49623,Olivia Walker,18,Male,UK,7/31/2022,Yearly
s49624,Emma Smith,35,Female,Germany,9/13/2022,Monthly
s49625,Zara Miller,27,Other,USA,7/12/2019,Monthly
s49626,Amelia Lewis,20,Female,UK,2/9/2021,Monthly
s49627,Amelia Patel,23,Female,Canada,2/24/2022,Monthly
s49628,Noah Patel,32,Female,Germany,12/17/2020,Free
s49629,Liam Anderson,23,Male,Australia,5/18/2021,Monthly
s49630,Olivia Lee,27,Female,Germany,3/30/2019,Monthly
s49631,Karan Lee,27,Female,Australia,1/20/2022,Yearly
s49632,Emma Hall,35,Other,USA,7/15/2022,Yearly
s49633,Zara Moore,61,Male,UK,12/23/2020,Free
s49634,Mia Martin,30,Other,Germany,11/8/2022,Free
s49635,Emma Walker,33,Female,Canada,7/28/2019,Free
s49636,Mia Wilson,27,Female,UK,3/25/2019,Monthly
s49637,Isabella Lee,33,Other,Canada,8/23/2021,Yearly
s49638,Aanya Wilson,23,Male,Canada,1/20/2021,Monthly
s49639,Mia Davis,67,Female,Australia,6/23/2019,Free
s49640,Olivia Davis,53,Other,India,3/4/2020,Yearly
s49641,Liam Johnson,23,Other,Canada,6/2/2019,Monthly
s49642,Mia Thomas,24,Female,UK,9/22/2022,Monthly
s49643,Arjun Martin,30,Male,USA,11/26/2022,Yearly
s49644,Riya Wilson,18,Male,Germany,7/18/2019,Yearly
s49645,Riya Wilson,25,Female,India,11/17/2019,Free
s49646,Liam Hall,18,Female,USA,4/9/2021,Monthly
s49647,Emma Anderson,26,Male,UK,2/4/2020,Yearly
s49648,Noah Anderson,26,Other,Canada,5/25/2021,Free
s49649,Noah Walker,27,Male,India,6/9/2019,Monthly
s49650,Lucas Smith,20,Female,Germany,8/28/2019,Free
s49651,Eva Walker,25,Other,India,6/17/2021,Yearly
s49652,Ethan Sharma,25,Female,India,1/21/2020,Free
s49653,Noah Smith,44,Male,Canada,7/14/2021,Monthly
s49654,Olivia Johnson,39,Female,UK,3/11/2020,Monthly
s49655,Amelia Taylor,26,Other,Germany,11/7/2019,Free
s49656,Noah Miller,18,Male,USA,11/10/2022,Yearly
s49657,Aanya Thomas,48,Male,India,8/17/2019,Yearly
s49658,Karan Brown,36,Other,USA,2/26/2022,Monthly
s49659,Vihaan Moore,22,Male,UK,12/24/2021,Monthly
s49660,Isabella Lewis,41,Other,India,9/26/2021,Free
s49661,Emma Miller,25,Female,Germany,1/29/2022,Free
s49662,Noah Smith,20,Other,Canada,4/10/2019,Monthly
s49663,Noah Martin,26,Female,Canada,8/10/2022,Monthly
s49664,Noah Anderson,22,Female,Australia,5/28/2022,Yearly
s49665,Isabella Moore,49,Other,Australia,7/13/2019,Yearly
s49666,Lucas Davis,19,Female,USA,1/25/2022,Monthly
s49667,Lucas Thomas,27,Female,India,11/1/2022,Yearly
s49668,Ethan Clark,24,Male,USA,1/6/2022,Monthly
s49669,Meera Lewis,57,Other,India,8/6/2021,Yearly
s49670,Riya Wilson,20,Male,Germany,6/2/2020,Yearly
s49671,Zara Singh,27,Female,Germany,5/14/2021,Yearly
s49672,Noah Martin,60,Other,UK,9/2/2021,Yearly
s49673,Amelia Wilson,45,Other,Canada,11/17/2019,Monthly
s49674,Riya Patel,67,Other,UK,8/27/2022,Yearly
s49675,Olivia Patel,35,Other,Germany,2/14/2022,Free
s49676,Olivia Davis,27,Male,Australia,5/13/2020,Yearly
s49677,Sophia Brown,21,Other,Germany,2/10/2020,Yearly
s49678,Mia Taylor,23,Other,USA,7/21/2022,Yearly
s49679,Benjamin Hall,23,Male,Germany,3/18/2020,Monthly
s49680,Riya Taylor,37,Female,UK,10/2/2021,Yearly
s49681,Olivia Thomas,24,Male,Germany,4/8/2022,Monthly
s49682,Riya Thomas,18,Other,Germany,7/30/2019,Free
s49683,Arjun Martin,34,Female,Australia,1/5/2019,Free
s49684,Riya Taylor,22,Other,USA,7/18/2022,Monthly
s49685,Liam Moore,35,Female,India,7/12/2019,Free
s49686,Benjamin Moore,23,Other,India,12/7/2019,Yearly
s49687,Mia Patel,19,Other,Germany,10/21/2019,Free
s49688,Sophia Thomas,21,Male,Germany,8/17/2021,Yearly
s49689,Amelia Sharma,27,Other,Australia,3/30/2022,Yearly
s49690,Noah Davis,37,Male,USA,6/30/2020,Free
s49691,Vihaan Lee,47,Male,UK,12/25/2020,Free
s49692,Isabella Johnson,22,Male,Germany,5/7/2019,Yearly
s49693,Vihaan Lewis,39,Female,USA,12/10/2020,Free
s49694,Lucas Patel,48,Female,Germany,10/28/2021,Free
s49695,Isabella Patel,18,Male,USA,4/16/2020,Free
s49696,Noah Patel,19,Female,Canada,1/27/2022,Free
s49697,Noah Smith,22,Male,UK,2/25/2020,Monthly
s49698,Arjun Thomas,20,Male,Australia,3/14/2021,Free
s49699,Ethan Wilson,20,Female,Canada,4/24/2019,Monthly
s49700,Arjun Moore,22,Other,Australia,7/28/2019,Monthly
s49701,Aarav Lee,66,Male,Canada,4/15/2020,Free
s49702,Liam Miller,30,Female,USA,9/8/2022,Monthly
s49703,Emma Brown,43,Female,Germany,9/9/2022,Monthly
s49704,Ethan Singh,33,Male,Germany,7/30/2019,Yearly
s49705,Meera Lee,23,Other,Australia,11/26/2021,Yearly
s49706,Benjamin Hall,44,Other,Canada,10/4/2019,Free
s49707,Sophia Johnson,24,Other,UK,1/11/2020,Yearly
s49708,Emma Sharma,30,Female,Canada,6/19/2022,Yearly
s49709,Ethan Thomas,30,Other,UK,7/18/2020,Free
s49710,Noah Hall,27,Female,USA,8/20/2022,Yearly
s49711,Olivia Martin,21,Female,USA,3/5/2022,Monthly
s49712,Meera Sharma,27,Other,Germany,11/8/2019,Monthly
s49713,Riya Wilson,18,Other,Canada,7/18/2022,Monthly
s49714,Aanya Walker,29,Male,Australia,4/20/2021,Monthly
s49715,Vihaan Lee,24,Male,UK,2/7/2022,Monthly
s49716,Zara Wilson,58,Female,Australia,7/13/2019,Monthly
s49717,Isabella Moore,55,Other,India,10/21/2019,Monthly
s49718,Karan Thomas,42,Other,Canada,7/9/2020,Yearly
s49719,Aarav Lee,22,Male,Canada,12/11/2020,Monthly
s49720,Amelia Hall,60,Female,Canada,7/9/2019,Monthly
s49721,Eva Lewis,65,Female,Canada,11/25/2021,Monthly
s49722,Aarav Thomas,26,Male,Canada,6/19/2021,Monthly
s49723,Aanya Miller,33,Male,Canada,1/7/2022,Monthly
s49724,Noah Martin,28,Male,UK,9/2/2020,Monthly
s49725,Eva Moore,36,Female,Germany,4/17/2019,Yearly
s49726,Meera Taylor,27,Male,Germany,8/19/2022,Yearly
s49727,Zara Lee,22,Male,India,10/16/2020,Free
s49728,Isabella Clark,20,Female,USA,1/23/2022,Yearly
s49729,Vihaan Anderson,21,Male,Australia,4/28/2020,Monthly
s49730,Emma Taylor,27,Female,Germany,5/1/2021,Monthly
s49731,Vihaan Thomas,52,Other,UK,6/17/2019,Free
s49732,Olivia Thomas,40,Male,Germany,7/16/2019,Monthly
s49733,Aanya Smith,23,Female,Canada,5/8/2020,Free
s49734,Liam Sharma,67,Other,India,9/16/2019,Yearly
s49735,Emma Martin,39,Male,India,11/7/2020,Yearly
s49736,Vihaan Verma,58,Female,India,11/13/2019,Yearly
s49737,Olivia Martin,22,Male,UK,9/20/2022,Monthly
s49738,Eva Lewis,24,Other,India,4/17/2021,Yearly
s49739,Amelia Patel,63,Male,USA,11/25/2019,Monthly
s49740,Liam Martin,29,Female,Australia,7/13/2022,Yearly
s49741,Aanya Wilson,20,Other,USA,9/16/2020,Yearly
s49742,Ethan Taylor,25,Female,India,12/28/2022,Monthly
s49743,Lucas Moore,51,Male,Canada,1/3/2020,Monthly
s49744,Olivia Sharma,34,Other,Canada,8/26/2019,Free
s49745,Amelia Johnson,44,Female,UK,3/5/2019,Monthly
s49746,Ethan Verma,25,Male,Australia,2/14/2020,Yearly
s49747,Olivia Singh,26,Female,Australia,4/8/2022,Yearly
s49748,Liam Johnson,20,Male,Canada,1/1/2021,Monthly
s49749,Mia Patel,20,Other,USA,3/30/2019,Free
s49750,Olivia Hall,24,Female,UK,5/19/2020,Free
s49751,Olivia Moore,53,Male,USA,2/11/2019,Free
s49752,Karan Walker,36,Female,UK,4/1/2021,Yearly
s49753,Noah Davis,46,Male,Australia,9/16/2019,Free
s49754,Aanya Patel,18,Male,India,8/26/2021,Free
s49755,Karan Patel,45,Male,Australia,8/7/2020,Yearly
s49756,Olivia Thomas,25,Other,USA,3/19/2020,Free
s49757,Emma Wilson,43,Male,India,3/7/2019,Monthly
s49758,Aarav Lewis,63,Male,Germany,12/5/2021,Monthly
s49759,Benjamin Hall,25,Male,Germany,10/16/2021,Free
s49760,Emma Davis,53,Other,Canada,7/6/2021,Yearly
s49761,Arjun Thomas,27,Other,UK,11/20/2022,Yearly
s49762,Sophia Moore,26,Male,Germany,1/8/2021,Monthly
s49763,Emma Smith,22,Other,Australia,1/30/2019,Free
s49764,Vihaan Martin,40,Male,USA,3/10/2019,Monthly
s49765,Liam Thomas,19,Female,Australia,10/23/2021,Monthly
s49766,Amelia Clark,53,Female,Canada,5/26/2020,Free
s49767,Karan Davis,25,Other,India,3/23/2020,Yearly
s49768,Olivia Lee,26,Other,Canada,3/11/2022,Monthly
s49769,Liam Johnson,61,Male,Australia,7/12/2020,Yearly
s49770,Olivia Johnson,22,Female,Canada,9/25/2019,Yearly
s49771,Benjamin Singh,24,Other,Germany,10/2/2019,Free
s49772,Sophia Miller,19,Other,UK,10/31/2020,Free
s49773,Riya Singh,19,Male,Australia,7/30/2022,Free
s49774,Ethan Sharma,46,Male,Canada,4/4/2020,Free
s49775,Sophia Thomas,22,Female,India,7/3/2019,Free
s49776,Meera Singh,18,Female,USA,5/7/2019,Free
s49777,Liam Walker,18,Other,USA,5/30/2020,Yearly
s49778,Emma Wilson,27,Other,USA,12/30/2020,Free
s49779,Amelia Moore,47,Male,Canada,3/2/2022,Monthly
s49780,Aarav Anderson,46,Female,UK,9/21/2020,Yearly
s49781,Riya Singh,25,Female,UK,3/8/2021,Yearly
s49782,Olivia Brown,23,Other,India,12/26/2021,Yearly
s49783,Mia Brown,26,Male,USA,11/13/2021,Free
s49784,Aarav Miller,62,Female,Germany,2/17/2021,Yearly
s49785,Ethan Martin,32,Female,Australia,7/15/2022,Free
s49786,Zara Anderson,27,Other,Australia,12/16/2019,Yearly
s49787,Emma Thomas,47,Other,Canada,12/13/2021,Monthly
s49788,Olivia Singh,18,Male,India,10/28/2022,Free
s49789,Benjamin Singh,23,Female,Australia,4/19/2022,Yearly
s49790,Lucas Hall,24,Other,India,12/9/2022,Monthly
s49791,Arjun Sharma,37,Male,Canada,11/9/2019,Free
s49792,Arjun Martin,29,Male,Germany,6/24/2022,Free
s49793,Riya Taylor,27,Female,Canada,2/28/2021,Monthly
s49794,Aarav Thomas,18,Male,India,9/17/2019,Yearly
s49795,Lucas Miller,40,Other,Canada,1/26/2019,Yearly
s49796,Vihaan Hall,27,Male,India,10/18/2022,Free
s49797,Noah Verma,19,Male,Germany,3/24/2020,Yearly
s49798,Eva Johnson,21,Other,Australia,11/28/2022,Monthly
s49799,Lucas Patel,22,Female,UK,11/11/2020,Free
s49800,Sophia Patel,43,Male,Canada,5/29/2020,Free
s49801,Mia Moore,31,Other,Germany,9/8/2019,Free
s49802,Isabella Moore,24,Other,Germany,9/17/2022,Free
s49803,Eva Verma,38,Other,UK,6/9/2022,Free
s49804,Meera Miller,23,Female,Australia,7/26/2020,Free
s49805,Isabella Lee,19,Female,USA,5/1/2021,Yearly
s49806,Sophia Davis,20,Male,USA,8/8/2022,Free
s49807,Aanya Brown,26,Female,India,7/9/2021,Monthly
s49808,Arjun Lee,29,Male,Canada,7/9/2022,Yearly
s49809,Aanya Walker,27,Other,USA,8/2/2019,Monthly
s49810,Liam Taylor,18,Male,Canada,3/5/2019,Yearly
s49811,Arjun Patel,25,Male,Germany,7/14/2020,Free
s49812,Eva Hall,20,Other,UK,4/22/2021,Free
s49813,Noah Verma,23,Female,Canada,11/30/2020,Free
s49814,Riya Hall,44,Female,UK,1/16/2020,Free
s49815,Noah Brown,30,Female,UK,4/4/2022,Monthly
s49816,Aarav Anderson,48,Male,Australia,11/11/2020,Monthly
s49817,Emma Davis,56,Male,USA,8/22/2020,Free
s49818,Karan Wilson,62,Other,Canada,10/14/2019,Free
s49819,Zara Clark,54,Other,Canada,9/19/2019,Free
s49820,Zara Singh,26,Other,UK,6/25/2021,Free
s49821,Benjamin Anderson,26,Female,UK,1/24/2022,Yearly
s49822,Noah Wilson,25,Male,Canada,12/25/2021,Free
s49823,Amelia Hall,60,Female,UK,7/9/2020,Yearly
s49824,Amelia Thomas,22,Female,Canada,7/16/2022,Free
s49825,Noah Clark,27,Female,India,7/6/2022,Monthly
s49826,Liam Patel,19,Female,Australia,4/2/2021,Monthly
s49827,Aanya Smith,26,Other,UK,12/15/2020,Monthly
s49828,Meera Lewis,24,Male,India,10/1/2020,Free
s49829,Isabella Taylor,22,Female,Canada,2/1/2020,Monthly
s49830,Benjamin Verma,22,Other,India,1/23/2021,Yearly
s49831,Aanya Moore,21,Other,India,12/13/2020,Yearly
s49832,Benjamin Patel,24,Male,UK,4/16/2022,Free
s49833,Noah Brown,60,Female,India,5/5/2019,Monthly
s49834,Sophia Brown,31,Other,India,11/22/2021,Free
s49835,Aanya Moore,59,Female,Australia,7/1/2022,Yearly
s49836,Sophia Singh,26,Male,India,5/12/2022,Monthly
s49837,Riya Thomas,23,Male,Australia,12/13/2022,Free
s49838,Karan Moore,56,Female,Canada,3/25/2022,Free
s49839,Benjamin Taylor,31,Male,USA,9/3/2022,Monthly
s49840,Liam Lee,25,Male,India,6/2/2020,Free
s49841,Emma Brown,41,Female,Germany,12/29/2021,Yearly
s49842,Isabella Singh,18,Female,India,7/1/2019,Free
s49843,Meera Davis,35,Female,Germany,5/3/2020,Monthly
s49844,Benjamin Walker,30,Female,Germany,8/14/2021,Free
s49845,Olivia Walker,20,Male,Germany,3/21/2020,Yearly
s49846,Amelia Wilson,19,Other,India,9/19/2019,Monthly
s49847,Arjun Johnson,36,Female,USA,1/9/2021,Monthly
s49848,Eva Smith,20,Female,USA,12/22/2019,Yearly
s49849,Aarav Brown,39,Male,Australia,12/2/2022,Yearly
s49850,Noah Walker,32,Other,UK,7/27/2019,Yearly
s49851,Meera Singh,19,Other,UK,8/16/2020,Free
s49852,Riya Lewis,32,Female,Australia,8/10/2019,Monthly
s49853,Arjun Johnson,32,Female,USA,6/9/2020,Monthly
s49854,Aanya Clark,23,Female,Australia,8/12/2020,Yearly
s49855,Sophia Sharma,22,Other,Canada,7/30/2019,Monthly
s49856,Aarav Lee,32,Male,Germany,2/16/2022,Free
s49857,Liam Anderson,32,Male,India,7/31/2021,Monthly
s49858,Riya Johnson,30,Male,Canada,4/29/2022,Monthly
s49859,Noah Brown,22,Male,USA,9/17/2022,Free
s49860,Arjun Wilson,19,Female,Germany,7/16/2021,Monthly
s49861,Isabella Wilson,38,Other,Canada,10/7/2021,Yearly
s49862,Lucas Sharma,26,Female,USA,4/28/2019,Monthly
s49863,Ethan Singh,62,Other,Germany,9/21/2020,Yearly
s49864,Aarav Lee,31,Male,India,11/15/2021,Monthly
s49865,Sophia Sharma,29,Female,Australia,5/20/2020,Free
s49866,Aarav Singh,42,Male,USA,9/3/2021,Free
s49867,Liam Thomas,21,Female,USA,7/18/2022,Yearly
s49868,Eva Miller,24,Male,Germany,5/3/2019,Free
s49869,Benjamin Moore,46,Male,Australia,5/3/2021,Free
s49870,Zara Walker,23,Male,India,7/21/2019,Yearly
s49871,Zara Lee,60,Other,Australia,5/24/2021,Monthly
s49872,Olivia Smith,24,Male,Canada,9/2/2021,Monthly
s49873,Lucas Davis,19,Male,USA,4/27/2019,Monthly
s49874,Olivia Wilson,62,Male,Germany,8/1/2019,Monthly
s49875,Aarav Lewis,35,Male,Canada,8/13/2019,Free
s49876,Karan Miller,18,Other,Australia,9/9/2021,Monthly
s49877,Sophia Miller,38,Other,Canada,10/10/2019,Monthly
s49878,Meera Patel,19,Male,USA,12/24/2022,Free
s49879,Vihaan Singh,26,Male,India,8/31/2022,Monthly
s49880,Isabella Brown,36,Male,Germany,4/8/2021,Monthly
s49881,Eva Lewis,41,Other,UK,10/23/2019,Yearly
s49882,Riya Miller,23,Male,USA,5/28/2020,Free
s49883,Ethan Martin,25,Male,Australia,2/6/2021,Free
s49884,Sophia Sharma,63,Other,India,4/21/2021,Monthly
s49885,Vihaan Thomas,21,Female,UK,3/2/2022,Free
s49886,Vihaan Hall,22,Male,UK,7/31/2021,Yearly
s49887,Isabella Wilson,34,Other,Germany,5/18/2021,Free
s49888,Aarav Taylor,24,Other,Canada,11/5/2021,Monthly
s49889,Benjamin Brown,42,Female,Canada,2/15/2019,Monthly
s49890,Emma Anderson,27,Other,Germany,5/22/2019,Yearly
s49891,Noah Lee,44,Male,Australia,3/14/2022,Yearly
s49892,Aarav Moore,62,Male,UK,5/15/2020,Free
s49893,Karan Thomas,25,Male,UK,6/6/2021,Yearly
s49894,Ethan Lewis,40,Female,Canada,7/19/2021,Free
s49895,Arjun Verma,33,Other,UK,9/23/2021,Yearly
s49896,Arjun Patel,24,Male,India,12/1/2019,Free
s49897,Sophia Davis,25,Male,Canada,9/25/2020,Free
s49898,Amelia Patel,23,Female,USA,8/25/2022,Yearly
s49899,Zara Anderson,42,Other,Australia,7/6/2019,Monthly
s49900,Lucas Lee,23,Female,Germany,7/7/2020,Monthly
s49901,Isabella Lewis,25,Other,Australia,6/22/2019,Free
s49902,Amelia Verma,22,Female,USA,5/3/2019,Free
s49903,Benjamin Martin,43,Female,India,10/28/2022,Free
s49904,Amelia Martin,66,Other,UK,5/6/2021,Yearly
s49905,Zara Brown,18,Female,UK,5/23/2021,Yearly
s49906,Karan Clark,50,Other,Germany,8/27/2019,Free
s49907,Eva Martin,22,Other,Germany,4/29/2021,Monthly
s49908,Mia Sharma,22,Female,UK,11/15/2022,Free
s49909,Lucas Thomas,46,Male,Canada,7/22/2020,Yearly
s49910,Mia Johnson,42,Female,Australia,6/21/2019,Monthly
s49911,Liam Walker,34,Other,Germany,12/21/2020,Yearly
s49912,Isabella Johnson,21,Other,Australia,2/9/2019,Monthly
s49913,Arjun Patel,22,Male,Australia,5/12/2019,Yearly
s49914,Zara Verma,21,Male,Australia,5/27/2022,Monthly
s49915,Olivia Taylor,23,Female,India,9/18/2019,Monthly
s49916,Isabella Anderson,58,Other,USA,2/15/2019,Yearly
s49917,Isabella Moore,23,Other,Germany,3/20/2022,Monthly
s49918,Liam Singh,24,Male,Australia,3/7/2022,Free
s49919,Zara Thomas,21,Female,USA,12/10/2021,Monthly
s49920,Lucas Anderson,19,Other,Australia,2/6/2021,Yearly
s49921,Mia Thomas,20,Female,India,4/8/2021,Free
s49922,Noah Smith,46,Male,UK,12/25/2022,Monthly
s49923,Lucas Wilson,67,Male,India,11/28/2019,Yearly
s49924,Eva Davis,24,Male,UK,7/27/2022,Free
s49925,Sophia Smith,22,Male,Germany,7/6/2021,Free
s49926,Sophia Hall,24,Male,Australia,7/4/2019,Yearly
s49927,Isabella Sharma,21,Other,USA,5/14/2021,Yearly
s49928,Benjamin Singh,36,Male,Germany,8/26/2019,Free
s49929,Zara Hall,51,Female,USA,6/18/2022,Free
s49930,Liam Johnson,32,Male,Germany,6/27/2022,Free
s49931,Zara Lewis,50,Male,Australia,10/11/2021,Yearly
s49932,Aanya Singh,32,Male,Canada,4/24/2021,Monthly
s49933,Lucas Brown,25,Other,Germany,7/6/2021,Free
s49934,Mia Hall,27,Female,India,12/12/2019,Yearly
s49935,Ethan Verma,40,Other,UK,8/27/2022,Yearly
s49936,Eva Davis,28,Male,Canada,4/11/2021,Monthly
s49937,Sophia Anderson,22,Male,USA,10/26/2021,Monthly
s49938,Sophia Martin,23,Male,India,5/20/2019,Monthly
s49939,Eva Sharma,44,Female,Germany,7/27/2019,Monthly
s49940,Eva Clark,34,Female,USA,9/17/2021,Monthly
s49941,Olivia Lee,24,Male,India,10/27/2020,Yearly
s49942,Eva Clark,24,Other,Canada,12/10/2020,Free
s49943,Emma Verma,19,Female,India,9/28/2020,Monthly
s49944,Benjamin Martin,20,Male,Canada,6/10/2022,Free
s49945,Ethan Wilson,30,Other,Germany,11/29/2021,Monthly
s49946,Aarav Brown,24,Other,India,5/16/2020,Free
s49947,Noah Walker,21,Female,Canada,7/11/2019,Monthly
s49948,Amelia Anderson,20,Other,India,10/18/2021,Monthly
s49949,Eva Anderson,27,Other,India,11/25/2019,Free
s49950,Meera Martin,22,Female,Canada,11/10/2020,Monthly
s49951,Arjun Smith,18,Other,India,6/16/2019,Monthly
s49952,Olivia Clark,27,Female,Canada,2/27/2020,Yearly
s49953,Mia Sharma,20,Other,Canada,5/10/2021,Monthly
s49954,Lucas Clark,21,Female,Canada,1/25/2022,Monthly
s49955,Liam Smith,27,Female,UK,3/10/2021,Monthly
s49956,Isabella Taylor,26,Female,India,9/5/2019,Yearly
s49957,Aanya Clark,23,Male,Germany,12/23/2019,Yearly
s49958,Noah Verma,23,Male,India,6/26/2022,Monthly
s49959,Noah Taylor,44,Male,UK,11/14/2020,Yearly
s49960,Aarav Verma,21,Other,Canada,2/12/2019,Free
s49961,Karan Thomas,21,Male,India,5/7/2020,Yearly
s49962,Aanya Walker,25,Female,India,12/2/2019,Yearly
s49963,Olivia Sharma,38,Other,UK,1/20/2020,Monthly
s49964,Karan Verma,20,Other,UK,4/7/2020,Monthly
s49965,Noah Thomas,21,Female,India,12/4/2021,Free
s49966,Noah Lewis,42,Male,Canada,12/30/2022,Monthly
s49967,Riya Patel,26,Other,Canada,9/30/2021,Monthly
s49968,Benjamin Wilson,24,Male,Canada,12/12/2019,Yearly
s49969,Eva Verma,21,Female,Canada,12/21/2019,Free
s49970,Arjun Davis,39,Male,USA,6/12/2022,Yearly
s49971,Isabella Martin,40,Male,Germany,10/16/2020,Free
s49972,Sophia Smith,24,Other,Germany,5/24/2019,Yearly
s49973,Vihaan Verma,21,Other,Australia,12/27/2022,Free
s49974,Noah Thomas,27,Other,Australia,12/25/2022,Yearly
s49975,Mia Hall,22,Female,USA,10/25/2020,Monthly
s49976,Ethan Singh,23,Male,Germany,2/10/2019,Free
s49977,Mia Smith,31,Other,Australia,7/8/2021,Free
s49978,Emma Walker,65,Other,Australia,12/5/2022,Monthly
s49979,Emma Patel,27,Female,India,11/27/2019,Free
s49980,Ethan Walker,20,Male,UK,3/27/2022,Monthly
s49981,Lucas Lewis,23,Other,Australia,3/7/2021,Monthly
s49982,Emma Moore,23,Other,Australia,11/5/2021,Yearly
s49983,Meera Anderson,37,Female,Germany,11/13/2021,Yearly
s49984,Aarav Johnson,59,Female,Australia,9/18/2019,Yearly
s49985,Amelia Patel,22,Other,Germany,9/20/2019,Yearly
s49986,Riya Davis,52,Female,UK,8/4/2022,Free
s49987,Liam Sharma,44,Female,Germany,2/16/2019,Monthly
s49988,Amelia Moore,43,Male,USA,4/15/2019,Free
s49989,Lucas Miller,46,Other,Australia,4/9/2022,Free
s49990,Karan Hall,57,Male,India,1/31/2019,Free
s49991,Sophia Sharma,61,Other,USA,8/21/2019,Monthly
s49992,Amelia Wilson,18,Female,Australia,10/10/2021,Monthly
s49993,Eva Thomas,19,Male,UK,3/8/2020,Free
s49994,Liam Anderson,23,Male,India,4/14/2021,Free
s49995,Sophia Wilson,18,Other,Germany,10/6/2020,Monthly
s49996,Noah Davis,24,Other,USA,9/4/2019,Yearly
s49997,Eva Walker,26,Male,USA,7/22/2022,Monthly
s49998,Vihaan Taylor,21,Female,Germany,8/21/2020,Free
s49999,Emma Smith,48,Other,Germany,3/5/2021,Monthly
s50000,Ethan Smith,39,Female,India,1/26/2020,Yearly